          3480.00     -4.4537757E-035
          3491.29      3.0913533E-009
          3502.58      6.2162391E-009
          3513.87      9.3274636E-009
          3525.16      1.2378042E-008
          3536.45      1.5321093E-008
          3547.73      1.8109708E-008
          3559.02      2.0696828E-008
          3570.31      2.3035141E-008
          3581.60      2.5076960E-008
          3592.89      2.6774114E-008
          3604.18      2.8077838E-008
          3615.47      2.9190557E-008
          3626.76      3.0346016E-008
          3638.05      3.1541980E-008
          3649.34      3.2776265E-008
          3660.62      3.4046744E-008
          3671.91      3.5351332E-008
          3683.20      3.6687979E-008
          3694.49      3.8054671E-008
          3705.78      3.9449410E-008
          3717.07      4.0870223E-008
          3728.36      4.2315146E-008
          3739.65      4.3782220E-008
          3750.94      4.5305955E-008
          3762.23      4.6922019E-008
          3773.52      4.8630287E-008
          3784.80      5.0430764E-008
          3796.09      5.2323579E-008
          3807.38      5.4308982E-008
          3818.67      5.6387345E-008
          3829.96      5.8559147E-008
          3841.25      6.0824986E-008
          3852.54      6.3185568E-008
          3863.83      6.5641705E-008
          3875.12      6.8194319E-008
          3886.41      7.0844427E-008
          3897.70      7.3608363E-008
          3908.98      7.6502537E-008
          3920.27      7.9528273E-008
          3931.56      8.2687056E-008
          3942.85      8.5980522E-008
          3954.14      8.9410455E-008
          3965.43      9.2978793E-008
          3976.72      9.6687609E-008
          3988.01      1.0053913E-007
          3999.30      1.0453574E-007
          4010.59      1.0867994E-007
          4021.88      1.1297440E-007
          4033.16      1.1742688E-007
          4044.45      1.2204526E-007
          4055.74      1.2683259E-007
          4067.03      1.3179206E-007
          4078.32      1.3692704E-007
          4089.61      1.4224106E-007
          4100.90      1.4773781E-007
          4112.19      1.5342113E-007
          4123.48      1.5929503E-007
          4134.77      1.6536368E-007
          4146.05      1.7163142E-007
          4157.34      1.7810273E-007
          4168.63      1.8478228E-007
          4179.92      1.9167490E-007
          4191.21      1.9878558E-007
          4202.50      2.0611948E-007
          4213.79      2.1368194E-007
          4225.08      2.2147846E-007
          4236.37      2.2951473E-007
          4247.66      2.3779660E-007
          4258.95      2.4633009E-007
          4270.23      2.5512144E-007
          4281.52      2.6417702E-007
          4292.81      2.7350343E-007
          4304.10      2.8310743E-007
          4315.39      2.9299165E-007
          4326.68      3.0315902E-007
          4337.97      3.1361697E-007
          4349.26      3.2437315E-007
          4360.55      3.3543540E-007
          4371.84      3.4681172E-007
          4383.12      3.5851034E-007
          4394.41      3.7053967E-007
          4405.70      3.8290834E-007
          4416.99      3.9562519E-007
          4428.28      4.0869924E-007
          4439.57      4.2213975E-007
          4450.86      4.3594524E-007
          4462.15      4.5011464E-007
          4473.44      4.6465824E-007
          4484.73      4.7958649E-007
          4496.02      4.9491007E-007
          4507.30      5.1063989E-007
          4518.59      5.2678701E-007
          4529.88      5.4336278E-007
          4541.17      5.6037877E-007
          4552.46      5.7784672E-007
          4563.75      5.9577869E-007
          4575.04      6.1418693E-007
          4586.33      6.3308398E-007
          4597.62      6.5246554E-007
          4608.91      6.7232800E-007
          4620.20      6.9268531E-007
          4631.48      7.1355162E-007
          4642.77      7.3494129E-007
          4654.06      7.5686898E-007
          4665.35      7.7934957E-007
          4676.64      8.0239820E-007
          4687.93      8.2603029E-007
          4699.22      8.5026148E-007
          4710.51      8.7510775E-007
          4721.80      9.0058537E-007
          4733.09      9.2667529E-007
          4744.38      9.5335982E-007
          4755.66      9.8065754E-007
          4766.95      1.0085872E-006
          4778.24      1.0371680E-006
          4789.53      1.0664191E-006
          4800.82      1.0963601E-006
          4812.11      1.1270108E-006
          4823.40      1.1583913E-006
          4834.69      1.1905220E-006
          4845.98      1.2234237E-006
          4857.27      1.2571173E-006
          4868.55      1.2916242E-006
          4879.84      1.3269067E-006
          4891.13      1.3629296E-006
          4902.42      1.3997176E-006
          4913.71      1.4372961E-006
          4925.00      1.4756902E-006
          4936.29      1.5149258E-006
          4947.58      1.5550288E-006
          4958.87      1.5960253E-006
          4970.16      1.6379418E-006
          4981.45      1.6808052E-006
          4992.73      1.7246426E-006
          5004.02      1.7694814E-006
          5015.31      1.8152376E-006
          5026.60      1.8618312E-006
          5037.89      1.9092960E-006
          5049.18      1.9576660E-006
          5060.47      2.0069750E-006
          5071.76      2.0572575E-006
          5083.05      2.1085479E-006
          5094.34      2.1608808E-006
          5105.62      2.2142913E-006
          5116.91      2.2688146E-006
          5128.20      2.3244861E-006
          5139.49      2.3813418E-006
          5150.78      2.4392217E-006
          5162.07      2.4979732E-006
          5173.36      2.5576431E-006
          5184.65      2.6182781E-006
          5195.94      2.6799248E-006
          5207.23      2.7426301E-006
          5218.52      2.8064408E-006
          5229.80      2.8714039E-006
          5241.09      2.9375663E-006
          5252.38      3.0049754E-006
          5263.67      3.0736786E-006
          5274.96      3.1437234E-006
          5286.25      3.2151579E-006
          5297.54      3.2876892E-006
          5308.83      3.3610375E-006
          5320.12      3.4352706E-006
          5331.41      3.5104559E-006
          5342.70      3.5866606E-006
          5353.98      3.6639516E-006
          5365.27      3.7423956E-006
          5376.56      3.8220594E-006
          5387.85      3.9030095E-006
          5399.14      3.9853127E-006
          5410.43      4.0690356E-006
          5421.72      4.1542448E-006
          5433.01      4.2404071E-006
          5444.30      4.3270148E-006
          5455.59      4.4141720E-006
          5466.88      4.5019822E-006
          5478.16      4.5905479E-006
          5489.45      4.6799710E-006
          5500.74      4.7703529E-006
          5512.03      4.8617943E-006
          5523.32      4.9543954E-006
          5534.61      5.0482563E-006
          5545.90      5.1434764E-006
          5557.19      5.2401552E-006
          5568.48      5.3383920E-006
          5579.77      5.4371944E-006
          5591.05      5.5356237E-006
          5602.34      5.6338579E-006
          5613.63      5.7320736E-006
          5624.92      5.8304455E-006
          5636.21      5.9291465E-006
          5647.50      6.0283483E-006
          5658.79      6.1282214E-006
          5670.08      6.2289350E-006
          5681.37      6.3306611E-006
          5692.66      6.4335737E-006
          5703.95      6.5378461E-006
          5715.23      6.6221477E-006
          5726.52      6.6664053E-006
          5737.81      6.6726408E-006
          5749.10      6.6428276E-006
          5760.39      6.5788930E-006
          5771.68      6.4827187E-006
          5782.97      6.3561426E-006
          5794.26      6.2009489E-006
          5805.55      6.0188742E-006
          5816.84      5.8116257E-006
          5828.12      5.5808818E-006
          5839.41      5.3282946E-006
          5850.70      5.0483368E-006
          5861.99      4.7361911E-006
          5873.28      4.3945297E-006
          5884.57      4.0259888E-006
          5895.86      3.6331720E-006
          5907.15      3.2186538E-006
          5918.44      2.7849874E-006
          5929.73      2.3347052E-006
          5941.02      1.8703096E-006
          5952.30      1.3942735E-006
          5963.59      9.0904469E-007
          5974.88      4.1704627E-007
          5986.17     -7.9318711E-008
          5997.46     -5.7766727E-007
          6008.75     -1.0756407E-006
          6020.04     -1.5709013E-006
          6031.33     -2.0633045E-006
          6042.62     -2.5516967E-006
          6053.91     -3.0322597E-006
          6065.20     -3.5011922E-006
          6076.48     -3.9547093E-006
          6087.77     -4.3890387E-006
          6099.06     -4.8004119E-006
          6110.35     -5.1850549E-006
          6121.64     -5.5391841E-006
          6132.93     -5.8589955E-006
          6144.22     -6.1406727E-006
          6155.51     -6.3785067E-006
          6166.80     -6.5663053E-006
          6178.09     -6.6995377E-006
          6189.38     -6.7736657E-006
          6200.66     -6.7841177E-006
          6211.95     -6.7262788E-006
          6223.24     -6.5954861E-006
          6234.53     -6.3870267E-006
          6245.82     -6.0961335E-006
          6257.11     -5.7179822E-006
          6268.40     -5.2753417E-006
          6279.69     -4.7997829E-006
          6290.98     -4.2970772E-006
          6302.27     -3.7670388E-006
          6313.55     -3.2094624E-006
          6324.84     -2.6241248E-006
          6336.13     -2.0107820E-006
          6347.42     -1.3691707E-006
          6358.71     -6.9901052E-007
          6370.00     -4.8976984E-039
