          3480.00      9.6101641E-036
          3491.29      4.0597744E-009
          3502.58      8.2451904E-009
          3513.87      1.2446775E-008
          3525.16      1.6555698E-008
          3536.45      2.0463640E-008
          3547.73      2.4062621E-008
          3559.02      2.7244843E-008
          3570.31      2.9902558E-008
          3581.60      3.1927914E-008
          3592.89      3.3212813E-008
          3604.18      3.3648789E-008
          3615.47      3.3718658E-008
          3626.76      3.3970291E-008
          3638.05      3.4392679E-008
          3649.34      3.4975060E-008
          3660.62      3.5706908E-008
          3671.91      3.6577912E-008
          3683.20      3.7577964E-008
          3694.49      3.8697140E-008
          3705.78      3.9925685E-008
          3717.07      4.1254003E-008
          3728.36      4.2672641E-008
          3739.65      4.4172271E-008
          3750.94      4.5859772E-008
          3762.23      4.7844709E-008
          3773.52      5.0122110E-008
          3784.80      5.2687325E-008
          3796.09      5.5536001E-008
          3807.38      5.8664079E-008
          3818.67      6.2067784E-008
          3829.96      6.5743605E-008
          3841.25      6.9688306E-008
          3852.54      7.3898906E-008
          3863.83      7.8372674E-008
          3875.12      8.3107122E-008
          3886.41      8.8099986E-008
          3897.70      9.3401761E-008
          3908.98      9.9063189E-008
          3920.27      1.0508278E-007
          3931.56      1.1145936E-007
          3942.85      1.1819208E-007
          3954.14      1.2528036E-007
          3965.43      1.3272394E-007
          3976.72      1.4052279E-007
          3988.01      1.4867722E-007
          3999.30      1.5718777E-007
          4010.59      1.6605527E-007
          4021.88      1.7528081E-007
          4033.16      1.8488189E-007
          4044.45      1.9487622E-007
          4055.74      2.0526562E-007
          4067.03      2.1605214E-007
          4078.32      2.2723814E-007
          4089.61      2.3882624E-007
          4100.90      2.5081930E-007
          4112.19      2.6322048E-007
          4123.48      2.7603317E-007
          4134.77      2.8926102E-007
          4146.05      3.0290795E-007
          4157.34      3.1697808E-007
          4168.63      3.3147584E-007
          4179.92      3.4640587E-007
          4191.21      3.6177304E-007
          4202.50      3.7758249E-007
          4213.79      3.9383959E-007
          4225.08      4.1054993E-007
          4236.37      4.2771939E-007
          4247.66      4.4535400E-007
          4258.95      4.6346009E-007
          4270.23      4.8204423E-007
          4281.52      5.0111315E-007
          4292.81      5.2067388E-007
          4304.10      5.4073367E-007
          4315.39      5.6128810E-007
          4326.68      5.8233308E-007
          4337.97      6.0387668E-007
          4349.26      6.2592720E-007
          4360.55      6.4849317E-007
          4371.84      6.7158326E-007
          4383.12      6.9520643E-007
          4394.41      7.1937181E-007
          4405.70      7.4408878E-007
          4416.99      7.6936694E-007
          4428.28      7.9521604E-007
          4439.57      8.2164612E-007
          4450.86      8.4864045E-007
          4462.15      8.7618275E-007
          4473.44      9.0428420E-007
          4484.73      9.3295611E-007
          4496.02      9.6220999E-007
          4507.30      9.9205756E-007
          4518.59      1.0225107E-006
          4529.88      1.0535814E-006
          4541.17      1.0852820E-006
          4552.46      1.1176250E-006
          4563.75      1.1506230E-006
          4575.04      1.1842890E-006
          4586.33      1.2186359E-006
          4597.62      1.2536405E-006
          4608.91      1.2892801E-006
          4620.20      1.3255693E-006
          4631.48      1.3625228E-006
          4642.77      1.4001553E-006
          4654.06      1.4384819E-006
          4665.35      1.4775178E-006
          4676.64      1.5172784E-006
          4687.93      1.5577792E-006
          4699.22      1.5990359E-006
          4710.51      1.6410645E-006
          4721.80      1.6838812E-006
          4733.09      1.7274355E-006
          4744.38      1.7716783E-006
          4755.66      1.8166283E-006
          4766.95      1.8623040E-006
          4778.24      1.9087241E-006
          4789.53      1.9559074E-006
          4800.82      2.0038731E-006
          4812.11      2.0526402E-006
          4823.40      2.1022280E-006
          4834.69      2.1526559E-006
          4845.98      2.2039437E-006
          4857.27      2.2561111E-006
          4868.55      2.3091781E-006
          4879.84      2.3630682E-006
          4891.13      2.4177073E-006
          4902.42      2.4731189E-006
          4913.71      2.5293265E-006
          4925.00      2.5863536E-006
          4936.29      2.6442241E-006
          4947.58      2.7029618E-006
          4958.87      2.7625905E-006
          4970.16      2.8231343E-006
          4981.45      2.8846173E-006
          4992.73      2.9470639E-006
          5004.02      3.0104984E-006
          5015.31      3.0747848E-006
          5026.60      3.1397907E-006
          5037.89      3.2055466E-006
          5049.18      3.2720831E-006
          5060.47      3.3394303E-006
          5071.76      3.4076189E-006
          5083.05      3.4766792E-006
          5094.34      3.5466417E-006
          5105.62      3.6175369E-006
          5116.91      3.6893953E-006
          5128.20      3.7622476E-006
          5139.49      3.8361245E-006
          5150.78      3.9108056E-006
          5162.07      3.9860774E-006
          5173.36      4.0619808E-006
          5184.65      4.1385562E-006
          5195.94      4.2158442E-006
          5207.23      4.2938852E-006
          5218.52      4.3727193E-006
          5229.80      4.4523869E-006
          5241.09      4.5329278E-006
          5252.38      4.6143821E-006
          5263.67      4.6967900E-006
          5274.96      4.7801910E-006
          5286.25      4.8646254E-006
          5297.54      4.9497446E-006
          5308.83      5.0352120E-006
          5320.12      5.1210852E-006
          5331.41      5.2074211E-006
          5342.70      5.2942765E-006
          5353.98      5.3817080E-006
          5365.27      5.4697716E-006
          5376.56      5.5585232E-006
          5387.85      5.6480186E-006
          5399.14      5.7383134E-006
          5410.43      5.8294627E-006
          5421.72      5.9215218E-006
          5433.01      6.0139294E-006
          5444.30      6.1061459E-006
          5455.59      6.1982581E-006
          5466.88      6.2903525E-006
          5478.16      6.3825147E-006
          5489.45      6.4748299E-006
          5500.74      6.5673827E-006
          5512.03      6.6602569E-006
          5523.32      6.7535362E-006
          5534.61      6.8473039E-006
          5545.90      6.9416426E-006
          5557.19      7.0366347E-006
          5568.48      7.1323624E-006
          5579.77      7.2279035E-006
          5591.05      7.3223796E-006
          5602.34      7.4159366E-006
          5613.63      7.5087194E-006
          5624.92      7.6008721E-006
          5636.21      7.6925372E-006
          5647.50      7.7838568E-006
          5658.79      7.8749717E-006
          5670.08      7.9660219E-006
          5681.37      8.0571507E-006
          5692.66      8.1485039E-006
          5703.95      8.2402264E-006
          5715.23      8.3146178E-006
          5726.52      8.3549438E-006
          5737.81      8.3627789E-006
          5749.10      8.3396718E-006
          5760.39      8.2871466E-006
          5771.68      8.2067024E-006
          5782.97      8.0998138E-006
          5794.26      7.9679209E-006
          5805.55      7.8124337E-006
          5816.84      7.6347468E-006
          5828.12      7.4362394E-006
          5839.41      7.2182767E-006
          5850.70      6.9764029E-006
          5861.99      6.7066905E-006
          5873.28      6.4112719E-006
          5884.57      6.0922601E-006
          5895.86      5.7517496E-006
          5907.15      5.3918185E-006
          5918.44      5.0145345E-006
          5929.73      4.6219546E-006
          5941.02      4.2161156E-006
          5952.30      3.7990348E-006
          5963.59      3.3727119E-006
          5974.88      2.9391286E-006
          5986.17      2.5002521E-006
          5997.46      2.0580338E-006
          6008.75      1.6144055E-006
          6020.04      1.1709517E-006
          6031.33      7.2910695E-007
          6042.62      2.9004603E-007
          6053.91     -1.4327012E-007
          6065.20     -5.6789670E-007
          6076.48     -9.8090590E-007
          6087.77     -1.3793850E-006
          6099.06     -1.7604310E-006
          6110.35     -2.1211439E-006
          6121.64     -2.4586243E-006
          6132.93     -2.7699651E-006
          6144.22     -3.0522591E-006
          6155.51     -3.3007255E-006
          6166.80     -3.5102515E-006
          6178.09     -3.6774591E-006
          6189.38     -3.7989812E-006
          6200.66     -3.8714417E-006
          6211.95     -3.8914489E-006
          6223.24     -3.8555931E-006
          6234.53     -3.7604462E-006
          6245.82     -3.6025599E-006
          6257.11     -3.3784644E-006
          6268.40     -3.1082217E-006
          6279.69     -2.8190558E-006
          6290.98     -2.5159880E-006
          6302.27     -2.1989634E-006
          6313.55     -1.8679215E-006
          6324.84     -1.5227977E-006
          6336.13     -1.1635216E-006
          6347.42     -7.9001743E-007
          6358.71     -4.0220550E-007
          6370.00     -9.0181406E-044
