          3480.00     -2.3059593E-004
          3491.29     -2.3131357E-004
          3502.58     -2.3198220E-004
          3513.87     -2.3260328E-004
          3525.16     -2.3317825E-004
          3536.45     -2.3370847E-004
          3547.73     -2.3419527E-004
          3559.02     -2.3463995E-004
          3570.31     -2.3504375E-004
          3581.60     -2.3540788E-004
          3592.89     -2.3573351E-004
          3604.18     -2.3602177E-004
          3615.47     -2.3627377E-004
          3626.76     -2.3649059E-004
          3638.05     -2.3667327E-004
          3649.34     -2.3682284E-004
          3660.62     -2.3694026E-004
          3671.91     -2.3702649E-004
          3683.20     -2.3708246E-004
          3694.49     -2.3710905E-004
          3705.78     -2.3710713E-004
          3717.07     -2.3707753E-004
          3728.36     -2.3702107E-004
          3739.65     -2.3693854E-004
          3750.94     -2.3683070E-004
          3762.23     -2.3669829E-004
          3773.52     -2.3654201E-004
          3784.80     -2.3636258E-004
          3796.09     -2.3616066E-004
          3807.38     -2.3593689E-004
          3818.67     -2.3569192E-004
          3829.96     -2.3542634E-004
          3841.25     -2.3514074E-004
          3852.54     -2.3483571E-004
          3863.83     -2.3451178E-004
          3875.12     -2.3416951E-004
          3886.41     -2.3380940E-004
          3897.70     -2.3343197E-004
          3908.98     -2.3303770E-004
          3920.27     -2.3262707E-004
          3931.56     -2.3220053E-004
          3942.85     -2.3175852E-004
          3954.14     -2.3130149E-004
          3965.43     -2.3082984E-004
          3976.72     -2.3034397E-004
          3988.01     -2.2984428E-004
          3999.30     -2.2933113E-004
          4010.59     -2.2880490E-004
          4021.88     -2.2826593E-004
          4033.16     -2.2771457E-004
          4044.45     -2.2715115E-004
          4055.74     -2.2657599E-004
          4067.03     -2.2598941E-004
          4078.32     -2.2539170E-004
          4089.61     -2.2478315E-004
          4100.90     -2.2416405E-004
          4112.19     -2.2353467E-004
          4123.48     -2.2289528E-004
          4134.77     -2.2224614E-004
          4146.05     -2.2158748E-004
          4157.34     -2.2091955E-004
          4168.63     -2.2024259E-004
          4179.92     -2.1955682E-004
          4191.21     -2.1886245E-004
          4202.50     -2.1815970E-004
          4213.79     -2.1744878E-004
          4225.08     -2.1672987E-004
          4236.37     -2.1600317E-004
          4247.66     -2.1526887E-004
          4258.95     -2.1452714E-004
          4270.23     -2.1377816E-004
          4281.52     -2.1302209E-004
          4292.81     -2.1225910E-004
          4304.10     -2.1148934E-004
          4315.39     -2.1071297E-004
          4326.68     -2.0993012E-004
          4337.97     -2.0914095E-004
          4349.26     -2.0834558E-004
          4360.55     -2.0754415E-004
          4371.84     -2.0673678E-004
          4383.12     -2.0592360E-004
          4394.41     -2.0510472E-004
          4405.70     -2.0428025E-004
          4416.99     -2.0345030E-004
          4428.28     -2.0261499E-004
          4439.57     -2.0177441E-004
          4450.86     -2.0092867E-004
          4462.15     -2.0007786E-004
          4473.44     -1.9922207E-004
          4484.73     -1.9836138E-004
          4496.02     -1.9749590E-004
          4507.30     -1.9662568E-004
          4518.59     -1.9575083E-004
          4529.88     -1.9487140E-004
          4541.17     -1.9398748E-004
          4552.46     -1.9309912E-004
          4563.75     -1.9220641E-004
          4575.04     -1.9130940E-004
          4586.33     -1.9040815E-004
          4597.62     -1.8950272E-004
          4608.91     -1.8859316E-004
          4620.20     -1.8767954E-004
          4631.48     -1.8676189E-004
          4642.77     -1.8584028E-004
          4654.06     -1.8491473E-004
          4665.35     -1.8398531E-004
          4676.64     -1.8305204E-004
          4687.93     -1.8211497E-004
          4699.22     -1.8117414E-004
          4710.51     -1.8022957E-004
          4721.80     -1.7928131E-004
          4733.09     -1.7832939E-004
          4744.38     -1.7737383E-004
          4755.66     -1.7641466E-004
          4766.95     -1.7545191E-004
          4778.24     -1.7448560E-004
          4789.53     -1.7351575E-004
          4800.82     -1.7254239E-004
          4812.11     -1.7156554E-004
          4823.40     -1.7058521E-004
          4834.69     -1.6960141E-004
          4845.98     -1.6861417E-004
          4857.27     -1.6762349E-004
          4868.55     -1.6662938E-004
          4879.84     -1.6563187E-004
          4891.13     -1.6463096E-004
          4902.42     -1.6362664E-004
          4913.71     -1.6261895E-004
          4925.00     -1.6160787E-004
          4936.29     -1.6059341E-004
          4947.58     -1.5957557E-004
          4958.87     -1.5855436E-004
          4970.16     -1.5752978E-004
          4981.45     -1.5650182E-004
          4992.73     -1.5547049E-004
          5004.02     -1.5443578E-004
          5015.31     -1.5339769E-004
          5026.60     -1.5235622E-004
          5037.89     -1.5131136E-004
          5049.18     -1.5026309E-004
          5060.47     -1.4921143E-004
          5071.76     -1.4815635E-004
          5083.05     -1.4709785E-004
          5094.34     -1.4603593E-004
          5105.62     -1.4497056E-004
          5116.91     -1.4390174E-004
          5128.20     -1.4282945E-004
          5139.49     -1.4175369E-004
          5150.78     -1.4067443E-004
          5162.07     -1.3959166E-004
          5173.36     -1.3850538E-004
          5184.65     -1.3741555E-004
          5195.94     -1.3632217E-004
          5207.23     -1.3522522E-004
          5218.52     -1.3412467E-004
          5229.80     -1.3302052E-004
          5241.09     -1.3191274E-004
          5252.38     -1.3080131E-004
          5263.67     -1.2968621E-004
          5274.96     -1.2856742E-004
          5286.25     -1.2744491E-004
          5297.54     -1.2631867E-004
          5308.83     -1.2518867E-004
          5320.12     -1.2405489E-004
          5331.41     -1.2291730E-004
          5342.70     -1.2177587E-004
          5353.98     -1.2063059E-004
          5365.27     -1.1948143E-004
          5376.56     -1.1832836E-004
          5387.85     -1.1717135E-004
          5399.14     -1.1601037E-004
          5410.43     -1.1484541E-004
          5421.72     -1.1367642E-004
          5433.01     -1.1250338E-004
          5444.30     -1.1132627E-004
          5455.59     -1.1014505E-004
          5466.88     -1.0895969E-004
          5478.16     -1.0777016E-004
          5489.45     -1.0657643E-004
          5500.74     -1.0537848E-004
          5512.03     -1.0417627E-004
          5523.32     -1.0296976E-004
          5534.61     -1.0175893E-004
          5545.90     -1.0054374E-004
          5557.19     -9.9324164E-005
          5568.48     -9.8100164E-005
          5579.77     -9.6871713E-005
          5591.05     -9.5638793E-005
          5602.34     -9.4401387E-005
          5613.63     -9.3159476E-005
          5624.92     -9.1913039E-005
          5636.21     -9.0662060E-005
          5647.50     -8.9406517E-005
          5658.79     -8.8146388E-005
          5670.08     -8.6881654E-005
          5681.37     -8.5612342E-005
          5692.66     -8.4338532E-005
          5703.95     -8.3060299E-005
          5715.23     -8.1777717E-005
          5726.52     -8.0490861E-005
          5737.81     -7.9199804E-005
          5749.10     -7.7904615E-005
          5760.39     -7.6605366E-005
          5771.68     -7.5302122E-005
          5782.97     -7.3994950E-005
          5794.26     -7.2683862E-005
          5805.55     -7.1368824E-005
          5816.84     -7.0049805E-005
          5828.12     -6.8726772E-005
          5839.41     -6.7399691E-005
          5850.70     -6.6068527E-005
          5861.99     -6.4733247E-005
          5873.28     -6.3393817E-005
          5884.57     -6.2050202E-005
          5895.86     -6.0702364E-005
          5907.15     -5.9350271E-005
          5918.44     -5.7993904E-005
          5929.73     -5.6633263E-005
          5941.02     -5.5268345E-005
          5952.30     -5.3899148E-005
          5963.59     -5.2525673E-005
          5974.88     -5.1147918E-005
          5986.17     -4.9765891E-005
          5997.46     -4.8379604E-005
          6008.75     -4.6989067E-005
          6020.04     -4.5594292E-005
          6031.33     -4.4195265E-005
          6042.62     -4.2791951E-005
          6053.91     -4.1384317E-005
          6065.20     -3.9972326E-005
          6076.48     -3.8555935E-005
          6087.77     -3.7135091E-005
          6099.06     -3.5709730E-005
          6110.35     -3.4279791E-005
          6121.64     -3.2845217E-005
          6132.93     -3.1405976E-005
          6144.22     -2.9962062E-005
          6155.51     -2.8513455E-005
          6166.80     -2.7060126E-005
          6178.09     -2.5602028E-005
          6189.38     -2.4139078E-005
          6200.66     -2.2671189E-005
          6211.95     -2.1198272E-005
          6223.24     -1.9720238E-005
          6234.53     -1.8237000E-005
          6245.82     -1.6748471E-005
          6257.11     -1.5254562E-005
          6268.40     -1.3755188E-005
          6279.69     -1.2250258E-005
          6290.98     -1.0739683E-005
          6302.27     -9.2233711E-006
          6313.55     -7.7012311E-006
          6324.84     -6.1731760E-006
          6336.13     -4.6391139E-006
          6347.42     -3.0989538E-006
          6358.71     -1.5526109E-006
          6370.00     -8.4415856E-040
