          3480.00     -2.3059593E-004
          3491.29     -2.3141498E-004
          3502.58     -2.3174296E-004
          3513.87     -2.3162484E-004
          3525.16     -2.3110224E-004
          3536.45     -2.3021361E-004
          3547.73     -2.2899448E-004
          3559.02     -2.2747770E-004
          3570.31     -2.2569358E-004
          3581.60     -2.2367012E-004
          3592.89     -2.2143316E-004
          3604.18     -2.1900654E-004
          3615.47     -2.1641229E-004
          3626.76     -2.1367070E-004
          3638.05     -2.1080043E-004
          3649.34     -2.0781866E-004
          3660.62     -2.0474117E-004
          3671.91     -2.0158244E-004
          3683.20     -1.9835574E-004
          3694.49     -1.9507325E-004
          3705.78     -1.9174610E-004
          3717.07     -1.8838449E-004
          3728.36     -1.8499772E-004
          3739.65     -1.8159426E-004
          3750.94     -1.7818185E-004
          3762.23     -1.7476751E-004
          3773.52     -1.7135762E-004
          3784.80     -1.6795795E-004
          3796.09     -1.6457372E-004
          3807.38     -1.6120963E-004
          3818.67     -1.5786990E-004
          3829.96     -1.5455834E-004
          3841.25     -1.5127831E-004
          3852.54     -1.4803284E-004
          3863.83     -1.4482461E-004
          3875.12     -1.4165595E-004
          3886.41     -1.3852895E-004
          3897.70     -1.3544541E-004
          3908.98     -1.3240687E-004
          3920.27     -1.2941467E-004
          3931.56     -1.2646993E-004
          3942.85     -1.2357357E-004
          3954.14     -1.2072635E-004
          3965.43     -1.1792886E-004
          3976.72     -1.1518154E-004
          3988.01     -1.1248470E-004
          3999.30     -1.0983854E-004
          4010.59     -1.0724314E-004
          4021.88     -1.0469847E-004
          4033.16     -1.0220443E-004
          4044.45     -9.9760820E-005
          4055.74     -9.7367385E-005
          4067.03     -9.5023790E-005
          4078.32     -9.2729642E-005
          4089.61     -9.0484493E-005
          4100.90     -8.8287854E-005
          4112.19     -8.6139185E-005
          4123.48     -8.4037912E-005
          4134.77     -8.1983427E-005
          4146.05     -7.9975093E-005
          4157.34     -7.8012251E-005
          4168.63     -7.6094216E-005
          4179.92     -7.4220284E-005
          4191.21     -7.2389741E-005
          4202.50     -7.0601856E-005
          4213.79     -6.8855889E-005
          4225.08     -6.7151092E-005
          4236.37     -6.5486709E-005
          4247.66     -6.3861986E-005
          4258.95     -6.2276162E-005
          4270.23     -6.0728474E-005
          4281.52     -5.9218168E-005
          4292.81     -5.7744484E-005
          4304.10     -5.6306669E-005
          4315.39     -5.4903974E-005
          4326.68     -5.3535652E-005
          4337.97     -5.2200969E-005
          4349.26     -5.0899193E-005
          4360.55     -4.9629600E-005
          4371.84     -4.8391475E-005
          4383.12     -4.7184109E-005
          4394.41     -4.6006806E-005
          4405.70     -4.4858880E-005
          4416.99     -4.3739655E-005
          4428.28     -4.2648465E-005
          4439.57     -4.1584657E-005
          4450.86     -4.0547584E-005
          4462.15     -3.9536615E-005
          4473.44     -3.8551128E-005
          4484.73     -3.7590512E-005
          4496.02     -3.6654167E-005
          4507.30     -3.5741505E-005
          4518.59     -3.4851951E-005
          4529.88     -3.3984938E-005
          4541.17     -3.3139912E-005
          4552.46     -3.2316333E-005
          4563.75     -3.1513668E-005
          4575.04     -3.0731396E-005
          4586.33     -2.9969011E-005
          4597.62     -2.9226011E-005
          4608.91     -2.8501913E-005
          4620.20     -2.7796240E-005
          4631.48     -2.7108525E-005
          4642.77     -2.6438315E-005
          4654.06     -2.5785166E-005
          4665.35     -2.5148642E-005
          4676.64     -2.4528320E-005
          4687.93     -2.3923786E-005
          4699.22     -2.3334635E-005
          4710.51     -2.2760474E-005
          4721.80     -2.2200917E-005
          4733.09     -2.1655588E-005
          4744.38     -2.1124120E-005
          4755.66     -2.0606157E-005
          4766.95     -2.0101347E-005
          4778.24     -1.9609352E-005
          4789.53     -1.9129839E-005
          4800.82     -1.8662485E-005
          4812.11     -1.8206973E-005
          4823.40     -1.7762997E-005
          4834.69     -1.7330255E-005
          4845.98     -1.6908456E-005
          4857.27     -1.6497315E-005
          4868.55     -1.6096553E-005
          4879.84     -1.5705901E-005
          4891.13     -1.5325093E-005
          4902.42     -1.4953874E-005
          4913.71     -1.4591993E-005
          4925.00     -1.4239206E-005
          4936.29     -1.3895276E-005
          4947.58     -1.3559969E-005
          4958.87     -1.3233061E-005
          4970.16     -1.2914333E-005
          4981.45     -1.2603569E-005
          4992.73     -1.2300561E-005
          5004.02     -1.2005107E-005
          5015.31     -1.1717008E-005
          5026.60     -1.1436072E-005
          5037.89     -1.1162111E-005
          5049.18     -1.0894942E-005
          5060.47     -1.0634388E-005
          5071.76     -1.0380275E-005
          5083.05     -1.0132434E-005
          5094.34     -9.8907005E-006
          5105.62     -9.6549149E-006
          5116.91     -9.4249209E-006
          5128.20     -9.2005666E-006
          5139.49     -8.9817039E-006
          5150.78     -8.7681892E-006
          5162.07     -8.5598819E-006
          5173.36     -8.3566453E-006
          5184.65     -8.1583469E-006
          5195.94     -7.9648567E-006
          5207.23     -7.7760487E-006
          5218.52     -7.5918000E-006
          5229.80     -7.4119906E-006
          5241.09     -7.2365044E-006
          5252.38     -7.0652275E-006
          5263.67     -6.8980493E-006
          5274.96     -6.7348623E-006
          5286.25     -6.5755613E-006
          5297.54     -6.4200442E-006
          5308.83     -6.2682113E-006
          5320.12     -6.1199657E-006
          5331.41     -5.9752130E-006
          5342.70     -5.8338612E-006
          5353.98     -5.6958203E-006
          5365.27     -5.5610035E-006
          5376.56     -5.4293252E-006
          5387.85     -5.3007027E-006
          5399.14     -5.1750550E-006
          5410.43     -5.0523034E-006
          5421.72     -4.9323712E-006
          5433.01     -4.8151837E-006
          5444.30     -4.7006677E-006
          5455.59     -4.5887526E-006
          5466.88     -4.4793689E-006
          5478.16     -4.3724493E-006
          5489.45     -4.2679280E-006
          5500.74     -4.1657408E-006
          5512.03     -4.0658255E-006
          5523.32     -3.9681209E-006
          5534.61     -3.8725675E-006
          5545.90     -3.7791076E-006
          5557.19     -3.6876846E-006
          5568.48     -3.5982433E-006
          5579.77     -3.5107304E-006
          5591.05     -3.4250943E-006
          5602.34     -3.3412849E-006
          5613.63     -3.2592529E-006
          5624.92     -3.1789504E-006
          5636.21     -3.1003306E-006
          5647.50     -3.0233476E-006
          5658.79     -2.9479569E-006
          5670.08     -2.8741145E-006
          5681.37     -2.8017803E-006
          5692.66     -2.7309174E-006
          5703.95     -2.6614893E-006
          5715.23     -2.5934600E-006
          5726.52     -2.5267943E-006
          5737.81     -2.4614573E-006
          5749.10     -2.3974147E-006
          5760.39     -2.3346327E-006
          5771.68     -2.2730778E-006
          5782.97     -2.2127173E-006
          5794.26     -2.1535166E-006
          5805.55     -2.0954398E-006
          5816.84     -2.0384523E-006
          5828.12     -1.9825197E-006
          5839.41     -1.9276084E-006
          5850.70     -1.8736856E-006
          5861.99     -1.8207191E-006
          5873.28     -1.7686774E-006
          5884.57     -1.7175294E-006
          5895.86     -1.6672446E-006
          5907.15     -1.6177934E-006
          5918.44     -1.5691470E-006
          5929.73     -1.5212779E-006
          5941.02     -1.4741588E-006
          5952.30     -1.4277629E-006
          5963.59     -1.3820640E-006
          5974.88     -1.3370362E-006
          5986.17     -1.2926541E-006
          5997.46     -1.2488931E-006
          6008.75     -1.2057288E-006
          6020.04     -1.1631368E-006
          6031.33     -1.1210928E-006
          6042.62     -1.0795720E-006
          6053.91     -1.0385499E-006
          6065.20     -9.9800260E-007
          6076.48     -9.5790592E-007
          6087.77     -9.1823600E-007
          6099.06     -8.7896897E-007
          6110.35     -8.4008131E-007
          6121.64     -8.0154990E-007
          6132.93     -7.6335254E-007
          6144.22     -7.2546791E-007
          6155.51     -6.8787458E-007
          6166.80     -6.5055103E-007
          6178.09     -6.1347551E-007
          6189.38     -5.7662565E-007
          6200.66     -5.3997912E-007
          6211.95     -5.0351380E-007
          6223.24     -4.6720773E-007
          6234.53     -4.3103922E-007
          6245.82     -3.9498666E-007
          6257.11     -3.5902860E-007
          6268.40     -3.2314380E-007
          6279.69     -2.8731101E-007
          6290.98     -2.5150908E-007
          6302.27     -2.1571694E-007
          6313.55     -1.7991362E-007
          6324.84     -1.4407826E-007
          6336.13     -1.0818998E-007
          6347.42     -7.2227948E-008
          6358.71     -3.6171508E-008
          6370.00     -6.9566140E-043
