          3480.00     -2.3059593E-004
          3491.29     -2.3152052E-004
          3502.58     -2.3230619E-004
          3513.87     -2.3295968E-004
          3525.16     -2.3348745E-004
          3536.45     -2.3389566E-004
          3547.73     -2.3419022E-004
          3559.02     -2.3437675E-004
          3570.31     -2.3446066E-004
          3581.60     -2.3444710E-004
          3592.89     -2.3434099E-004
          3604.18     -2.3414707E-004
          3615.47     -2.3386985E-004
          3626.76     -2.3351366E-004
          3638.05     -2.3308267E-004
          3649.34     -2.3258081E-004
          3660.62     -2.3201189E-004
          3671.91     -2.3137951E-004
          3683.20     -2.3068715E-004
          3694.49     -2.2993810E-004
          3705.78     -2.2913552E-004
          3717.07     -2.2828244E-004
          3728.36     -2.2738175E-004
          3739.65     -2.2643619E-004
          3750.94     -2.2544840E-004
          3762.23     -2.2442091E-004
          3773.52     -2.2335611E-004
          3784.80     -2.2225630E-004
          3796.09     -2.2112368E-004
          3807.38     -2.1996034E-004
          3818.67     -2.1876827E-004
          3829.96     -2.1754939E-004
          3841.25     -2.1630551E-004
          3852.54     -2.1503836E-004
          3863.83     -2.1374962E-004
          3875.12     -2.1244085E-004
          3886.41     -2.1111358E-004
          3897.70     -2.0976923E-004
          3908.98     -2.0840920E-004
          3920.27     -2.0703479E-004
          3931.56     -2.0564724E-004
          3942.85     -2.0424776E-004
          3954.14     -2.0283748E-004
          3965.43     -2.0141747E-004
          3976.72     -1.9998878E-004
          3988.01     -1.9855236E-004
          3999.30     -1.9710916E-004
          4010.59     -1.9566007E-004
          4021.88     -1.9420592E-004
          4033.16     -1.9274753E-004
          4044.45     -1.9128566E-004
          4055.74     -1.8982104E-004
          4067.03     -1.8835436E-004
          4078.32     -1.8688627E-004
          4089.61     -1.8541741E-004
          4100.90     -1.8394836E-004
          4112.19     -1.8247969E-004
          4123.48     -1.8101193E-004
          4134.77     -1.7954558E-004
          4146.05     -1.7808114E-004
          4157.34     -1.7661904E-004
          4168.63     -1.7515973E-004
          4179.92     -1.7370361E-004
          4191.21     -1.7225106E-004
          4202.50     -1.7080245E-004
          4213.79     -1.6935812E-004
          4225.08     -1.6791839E-004
          4236.37     -1.6648357E-004
          4247.66     -1.6505395E-004
          4258.95     -1.6362979E-004
          4270.23     -1.6221135E-004
          4281.52     -1.6079887E-004
          4292.81     -1.5939257E-004
          4304.10     -1.5799266E-004
          4315.39     -1.5659933E-004
          4326.68     -1.5521277E-004
          4337.97     -1.5383315E-004
          4349.26     -1.5246062E-004
          4360.55     -1.5109533E-004
          4371.84     -1.4973741E-004
          4383.12     -1.4838698E-004
          4394.41     -1.4704416E-004
          4405.70     -1.4570905E-004
          4416.99     -1.4438175E-004
          4428.28     -1.4306234E-004
          4439.57     -1.4175091E-004
          4450.86     -1.4044752E-004
          4462.15     -1.3915224E-004
          4473.44     -1.3786513E-004
          4484.73     -1.3658622E-004
          4496.02     -1.3531558E-004
          4507.30     -1.3405322E-004
          4518.59     -1.3279918E-004
          4529.88     -1.3155348E-004
          4541.17     -1.3031615E-004
          4552.46     -1.2908719E-004
          4563.75     -1.2786661E-004
          4575.04     -1.2665442E-004
          4586.33     -1.2545060E-004
          4597.62     -1.2425516E-004
          4608.91     -1.2306809E-004
          4620.20     -1.2188936E-004
          4631.48     -1.2071896E-004
          4642.77     -1.1955688E-004
          4654.06     -1.1840307E-004
          4665.35     -1.1725752E-004
          4676.64     -1.1612019E-004
          4687.93     -1.1499104E-004
          4699.22     -1.1387005E-004
          4710.51     -1.1275716E-004
          4721.80     -1.1165234E-004
          4733.09     -1.1055553E-004
          4744.38     -1.0946670E-004
          4755.66     -1.0838579E-004
          4766.95     -1.0731275E-004
          4778.24     -1.0624752E-004
          4789.53     -1.0519006E-004
          4800.82     -1.0414029E-004
          4812.11     -1.0309817E-004
          4823.40     -1.0206363E-004
          4834.69     -1.0103661E-004
          4845.98     -1.0001705E-004
          4857.27     -9.9004876E-005
          4868.55     -9.8000028E-005
          4879.84     -9.7002440E-005
          4891.13     -9.6012041E-005
          4902.42     -9.5028763E-005
          4913.71     -9.4052536E-005
          4925.00     -9.3083289E-005
          4936.29     -9.2120950E-005
          4947.58     -9.1165446E-005
          4958.87     -9.0216703E-005
          4970.16     -8.9274648E-005
          4981.45     -8.8339206E-005
          4992.73     -8.7410300E-005
          5004.02     -8.6487856E-005
          5015.31     -8.5571797E-005
          5026.60     -8.4662047E-005
          5037.89     -8.3758529E-005
          5049.18     -8.2861164E-005
          5060.47     -8.1969877E-005
          5071.76     -8.1084588E-005
          5083.05     -8.0205218E-005
          5094.34     -7.9331690E-005
          5105.62     -7.8463925E-005
          5116.91     -7.7601842E-005
          5128.20     -7.6745363E-005
          5139.49     -7.5894407E-005
          5150.78     -7.5048897E-005
          5162.07     -7.4208750E-005
          5173.36     -7.3373888E-005
          5184.65     -7.2544232E-005
          5195.94     -7.1719701E-005
          5207.23     -7.0900216E-005
          5218.52     -7.0085697E-005
          5229.80     -6.9276062E-005
          5241.09     -6.8471233E-005
          5252.38     -6.7671130E-005
          5263.67     -6.6875671E-005
          5274.96     -6.6084779E-005
          5286.25     -6.5298371E-005
          5297.54     -6.4516370E-005
          5308.83     -6.3738693E-005
          5320.12     -6.2965263E-005
          5331.41     -6.2196000E-005
          5342.70     -6.1430824E-005
          5353.98     -6.0669656E-005
          5365.27     -5.9912417E-005
          5376.56     -5.9159028E-005
          5387.85     -5.8409409E-005
          5399.14     -5.7663482E-005
          5410.43     -5.6921167E-005
          5421.72     -5.6182387E-005
          5433.01     -5.5447063E-005
          5444.30     -5.4715116E-005
          5455.59     -5.3986468E-005
          5466.88     -5.3261042E-005
          5478.16     -5.2538761E-005
          5489.45     -5.1819547E-005
          5500.74     -5.1103321E-005
          5512.03     -5.0390009E-005
          5523.32     -4.9679533E-005
          5534.61     -4.8971814E-005
          5545.90     -4.8266779E-005
          5557.19     -4.7564348E-005
          5568.48     -4.6864447E-005
          5579.77     -4.6167002E-005
          5591.05     -4.5471945E-005
          5602.34     -4.4779210E-005
          5613.63     -4.4088728E-005
          5624.92     -4.3400431E-005
          5636.21     -4.2714253E-005
          5647.50     -4.2030125E-005
          5658.79     -4.1347980E-005
          5670.08     -4.0667749E-005
          5681.37     -3.9989388E-005
          5692.66     -3.9312882E-005
          5703.95     -3.8638209E-005
          5715.23     -3.7965348E-005
          5726.52     -3.7294277E-005
          5737.81     -3.6624973E-005
          5749.10     -3.5957410E-005
          5760.39     -3.5291562E-005
          5771.68     -3.4627400E-005
          5782.97     -3.3964895E-005
          5794.26     -3.3303992E-005
          5805.55     -3.2644612E-005
          5816.84     -3.1986679E-005
          5828.12     -3.1330114E-005
          5839.41     -3.0674842E-005
          5850.70     -3.0020784E-005
          5861.99     -2.9367862E-005
          5873.28     -2.8716000E-005
          5884.57     -2.8065121E-005
          5895.86     -2.7415147E-005
          5907.15     -2.6766000E-005
          5918.44     -2.6117613E-005
          5929.73     -2.5469924E-005
          5941.02     -2.4822872E-005
          5952.30     -2.4176394E-005
          5963.59     -2.3530430E-005
          5974.88     -2.2884918E-005
          5986.17     -2.2239800E-005
          5997.46     -2.1595022E-005
          6008.75     -2.0950526E-005
          6020.04     -2.0306258E-005
          6031.33     -1.9662146E-005
          6042.62     -1.9018114E-005
          6053.91     -1.8374087E-005
          6065.20     -1.7729986E-005
          6076.48     -1.7085731E-005
          6087.77     -1.6441237E-005
          6099.06     -1.5796415E-005
          6110.35     -1.5151176E-005
          6121.64     -1.4505435E-005
          6132.93     -1.3859115E-005
          6144.22     -1.3212154E-005
          6155.51     -1.2564482E-005
          6166.80     -1.1916024E-005
          6178.09     -1.1266699E-005
          6189.38     -1.0616410E-005
          6200.66     -9.9650578E-006
          6211.95     -9.3125430E-006
          6223.24     -8.6587660E-006
          6234.53     -8.0036294E-006
          6245.82     -7.3470342E-006
          6257.11     -6.6888816E-006
          6268.40     -6.0290746E-006
          6279.69     -5.3675139E-006
          6290.98     -4.7041002E-006
          6302.27     -4.0387340E-006
          6313.55     -3.3713159E-006
          6324.84     -2.7017481E-006
          6336.13     -2.0299310E-006
          6347.42     -1.3557650E-006
          6358.71     -6.7915367E-007
          6370.00     -9.5428648E-041
