          3480.00      5.5381428E-030
          3491.29     -2.6928547E-005
          3502.58     -5.3875639E-005
          3513.87     -8.0906758E-005
          3525.16     -1.0808645E-004
          3536.45     -1.3547863E-004
          3547.73     -1.6314670E-004
          3559.02     -1.9115359E-004
          3570.31     -2.1956211E-004
          3581.60     -2.4843494E-004
          3592.89     -2.7783484E-004
          3604.18     -3.0782469E-004
          3615.47     -3.3846742E-004
          3626.76     -3.6982637E-004
          3638.05     -4.0196545E-004
          3649.34     -4.3494917E-004
          3660.62     -4.6884297E-004
          3671.91     -5.0371316E-004
          3683.20     -5.3962711E-004
          3694.49     -5.7665340E-004
          3705.78     -6.1486173E-004
          3717.07     -6.5432332E-004
          3728.36     -6.9511085E-004
          3739.65     -7.3729848E-004
          3750.94     -7.8096219E-004
          3762.23     -8.2617973E-004
          3773.52     -8.7303074E-004
          3784.80     -9.2159694E-004
          3796.09     -9.7196203E-004
          3807.38     -1.0242121E-003
          3818.67     -1.0784358E-003
          3829.96     -1.1347238E-003
          3841.25     -1.1931696E-003
          3852.54     -1.2538695E-003
          3863.83     -1.3169223E-003
          3875.12     -1.3824299E-003
          3886.41     -1.4504969E-003
          3897.70     -1.5212313E-003
          3908.98     -1.5947443E-003
          3920.27     -1.6711502E-003
          3931.56     -1.7505670E-003
          3942.85     -1.8331162E-003
          3954.14     -1.9189229E-003
          3965.43     -2.0081165E-003
          3976.72     -2.1008298E-003
          3988.01     -2.1972001E-003
          3999.30     -2.2973688E-003
          4010.59     -2.4014813E-003
          4021.88     -2.5096879E-003
          4033.16     -2.6221432E-003
          4044.45     -2.7390065E-003
          4055.74     -2.8604422E-003
          4067.03     -2.9866193E-003
          4078.32     -3.1177120E-003
          4089.61     -3.2539001E-003
          4100.90     -3.3953682E-003
          4112.19     -3.5423069E-003
          4123.48     -3.6949122E-003
          4134.77     -3.8533862E-003
          4146.05     -4.0179368E-003
          4157.34     -4.1887777E-003
          4168.63     -4.3661294E-003
          4179.92     -4.5502186E-003
          4191.21     -4.7412782E-003
          4202.50     -4.9395483E-003
          4213.79     -5.1452756E-003
          4225.08     -5.3587140E-003
          4236.37     -5.5801245E-003
          4247.66     -5.8097751E-003
          4258.95     -6.0479417E-003
          4270.23     -6.2949078E-003
          4281.52     -6.5509642E-003
          4292.81     -6.8164102E-003
          4304.10     -7.0915529E-003
          4315.39     -7.3767078E-003
          4326.68     -7.6721992E-003
          4337.97     -7.9783590E-003
          4349.26     -8.2955286E-003
          4360.55     -8.6240585E-003
          4371.84     -8.9643078E-003
          4383.12     -9.3166456E-003
          4394.41     -9.6814497E-003
          4405.70     -1.0059107E-002
          4416.99     -1.0450015E-002
          4428.28     -1.0854579E-002
          4439.57     -1.1273217E-002
          4450.86     -1.1706354E-002
          4462.15     -1.2154428E-002
          4473.44     -1.2617885E-002
          4484.73     -1.3097184E-002
          4496.02     -1.3592792E-002
          4507.30     -1.4105190E-002
          4518.59     -1.4634865E-002
          4529.88     -1.5182319E-002
          4541.17     -1.5748064E-002
          4552.46     -1.6332622E-002
          4563.75     -1.6936529E-002
          4575.04     -1.7560329E-002
          4586.33     -1.8204579E-002
          4597.62     -1.8869848E-002
          4608.91     -1.9556716E-002
          4620.20     -2.0265773E-002
          4631.48     -2.0997623E-002
          4642.77     -2.1752881E-002
          4654.06     -2.2532171E-002
          4665.35     -2.3336133E-002
          4676.64     -2.4165414E-002
          4687.93     -2.5020677E-002
          4699.22     -2.5902593E-002
          4710.51     -2.6811844E-002
          4721.80     -2.7749128E-002
          4733.09     -2.8715148E-002
          4744.38     -2.9710622E-002
          4755.66     -3.0736278E-002
          4766.95     -3.1792854E-002
          4778.24     -3.2881101E-002
          4789.53     -3.4001777E-002
          4800.82     -3.5155650E-002
          4812.11     -3.6343503E-002
          4823.40     -3.7566121E-002
          4834.69     -3.8824303E-002
          4845.98     -4.0118856E-002
          4857.27     -4.1450595E-002
          4868.55     -4.2820342E-002
          4879.84     -4.4228927E-002
          4891.13     -4.5677185E-002
          4902.42     -4.7165963E-002
          4913.71     -4.8696106E-002
          4925.00     -5.0268470E-002
          4936.29     -5.1883913E-002
          4947.58     -5.3543297E-002
          4958.87     -5.5247488E-002
          4970.16     -5.6997352E-002
          4981.45     -5.8793757E-002
          4992.73     -6.0637574E-002
          5004.02     -6.2529667E-002
          5015.31     -6.4470902E-002
          5026.60     -6.6462141E-002
          5037.89     -6.8504242E-002
          5049.18     -7.0598058E-002
          5060.47     -7.2744432E-002
          5071.76     -7.4944201E-002
          5083.05     -7.7198196E-002
          5094.34     -7.9507226E-002
          5105.62     -8.1872097E-002
          5116.91     -8.4293595E-002
          5128.20     -8.6772492E-002
          5139.49     -8.9309542E-002
          5150.78     -9.1905469E-002
          5162.07     -9.4560985E-002
          5173.36     -9.7276771E-002
          5184.65     -1.0005348E-001
          5195.94     -1.0289173E-001
          5207.23     -1.0579211E-001
          5218.52     -1.0875519E-001
          5229.80     -1.1178148E-001
          5241.09     -1.1487144E-001
          5252.38     -1.1802551E-001
          5263.67     -1.2124408E-001
          5274.96     -1.2452746E-001
          5286.25     -1.2787593E-001
          5297.54     -1.3128971E-001
          5308.83     -1.3476895E-001
          5320.12     -1.3831372E-001
          5331.41     -1.4192405E-001
          5342.70     -1.4559986E-001
          5353.98     -1.4934101E-001
          5365.27     -1.5314726E-001
          5376.56     -1.5701828E-001
          5387.85     -1.6095367E-001
          5399.14     -1.6495288E-001
          5410.43     -1.6901531E-001
          5421.72     -1.7314018E-001
          5433.01     -1.7732664E-001
          5444.30     -1.8157370E-001
          5455.59     -1.8588022E-001
          5466.88     -1.9024493E-001
          5478.16     -1.9466641E-001
          5489.45     -1.9914308E-001
          5500.74     -2.0367319E-001
          5512.03     -2.0825484E-001
          5523.32     -2.1288593E-001
          5534.61     -2.1756417E-001
          5545.90     -2.2228706E-001
          5557.19     -2.2705193E-001
          5568.48     -2.3185584E-001
          5579.77     -2.3669562E-001
          5591.05     -2.4156784E-001
          5602.34     -2.4646878E-001
          5613.63     -2.5139448E-001
          5624.92     -2.5634074E-001
          5636.21     -2.6130303E-001
          5647.50     -2.6627658E-001
          5658.79     -2.7125626E-001
          5670.08     -2.7623666E-001
          5681.37     -2.8121180E-001
          5692.66     -2.8617512E-001
          5703.95     -2.9111979E-001
          5715.23     -2.9603867E-001
          5726.52     -3.0092429E-001
          5737.81     -3.0576885E-001
          5749.10     -3.1056420E-001
          5760.39     -3.1530184E-001
          5771.68     -3.1997291E-001
          5782.97     -3.2456817E-001
          5794.26     -3.2907822E-001
          5805.55     -3.3349349E-001
          5816.84     -3.3780383E-001
          5828.12     -3.4199859E-001
          5839.41     -3.4606652E-001
          5850.70     -3.4999581E-001
          5861.99     -3.5377405E-001
          5873.28     -3.5738818E-001
          5884.57     -3.6082449E-001
          5895.86     -3.6406863E-001
          5907.15     -3.6710552E-001
          5918.44     -3.6991926E-001
          5929.73     -3.7249313E-001
          5941.02     -3.7480971E-001
          5952.30     -3.7685081E-001
          5963.59     -3.7859748E-001
          5974.88     -3.8002998E-001
          5986.17     -3.8112769E-001
          5997.46     -3.8186914E-001
          6008.75     -3.8223202E-001
          6020.04     -3.8219317E-001
          6031.33     -3.8172864E-001
          6042.62     -3.8081362E-001
          6053.91     -3.7942228E-001
          6065.20     -3.7752768E-001
          6076.48     -3.7510179E-001
          6087.77     -3.7211548E-001
          6099.06     -3.6853839E-001
          6110.35     -3.6433885E-001
          6121.64     -3.5948381E-001
          6132.93     -3.5393871E-001
          6144.22     -3.4766753E-001
          6155.51     -3.4063296E-001
          6166.80     -3.3279635E-001
          6178.09     -3.2411771E-001
          6189.38     -3.1455557E-001
          6200.66     -3.0406675E-001
          6211.95     -2.9260625E-001
          6223.24     -2.8012715E-001
          6234.53     -2.6658059E-001
          6245.82     -2.5191569E-001
          6257.11     -2.3607943E-001
          6268.40     -2.1901671E-001
          6279.69     -2.0067017E-001
          6290.98     -1.8098015E-001
          6302.27     -1.5988461E-001
          6313.55     -1.3731901E-001
          6324.84     -1.1321635E-001
          6336.13     -8.7506917E-002
          6347.42     -6.0118301E-002
          6358.71     -3.0975356E-002
          6370.00      1.3637959E-043
