          3480.00     -3.1190746E-039
          3491.29     -4.5282441E-008
          3502.58     -9.0297153E-008
          3513.87     -1.3504752E-007
          3525.16     -1.7953670E-007
          3536.45     -2.2376787E-007
          3547.73     -2.6774409E-007
          3559.02     -3.1146822E-007
          3570.31     -3.5494313E-007
          3581.60     -3.9817156E-007
          3592.89     -4.4115613E-007
          3604.18     -4.8389928E-007
          3615.47     -5.2640279E-007
          3626.76     -5.6866823E-007
          3638.05     -6.1069708E-007
          3649.34     -6.5249063E-007
          3660.62     -6.9405020E-007
          3671.91     -7.3537701E-007
          3683.20     -7.7647219E-007
          3694.49     -8.1733685E-007
          3705.78     -8.5797191E-007
          3717.07     -8.9837834E-007
          3728.36     -9.3855701E-007
          3739.65     -9.7850864E-007
          3750.94     -1.0182340E-006
          3762.23     -1.0577337E-006
          3773.52     -1.0970084E-006
          3784.80     -1.1360586E-006
          3796.09     -1.1748846E-006
          3807.38     -1.2134871E-006
          3818.67     -1.2518665E-006
          3829.96     -1.2900230E-006
          3841.25     -1.3279571E-006
          3852.54     -1.3656691E-006
          3863.83     -1.4031591E-006
          3875.12     -1.4404272E-006
          3886.41     -1.4774736E-006
          3897.70     -1.5142983E-006
          3908.98     -1.5509013E-006
          3920.27     -1.5872824E-006
          3931.56     -1.6234415E-006
          3942.85     -1.6593784E-006
          3954.14     -1.6950929E-006
          3965.43     -1.7305848E-006
          3976.72     -1.7658538E-006
          3988.01     -1.8008995E-006
          3999.30     -1.8357217E-006
          4010.59     -1.8703199E-006
          4021.88     -1.9046935E-006
          4033.16     -1.9388421E-006
          4044.45     -1.9727650E-006
          4055.74     -2.0064617E-006
          4067.03     -2.0399314E-006
          4078.32     -2.0731734E-006
          4089.61     -2.1061869E-006
          4100.90     -2.1389711E-006
          4112.19     -2.1715249E-006
          4123.48     -2.2038476E-006
          4134.77     -2.2359381E-006
          4146.05     -2.2677954E-006
          4157.34     -2.2994183E-006
          4168.63     -2.3308058E-006
          4179.92     -2.3619567E-006
          4191.21     -2.3928696E-006
          4202.50     -2.4235435E-006
          4213.79     -2.4539768E-006
          4225.08     -2.4841683E-006
          4236.37     -2.5141166E-006
          4247.66     -2.5438201E-006
          4258.95     -2.5732773E-006
          4270.23     -2.6024868E-006
          4281.52     -2.6314468E-006
          4292.81     -2.6601557E-006
          4304.10     -2.6886118E-006
          4315.39     -2.7168134E-006
          4326.68     -2.7447587E-006
          4337.97     -2.7724459E-006
          4349.26     -2.7998730E-006
          4360.55     -2.8270382E-006
          4371.84     -2.8539396E-006
          4383.12     -2.8805753E-006
          4394.41     -2.9069431E-006
          4405.70     -2.9330410E-006
          4416.99     -2.9588669E-006
          4428.28     -2.9844186E-006
          4439.57     -3.0096937E-006
          4450.86     -3.0346902E-006
          4462.15     -3.0594056E-006
          4473.44     -3.0838376E-006
          4484.73     -3.1079839E-006
          4496.02     -3.1318419E-006
          4507.30     -3.1554093E-006
          4518.59     -3.1786834E-006
          4529.88     -3.2016618E-006
          4541.17     -3.2243419E-006
          4552.46     -3.2467210E-006
          4563.75     -3.2687965E-006
          4575.04     -3.2905657E-006
          4586.33     -3.3120257E-006
          4597.62     -3.3331740E-006
          4608.91     -3.3540076E-006
          4620.20     -3.3745237E-006
          4631.48     -3.3947194E-006
          4642.77     -3.4145917E-006
          4654.06     -3.4341377E-006
          4665.35     -3.4533543E-006
          4676.64     -3.4722387E-006
          4687.93     -3.4907875E-006
          4699.22     -3.5089978E-006
          4710.51     -3.5268663E-006
          4721.80     -3.5443899E-006
          4733.09     -3.5615653E-006
          4744.38     -3.5783893E-006
          4755.66     -3.5948585E-006
          4766.95     -3.6109696E-006
          4778.24     -3.6267192E-006
          4789.53     -3.6421038E-006
          4800.82     -3.6571201E-006
          4812.11     -3.6717645E-006
          4823.40     -3.6860335E-006
          4834.69     -3.6999235E-006
          4845.98     -3.7134309E-006
          4857.27     -3.7265521E-006
          4868.55     -3.7392834E-006
          4879.84     -3.7516210E-006
          4891.13     -3.7635612E-006
          4902.42     -3.7751002E-006
          4913.71     -3.7862341E-006
          4925.00     -3.7969591E-006
          4936.29     -3.8072713E-006
          4947.58     -3.8171667E-006
          4958.87     -3.8266414E-006
          4970.16     -3.8356913E-006
          4981.45     -3.8443124E-006
          4992.73     -3.8525007E-006
          5004.02     -3.8602519E-006
          5015.31     -3.8675619E-006
          5026.60     -3.8744265E-006
          5037.89     -3.8808415E-006
          5049.18     -3.8868026E-006
          5060.47     -3.8923055E-006
          5071.76     -3.8973458E-006
          5083.05     -3.9019192E-006
          5094.34     -3.9060213E-006
          5105.62     -3.9096475E-006
          5116.91     -3.9127935E-006
          5128.20     -3.9154547E-006
          5139.49     -3.9176266E-006
          5150.78     -3.9193045E-006
          5162.07     -3.9204839E-006
          5173.36     -3.9211600E-006
          5184.65     -3.9213282E-006
          5195.94     -3.9209838E-006
          5207.23     -3.9201219E-006
          5218.52     -3.9187379E-006
          5229.80     -3.9168267E-006
          5241.09     -3.9143837E-006
          5252.38     -3.9114038E-006
          5263.67     -3.9078821E-006
          5274.96     -3.9038137E-006
          5286.25     -3.8991936E-006
          5297.54     -3.8940168E-006
          5308.83     -3.8882780E-006
          5320.12     -3.8819724E-006
          5331.41     -3.8750946E-006
          5342.70     -3.8676395E-006
          5353.98     -3.8596020E-006
          5365.27     -3.8509767E-006
          5376.56     -3.8417585E-006
          5387.85     -3.8319419E-006
          5399.14     -3.8215217E-006
          5410.43     -3.8104924E-006
          5421.72     -3.7988487E-006
          5433.01     -3.7865852E-006
          5444.30     -3.7736962E-006
          5455.59     -3.7601764E-006
          5466.88     -3.7460202E-006
          5478.16     -3.7312220E-006
          5489.45     -3.7157762E-006
          5500.74     -3.6996770E-006
          5512.03     -3.6829189E-006
          5523.32     -3.6654962E-006
          5534.61     -3.6474030E-006
          5545.90     -3.6286337E-006
          5557.19     -3.6091823E-006
          5568.48     -3.5890432E-006
          5579.77     -3.5682102E-006
          5591.05     -3.5466772E-006
          5602.34     -3.5244381E-006
          5613.63     -3.5014867E-006
          5624.92     -3.4778166E-006
          5636.21     -3.4534218E-006
          5647.50     -3.4282959E-006
          5658.79     -3.4024326E-006
          5670.08     -3.3758258E-006
          5681.37     -3.3484682E-006
          5692.66     -3.3203522E-006
          5703.95     -3.2914700E-006
          5715.23     -3.2618141E-006
          5726.52     -3.2313768E-006
          5737.81     -3.2001507E-006
          5749.10     -3.1681283E-006
          5760.39     -3.1353024E-006
          5771.68     -3.1016655E-006
          5782.97     -3.0672106E-006
          5794.26     -3.0319313E-006
          5805.55     -2.9958216E-006
          5816.84     -2.9588759E-006
          5828.12     -2.9210882E-006
          5839.41     -2.8824527E-006
          5850.70     -2.8429635E-006
          5861.99     -2.8026148E-006
          5873.28     -2.7614006E-006
          5884.57     -2.7193152E-006
          5895.86     -2.6763524E-006
          5907.15     -2.6325066E-006
          5918.44     -2.5877715E-006
          5929.73     -2.5421407E-006
          5941.02     -2.4956081E-006
          5952.30     -2.4481673E-006
          5963.59     -2.3998121E-006
          5974.88     -2.3505363E-006
          5986.17     -2.3003335E-006
          5997.46     -2.2491974E-006
          6008.75     -2.1971219E-006
          6020.04     -2.1441005E-006
          6031.33     -2.0901274E-006
          6042.62     -2.0351968E-006
          6053.91     -1.9793030E-006
          6065.20     -1.9224401E-006
          6076.48     -1.8646026E-006
          6087.77     -1.8057847E-006
          6099.06     -1.7459810E-006
          6110.35     -1.6851858E-006
          6121.64     -1.6233934E-006
          6132.93     -1.5605980E-006
          6144.22     -1.4967937E-006
          6155.51     -1.4319744E-006
          6166.80     -1.3661343E-006
          6178.09     -1.2992677E-006
          6189.38     -1.2313692E-006
          6200.66     -1.1624331E-006
          6211.95     -1.0924541E-006
          6223.24     -1.0214263E-006
          6234.53     -9.4934423E-007
          6245.82     -8.7620219E-007
          6257.11     -8.0199432E-007
          6268.40     -7.2671496E-007
          6279.69     -6.5035818E-007
          6290.98     -5.7291811E-007
          6302.27     -4.9438881E-007
          6313.55     -4.1476422E-007
          6324.84     -3.3403843E-007
          6336.13     -2.5220530E-007
          6347.42     -1.6925860E-007
          6358.71     -8.5192272E-008
          6370.00      3.8111186E-039
