          3480.00      3.0983843E-031
          3491.29     -4.1949239E-004
          3502.58     -8.4031299E-004
          3513.87     -1.2628027E-003
          3525.16     -1.6872985E-003
          3536.45     -2.1141366E-003
          3547.73     -2.5436509E-003
          3559.02     -2.9761724E-003
          3570.31     -3.4120320E-003
          3581.60     -3.8515587E-003
          3592.89     -4.2950806E-003
          3604.18     -4.7429244E-003
          3615.47     -5.1954120E-003
          3626.76     -5.6528642E-003
          3638.05     -6.1156019E-003
          3649.34     -6.5839451E-003
          3660.62     -7.0582150E-003
          3671.91     -7.5387333E-003
          3683.20     -8.0258223E-003
          3694.49     -8.5198054E-003
          3705.78     -9.0210060E-003
          3717.07     -9.5297500E-003
          3728.36     -1.0046364E-002
          3739.65     -1.0571177E-002
          3750.94     -1.1104517E-002
          3762.23     -1.1646717E-002
          3773.52     -1.2198111E-002
          3784.80     -1.2759034E-002
          3796.09     -1.3329824E-002
          3807.38     -1.3910822E-002
          3818.67     -1.4502372E-002
          3829.96     -1.5104820E-002
          3841.25     -1.5718514E-002
          3852.54     -1.6343808E-002
          3863.83     -1.6981056E-002
          3875.12     -1.7630616E-002
          3886.41     -1.8292848E-002
          3897.70     -1.8968117E-002
          3908.98     -1.9656791E-002
          3920.27     -2.0359241E-002
          3931.56     -2.1075840E-002
          3942.85     -2.1806967E-002
          3954.14     -2.2553005E-002
          3965.43     -2.3314341E-002
          3976.72     -2.4091365E-002
          3988.01     -2.4884471E-002
          3999.30     -2.5694060E-002
          4010.59     -2.6520534E-002
          4021.88     -2.7364299E-002
          4033.16     -2.8225768E-002
          4044.45     -2.9105355E-002
          4055.74     -3.0003483E-002
          4067.03     -3.0920573E-002
          4078.32     -3.1857056E-002
          4089.61     -3.2813366E-002
          4100.90     -3.3789940E-002
          4112.19     -3.4787221E-002
          4123.48     -3.5805656E-002
          4134.77     -3.6845698E-002
          4146.05     -3.7907805E-002
          4157.34     -3.8992437E-002
          4168.63     -4.0100060E-002
          4179.92     -4.1231149E-002
          4191.21     -4.2386175E-002
          4202.50     -4.3565623E-002
          4213.79     -4.4769978E-002
          4225.08     -4.5999730E-002
          4236.37     -4.7255377E-002
          4247.66     -4.8537417E-002
          4258.95     -4.9846356E-002
          4270.23     -5.1182705E-002
          4281.52     -5.2546979E-002
          4292.81     -5.3939696E-002
          4304.10     -5.5361383E-002
          4315.39     -5.6812568E-002
          4326.68     -5.8293788E-002
          4337.97     -5.9805578E-002
          4349.26     -6.1348483E-002
          4360.55     -6.2923054E-002
          4371.84     -6.4529842E-002
          4383.12     -6.6169407E-002
          4394.41     -6.7842313E-002
          4405.70     -6.9549123E-002
          4416.99     -7.1290411E-002
          4428.28     -7.3066747E-002
          4439.57     -7.4878712E-002
          4450.86     -7.6726889E-002
          4462.15     -7.8611861E-002
          4473.44     -8.0534221E-002
          4484.73     -8.2494563E-002
          4496.02     -8.4493484E-002
          4507.30     -8.6531587E-002
          4518.59     -8.8609474E-002
          4529.88     -9.0727754E-002
          4541.17     -9.2887039E-002
          4552.46     -9.5087941E-002
          4563.75     -9.7331076E-002
          4575.04     -9.9617066E-002
          4586.33     -1.0194653E-001
          4597.62     -1.0432010E-001
          4608.91     -1.0673839E-001
          4620.20     -1.0920204E-001
          4631.48     -1.1171167E-001
          4642.77     -1.1426791E-001
          4654.06     -1.1687139E-001
          4665.35     -1.1952276E-001
          4676.64     -1.2222264E-001
          4687.93     -1.2497167E-001
          4699.22     -1.2777047E-001
          4710.51     -1.3061969E-001
          4721.80     -1.3351996E-001
          4733.09     -1.3647190E-001
          4744.38     -1.3947616E-001
          4755.66     -1.4253335E-001
          4766.95     -1.4564411E-001
          4778.24     -1.4880907E-001
          4789.53     -1.5202884E-001
          4800.82     -1.5530405E-001
          4812.11     -1.5863532E-001
          4823.40     -1.6202326E-001
          4834.69     -1.6546847E-001
          4845.98     -1.6897156E-001
          4857.27     -1.7253313E-001
          4868.55     -1.7615378E-001
          4879.84     -1.7983409E-001
          4891.13     -1.8357464E-001
          4902.42     -1.8737601E-001
          4913.71     -1.9123876E-001
          4925.00     -1.9516345E-001
          4936.29     -1.9915063E-001
          4947.58     -2.0320084E-001
          4958.87     -2.0731462E-001
          4970.16     -2.1149247E-001
          4981.45     -2.1573492E-001
          4992.73     -2.2004246E-001
          5004.02     -2.2441557E-001
          5015.31     -2.2885473E-001
          5026.60     -2.3336038E-001
          5037.89     -2.3793299E-001
          5049.18     -2.4257297E-001
          5060.47     -2.4728073E-001
          5071.76     -2.5205666E-001
          5083.05     -2.5690116E-001
          5094.34     -2.6181457E-001
          5105.62     -2.6679723E-001
          5116.91     -2.7184947E-001
          5128.20     -2.7697158E-001
          5139.49     -2.8216385E-001
          5150.78     -2.8742651E-001
          5162.07     -2.9275980E-001
          5173.36     -2.9816393E-001
          5184.65     -3.0363907E-001
          5195.94     -3.0918538E-001
          5207.23     -3.1480296E-001
          5218.52     -3.2049193E-001
          5229.80     -3.2625234E-001
          5241.09     -3.3208423E-001
          5252.38     -3.3798758E-001
          5263.67     -3.4396238E-001
          5274.96     -3.5000855E-001
          5286.25     -3.5612598E-001
          5297.54     -3.6231453E-001
          5308.83     -3.6857402E-001
          5320.12     -3.7490423E-001
          5331.41     -3.8130488E-001
          5342.70     -3.8777567E-001
          5353.98     -3.9431625E-001
          5365.27     -4.0092621E-001
          5376.56     -4.0760511E-001
          5387.85     -4.1435246E-001
          5399.14     -4.2116770E-001
          5410.43     -4.2805024E-001
          5421.72     -4.3499942E-001
          5433.01     -4.4201453E-001
          5444.30     -4.4909481E-001
          5455.59     -4.5623942E-001
          5466.88     -4.6344748E-001
          5478.16     -4.7071804E-001
          5489.45     -4.7805006E-001
          5500.74     -4.8544249E-001
          5512.03     -4.9289414E-001
          5523.32     -5.0040380E-001
          5534.61     -5.0797019E-001
          5545.90     -5.1559190E-001
          5557.19     -5.2326751E-001
          5568.48     -5.3099549E-001
          5579.77     -5.3877419E-001
          5591.05     -5.4660189E-001
          5602.34     -5.5447673E-001
          5613.63     -5.6239681E-001
          5624.92     -5.7036014E-001
          5636.21     -5.7836462E-001
          5647.50     -5.8640808E-001
          5658.79     -5.9448825E-001
          5670.08     -6.0260278E-001
          5681.37     -6.1074903E-001
          5692.66     -6.1892410E-001
          5703.95     -6.2712504E-001
          5715.23     -6.3534886E-001
          5726.52     -6.4359246E-001
          5737.81     -6.5185273E-001
          5749.10     -6.6012647E-001
          5760.39     -6.6841043E-001
          5771.68     -6.7670128E-001
          5782.97     -6.8499565E-001
          5794.26     -6.9329029E-001
          5805.55     -7.0158199E-001
          5816.84     -7.0986741E-001
          5828.12     -7.1814313E-001
          5839.41     -7.2640557E-001
          5850.70     -7.3465101E-001
          5861.99     -7.4287564E-001
          5873.28     -7.5107547E-001
          5884.57     -7.5924639E-001
          5895.86     -7.6738417E-001
          5907.15     -7.7548440E-001
          5918.44     -7.8354248E-001
          5929.73     -7.9155362E-001
          5941.02     -7.9951291E-001
          5952.30     -8.0741530E-001
          5963.59     -8.1525562E-001
          5974.88     -8.2302854E-001
          5986.17     -8.3072861E-001
          5997.46     -8.3835021E-001
          6008.75     -8.4588761E-001
          6020.04     -8.5333496E-001
          6031.33     -8.6068635E-001
          6042.62     -8.6793576E-001
          6053.91     -8.7507703E-001
          6065.20     -8.8210379E-001
          6076.48     -8.8900955E-001
          6087.77     -8.9578762E-001
          6099.06     -9.0243115E-001
          6110.35     -9.0893308E-001
          6121.64     -9.1528608E-001
          6132.93     -9.2148259E-001
          6144.22     -9.2751478E-001
          6155.51     -9.3337467E-001
          6166.80     -9.3905414E-001
          6178.09     -9.4454489E-001
          6189.38     -9.4983845E-001
          6200.66     -9.5492611E-001
          6211.95     -9.5979885E-001
          6223.24     -9.6444737E-001
          6234.53     -9.6886207E-001
          6245.82     -9.7303304E-001
          6257.11     -9.7695008E-001
          6268.40     -9.8060265E-001
          6279.69     -9.8397990E-001
          6290.98     -9.8707065E-001
          6302.27     -9.8986340E-001
          6313.55     -9.9234627E-001
          6324.84     -9.9450706E-001
          6336.13     -9.9633320E-001
          6347.42     -9.9781174E-001
          6358.71     -9.9892938E-001
          6370.00     -9.9967245E-001
