          3480.00     -6.6678708E-033
          3491.29     -1.3137411E-003
          3502.58     -2.6307462E-003
          3513.87     -3.9514978E-003
          3525.16     -5.2764704E-003
          3536.45     -6.6061374E-003
          3547.73     -7.9409678E-003
          3559.02     -9.2814231E-003
          3570.31     -1.0627964E-002
          3581.60     -1.1981048E-002
          3592.89     -1.3341125E-002
          3604.18     -1.4708644E-002
          3615.47     -1.6084034E-002
          3626.76     -1.7467722E-002
          3638.05     -1.8860130E-002
          3649.34     -2.0261673E-002
          3660.62     -2.1672771E-002
          3671.91     -2.3093837E-002
          3683.20     -2.4525282E-002
          3694.49     -2.5967518E-002
          3705.78     -2.7420950E-002
          3717.07     -2.8885983E-002
          3728.36     -3.0363024E-002
          3739.65     -3.1852470E-002
          3750.94     -3.3354723E-002
          3762.23     -3.4870181E-002
          3773.52     -3.6399241E-002
          3784.80     -3.7942298E-002
          3796.09     -3.9499743E-002
          3807.38     -4.1071971E-002
          3818.67     -4.2659376E-002
          3829.96     -4.4262348E-002
          3841.25     -4.5881279E-002
          3852.54     -4.7516557E-002
          3863.83     -4.9168571E-002
          3875.12     -5.0837707E-002
          3886.41     -5.2524350E-002
          3897.70     -5.4228884E-002
          3908.98     -5.5951694E-002
          3920.27     -5.7693158E-002
          3931.56     -5.9453659E-002
          3942.85     -6.1233576E-002
          3954.14     -6.3033288E-002
          3965.43     -6.4853177E-002
          3976.72     -6.6693619E-002
          3988.01     -6.8554994E-002
          3999.30     -7.0437679E-002
          4010.59     -7.2342048E-002
          4021.88     -7.4268477E-002
          4033.16     -7.6217339E-002
          4044.45     -7.8189007E-002
          4055.74     -8.0183853E-002
          4067.03     -8.2202244E-002
          4078.32     -8.4244551E-002
          4089.61     -8.6311142E-002
          4100.90     -8.8402381E-002
          4112.19     -9.0518634E-002
          4123.48     -9.2660266E-002
          4134.77     -9.4827639E-002
          4146.05     -9.7021116E-002
          4157.34     -9.9241052E-002
          4168.63     -1.0148781E-001
          4179.92     -1.0376174E-001
          4191.21     -1.0606321E-001
          4202.50     -1.0839256E-001
          4213.79     -1.1075014E-001
          4225.08     -1.1313632E-001
          4236.37     -1.1555143E-001
          4247.66     -1.1799582E-001
          4258.95     -1.2046983E-001
          4270.23     -1.2297382E-001
          4281.52     -1.2550811E-001
          4292.81     -1.2807304E-001
          4304.10     -1.3066896E-001
          4315.39     -1.3329618E-001
          4326.68     -1.3595506E-001
          4337.97     -1.3864590E-001
          4349.26     -1.4136904E-001
          4360.55     -1.4412480E-001
          4371.84     -1.4691350E-001
          4383.12     -1.4973546E-001
          4394.41     -1.5259100E-001
          4405.70     -1.5548043E-001
          4416.99     -1.5840405E-001
          4428.28     -1.6136216E-001
          4439.57     -1.6435506E-001
          4450.86     -1.6738306E-001
          4462.15     -1.7044644E-001
          4473.44     -1.7354549E-001
          4484.73     -1.7668050E-001
          4496.02     -1.7985173E-001
          4507.30     -1.8305949E-001
          4518.59     -1.8630401E-001
          4529.88     -1.8958559E-001
          4541.17     -1.9290448E-001
          4552.46     -1.9626093E-001
          4563.75     -1.9965520E-001
          4575.04     -2.0308753E-001
          4586.33     -2.0655816E-001
          4597.62     -2.1006735E-001
          4608.91     -2.1361529E-001
          4620.20     -2.1720223E-001
          4631.48     -2.2082839E-001
          4642.77     -2.2449396E-001
          4654.06     -2.2819917E-001
          4665.35     -2.3194419E-001
          4676.64     -2.3572923E-001
          4687.93     -2.3955448E-001
          4699.22     -2.4342009E-001
          4710.51     -2.4732625E-001
          4721.80     -2.5127312E-001
          4733.09     -2.5526084E-001
          4744.38     -2.5928956E-001
          4755.66     -2.6335942E-001
          4766.95     -2.6747054E-001
          4778.24     -2.7162304E-001
          4789.53     -2.7581704E-001
          4800.82     -2.8005262E-001
          4812.11     -2.8432989E-001
          4823.40     -2.8864891E-001
          4834.69     -2.9300976E-001
          4845.98     -2.9741250E-001
          4857.27     -3.0185717E-001
          4868.55     -3.0634382E-001
          4879.84     -3.1087245E-001
          4891.13     -3.1544310E-001
          4902.42     -3.2005575E-001
          4913.71     -3.2471040E-001
          4925.00     -3.2940702E-001
          4936.29     -3.3414558E-001
          4947.58     -3.3892603E-001
          4958.87     -3.4374831E-001
          4970.16     -3.4861232E-001
          4981.45     -3.5351799E-001
          4992.73     -3.5846522E-001
          5004.02     -3.6345387E-001
          5015.31     -3.6848381E-001
          5026.60     -3.7355488E-001
          5037.89     -3.7866693E-001
          5049.18     -3.8381977E-001
          5060.47     -3.8901319E-001
          5071.76     -3.9424697E-001
          5083.05     -3.9952089E-001
          5094.34     -4.0483469E-001
          5105.62     -4.1018809E-001
          5116.91     -4.1558081E-001
          5128.20     -4.2101254E-001
          5139.49     -4.2648295E-001
          5150.78     -4.3199170E-001
          5162.07     -4.3753840E-001
          5173.36     -4.4312270E-001
          5184.65     -4.4874415E-001
          5195.94     -4.5440234E-001
          5207.23     -4.6009680E-001
          5218.52     -4.6582708E-001
          5229.80     -4.7159267E-001
          5241.09     -4.7739304E-001
          5252.38     -4.8322765E-001
          5263.67     -4.8909595E-001
          5274.96     -4.9499731E-001
          5286.25     -5.0093114E-001
          5297.54     -5.0689679E-001
          5308.83     -5.1289359E-001
          5320.12     -5.1892084E-001
          5331.41     -5.2497782E-001
          5342.70     -5.3106376E-001
          5353.98     -5.3717791E-001
          5365.27     -5.4331944E-001
          5376.56     -5.4948751E-001
          5387.85     -5.5568127E-001
          5399.14     -5.6189981E-001
          5410.43     -5.6814221E-001
          5421.72     -5.7440751E-001
          5433.01     -5.8069471E-001
          5444.30     -5.8700280E-001
          5455.59     -5.9333070E-001
          5466.88     -5.9967734E-001
          5478.16     -6.0604159E-001
          5489.45     -6.1242228E-001
          5500.74     -6.1881822E-001
          5512.03     -6.2522817E-001
          5523.32     -6.3165087E-001
          5534.61     -6.3808502E-001
          5545.90     -6.4452927E-001
          5557.19     -6.5098223E-001
          5568.48     -6.5744249E-001
          5579.77     -6.6390857E-001
          5591.05     -6.7037894E-001
          5602.34     -6.7685201E-001
          5613.63     -6.8332617E-001
          5624.92     -6.8979977E-001
          5636.21     -6.9627110E-001
          5647.50     -7.0273845E-001
          5658.79     -7.0920004E-001
          5670.08     -7.1565406E-001
          5681.37     -7.2209853E-001
          5692.66     -7.2853133E-001
          5703.95     -7.3495033E-001
          5715.23     -7.4135337E-001
          5726.52     -7.4773829E-001
          5737.81     -7.5410290E-001
          5749.10     -7.6044502E-001
          5760.39     -7.6676244E-001
          5771.68     -7.7305294E-001
          5782.97     -7.7931429E-001
          5794.26     -7.8554436E-001
          5805.55     -7.9174110E-001
          5816.84     -7.9790238E-001
          5828.12     -8.0402607E-001
          5839.41     -8.1010997E-001
          5850.70     -8.1615182E-001
          5861.99     -8.2214936E-001
          5873.28     -8.2810021E-001
          5884.57     -8.3400201E-001
          5895.86     -8.3985231E-001
          5907.15     -8.4564863E-001
          5918.44     -8.5138839E-001
          5929.73     -8.5706895E-001
          5941.02     -8.6268763E-001
          5952.30     -8.6824170E-001
          5963.59     -8.7372841E-001
          5974.88     -8.7914496E-001
          5986.17     -8.8448852E-001
          5997.46     -8.8975617E-001
          6008.75     -8.9494503E-001
          6020.04     -9.0005348E-001
          6031.33     -9.0507592E-001
          6042.62     -9.1001072E-001
          6053.91     -9.1485489E-001
          6065.20     -9.1960536E-001
          6076.48     -9.2425906E-001
          6087.77     -9.2881284E-001
          6099.06     -9.3326351E-001
          6110.35     -9.3760782E-001
          6121.64     -9.4184243E-001
          6132.93     -9.4596393E-001
          6144.22     -9.4996881E-001
          6155.51     -9.5385356E-001
          6166.80     -9.5761461E-001
          6178.09     -9.6124836E-001
          6189.38     -9.6475118E-001
          6200.66     -9.6811934E-001
          6211.95     -9.7134904E-001
          6223.24     -9.7443638E-001
          6234.53     -9.7737736E-001
          6245.82     -9.8016790E-001
          6257.11     -9.8280385E-001
          6268.40     -9.8528091E-001
          6279.69     -9.8759474E-001
          6290.98     -9.8974087E-001
          6302.27     -9.9171474E-001
          6313.55     -9.9351169E-001
          6324.84     -9.9512697E-001
          6336.13     -9.9655570E-001
          6347.42     -9.9779293E-001
          6358.71     -9.9883357E-001
          6370.00     -9.9967245E-001
