          3480.00     -6.8457544E-027
          3491.29     -9.8767813E-008
          3502.58     -1.9848317E-007
          3513.87     -2.9982910E-007
          3525.16     -4.0349242E-007
          3536.45     -5.1016874E-007
          3547.73     -6.2056677E-007
          3559.02     -7.3541249E-007
          3570.31     -8.5545419E-007
          3581.60     -9.8146664E-007
          3592.89     -1.1142558E-006
          3604.18     -1.2546632E-006
          3615.47     -1.4035699E-006
          3626.76     -1.5619018E-006
          3638.05     -1.7306357E-006
          3649.34     -1.9108039E-006
          3660.62     -2.1035003E-006
          3671.91     -2.3098857E-006
          3683.20     -2.5311942E-006
          3694.49     -2.7687394E-006
          3705.78     -3.0239204E-006
          3717.07     -3.2982300E-006
          3728.36     -3.5932614E-006
          3739.65     -3.9107153E-006
          3750.94     -4.2524099E-006
          3762.23     -4.6202882E-006
          3773.52     -5.0164279E-006
          3784.80     -5.4430514E-006
          3796.09     -5.9025346E-006
          3807.38     -6.3974211E-006
          3818.67     -6.9304324E-006
          3829.96     -7.5044790E-006
          3841.25     -8.1226756E-006
          3852.54     -8.7883543E-006
          3863.83     -9.5050789E-006
          3875.12     -1.0276662E-005
          3886.41     -1.1107180E-005
          3897.70     -1.2000993E-005
          3908.98     -1.2962761E-005
          3920.27     -1.3997468E-005
          3931.56     -1.5110438E-005
          3942.85     -1.6307363E-005
          3954.14     -1.7594324E-005
          3965.43     -1.8977822E-005
          3976.72     -2.0464792E-005
          3988.01     -2.2062647E-005
          3999.30     -2.3779301E-005
          4010.59     -2.5623195E-005
          4021.88     -2.7603343E-005
          4033.16     -2.9729361E-005
          4044.45     -3.2011506E-005
          4055.74     -3.4460720E-005
          4067.03     -3.7088662E-005
          4078.32     -3.9907771E-005
          4089.61     -4.2931301E-005
          4100.90     -4.6173370E-005
          4112.19     -4.9649026E-005
          4123.48     -5.3374294E-005
          4134.77     -5.7366241E-005
          4146.05     -6.1643038E-005
          4157.34     -6.6224018E-005
          4168.63     -7.1129765E-005
          4179.92     -7.6382181E-005
          4191.21     -8.2004551E-005
          4202.50     -8.8021651E-005
          4213.79     -9.4459821E-005
          4225.08     -1.0134706E-004
          4236.37     -1.0871313E-004
          4247.66     -1.1658965E-004
          4258.95     -1.2501021E-004
          4270.23     -1.3401049E-004
          4281.52     -1.4362836E-004
          4292.81     -1.5390405E-004
          4304.10     -1.6488026E-004
          4315.39     -1.7660227E-004
          4326.68     -1.8911818E-004
          4337.97     -2.0247893E-004
          4349.26     -2.1673860E-004
          4360.55     -2.3195454E-004
          4371.84     -2.4818750E-004
          4383.12     -2.6550191E-004
          4394.41     -2.8396601E-004
          4405.70     -3.0365208E-004
          4416.99     -3.2463668E-004
          4428.28     -3.4700085E-004
          4439.57     -3.7083040E-004
          4450.86     -3.9621618E-004
          4462.15     -4.2325425E-004
          4473.44     -4.5204632E-004
          4484.73     -4.8269992E-004
          4496.02     -5.1532878E-004
          4507.30     -5.5005318E-004
          4518.59     -5.8700014E-004
          4529.88     -6.2630399E-004
          4541.17     -6.6810669E-004
          4552.46     -7.1255804E-004
          4563.75     -7.5981640E-004
          4575.04     -8.1004891E-004
          4586.33     -8.6343200E-004
          4597.62     -9.2015194E-004
          4608.91     -9.8040510E-004
          4620.20     -1.0443988E-003
          4631.48     -1.1123517E-003
          4642.77     -1.1844941E-003
          4654.06     -1.2610690E-003
          4665.35     -1.3423326E-003
          4676.64     -1.4285547E-003
          4687.93     -1.5200195E-003
          4699.22     -1.6170263E-003
          4710.51     -1.7198904E-003
          4721.80     -1.8289438E-003
          4733.09     -1.9445353E-003
          4744.38     -2.0670328E-003
          4755.66     -2.1968226E-003
          4766.95     -2.3343114E-003
          4778.24     -2.4799269E-003
          4789.53     -2.6341181E-003
          4800.82     -2.7973575E-003
          4812.11     -2.9701414E-003
          4823.40     -3.1529909E-003
          4834.69     -3.3464534E-003
          4845.98     -3.5511038E-003
          4857.27     -3.7675452E-003
          4868.55     -3.9964110E-003
          4879.84     -4.2383649E-003
          4891.13     -4.4941035E-003
          4902.42     -4.7643576E-003
          4913.71     -5.0498923E-003
          4925.00     -5.3515104E-003
          4936.29     -5.6700525E-003
          4947.58     -6.0063994E-003
          4958.87     -6.3614736E-003
          4970.16     -6.7362399E-003
          4981.45     -7.1317091E-003
          4992.73     -7.5489387E-003
          5004.02     -7.9890338E-003
          5015.31     -8.4531509E-003
          5026.60     -8.9424988E-003
          5037.89     -9.4583407E-003
          5049.18     -1.0001997E-002
          5060.47     -1.0574844E-002
          5071.76     -1.1178323E-002
          5083.05     -1.1813937E-002
          5094.34     -1.2483251E-002
          5105.62     -1.3187901E-002
          5116.91     -1.3929593E-002
          5128.20     -1.4710104E-002
          5139.49     -1.5531287E-002
          5150.78     -1.6395070E-002
          5162.07     -1.7303464E-002
          5173.36     -1.8258560E-002
          5184.65     -1.9262534E-002
          5195.94     -2.0317649E-002
          5207.23     -2.1426261E-002
          5218.52     -2.2590816E-002
          5229.80     -2.3813857E-002
          5241.09     -2.5098024E-002
          5252.38     -2.6446057E-002
          5263.67     -2.7860804E-002
          5274.96     -2.9345212E-002
          5286.25     -3.0902342E-002
          5297.54     -3.2535363E-002
          5308.83     -3.4247559E-002
          5320.12     -3.6042331E-002
          5331.41     -3.7923193E-002
          5342.70     -3.9893785E-002
          5353.98     -4.1957870E-002
          5365.27     -4.4119329E-002
          5376.56     -4.6382177E-002
          5387.85     -4.8750554E-002
          5399.14     -5.1228729E-002
          5410.43     -5.3821107E-002
          5421.72     -5.6532214E-002
          5433.01     -5.9366721E-002
          5444.30     -6.2329428E-002
          5455.59     -6.5425262E-002
          5466.88     -6.8659292E-002
          5478.16     -7.2036713E-002
          5489.45     -7.5562856E-002
          5500.74     -7.9243184E-002
          5512.03     -8.3083279E-002
          5523.32     -8.7088860E-002
          5534.61     -9.1265766E-002
          5545.90     -9.5619947E-002
          5557.19     -1.0015748E-001
          5568.48     -1.0488454E-001
          5579.77     -1.0980739E-001
          5591.05     -1.1493238E-001
          5602.34     -1.2026593E-001
          5613.63     -1.2581455E-001
          5624.92     -1.3158485E-001
          5636.21     -1.3758347E-001
          5647.50     -1.4381712E-001
          5658.79     -1.5029254E-001
          5670.08     -1.5701651E-001
          5681.37     -1.6399562E-001
          5692.66     -1.7123629E-001
          5703.95     -1.7874501E-001
          5715.23     -1.8652825E-001
          5726.52     -1.9459250E-001
          5737.81     -2.0294424E-001
          5749.10     -2.1158992E-001
          5760.39     -2.2053591E-001
          5771.68     -2.2978853E-001
          5782.97     -2.3935398E-001
          5794.26     -2.4923862E-001
          5805.55     -2.5944879E-001
          5816.84     -2.6999051E-001
          5828.12     -2.8086947E-001
          5839.41     -2.9209093E-001
          5850.70     -3.0365971E-001
          5861.99     -3.1558012E-001
          5873.28     -3.2785589E-001
          5884.57     -3.4049015E-001
          5895.86     -3.5348534E-001
          5907.15     -3.6684311E-001
          5918.44     -3.8056417E-001
          5929.73     -3.9464822E-001
          5941.02     -4.0909404E-001
          5952.30     -4.2389943E-001
          5963.59     -4.3906108E-001
          5974.88     -4.5457449E-001
          5986.17     -4.7043380E-001
          5997.46     -4.8663175E-001
          6008.75     -5.0315962E-001
          6020.04     -5.2000713E-001
          6031.33     -5.3716247E-001
          6042.62     -5.5461211E-001
          6053.91     -5.7234027E-001
          6065.20     -5.9032884E-001
          6076.48     -6.0855724E-001
          6087.77     -6.2700217E-001
          6099.06     -6.4563737E-001
          6110.35     -6.6443324E-001
          6121.64     -6.8335658E-001
          6132.93     -7.0237015E-001
          6144.22     -7.2143260E-001
          6155.51     -7.4049879E-001
          6166.80     -7.5951939E-001
          6178.09     -7.7844060E-001
          6189.38     -7.9720371E-001
          6200.66     -8.1574425E-001
          6211.95     -8.3399137E-001
          6223.24     -8.5186748E-001
          6234.53     -8.6928770E-001
          6245.82     -8.8615948E-001
          6257.11     -9.0238209E-001
          6268.40     -9.1784600E-001
          6279.69     -9.3243240E-001
          6290.98     -9.4601256E-001
          6302.27     -9.5844711E-001
          6313.55     -9.6958537E-001
          6324.84     -9.7926463E-001
          6336.13     -9.8730939E-001
          6347.42     -9.9353055E-001
          6358.71     -9.9772452E-001
          6370.00     -9.9967245E-001
