          3480.00      0.0000000E+000
          3491.29      1.1297444E+004
          3502.58      2.2625050E+004
          3513.87      3.3981684E+004
          3525.16      4.5366187E+004
          3536.45      5.6777437E+004
          3547.73      6.8214315E+004
          3559.02      7.9675677E+004
          3570.31      9.1160414E+004
          3581.60      1.0266741E+005
          3592.89      1.1419555E+005
          3604.18      1.2574369E+005
          3615.47      1.3731060E+005
          3626.76      1.4889498E+005
          3638.05      1.6049559E+005
          3649.34      1.7211111E+005
          3660.62      1.8374030E+005
          3671.91      1.9538188E+005
          3683.20      2.0703459E+005
          3694.49      2.1869719E+005
          3705.78      2.3036839E+005
          3717.07      2.4204695E+005
          3728.36      2.5373163E+005
          3739.65      2.6542116E+005
          3750.94      2.7711429E+005
          3762.23      2.8880979E+005
          3773.52      3.0050640E+005
          3784.80      3.1220290E+005
          3796.09      3.2389801E+005
          3807.38      3.3559051E+005
          3818.67      3.4727921E+005
          3829.96      3.5896285E+005
          3841.25      3.7064024E+005
          3852.54      3.8231014E+005
          3863.83      3.9397134E+005
          3875.12      4.0562262E+005
          3886.41      4.1726273E+005
          3897.70      4.2889047E+005
          3908.98      4.4050461E+005
          3920.27      4.5210389E+005
          3931.56      4.6368709E+005
          3942.85      4.7525299E+005
          3954.14      4.8680033E+005
          3965.43      4.9832792E+005
          3976.72      5.0983451E+005
          3988.01      5.2131887E+005
          3999.30      5.3277979E+005
          4010.59      5.4421601E+005
          4021.88      5.5562629E+005
          4033.16      5.6700940E+005
          4044.45      5.7836407E+005
          4055.74      5.8968907E+005
          4067.03      6.0098311E+005
          4078.32      6.1224494E+005
          4089.61      6.2347330E+005
          4100.90      6.3466690E+005
          4112.19      6.4582445E+005
          4123.48      6.5694468E+005
          4134.77      6.6802630E+005
          4146.05      6.7906802E+005
          4157.34      6.9006852E+005
          4168.63      7.0102650E+005
          4179.92      7.1194065E+005
          4191.21      7.2280963E+005
          4202.50      7.3363213E+005
          4213.79      7.4440682E+005
          4225.08      7.5513236E+005
          4236.37      7.6580741E+005
          4247.66      7.7643060E+005
          4258.95      7.8700058E+005
          4270.23      7.9751599E+005
          4281.52      8.0797545E+005
          4292.81      8.1837758E+005
          4304.10      8.2872099E+005
          4315.39      8.3900430E+005
          4326.68      8.4922612E+005
          4337.97      8.5938502E+005
          4349.26      8.6947959E+005
          4360.55      8.7950842E+005
          4371.84      8.8947009E+005
          4383.12      8.9936317E+005
          4394.41      9.0918622E+005
          4405.70      9.1893780E+005
          4416.99      9.2861645E+005
          4428.28      9.3822069E+005
          4439.57      9.4774906E+005
          4450.86      9.5720008E+005
          4462.15      9.6657226E+005
          4473.44      9.7586410E+005
          4484.73      9.8507411E+005
          4496.02      9.9420077E+005
          4507.30      1.0032426E+006
          4518.59      1.0121980E+006
          4529.88      1.0210655E+006
          4541.17      1.0298436E+006
          4552.46      1.0385307E+006
          4563.75      1.0471252E+006
          4575.04      1.0556257E+006
          4586.33      1.0640304E+006
          4597.62      1.0723380E+006
          4608.91      1.0805467E+006
          4620.20      1.0886550E+006
          4631.48      1.0966613E+006
          4642.77      1.1045640E+006
          4654.06      1.1123615E+006
          4665.35      1.1200521E+006
          4676.64      1.1276343E+006
          4687.93      1.1351065E+006
          4699.22      1.1424668E+006
          4710.51      1.1497138E+006
          4721.80      1.1568458E+006
          4733.09      1.1638610E+006
          4744.38      1.1707579E+006
          4755.66      1.1775347E+006
          4766.95      1.1841899E+006
          4778.24      1.1907215E+006
          4789.53      1.1971281E+006
          4800.82      1.2034078E+006
          4812.11      1.2095590E+006
          4823.40      1.2155798E+006
          4834.69      1.2214687E+006
          4845.98      1.2272239E+006
          4857.27      1.2328435E+006
          4868.55      1.2383259E+006
          4879.84      1.2436693E+006
          4891.13      1.2488719E+006
          4902.42      1.2539320E+006
          4913.71      1.2588477E+006
          4925.00      1.2636173E+006
          4936.29      1.2682390E+006
          4947.58      1.2727110E+006
          4958.87      1.2770314E+006
          4970.16      1.2811985E+006
          4981.45      1.2852103E+006
          4992.73      1.2890652E+006
          5004.02      1.2927612E+006
          5015.31      1.2962965E+006
          5026.60      1.2996692E+006
          5037.89      1.3028775E+006
          5049.18      1.3059195E+006
          5060.47      1.3087933E+006
          5071.76      1.3114971E+006
          5083.05      1.3140290E+006
          5094.34      1.3163870E+006
          5105.62      1.3185692E+006
          5116.91      1.3205739E+006
          5128.20      1.3223989E+006
          5139.49      1.3240425E+006
          5150.78      1.3255026E+006
          5162.07      1.3267774E+006
          5173.36      1.3278649E+006
          5184.65      1.3287631E+006
          5195.94      1.3294701E+006
          5207.23      1.3299840E+006
          5218.52      1.3303028E+006
          5229.80      1.3304244E+006
          5241.09      1.3303470E+006
          5252.38      1.3300685E+006
          5263.67      1.3295869E+006
          5274.96      1.3289003E+006
          5286.25      1.3280066E+006
          5297.54      1.3269038E+006
          5308.83      1.3255899E+006
          5320.12      1.3240629E+006
          5331.41      1.3223208E+006
          5342.70      1.3203615E+006
          5353.98      1.3181830E+006
          5365.27      1.3157833E+006
          5376.56      1.3131602E+006
          5387.85      1.3103118E+006
          5399.14      1.3072360E+006
          5410.43      1.3039306E+006
          5421.72      1.3003937E+006
          5433.01      1.2966232E+006
          5444.30      1.2926170E+006
          5455.59      1.2883729E+006
          5466.88      1.2838890E+006
          5478.16      1.2791630E+006
          5489.45      1.2741930E+006
          5500.74      1.2689768E+006
          5512.03      1.2635123E+006
          5523.32      1.2577975E+006
          5534.61      1.2518300E+006
          5545.90      1.2456080E+006
          5557.19      1.2391292E+006
          5568.48      1.2323915E+006
          5579.77      1.2253928E+006
          5591.05      1.2181310E+006
          5602.34      1.2106043E+006
          5613.63      1.2028105E+006
          5624.92      1.1947476E+006
          5636.21      1.1864136E+006
          5647.50      1.1778066E+006
          5658.79      1.1689244E+006
          5670.08      1.1597651E+006
          5681.37      1.1503272E+006
          5692.66      1.1406093E+006
          5703.95      1.1306105E+006
          5715.23      1.1203295E+006
          5726.52      1.1097654E+006
          5737.81      1.0989172E+006
          5749.10      1.0877840E+006
          5760.39      1.0763649E+006
          5771.68      1.0646590E+006
          5782.97      1.0526657E+006
          5794.26      1.0403836E+006
          5805.55      1.0278112E+006
          5816.84      1.0149469E+006
          5828.12      1.0017892E+006
          5839.41      9.8833649E+005
          5850.70      9.7458716E+005
          5861.99      9.6053967E+005
          5873.28      9.4619249E+005
          5884.57      9.3154408E+005
          5895.86      9.1659288E+005
          5907.15      9.0133739E+005
          5918.44      8.8577629E+005
          5929.73      8.6990845E+005
          5941.02      8.5373280E+005
          5952.30      8.3724826E+005
          5963.59      8.2045384E+005
          5974.88      8.0334855E+005
          5986.17      7.8593153E+005
          5997.46      7.6820205E+005
          6008.75      7.5015938E+005
          6020.04      7.3180282E+005
          6031.33      7.1313143E+005
          6042.62      6.9414402E+005
          6053.91      6.7483943E+005
          6065.20      6.5521648E+005
          6076.48      6.3527391E+005
          6087.77      6.1501034E+005
          6099.06      5.9442427E+005
          6110.35      5.7351421E+005
          6121.64      5.5227874E+005
          6132.93      5.3071678E+005
          6144.22      5.0882765E+005
          6155.51      4.8661054E+005
          6166.80      4.6406448E+005
          6178.09      4.4118826E+005
          6189.38      4.1798020E+005
          6200.66      3.9443847E+005
          6211.95      3.7056126E+005
          6223.24      3.4634670E+005
          6234.53      3.2179301E+005
          6245.82      2.9689830E+005
          6257.11      2.7166068E+005
          6268.40      2.4607833E+005
          6279.69      2.2014932E+005
          6290.98      1.9387167E+005
          6302.27      1.6724343E+005
          6313.55      1.4026258E+005
          6324.84      1.1292721E+005
          6336.13      8.5235256E+004
          6347.42      5.7184699E+004
          6358.71      2.8773600E+004
          6370.00      1.0881657E-028
