          3480.00      2.6993985E-021
          3491.29      3.2395504E-001
          3502.58      6.5070993E-001
          3513.87      9.8214895E-001
          3525.16      1.3201630E+000
          3536.45      1.6666618E+000
          3547.73      2.0235836E+000
          3559.02      2.3929042E+000
          3570.31      2.7766496E+000
          3581.60      3.1769044E+000
          3592.89      3.5958228E+000
          3604.18      4.0356385E+000
          3615.47      4.4986715E+000
          3626.76      4.9873425E+000
          3638.05      5.5041847E+000
          3649.34      6.0518538E+000
          3660.62      6.6331424E+000
          3671.91      7.2509901E+000
          3683.20      7.9084971E+000
          3694.49      8.6089376E+000
          3705.78      9.3557709E+000
          3717.07      1.0152660E+001
          3728.36      1.1003483E+001
          3739.65      1.1912349E+001
          3750.94      1.2883618E+001
          3762.23      1.3921913E+001
          3773.52      1.5032142E+001
          3784.80      1.6219517E+001
          3796.09      1.7489568E+001
          3807.38      1.8848174E+001
          3818.67      2.0301582E+001
          3829.96      2.1856421E+001
          3841.25      2.3519742E+001
          3852.54      2.5299031E+001
          3863.83      2.7202242E+001
          3875.12      2.9237825E+001
          3886.41      3.1414751E+001
          3897.70      3.3742554E+001
          3908.98      3.6231359E+001
          3920.27      3.8891910E+001
          3931.56      4.1735622E+001
          3942.85      4.4774608E+001
          3954.14      4.8021728E+001
          3965.43      5.1490637E+001
          3976.72      5.5195813E+001
          3988.01      5.9152622E+001
          3999.30      6.3377368E+001
          4010.59      6.7887323E+001
          4021.88      7.2700815E+001
          4033.16      7.7837267E+001
          4044.45      8.3317265E+001
          4055.74      8.9162625E+001
          4067.03      9.5396446E+001
          4078.32      1.0204321E+002
          4089.61      1.0912884E+002
          4100.90      1.1668076E+002
          4112.19      1.2472803E+002
          4123.48      1.3330139E+002
          4134.77      1.4243336E+002
          4146.05      1.5215836E+002
          4157.34      1.6251277E+002
          4168.63      1.7353505E+002
          4179.92      1.8526591E+002
          4191.21      1.9774832E+002
          4202.50      2.1102770E+002
          4213.79      2.2515207E+002
          4225.08      2.4017210E+002
          4236.37      2.5614136E+002
          4247.66      2.7311632E+002
          4258.95      2.9115666E+002
          4270.23      3.1032535E+002
          4281.52      3.3068877E+002
          4292.81      3.5231701E+002
          4304.10      3.7528395E+002
          4315.39      3.9966751E+002
          4326.68      4.2554982E+002
          4337.97      4.5301740E+002
          4349.26      4.8216146E+002
          4360.55      5.1307810E+002
          4371.84      5.4586848E+002
          4383.12      5.8063921E+002
          4394.41      6.1750244E+002
          4405.70      6.5657618E+002
          4416.99      6.9798467E+002
          4428.28      7.4185848E+002
          4439.57      7.8833503E+002
          4450.86      8.3755887E+002
          4462.15      8.8968179E+002
          4473.44      9.4486347E+002
          4484.73      1.0032716E+003
          4496.02      1.0650825E+003
          4507.30      1.1304813E+003
          4518.59      1.1996621E+003
          4529.88      1.2728290E+003
          4541.17      1.3501962E+003
          4552.46      1.4319882E+003
          4563.75      1.5184408E+003
          4575.04      1.6098011E+003
          4586.33      1.7063282E+003
          4597.62      1.8082940E+003
          4608.91      1.9159828E+003
          4620.20      2.0296930E+003
          4631.48      2.1497372E+003
          4642.77      2.2764422E+003
          4654.06      2.4101507E+003
          4665.35      2.5512210E+003
          4676.64      2.7000283E+003
          4687.93      2.8569651E+003
          4699.22      3.0224413E+003
          4710.51      3.1968862E+003
          4721.80      3.3807481E+003
          4733.09      3.5744955E+003
          4744.38      3.7786178E+003
          4755.66      3.9936262E+003
          4766.95      4.2200545E+003
          4778.24      4.4584598E+003
          4789.53      4.7094230E+003
          4800.82      4.9735506E+003
          4812.11      5.2514752E+003
          4823.40      5.5438554E+003
          4834.69      5.8513784E+003
          4845.98      6.1747599E+003
          4857.27      6.5147454E+003
          4868.55      6.8721112E+003
          4879.84      7.2476645E+003
          4891.13      7.6422462E+003
          4902.42      8.0567309E+003
          4913.71      8.4920269E+003
          4925.00      8.9490795E+003
          4936.29      9.4288706E+003
          4947.58      9.9324199E+003
          4958.87      1.0460787E+004
          4970.16      1.1015070E+004
          4981.45      1.1596409E+004
          4992.73      1.2205987E+004
          5004.02      1.2845030E+004
          5015.31      1.3514807E+004
          5026.60      1.4216635E+004
          5037.89      1.4951875E+004
          5049.18      1.5721938E+004
          5060.47      1.6528281E+004
          5071.76      1.7372411E+004
          5083.05      1.8255888E+004
          5094.34      1.9180320E+004
          5105.62      2.0147368E+004
          5116.91      2.1158747E+004
          5128.20      2.2216225E+004
          5139.49      2.3321625E+004
          5150.78      2.4476823E+004
          5162.07      2.5683751E+004
          5173.36      2.6944398E+004
          5184.65      2.8260805E+004
          5195.94      2.9635075E+004
          5207.23      3.1069362E+004
          5218.52      3.2565880E+004
          5229.80      3.4126897E+004
          5241.09      3.5754735E+004
          5252.38      3.7451772E+004
          5263.67      3.9220442E+004
          5274.96      4.1063227E+004
          5286.25      4.2982665E+004
          5297.54      4.4981342E+004
          5308.83      4.7061892E+004
          5320.12      4.9226996E+004
          5331.41      5.1479374E+004
          5342.70      5.3821791E+004
          5353.98      5.6257052E+004
          5365.27      5.8787985E+004
          5376.56      6.1417460E+004
          5387.85      6.4148364E+004
          5399.14      6.6983609E+004
          5410.43      6.9926120E+004
          5421.72      7.2978824E+004
          5433.01      7.6144657E+004
          5444.30      7.9426550E+004
          5455.59      8.2827408E+004
          5466.88      8.6350123E+004
          5478.16      8.9997547E+004
          5489.45      9.3772494E+004
          5500.74      9.7677720E+004
          5512.03      1.0171591E+005
          5523.32      1.0588967E+005
          5534.61      1.1020151E+005
          5545.90      1.1465382E+005
          5557.19      1.1924888E+005
          5568.48      1.2398880E+005
          5579.77      1.2887551E+005
          5591.05      1.3391074E+005
          5602.34      1.3909601E+005
          5613.63      1.4443261E+005
          5624.92      1.4992157E+005
          5636.21      1.5556365E+005
          5647.50      1.6135929E+005
          5658.79      1.6730860E+005
          5670.08      1.7341131E+005
          5681.37      1.7966658E+005
          5692.66      1.8607300E+005
          5703.95      1.9262879E+005
          5715.23      1.9933175E+005
          5726.52      2.0617921E+005
          5737.81      2.1316801E+005
          5749.10      2.2029447E+005
          5760.39      2.2755430E+005
          5771.68      2.3494263E+005
          5782.97      2.4245388E+005
          5794.26      2.5008197E+005
          5805.55      2.5782011E+005
          5816.84      2.6566046E+005
          5828.12      2.7359414E+005
          5839.41      2.8161107E+005
          5850.70      2.8969993E+005
          5861.99      2.9784808E+005
          5873.28      3.0604144E+005
          5884.57      3.1426440E+005
          5895.86      3.2249978E+005
          5907.15      3.3072860E+005
          5918.44      3.3893003E+005
          5929.73      3.4708122E+005
          5941.02      3.5515741E+005
          5952.30      3.6313172E+005
          5963.59      3.7097507E+005
          5974.88      3.7865600E+005
          5986.17      3.8614057E+005
          5997.46      3.9339221E+005
          6008.75      4.0037161E+005
          6020.04      4.0703659E+005
          6031.33      4.1334194E+005
          6042.62      4.1923915E+005
          6053.91      4.2467597E+005
          6065.20      4.2959622E+005
          6076.48      4.3393960E+005
          6087.77      4.3764131E+005
          6099.06      4.4063178E+005
          6110.35      4.4283628E+005
          6121.64      4.4417467E+005
          6132.93      4.4456111E+005
          6144.22      4.4390404E+005
          6155.51      4.4210602E+005
          6166.80      4.3906329E+005
          6178.09      4.3466528E+005
          6189.38      4.2879389E+005
          6200.66      4.2132283E+005
          6211.95      4.1211706E+005
          6223.24      4.0103235E+005
          6234.53      3.8791472E+005
          6245.82      3.7259993E+005
          6257.11      3.5491291E+005
          6268.40      3.3466722E+005
          6279.69      3.1166428E+005
          6290.98      2.8569277E+005
          6302.27      2.5652791E+005
          6313.55      2.2393065E+005
          6324.84      1.8764711E+005
          6336.13      1.4740748E+005
          6347.42      1.0292534E+005
          6358.71      5.3896912E+004
          6370.00      0.0000000E+000
