          3480.00     -1.2437980E-021
          3491.29      9.9362664E-001
          3502.58      1.9948954E+000
          3513.87      3.0086396E+000
          3525.16      4.0397000E+000
          3536.45      5.0929528E+000
          3547.73      6.1733288E+000
          3559.02      7.2858330E+000
          3570.31      8.4355712E+000
          3581.60      9.6277688E+000
          3592.89      1.0867793E+001
          3604.18      1.2161171E+001
          3615.47      1.3513606E+001
          3626.76      1.4931004E+001
          3638.05      1.6419503E+001
          3649.34      1.7985487E+001
          3660.62      1.9635624E+001
          3671.91      2.1376877E+001
          3683.20      2.3216536E+001
          3694.49      2.5162241E+001
          3705.78      2.7222007E+001
          3717.07      2.9404252E+001
          3728.36      3.1717832E+001
          3739.65      3.4172055E+001
          3750.94      3.6776727E+001
          3762.23      3.9542175E+001
          3773.52      4.2479282E+001
          3784.80      4.5599526E+001
          3796.09      4.8915002E+001
          3807.38      5.2438479E+001
          3818.67      5.6183436E+001
          3829.96      6.0164084E+001
          3841.25      6.4395432E+001
          3852.54      6.8893315E+001
          3863.83      7.3674449E+001
          3875.12      7.8756479E+001
          3886.41      8.4158015E+001
          3897.70      8.9898713E+001
          3908.98      9.5999315E+001
          3920.27      1.0248169E+002
          3931.56      1.0936895E+002
          3942.85      1.1668543E+002
          3954.14      1.2445685E+002
          3965.43      1.3271033E+002
          3976.72      1.4147446E+002
          3988.01      1.5077939E+002
          3999.30      1.6065694E+002
          4010.59      1.7114061E+002
          4021.88      1.8226572E+002
          4033.16      1.9406950E+002
          4044.45      2.0659116E+002
          4055.74      2.1987204E+002
          4067.03      2.3395561E+002
          4078.32      2.4888772E+002
          4089.61      2.6471660E+002
          4100.90      2.8149300E+002
          4112.19      2.9927037E+002
          4123.48      3.1810495E+002
          4134.77      3.3805587E+002
          4146.05      3.5918537E+002
          4157.34      3.8155883E+002
          4168.63      4.0524505E+002
          4179.92      4.3031635E+002
          4191.21      4.5684866E+002
          4202.50      4.8492185E+002
          4213.79      5.1461978E+002
          4225.08      5.4603052E+002
          4236.37      5.7924661E+002
          4247.66      6.1436509E+002
          4258.95      6.5148789E+002
          4270.23      6.9072202E+002
          4281.52      7.3217960E+002
          4292.81      7.7597838E+002
          4304.10      8.2224180E+002
          4315.39      8.7109928E+002
          4326.68      9.2268655E+002
          4337.97      9.7714572E+002
          4349.26      1.0346258E+003
          4360.55      1.0952830E+003
          4371.84      1.1592808E+003
          4383.12      1.2267904E+003
          4394.41      1.2979912E+003
          4405.70      1.3730706E+003
          4416.99      1.4522251E+003
          4428.28      1.5356598E+003
          4439.57      1.6235896E+003
          4450.86      1.7162393E+003
          4462.15      1.8138434E+003
          4473.44      1.9166476E+003
          4484.73      2.0249083E+003
          4496.02      2.1388937E+003
          4507.30      2.2588837E+003
          4518.59      2.3851705E+003
          4529.88      2.5180594E+003
          4541.17      2.6578691E+003
          4552.46      2.8049320E+003
          4563.75      2.9595948E+003
          4575.04      3.1222196E+003
          4586.33      3.2931835E+003
          4597.62      3.4728800E+003
          4608.91      3.6617189E+003
          4620.20      3.8601273E+003
          4631.48      4.0685505E+003
          4642.77      4.2874515E+003
          4654.06      4.5173131E+003
          4665.35      4.7586376E+003
          4676.64      5.0119475E+003
          4687.93      5.2777870E+003
          4699.22      5.5567211E+003
          4710.51      5.8493381E+003
          4721.80      6.1562497E+003
          4733.09      6.4780904E+003
          4744.38      6.8155207E+003
          4755.66      7.1692258E+003
          4766.95      7.5399176E+003
          4778.24      7.9283351E+003
          4789.53      8.3352443E+003
          4800.82      8.7614407E+003
          4812.11      9.2077493E+003
          4823.40      9.6750244E+003
          4834.69      1.0164152E+004
          4845.98      1.0676051E+004
          4857.27      1.1211671E+004
          4868.55      1.1771997E+004
          4879.84      1.2358047E+004
          4891.13      1.2970875E+004
          4902.42      1.3611571E+004
          4913.71      1.4281262E+004
          4925.00      1.4981111E+004
          4936.29      1.5712323E+004
          4947.58      1.6476139E+004
          4958.87      1.7273843E+004
          4970.16      1.8106755E+004
          4981.45      1.8976242E+004
          4992.73      1.9883711E+004
          5004.02      2.0830610E+004
          5015.31      2.1818432E+004
          5026.60      2.2848715E+004
          5037.89      2.3923039E+004
          5049.18      2.5043032E+004
          5060.47      2.6210364E+004
          5071.76      2.7426754E+004
          5083.05      2.8693967E+004
          5094.34      3.0013810E+004
          5105.62      3.1388141E+004
          5116.91      3.2818864E+004
          5128.20      3.4307927E+004
          5139.49      3.5857328E+004
          5150.78      3.7469106E+004
          5162.07      3.9145347E+004
          5173.36      4.0888185E+004
          5184.65      4.2699793E+004
          5195.94      4.4582390E+004
          5207.23      4.6538236E+004
          5218.52      4.8569635E+004
          5229.80      5.0678928E+004
          5241.09      5.2868491E+004
          5252.38      5.5140740E+004
          5263.67      5.7498125E+004
          5274.96      5.9943121E+004
          5286.25      6.2478238E+004
          5297.54      6.5106008E+004
          5308.83      6.7828986E+004
          5320.12      7.0649745E+004
          5331.41      7.3570868E+004
          5342.70      7.6594952E+004
          5353.98      7.9724599E+004
          5365.27      8.2962404E+004
          5376.56      8.6310961E+004
          5387.85      8.9772849E+004
          5399.14      9.3350627E+004
          5410.43      9.7046828E+004
          5421.72      1.0086394E+005
          5433.01      1.0480442E+005
          5444.30      1.0887066E+005
          5455.59      1.1306498E+005
          5466.88      1.1738965E+005
          5478.16      1.2184682E+005
          5489.45      1.2643856E+005
          5500.74      1.3116683E+005
          5512.03      1.3603345E+005
          5523.32      1.4104008E+005
          5534.61      1.4618827E+005
          5545.90      1.5147932E+005
          5557.19      1.5691441E+005
          5568.48      1.6249443E+005
          5579.77      1.6822006E+005
          5591.05      1.7409168E+005
          5602.34      1.8010937E+005
          5613.63      1.8627294E+005
          5624.92      1.9258185E+005
          5636.21      1.9903521E+005
          5647.50      2.0563174E+005
          5658.79      2.1236974E+005
          5670.08      2.1924706E+005
          5681.37      2.2626088E+005
          5692.66      2.3340774E+005
          5703.95      2.4068371E+005
          5715.23      2.4808441E+005
          5726.52      2.5560491E+005
          5737.81      2.6323974E+005
          5749.10      2.7098283E+005
          5760.39      2.7882748E+005
          5771.68      2.8676631E+005
          5782.97      2.9479124E+005
          5794.26      3.0289360E+005
          5805.55      3.1106399E+005
          5816.84      3.1929194E+005
          5828.12      3.2756585E+005
          5839.41      3.3587293E+005
          5850.70      3.4419909E+005
          5861.99      3.5252893E+005
          5873.28      3.6084557E+005
          5884.57      3.6913064E+005
          5895.86      3.7736419E+005
          5907.15      3.8552452E+005
          5918.44      3.9358809E+005
          5929.73      4.0152945E+005
          5941.02      4.0932129E+005
          5952.30      4.1693429E+005
          5963.59      4.2433704E+005
          5974.88      4.3149592E+005
          5986.17      4.3837496E+005
          5997.46      4.4493577E+005
          6008.75      4.5113745E+005
          6020.04      4.5693647E+005
          6031.33      4.6228653E+005
          6042.62      4.6713834E+005
          6053.91      4.7143922E+005
          6065.20      4.7513299E+005
          6076.48      4.7815974E+005
          6087.77      4.8045558E+005
          6099.06      4.8195238E+005
          6110.35      4.8257748E+005
          6121.64      4.8225343E+005
          6132.93      4.8089792E+005
          6144.22      4.7842366E+005
          6155.51      4.7473836E+005
          6166.80      4.6974431E+005
          6178.09      4.6333799E+005
          6189.38      4.5540942E+005
          6200.66      4.4584169E+005
          6211.95      4.3451047E+005
          6223.24      4.2128373E+005
          6234.53      4.0602129E+005
          6245.82      3.8857445E+005
          6257.11      3.6878551E+005
          6268.40      3.4648744E+005
          6279.69      3.2150323E+005
          6290.98      2.9364548E+005
          6302.27      2.6271583E+005
          6313.55      2.2850442E+005
          6324.84      1.9078943E+005
          6336.13      1.4933627E+005
          6347.42      1.0389712E+005
          6358.71      5.4210400E+004
          6370.00     -1.1625327E-031
