          3480.00      1.3358433E-029
          3491.29     -2.7531781E-005
          3502.58     -5.5196422E-005
          3513.87     -8.3056362E-005
          3525.16     -1.1117373E-004
          3536.45     -1.3961064E-004
          3547.73     -1.6842924E-004
          3559.02     -1.9769177E-004
          3570.31     -2.2746085E-004
          3581.60     -2.5779951E-004
          3592.89     -2.8877130E-004
          3604.18     -3.2044041E-004
          3615.47     -3.5287153E-004
          3626.76     -3.8613020E-004
          3638.05     -4.2028297E-004
          3649.34     -4.5539746E-004
          3660.62     -4.9154262E-004
          3671.91     -5.2878875E-004
          3683.20     -5.6720761E-004
          3694.49     -6.0687259E-004
          3705.78     -6.4785866E-004
          3717.07     -6.9024272E-004
          3728.36     -7.3410361E-004
          3739.65     -7.7952206E-004
          3750.94     -8.2658110E-004
          3762.23     -8.7536596E-004
          3773.52     -9.2596428E-004
          3784.80     -9.7846623E-004
          3796.09     -1.0329645E-003
          3807.38     -1.0895546E-003
          3818.67     -1.1483351E-003
          3829.96     -1.2094073E-003
          3841.25     -1.2728758E-003
          3852.54     -1.3388485E-003
          3863.83     -1.4074364E-003
          3875.12     -1.4787544E-003
          3886.41     -1.5529206E-003
          3897.70     -1.6300570E-003
          3908.98     -1.7102898E-003
          3920.27     -1.7937488E-003
          3931.56     -1.8805683E-003
          3942.85     -1.9708868E-003
          3954.14     -2.0648475E-003
          3965.43     -2.1625982E-003
          3976.72     -2.2642913E-003
          3988.01     -2.3700846E-003
          3999.30     -2.4801408E-003
          4010.59     -2.5946276E-003
          4021.88     -2.7137187E-003
          4033.16     -2.8375929E-003
          4044.45     -2.9664352E-003
          4055.74     -3.1004363E-003
          4067.03     -3.2397931E-003
          4078.32     -3.3847087E-003
          4089.61     -3.5353931E-003
          4100.90     -3.6920626E-003
          4112.19     -3.8549405E-003
          4123.48     -4.0242573E-003
          4134.77     -4.2002509E-003
          4146.05     -4.3831665E-003
          4157.34     -4.5732569E-003
          4168.63     -4.7707830E-003
          4179.92     -4.9760141E-003
          4191.21     -5.1892271E-003
          4202.50     -5.4107083E-003
          4213.79     -5.6407523E-003
          4225.08     -5.8796630E-003
          4236.37     -6.1277536E-003
          4247.66     -6.3853463E-003
          4258.95     -6.6527735E-003
          4270.23     -6.9303778E-003
          4281.52     -7.2185112E-003
          4292.81     -7.5175369E-003
          4304.10     -7.8278288E-003
          4315.39     -8.1497715E-003
          4326.68     -8.4837615E-003
          4337.97     -8.8302056E-003
          4349.26     -9.1895237E-003
          4360.55     -9.5621475E-003
          4371.84     -9.9485207E-003
          4383.12     -1.0349101E-002
          4394.41     -1.0764357E-002
          4405.70     -1.1194771E-002
          4416.99     -1.1640841E-002
          4428.28     -1.2103074E-002
          4439.57     -1.2581995E-002
          4450.86     -1.3078143E-002
          4462.15     -1.3592070E-002
          4473.44     -1.4124344E-002
          4484.73     -1.4675547E-002
          4496.02     -1.5246279E-002
          4507.30     -1.5837155E-002
          4518.59     -1.6448803E-002
          4529.88     -1.7081873E-002
          4541.17     -1.7737028E-002
          4552.46     -1.8414948E-002
          4563.75     -1.9116331E-002
          4575.04     -1.9841895E-002
          4586.33     -2.0592373E-002
          4597.62     -2.1368519E-002
          4608.91     -2.2171101E-002
          4620.20     -2.3000910E-002
          4631.48     -2.3858756E-002
          4642.77     -2.4745466E-002
          4654.06     -2.5661889E-002
          4665.35     -2.6608892E-002
          4676.64     -2.7587365E-002
          4687.93     -2.8598216E-002
          4699.22     -2.9642375E-002
          4710.51     -3.0720793E-002
          4721.80     -3.1834444E-002
          4733.09     -3.2984318E-002
          4744.38     -3.4171432E-002
          4755.66     -3.5396825E-002
          4766.95     -3.6661556E-002
          4778.24     -3.7966708E-002
          4789.53     -3.9313385E-002
          4800.82     -4.0702714E-002
          4812.11     -4.2135849E-002
          4823.40     -4.3613960E-002
          4834.69     -4.5138245E-002
          4845.98     -4.6709926E-002
          4857.27     -4.8330245E-002
          4868.55     -5.0000471E-002
          4879.84     -5.1721893E-002
          4891.13     -5.3495824E-002
          4902.42     -5.5323606E-002
          4913.71     -5.7206596E-002
          4925.00     -5.9146180E-002
          4936.29     -6.1143768E-002
          4947.58     -6.3200791E-002
          4958.87     -6.5318705E-002
          4970.16     -6.7498986E-002
          4981.45     -6.9743136E-002
          4992.73     -7.2052682E-002
          5004.02     -7.4429163E-002
          5015.31     -7.6874151E-002
          5026.60     -7.9389234E-002
          5037.89     -8.1976022E-002
          5049.18     -8.4636149E-002
          5060.47     -8.7371261E-002
          5071.76     -9.0183033E-002
          5083.05     -9.3073156E-002
          5094.34     -9.6043335E-002
          5105.62     -9.9095300E-002
          5116.91     -1.0223079E-001
          5128.20     -1.0545158E-001
          5139.49     -1.0875943E-001
          5150.78     -1.1215612E-001
          5162.07     -1.1564348E-001
          5173.36     -1.1922331E-001
          5184.65     -1.2289742E-001
          5195.94     -1.2666767E-001
          5207.23     -1.3053588E-001
          5218.52     -1.3450391E-001
          5229.80     -1.3857362E-001
          5241.09     -1.4274685E-001
          5252.38     -1.4702547E-001
          5263.67     -1.5141134E-001
          5274.96     -1.5590632E-001
          5286.25     -1.6051224E-001
          5297.54     -1.6523097E-001
          5308.83     -1.7006434E-001
          5320.12     -1.7501417E-001
          5331.41     -1.8008227E-001
          5342.70     -1.8527043E-001
          5353.98     -1.9058043E-001
          5365.27     -1.9601401E-001
          5376.56     -2.0157290E-001
          5387.85     -2.0725879E-001
          5399.14     -2.1307335E-001
          5410.43     -2.1901820E-001
          5421.72     -2.2509492E-001
          5433.01     -2.3130505E-001
          5444.30     -2.3765008E-001
          5455.59     -2.4413145E-001
          5466.88     -2.5075051E-001
          5478.16     -2.5750860E-001
          5489.45     -2.6440694E-001
          5500.74     -2.7144672E-001
          5512.03     -2.7862900E-001
          5523.32     -2.8595480E-001
          5534.61     -2.9342504E-001
          5545.90     -3.0104052E-001
          5557.19     -3.0880194E-001
          5568.48     -3.1670991E-001
          5579.77     -3.2476488E-001
          5591.05     -3.3296714E-001
          5602.34     -3.4131683E-001
          5613.63     -3.4981399E-001
          5624.92     -3.5845851E-001
          5636.21     -3.6725009E-001
          5647.50     -3.7618831E-001
          5658.79     -3.8527257E-001
          5670.08     -3.9450207E-001
          5681.37     -4.0387563E-001
          5692.66     -4.1339162E-001
          5703.95     -4.2304830E-001
          5715.23     -4.3284379E-001
          5726.52     -4.4277600E-001
          5737.81     -4.5284271E-001
          5749.10     -4.6304151E-001
          5760.39     -4.7336981E-001
          5771.68     -4.8382484E-001
          5782.97     -4.9440362E-001
          5794.26     -5.0510323E-001
          5805.55     -5.1592074E-001
          5816.84     -5.2685284E-001
          5828.12     -5.3789594E-001
          5839.41     -5.4904607E-001
          5850.70     -5.6029891E-001
          5861.99     -5.7164976E-001
          5873.28     -5.8309348E-001
          5884.57     -5.9462458E-001
          5895.86     -6.0623711E-001
          5907.15     -6.1792467E-001
          5918.44     -6.2968030E-001
          5929.73     -6.4149649E-001
          5941.02     -6.5336527E-001
          5952.30     -6.6527823E-001
          5963.59     -6.7722644E-001
          5974.88     -6.8920049E-001
          5986.17     -7.0119040E-001
          5997.46     -7.1318564E-001
          6008.75     -7.2517517E-001
          6020.04     -7.3714740E-001
          6031.33     -7.4909032E-001
          6042.62     -7.6099140E-001
          6053.91     -7.7283739E-001
          6065.20     -7.8461435E-001
          6076.48     -7.9630763E-001
          6087.77     -8.0790181E-001
          6099.06     -8.1938068E-001
          6110.35     -8.3072712E-001
          6121.64     -8.4192304E-001
          6132.93     -8.5294928E-001
          6144.22     -8.6378563E-001
          6155.51     -8.7441108E-001
          6166.80     -8.8480372E-001
          6178.09     -8.9494074E-001
          6189.38     -9.0479840E-001
          6200.66     -9.1435172E-001
          6211.95     -9.2357439E-001
          6223.24     -9.3243877E-001
          6234.53     -9.4091576E-001
          6245.82     -9.4897481E-001
          6257.11     -9.5658387E-001
          6268.40     -9.6370929E-001
          6279.69     -9.7031583E-001
          6290.98     -9.7636655E-001
          6302.27     -9.8182278E-001
          6313.55     -9.8664401E-001
          6324.84     -9.9078785E-001
          6336.13     -9.9420999E-001
          6347.42     -9.9686410E-001
          6358.71     -9.9870177E-001
          6370.00     -9.9967245E-001
