          3480.00     -8.1127163E-034
          3491.29     -2.3805858E-003
          3502.58     -4.7658703E-003
          3513.87     -7.1562711E-003
          3525.16     -9.5521944E-003
          3536.45     -1.1954048E-002
          3547.73     -1.4362234E-002
          3559.02     -1.6777144E-002
          3570.31     -1.9199171E-002
          3581.60     -2.1628701E-002
          3592.89     -2.4066117E-002
          3604.18     -2.6511791E-002
          3615.47     -2.8966068E-002
          3626.76     -3.1429286E-002
          3638.05     -3.3901779E-002
          3649.34     -3.6383870E-002
          3660.62     -3.8875885E-002
          3671.91     -4.1378144E-002
          3683.20     -4.3890965E-002
          3694.49     -4.6414664E-002
          3705.78     -4.8949544E-002
          3717.07     -5.1495915E-002
          3728.36     -5.4054083E-002
          3739.65     -5.6624340E-002
          3750.94     -5.9206987E-002
          3762.23     -6.1802315E-002
          3773.52     -6.4410613E-002
          3784.80     -6.7032170E-002
          3796.09     -6.9667264E-002
          3807.38     -7.2316177E-002
          3818.67     -7.4979195E-002
          3829.96     -7.7656589E-002
          3841.25     -8.0348637E-002
          3852.54     -8.3055608E-002
          3863.83     -8.5777770E-002
          3875.12     -8.8515390E-002
          3886.41     -9.1268722E-002
          3897.70     -9.4038028E-002
          3908.98     -9.6823563E-002
          3920.27     -9.9625573E-002
          3931.56     -1.0244431E-001
          3942.85     -1.0528001E-001
          3954.14     -1.0813292E-001
          3965.43     -1.1100329E-001
          3976.72     -1.1389134E-001
          3988.01     -1.1679732E-001
          3999.30     -1.1972146E-001
          4010.59     -1.2266398E-001
          4021.88     -1.2562510E-001
          4033.16     -1.2860506E-001
          4044.45     -1.3160406E-001
          4055.74     -1.3462233E-001
          4067.03     -1.3766006E-001
          4078.32     -1.4071747E-001
          4089.61     -1.4379477E-001
          4100.90     -1.4689214E-001
          4112.19     -1.5000978E-001
          4123.48     -1.5314789E-001
          4134.77     -1.5630666E-001
          4146.05     -1.5948626E-001
          4157.34     -1.6268689E-001
          4168.63     -1.6590871E-001
          4179.92     -1.6915191E-001
          4191.21     -1.7241664E-001
          4202.50     -1.7570307E-001
          4213.79     -1.7901137E-001
          4225.08     -1.8234170E-001
          4236.37     -1.8569420E-001
          4247.66     -1.8906902E-001
          4258.95     -1.9246631E-001
          4270.23     -1.9588621E-001
          4281.52     -1.9932885E-001
          4292.81     -2.0279436E-001
          4304.10     -2.0628288E-001
          4315.39     -2.0979453E-001
          4326.68     -2.1332941E-001
          4337.97     -2.1688766E-001
          4349.26     -2.2046936E-001
          4360.55     -2.2407464E-001
          4371.84     -2.2770359E-001
          4383.12     -2.3135631E-001
          4394.41     -2.3503289E-001
          4405.70     -2.3873342E-001
          4416.99     -2.4245798E-001
          4428.28     -2.4620664E-001
          4439.57     -2.4997946E-001
          4450.86     -2.5377652E-001
          4462.15     -2.5759786E-001
          4473.44     -2.6144356E-001
          4484.73     -2.6531364E-001
          4496.02     -2.6920816E-001
          4507.30     -2.7312716E-001
          4518.59     -2.7707066E-001
          4529.88     -2.8103870E-001
          4541.17     -2.8503129E-001
          4552.46     -2.8904844E-001
          4563.75     -2.9309017E-001
          4575.04     -2.9715647E-001
          4586.33     -3.0124736E-001
          4597.62     -3.0536282E-001
          4608.91     -3.0950282E-001
          4620.20     -3.1366736E-001
          4631.48     -3.1785641E-001
          4642.77     -3.2206992E-001
          4654.06     -3.2630786E-001
          4665.35     -3.3057019E-001
          4676.64     -3.3485684E-001
          4687.93     -3.3916777E-001
          4699.22     -3.4350289E-001
          4710.51     -3.4786214E-001
          4721.80     -3.5224544E-001
          4733.09     -3.5665268E-001
          4744.38     -3.6108379E-001
          4755.66     -3.6553864E-001
          4766.95     -3.7001715E-001
          4778.24     -3.7451918E-001
          4789.53     -3.7904460E-001
          4800.82     -3.8359329E-001
          4812.11     -3.8816510E-001
          4823.40     -3.9275987E-001
          4834.69     -3.9737747E-001
          4845.98     -4.0201770E-001
          4857.27     -4.0668041E-001
          4868.55     -4.1136540E-001
          4879.84     -4.1607249E-001
          4891.13     -4.2080146E-001
          4902.42     -4.2555213E-001
          4913.71     -4.3032425E-001
          4925.00     -4.3511760E-001
          4936.29     -4.3993195E-001
          4947.58     -4.4476705E-001
          4958.87     -4.4962264E-001
          4970.16     -4.5449847E-001
          4981.45     -4.5939424E-001
          4992.73     -4.6430969E-001
          5004.02     -4.6924451E-001
          5015.31     -4.7419840E-001
          5026.60     -4.7917104E-001
          5037.89     -4.8416210E-001
          5049.18     -4.8917126E-001
          5060.47     -4.9419816E-001
          5071.76     -4.9924245E-001
          5083.05     -5.0430376E-001
          5094.34     -5.0938170E-001
          5105.62     -5.1447589E-001
          5116.91     -5.1958593E-001
          5128.20     -5.2471141E-001
          5139.49     -5.2985190E-001
          5150.78     -5.3500697E-001
          5162.07     -5.4017616E-001
          5173.36     -5.4535903E-001
          5184.65     -5.5055509E-001
          5195.94     -5.5576387E-001
          5207.23     -5.6098487E-001
          5218.52     -5.6621758E-001
          5229.80     -5.7146148E-001
          5241.09     -5.7671604E-001
          5252.38     -5.8198071E-001
          5263.67     -5.8725493E-001
          5274.96     -5.9253813E-001
          5286.25     -5.9782973E-001
          5297.54     -6.0312913E-001
          5308.83     -6.0843571E-001
          5320.12     -6.1374885E-001
          5331.41     -6.1906791E-001
          5342.70     -6.2439224E-001
          5353.98     -6.2972116E-001
          5365.27     -6.3505399E-001
          5376.56     -6.4039004E-001
          5387.85     -6.4572860E-001
          5399.14     -6.5106894E-001
          5410.43     -6.5641032E-001
          5421.72     -6.6175198E-001
          5433.01     -6.6709316E-001
          5444.30     -6.7243306E-001
          5455.59     -6.7777088E-001
          5466.88     -6.8310581E-001
          5478.16     -6.8843700E-001
          5489.45     -6.9376361E-001
          5500.74     -6.9908478E-001
          5512.03     -7.0439961E-001
          5523.32     -7.0970721E-001
          5534.61     -7.1500666E-001
          5545.90     -7.2029704E-001
          5557.19     -7.2557738E-001
          5568.48     -7.3084673E-001
          5579.77     -7.3610408E-001
          5591.05     -7.4134843E-001
          5602.34     -7.4657870E-001
          5613.63     -7.5179386E-001
          5624.92     -7.5699283E-001
          5636.21     -7.6217451E-001
          5647.50     -7.6733780E-001
          5658.79     -7.7248159E-001
          5670.08     -7.7760473E-001
          5681.37     -7.8270600E-001
          5692.66     -7.8778408E-001
          5703.95     -7.9283766E-001
          5715.23     -7.9786542E-001
          5726.52     -8.0286605E-001
          5737.81     -8.0783825E-001
          5749.10     -8.1278070E-001
          5760.39     -8.1769211E-001
          5771.68     -8.2257118E-001
          5782.97     -8.2741660E-001
          5794.26     -8.3222717E-001
          5805.55     -8.3700171E-001
          5816.84     -8.4173904E-001
          5828.12     -8.4643795E-001
          5839.41     -8.5109724E-001
          5850.70     -8.5571566E-001
          5861.99     -8.6029199E-001
          5873.28     -8.6482495E-001
          5884.57     -8.6931326E-001
          5895.86     -8.7375564E-001
          5907.15     -8.7815076E-001
          5918.44     -8.8249728E-001
          5929.73     -8.8679383E-001
          5941.02     -8.9103901E-001
          5952.30     -8.9523144E-001
          5963.59     -8.9936972E-001
          5974.88     -9.0345242E-001
          5986.17     -9.0747813E-001
          5997.46     -9.1144541E-001
          6008.75     -9.1535282E-001
          6020.04     -9.1919893E-001
          6031.33     -9.2298230E-001
          6042.62     -9.2670152E-001
          6053.91     -9.3035514E-001
          6065.20     -9.3394173E-001
          6076.48     -9.3745983E-001
          6087.77     -9.4090796E-001
          6099.06     -9.4428465E-001
          6110.35     -9.4758838E-001
          6121.64     -9.5081763E-001
          6132.93     -9.5397084E-001
          6144.22     -9.5704642E-001
          6155.51     -9.6004279E-001
          6166.80     -9.6295837E-001
          6178.09     -9.6579155E-001
          6189.38     -9.6854071E-001
          6200.66     -9.7120424E-001
          6211.95     -9.7378045E-001
          6223.24     -9.7626766E-001
          6234.53     -9.7866412E-001
          6245.82     -9.8096809E-001
          6257.11     -9.8317778E-001
          6268.40     -9.8529136E-001
          6279.69     -9.8730699E-001
          6290.98     -9.8922277E-001
          6302.27     -9.9103679E-001
          6313.55     -9.9274711E-001
          6324.84     -9.9435173E-001
          6336.13     -9.9584864E-001
          6347.42     -9.9723579E-001
          6358.71     -9.9851110E-001
          6370.00     -9.9967245E-001
