          3480.00     -4.9231254E-034
          3491.29     -3.5280308E-003
          3502.58     -7.0575914E-003
          3513.87     -1.0588876E-002
          3525.16     -1.4122065E-002
          3536.45     -1.7657346E-002
          3547.73     -2.1194904E-002
          3559.02     -2.4734909E-002
          3570.31     -2.8277539E-002
          3581.60     -3.1822965E-002
          3592.89     -3.5371356E-002
          3604.18     -3.8922870E-002
          3615.47     -4.2477626E-002
          3626.76     -4.6035732E-002
          3638.05     -4.9597295E-002
          3649.34     -5.3162410E-002
          3660.62     -5.6731179E-002
          3671.91     -6.0303696E-002
          3683.20     -6.3880056E-002
          3694.49     -6.7460354E-002
          3705.78     -7.1044672E-002
          3717.07     -7.4633099E-002
          3728.36     -7.8225725E-002
          3739.65     -8.1822624E-002
          3750.94     -8.5423880E-002
          3762.23     -8.9029571E-002
          3773.52     -9.2639772E-002
          3784.80     -9.6254560E-002
          3796.09     -9.9874000E-002
          3807.38     -1.0349817E-001
          3818.67     -1.0712714E-001
          3829.96     -1.1076099E-001
          3841.25     -1.1439979E-001
          3852.54     -1.1804360E-001
          3863.83     -1.2169250E-001
          3875.12     -1.2534655E-001
          3886.41     -1.2900580E-001
          3897.70     -1.3267032E-001
          3908.98     -1.3634017E-001
          3920.27     -1.4001540E-001
          3931.56     -1.4369606E-001
          3942.85     -1.4738222E-001
          3954.14     -1.5107392E-001
          3965.43     -1.5477121E-001
          3976.72     -1.5847415E-001
          3988.01     -1.6218279E-001
          3999.30     -1.6589718E-001
          4010.59     -1.6961736E-001
          4021.88     -1.7334338E-001
          4033.16     -1.7707528E-001
          4044.45     -1.8081310E-001
          4055.74     -1.8455689E-001
          4067.03     -1.8830667E-001
          4078.32     -1.9206248E-001
          4089.61     -1.9582436E-001
          4100.90     -1.9959233E-001
          4112.19     -2.0336643E-001
          4123.48     -2.0714668E-001
          4134.77     -2.1093310E-001
          4146.05     -2.1472573E-001
          4157.34     -2.1852457E-001
          4168.63     -2.2232966E-001
          4179.92     -2.2614101E-001
          4191.21     -2.2995863E-001
          4202.50     -2.3378254E-001
          4213.79     -2.3761275E-001
          4225.08     -2.4144928E-001
          4236.37     -2.4529212E-001
          4247.66     -2.4914129E-001
          4258.95     -2.5299679E-001
          4270.23     -2.5685862E-001
          4281.52     -2.6072678E-001
          4292.81     -2.6460128E-001
          4304.10     -2.6848210E-001
          4315.39     -2.7236925E-001
          4326.68     -2.7626271E-001
          4337.97     -2.8016248E-001
          4349.26     -2.8406855E-001
          4360.55     -2.8798091E-001
          4371.84     -2.9189954E-001
          4383.12     -2.9582443E-001
          4394.41     -2.9975557E-001
          4405.70     -3.0369295E-001
          4416.99     -3.0763653E-001
          4428.28     -3.1158629E-001
          4439.57     -3.1554220E-001
          4450.86     -3.1950425E-001
          4462.15     -3.2347240E-001
          4473.44     -3.2744662E-001
          4484.73     -3.3142687E-001
          4496.02     -3.3541313E-001
          4507.30     -3.3940537E-001
          4518.59     -3.4340353E-001
          4529.88     -3.4740758E-001
          4541.17     -3.5141748E-001
          4552.46     -3.5543320E-001
          4563.75     -3.5945468E-001
          4575.04     -3.6348187E-001
          4586.33     -3.6751475E-001
          4597.62     -3.7155325E-001
          4608.91     -3.7559732E-001
          4620.20     -3.7964692E-001
          4631.48     -3.8370199E-001
          4642.77     -3.8776247E-001
          4654.06     -3.9182831E-001
          4665.35     -3.9589946E-001
          4676.64     -3.9997584E-001
          4687.93     -4.0405740E-001
          4699.22     -4.0814407E-001
          4710.51     -4.1223580E-001
          4721.80     -4.1633251E-001
          4733.09     -4.2043413E-001
          4744.38     -4.2454060E-001
          4755.66     -4.2865184E-001
          4766.95     -4.3276779E-001
          4778.24     -4.3688836E-001
          4789.53     -4.4101348E-001
          4800.82     -4.4514307E-001
          4812.11     -4.4927706E-001
          4823.40     -4.5341536E-001
          4834.69     -4.5755788E-001
          4845.98     -4.6170455E-001
          4857.27     -4.6585528E-001
          4868.55     -4.7000998E-001
          4879.84     -4.7416856E-001
          4891.13     -4.7833092E-001
          4902.42     -4.8249699E-001
          4913.71     -4.8666665E-001
          4925.00     -4.9083982E-001
          4936.29     -4.9501639E-001
          4947.58     -4.9919627E-001
          4958.87     -5.0337936E-001
          4970.16     -5.0756555E-001
          4981.45     -5.1175474E-001
          4992.73     -5.1594683E-001
          5004.02     -5.2014170E-001
          5015.31     -5.2433925E-001
          5026.60     -5.2853937E-001
          5037.89     -5.3274194E-001
          5049.18     -5.3694684E-001
          5060.47     -5.4115397E-001
          5071.76     -5.4536321E-001
          5083.05     -5.4957443E-001
          5094.34     -5.5378751E-001
          5105.62     -5.5800234E-001
          5116.91     -5.6221879E-001
          5128.20     -5.6643673E-001
          5139.49     -5.7065604E-001
          5150.78     -5.7487659E-001
          5162.07     -5.7909824E-001
          5173.36     -5.8332088E-001
          5184.65     -5.8754436E-001
          5195.94     -5.9176854E-001
          5207.23     -5.9599330E-001
          5218.52     -6.0021848E-001
          5229.80     -6.0444397E-001
          5241.09     -6.0866960E-001
          5252.38     -6.1289525E-001
          5263.67     -6.1712076E-001
          5274.96     -6.2134599E-001
          5286.25     -6.2557079E-001
          5297.54     -6.2979501E-001
          5308.83     -6.3401851E-001
          5320.12     -6.3824113E-001
          5331.41     -6.4246272E-001
          5342.70     -6.4668312E-001
          5353.98     -6.5090217E-001
          5365.27     -6.5511972E-001
          5376.56     -6.5933561E-001
          5387.85     -6.6354968E-001
          5399.14     -6.6776176E-001
          5410.43     -6.7197169E-001
          5421.72     -6.7617930E-001
          5433.01     -6.8038443E-001
          5444.30     -6.8458692E-001
          5455.59     -6.8878658E-001
          5466.88     -6.9298324E-001
          5478.16     -6.9717673E-001
          5489.45     -7.0136688E-001
          5500.74     -7.0555351E-001
          5512.03     -7.0973644E-001
          5523.32     -7.1391549E-001
          5534.61     -7.1809048E-001
          5545.90     -7.2226123E-001
          5557.19     -7.2642754E-001
          5568.48     -7.3058925E-001
          5579.77     -7.3474615E-001
          5591.05     -7.3889803E-001
          5602.34     -7.4304468E-001
          5613.63     -7.4718590E-001
          5624.92     -7.5132146E-001
          5636.21     -7.5545116E-001
          5647.50     -7.5957478E-001
          5658.79     -7.6369210E-001
          5670.08     -7.6780292E-001
          5681.37     -7.7190696E-001
          5692.66     -7.7600387E-001
          5703.95     -7.8009332E-001
          5715.23     -7.8417497E-001
          5726.52     -7.8824850E-001
          5737.81     -7.9231359E-001
          5749.10     -7.9636991E-001
          5760.39     -8.0041714E-001
          5771.68     -8.0445499E-001
          5782.97     -8.0848313E-001
          5794.26     -8.1250134E-001
          5805.55     -8.1650943E-001
          5816.84     -8.2050720E-001
          5828.12     -8.2449448E-001
          5839.41     -8.2847107E-001
          5850.70     -8.3243678E-001
          5861.99     -8.3639144E-001
          5873.28     -8.4033485E-001
          5884.57     -8.4426681E-001
          5895.86     -8.4818715E-001
          5907.15     -8.5209567E-001
          5918.44     -8.5599217E-001
          5929.73     -8.5987640E-001
          5941.02     -8.6374816E-001
          5952.30     -8.6760722E-001
          5963.59     -8.7145334E-001
          5974.88     -8.7528632E-001
          5986.17     -8.7910591E-001
          5997.46     -8.8291188E-001
          6008.75     -8.8670401E-001
          6020.04     -8.9048206E-001
          6031.33     -8.9424583E-001
          6042.62     -8.9799515E-001
          6053.91     -9.0172982E-001
          6065.20     -9.0544967E-001
          6076.48     -9.0915453E-001
          6087.77     -9.1284422E-001
          6099.06     -9.1651860E-001
          6110.35     -9.2017751E-001
          6121.64     -9.2382078E-001
          6132.93     -9.2744823E-001
          6144.22     -9.3105965E-001
          6155.51     -9.3465483E-001
          6166.80     -9.3823360E-001
          6178.09     -9.4179579E-001
          6189.38     -9.4534124E-001
          6200.66     -9.4886983E-001
          6211.95     -9.5238141E-001
          6223.24     -9.5587584E-001
          6234.53     -9.5935296E-001
          6245.82     -9.6281263E-001
          6257.11     -9.6625471E-001
          6268.40     -9.6967902E-001
          6279.69     -9.7308542E-001
          6290.98     -9.7647375E-001
          6302.27     -9.7984386E-001
          6313.55     -9.8319558E-001
          6324.84     -9.8652874E-001
          6336.13     -9.8984318E-001
          6347.42     -9.9313873E-001
          6358.71     -9.9641521E-001
          6370.00     -9.9967245E-001
