          3480.00     -2.3059593E-004
          3491.29     -2.3094548E-004
          3502.58     -2.2990655E-004
          3513.87     -2.2770052E-004
          3525.16     -2.2452115E-004
          3536.45     -2.2053769E-004
          3547.73     -2.1589777E-004
          3559.02     -2.1072994E-004
          3570.31     -2.0514583E-004
          3581.60     -1.9924225E-004
          3592.89     -1.9310283E-004
          3604.18     -1.8679973E-004
          3615.47     -1.8039494E-004
          3626.76     -1.7394148E-004
          3638.05     -1.6748442E-004
          3649.34     -1.6106184E-004
          3660.62     -1.5470571E-004
          3671.91     -1.4844264E-004
          3683.20     -1.4229456E-004
          3694.49     -1.3627933E-004
          3705.78     -1.3041127E-004
          3717.07     -1.2470160E-004
          3728.36     -1.1915890E-004
          3739.65     -1.1378943E-004
          3750.94     -1.0859747E-004
          3762.23     -1.0358561E-004
          3773.52     -9.8754967E-005
          3784.80     -9.4105450E-005
          3796.09     -8.9635921E-005
          3807.38     -8.5344356E-005
          3818.67     -8.1228003E-005
          3829.96     -7.7283530E-005
          3841.25     -7.3507110E-005
          3852.54     -6.9894536E-005
          3863.83     -6.6441303E-005
          3875.12     -6.3142672E-005
          3886.41     -5.9993750E-005
          3897.70     -5.6989525E-005
          3908.98     -5.4124919E-005
          3920.27     -5.1394838E-005
          3931.56     -4.8794189E-005
          3942.85     -4.6317917E-005
          3954.14     -4.3961025E-005
          3965.43     -4.1718595E-005
          3976.72     -3.9585810E-005
          3988.01     -3.7557958E-005
          3999.30     -3.5630449E-005
          4010.59     -3.3798829E-005
          4021.88     -3.2058770E-005
          4033.16     -3.0406089E-005
          4044.45     -2.8836743E-005
          4055.74     -2.7346833E-005
          4067.03     -2.5932605E-005
          4078.32     -2.4590448E-005
          4089.61     -2.3316892E-005
          4100.90     -2.2108611E-005
          4112.19     -2.0962413E-005
          4123.48     -1.9875245E-005
          4134.77     -1.8844183E-005
          4146.05     -1.7866432E-005
          4157.34     -1.6939326E-005
          4168.63     -1.6060314E-005
          4179.92     -1.5226967E-005
          4191.21     -1.4436968E-005
          4202.50     -1.3688106E-005
          4213.79     -1.2978281E-005
          4225.08     -1.2305487E-005
          4236.37     -1.1667820E-005
          4247.66     -1.1063469E-005
          4258.95     -1.0490708E-005
          4270.23     -9.9479009E-006
          4281.52     -9.4334908E-006
          4292.81     -8.9459992E-006
          4304.10     -8.4840220E-006
          4315.39     -8.0462262E-006
          4326.68     -7.6313464E-006
          4337.97     -7.2381825E-006
          4349.26     -6.8655953E-006
          4360.55     -6.5125038E-006
          4371.84     -6.1778834E-006
          4383.12     -5.8607617E-006
          4394.41     -5.5602178E-006
          4405.70     -5.2753786E-006
          4416.99     -5.0054165E-006
          4428.28     -4.7495478E-006
          4439.57     -4.5070292E-006
          4450.86     -4.2771565E-006
          4462.15     -4.0592629E-006
          4473.44     -3.8527165E-006
          4484.73     -3.6569185E-006
          4496.02     -3.4713019E-006
          4507.30     -3.2953296E-006
          4518.59     -3.1284934E-006
          4529.88     -2.9703113E-006
          4541.17     -2.8203272E-006
          4552.46     -2.6781093E-006
          4563.75     -2.5432484E-006
          4575.04     -2.4153574E-006
          4586.33     -2.2940695E-006
          4597.62     -2.1790373E-006
          4608.91     -2.0699323E-006
          4620.20     -1.9664432E-006
          4631.48     -1.8682750E-006
          4642.77     -1.7751491E-006
          4654.06     -1.6868010E-006
          4665.35     -1.6029807E-006
          4676.64     -1.5234513E-006
          4687.93     -1.4479886E-006
          4699.22     -1.3763802E-006
          4710.51     -1.3084252E-006
          4721.80     -1.2439332E-006
          4733.09     -1.1827239E-006
          4744.38     -1.1246268E-006
          4755.66     -1.0694802E-006
          4766.95     -1.0171310E-006
          4778.24     -9.6743431E-007
          4789.53     -9.2025300E-007
          4800.82     -8.7545703E-007
          4812.11     -8.3292328E-007
          4823.40     -7.9253525E-007
          4834.69     -7.5418248E-007
          4845.98     -7.1776040E-007
          4857.27     -6.8316995E-007
          4868.55     -6.5031728E-007
          4879.84     -6.1911357E-007
          4891.13     -5.8947459E-007
          4902.42     -5.6132056E-007
          4913.71     -5.3457595E-007
          4925.00     -5.0916912E-007
          4936.29     -4.8503223E-007
          4947.58     -4.6210100E-007
          4958.87     -4.4031447E-007
          4970.16     -4.1961497E-007
          4981.45     -3.9994775E-007
          4992.73     -3.8126094E-007
          5004.02     -3.6350543E-007
          5015.31     -3.4663460E-007
          5026.60     -3.3060431E-007
          5037.89     -3.1537269E-007
          5049.18     -3.0090002E-007
          5060.47     -2.8714870E-007
          5071.76     -2.7408301E-007
          5083.05     -2.6166910E-007
          5094.34     -2.4987487E-007
          5105.62     -2.3866987E-007
          5116.91     -2.2802519E-007
          5128.20     -2.1791342E-007
          5139.49     -2.0830853E-007
          5150.78     -1.9918584E-007
          5162.07     -1.9052189E-007
          5173.36     -1.8229442E-007
          5184.65     -1.7448230E-007
          5195.94     -1.6706543E-007
          5207.23     -1.6002472E-007
          5218.52     -1.5334202E-007
          5229.80     -1.4700005E-007
          5241.09     -1.4098242E-007
          5252.38     -1.3527346E-007
          5263.67     -1.2985829E-007
          5274.96     -1.2472272E-007
          5286.25     -1.1985320E-007
          5297.54     -1.1523681E-007
          5308.83     -1.1086120E-007
          5320.12     -1.0671457E-007
          5331.41     -1.0278561E-007
          5342.70     -9.9063498E-008
          5353.98     -9.5537818E-008
          5365.27     -9.2198581E-008
          5376.56     -8.9036156E-008
          5387.85     -8.6041255E-008
          5399.14     -8.3204899E-008
          5410.43     -8.0518391E-008
          5421.72     -7.7973287E-008
          5433.01     -7.5561364E-008
          5444.30     -7.3274594E-008
          5455.59     -7.1105122E-008
          5466.88     -6.9045230E-008
          5478.16     -6.7087317E-008
          5489.45     -6.5223866E-008
          5500.74     -6.3447419E-008
          5512.03     -6.1750555E-008
          5523.32     -6.0125854E-008
          5534.61     -5.8565872E-008
          5545.90     -5.7063118E-008
          5557.19     -5.5610020E-008
          5568.48     -5.4198895E-008
          5579.77     -5.2821933E-008
          5591.05     -5.1471163E-008
          5602.34     -5.0138422E-008
          5613.63     -4.8815319E-008
          5624.92     -4.7493205E-008
          5636.21     -4.6163141E-008
          5647.50     -4.4815861E-008
          5658.79     -4.3441736E-008
          5670.08     -4.2030742E-008
          5681.37     -4.0572467E-008
          5692.66     -3.9056103E-008
          5703.95     -3.7548018E-008
          5715.23     -3.6118515E-008
          5726.52     -3.4762498E-008
          5737.81     -3.3475039E-008
          5749.10     -3.2251368E-008
          5760.39     -3.1086858E-008
          5771.68     -2.9977005E-008
          5782.97     -2.8917418E-008
          5794.26     -2.7903766E-008
          5805.55     -2.6931769E-008
          5816.84     -2.5997210E-008
          5828.12     -2.5095919E-008
          5839.41     -2.4223758E-008
          5850.70     -2.3376604E-008
          5861.99     -2.2550340E-008
          5873.28     -2.1740838E-008
          5884.57     -2.0943942E-008
          5895.86     -2.0155455E-008
          5907.15     -1.9371128E-008
          5918.44     -1.8586649E-008
          5929.73     -1.7797634E-008
          5941.02     -1.6999609E-008
          5952.30     -1.6187991E-008
          5963.59     -1.5358079E-008
          5974.88     -1.4529684E-008
          5986.17     -1.3725189E-008
          5997.46     -1.2943682E-008
          6008.75     -1.2184287E-008
          6020.04     -1.1446162E-008
          6031.33     -1.0728492E-008
          6042.62     -1.0030489E-008
          6053.91     -9.3514083E-009
          6065.20     -8.6905423E-009
          6076.48     -8.0472223E-009
          6087.77     -7.4208171E-009
          6099.06     -6.8107345E-009
          6110.35     -6.2164263E-009
          6121.64     -5.6373892E-009
          6132.93     -5.0731727E-009
          6144.22     -4.5233774E-009
          6155.51     -3.9876386E-009
          6166.80     -3.4656298E-009
          6178.09     -2.9650046E-009
          6189.38     -2.4948985E-009
          6200.66     -2.0573291E-009
          6211.95     -1.6544480E-009
          6223.24     -1.2885504E-009
          6234.53     -9.6208742E-010
          6245.82     -6.7767510E-010
          6257.11     -4.3810680E-010
          6268.40     -2.4636565E-010
          6279.69     -1.0563542E-010
          6290.98     -1.9315025E-011
          6302.27      8.9673096E-012
          6313.55      7.0485242E-012
          6324.84      5.3024283E-012
          6336.13      3.7262446E-012
          6347.42      2.3179055E-012
          6358.71      1.0760480E-012
          6370.00      0.0000000E+000
