          3480.00     -1.9556438E-032
          3491.29     -2.7056763E-011
          3502.58     -5.3690552E-011
          3513.87     -8.0030303E-011
          3525.16     -1.0619972E-010
          3536.45     -1.3231808E-010
          3547.73     -1.5850082E-010
          3559.02     -1.8486002E-010
          3570.31     -2.1150514E-010
          3581.60     -2.3854338E-010
          3592.89     -2.6608024E-010
          3604.18     -2.9421990E-010
          3615.47     -3.2306536E-010
          3626.76     -3.5271911E-010
          3638.05     -3.8328356E-010
          3649.34     -4.1486136E-010
          3660.62     -4.4755589E-010
          3671.91     -4.8147149E-010
          3683.20     -5.1671381E-010
          3694.49     -5.5339018E-010
          3705.78     -5.9160974E-010
          3717.07     -6.3148396E-010
          3728.36     -6.7312683E-010
          3739.65     -7.1665499E-010
          3750.94     -7.6218830E-010
          3762.23     -8.0984988E-010
          3773.52     -8.5976645E-010
          3784.80     -9.1206867E-010
          3796.09     -9.6689114E-010
          3807.38     -1.0243731E-009
          3818.67     -1.0846585E-009
          3829.96     -1.1478961E-009
          3841.25     -1.2142399E-009
          3852.54     -1.2838492E-009
          3863.83     -1.3568891E-009
          3875.12     -1.4335306E-009
          3886.41     -1.5139508E-009
          3897.70     -1.5983333E-009
          3908.98     -1.6868685E-009
          3920.27     -1.7797533E-009
          3931.56     -1.8771924E-009
          3942.85     -1.9793977E-009
          3954.14     -2.0865889E-009
          3965.43     -2.1989940E-009
          3976.72     -2.3168490E-009
          3988.01     -2.4403989E-009
          3999.30     -2.5698972E-009
          4010.59     -2.7056065E-009
          4021.88     -2.8477986E-009
          4033.16     -2.9967552E-009
          4044.45     -3.1527677E-009
          4055.74     -3.3161376E-009
          4067.03     -3.4871765E-009
          4078.32     -3.6662071E-009
          4089.61     -3.8535628E-009
          4100.90     -4.0495876E-009
          4112.19     -4.2546377E-009
          4123.48     -4.4690803E-009
          4134.77     -4.6932947E-009
          4146.05     -4.9276723E-009
          4157.34     -5.1726161E-009
          4168.63     -5.4285421E-009
          4179.92     -5.6958791E-009
          4191.21     -5.9750679E-009
          4202.50     -6.2665629E-009
          4213.79     -6.5708313E-009
          4225.08     -6.8883536E-009
          4236.37     -7.2196238E-009
          4247.66     -7.5651485E-009
          4258.95     -7.9254484E-009
          4270.23     -8.3010577E-009
          4281.52     -8.6925229E-009
          4292.81     -9.1004050E-009
          4304.10     -9.5252780E-009
          4315.39     -9.9677291E-009
          4326.68     -1.0428359E-008
          4337.97     -1.0907780E-008
          4349.26     -1.1406618E-008
          4360.55     -1.1925511E-008
          4371.84     -1.2465111E-008
          4383.12     -1.3026080E-008
          4394.41     -1.3609092E-008
          4405.70     -1.4214828E-008
          4416.99     -1.4843982E-008
          4428.28     -1.5497255E-008
          4439.57     -1.6175357E-008
          4450.86     -1.6879007E-008
          4462.15     -1.7608928E-008
          4473.44     -1.8365851E-008
          4484.73     -1.9150508E-008
          4496.02     -1.9963638E-008
          4507.30     -2.0805979E-008
          4518.59     -2.1678269E-008
          4529.88     -2.2581244E-008
          4541.17     -2.3515639E-008
          4552.46     -2.4482180E-008
          4563.75     -2.5481587E-008
          4575.04     -2.6514570E-008
          4586.33     -2.7581826E-008
          4597.62     -2.8684036E-008
          4608.91     -2.9821862E-008
          4620.20     -3.0995945E-008
          4631.48     -3.2206902E-008
          4642.77     -3.3455318E-008
          4654.06     -3.4741747E-008
          4665.35     -3.6066705E-008
          4676.64     -3.7430667E-008
          4687.93     -3.8834061E-008
          4699.22     -4.0277261E-008
          4710.51     -4.1760586E-008
          4721.80     -4.3284291E-008
          4733.09     -4.4848558E-008
          4744.38     -4.6453494E-008
          4755.66     -4.8099123E-008
          4766.95     -4.9785377E-008
          4778.24     -5.1512087E-008
          4789.53     -5.3278973E-008
          4800.82     -5.5085641E-008
          4812.11     -5.6931568E-008
          4823.40     -5.8816088E-008
          4834.69     -6.0738392E-008
          4845.98     -6.2697506E-008
          4857.27     -6.4692282E-008
          4868.55     -6.6721386E-008
          4879.84     -6.8783276E-008
          4891.13     -7.0876202E-008
          4902.42     -7.2998181E-008
          4913.71     -7.5146976E-008
          4925.00     -7.7320091E-008
          4936.29     -7.9514741E-008
          4947.58     -8.1727841E-008
          4958.87     -8.3955981E-008
          4970.16     -8.6195400E-008
          4981.45     -8.8441971E-008
          4992.73     -9.0691177E-008
          5004.02     -9.2938071E-008
          5015.31     -9.5177265E-008
          5026.60     -9.7402893E-008
          5037.89     -9.9608586E-008
          5049.18     -1.0178744E-007
          5060.47     -1.0393197E-007
          5071.76     -1.0603410E-007
          5083.05     -1.0808512E-007
          5094.34     -1.1007561E-007
          5105.62     -1.1199546E-007
          5116.91     -1.1383378E-007
          5128.20     -1.1557888E-007
          5139.49     -1.1721821E-007
          5150.78     -1.1873831E-007
          5162.07     -1.2012476E-007
          5173.36     -1.2136213E-007
          5184.65     -1.2243393E-007
          5195.94     -1.2332252E-007
          5207.23     -1.2400909E-007
          5218.52     -1.2447354E-007
          5229.80     -1.2469446E-007
          5241.09     -1.2464905E-007
          5252.38     -1.2431301E-007
          5263.67     -1.2366048E-007
          5274.96     -1.2266399E-007
          5286.25     -1.2129430E-007
          5297.54     -1.1952036E-007
          5308.83     -1.1730920E-007
          5320.12     -1.1462582E-007
          5331.41     -1.1143310E-007
          5342.70     -1.0769169E-007
          5353.98     -1.0335986E-007
          5365.27     -9.8393439E-008
          5376.56     -9.2745632E-008
          5387.85     -8.6366923E-008
          5399.14     -7.9204912E-008
          5410.43     -7.1204179E-008
          5421.72     -6.2306154E-008
          5433.01     -5.2448919E-008
          5444.30     -4.1567062E-008
          5455.59     -2.9591521E-008
          5466.88     -1.6449345E-008
          5478.16     -2.0635623E-009
          5489.45      1.3647033E-008
          5500.74      3.0768096E-008
          5512.03      4.9389889E-008
          5523.32      6.9607592E-008
          5534.61      9.1521500E-008
          5545.90      1.1523720E-007
          5557.19      1.4086595E-007
          5568.48      1.6852485E-007
          5579.77      1.9833740E-007
          5591.05      2.3043383E-007
          5602.34      2.6495103E-007
          5613.63      3.0203294E-007
          5624.92      3.4183085E-007
          5636.21      3.8450359E-007
          5647.50      4.3021811E-007
          5658.79      4.7914968E-007
          5670.08      5.3148236E-007
          5681.37      5.8741150E-007
          5692.66      6.4714375E-007
          5703.95      6.9811998E-007
          5715.23      7.2867800E-007
          5726.52      7.4031758E-007
          5737.81      7.3446349E-007
          5749.10      7.1247048E-007
          5760.39      6.7562815E-007
          5771.68      6.2516548E-007
          5782.97      5.6225485E-007
          5794.26      4.8800953E-007
          5805.55      4.0349106E-007
          5816.84      3.0972343E-007
          5828.12      2.0769673E-007
          5839.41      9.8371060E-008
          5850.70     -1.7320002E-008
          5861.99     -1.3846613E-007
          5873.28     -2.6417652E-007
          5884.57     -3.9357731E-007
          5895.86     -5.2580819E-007
          5907.15     -6.6001891E-007
          5918.44     -7.9536256E-007
          5929.73     -9.3099335E-007
          5941.02     -1.0660696E-006
          5952.30     -1.1997510E-006
          5963.59     -1.3311959E-006
          5974.88     -1.4993276E-006
          5986.17     -1.7382892E-006
          5997.46     -2.0402653E-006
          6008.75     -2.3976899E-006
          6020.04     -2.8032226E-006
          6031.33     -3.2497351E-006
          6042.62     -3.7302779E-006
          6053.91     -4.2380320E-006
          6065.20     -4.7662888E-006
          6076.48     -5.3084320E-006
          6087.77     -5.8579144E-006
          6099.06     -6.4082288E-006
          6110.35     -6.9528789E-006
          6121.64     -7.4853571E-006
          6132.93     -7.9991134E-006
          6144.22     -8.4875542E-006
          6155.51     -8.9440621E-006
          6166.80     -9.3619721E-006
          6178.09     -9.7410784E-006
          6189.38     -1.0076506E-005
          6200.66     -1.0354446E-005
          6211.95     -1.0560923E-005
          6223.24     -1.0681760E-005
          6234.53     -1.0702536E-005
          6245.82     -1.0608548E-005
          6257.11     -1.0384775E-005
          6268.40     -1.0015835E-005
          6279.69     -9.4859476E-006
          6290.98     -8.7788933E-006
          6302.27     -7.8779660E-006
          6313.55     -6.8241796E-006
          6324.84     -5.6690532E-006
          6336.13     -4.4110367E-006
          6347.42     -3.0483029E-006
          6358.71     -1.5787513E-006
          6370.00     -6.5908089E-051
