          3480.00     -5.7702225E-030
          3491.29     -1.1341029E-010
          3502.58     -2.2756621E-010
          3513.87     -3.4298169E-010
          3525.16     -4.6017023E-010
          3536.45     -5.7964772E-010
          3547.73     -7.0193445E-010
          3559.02     -8.2755688E-010
          3570.31     -9.5705048E-010
          3581.60     -1.0909615E-009
          3592.89     -1.2298490E-009
          3604.18     -1.3742870E-009
          3615.47     -1.5248655E-009
          3626.76     -1.6821934E-009
          3638.05     -1.8469012E-009
          3649.34     -2.0196428E-009
          3660.62     -2.2010982E-009
          3671.91     -2.3919758E-009
          3683.20     -2.5930143E-009
          3694.49     -2.8049858E-009
          3705.78     -3.0286970E-009
          3717.07     -3.2649934E-009
          3728.36     -3.5147609E-009
          3739.65     -3.7789284E-009
          3750.94     -4.0584713E-009
          3762.23     -4.3544139E-009
          3773.52     -4.6678328E-009
          3784.80     -4.9998600E-009
          3796.09     -5.3516852E-009
          3807.38     -5.7245612E-009
          3818.67     -6.1198070E-009
          3829.96     -6.5388096E-009
          3841.25     -6.9830301E-009
          3852.54     -7.4540065E-009
          3863.83     -7.9533582E-009
          3875.12     -8.4827907E-009
          3886.41     -9.0440984E-009
          3897.70     -9.6391724E-009
          3908.98     -1.0270004E-008
          3920.27     -1.0938687E-008
          3931.56     -1.1647429E-008
          3942.85     -1.2398553E-008
          3954.14     -1.3194505E-008
          3965.43     -1.4037860E-008
          3976.72     -1.4931328E-008
          3988.01     -1.5877761E-008
          3999.30     -1.6880160E-008
          4010.59     -1.7941681E-008
          4021.88     -1.9065646E-008
          4033.16     -2.0255547E-008
          4044.45     -2.1515057E-008
          4055.74     -2.2848040E-008
          4067.03     -2.4258552E-008
          4078.32     -2.5750863E-008
          4089.61     -2.7329457E-008
          4100.90     -2.8999044E-008
          4112.19     -3.0764577E-008
          4123.48     -3.2631256E-008
          4134.77     -3.4604541E-008
          4146.05     -3.6690169E-008
          4157.34     -3.8894157E-008
          4168.63     -4.1222826E-008
          4179.92     -4.3682810E-008
          4191.21     -4.6281065E-008
          4202.50     -4.9024893E-008
          4213.79     -5.1921952E-008
          4225.08     -5.4980274E-008
          4236.37     -5.8208283E-008
          4247.66     -6.1614800E-008
          4258.95     -6.5209083E-008
          4270.23     -6.9000831E-008
          4281.52     -7.3000198E-008
          4292.81     -7.7217830E-008
          4304.10     -8.1664876E-008
          4315.39     -8.6353009E-008
          4326.68     -9.1294457E-008
          4337.97     -9.6502006E-008
          4349.26     -1.0198905E-007
          4360.55     -1.0776962E-007
          4371.84     -1.1385835E-007
          4383.12     -1.2027062E-007
          4394.41     -1.2702244E-007
          4405.70     -1.3413060E-007
          4416.99     -1.4161262E-007
          4428.28     -1.4948683E-007
          4439.57     -1.5777238E-007
          4450.86     -1.6648928E-007
          4462.15     -1.7565842E-007
          4473.44     -1.8530164E-007
          4484.73     -1.9544174E-007
          4496.02     -2.0610252E-007
          4507.30     -2.1730884E-007
          4518.59     -2.2908660E-007
          4529.88     -2.4146287E-007
          4541.17     -2.5446590E-007
          4552.46     -2.6812510E-007
          4563.75     -2.8247119E-007
          4575.04     -2.9753618E-007
          4586.33     -3.1335345E-007
          4597.62     -3.2995779E-007
          4608.91     -3.4738541E-007
          4620.20     -3.6567409E-007
          4631.48     -3.8486318E-007
          4642.77     -4.0499358E-007
          4654.06     -4.2610797E-007
          4665.35     -4.4825073E-007
          4676.64     -4.7146805E-007
          4687.93     -4.9580804E-007
          4699.22     -5.2132064E-007
          4710.51     -5.4805789E-007
          4721.80     -5.7607391E-007
          4733.09     -6.0542487E-007
          4744.38     -6.3616924E-007
          4755.66     -6.6836776E-007
          4766.95     -7.0208353E-007
          4778.24     -7.3738213E-007
          4789.53     -7.7433158E-007
          4800.82     -8.1300260E-007
          4812.11     -8.5346857E-007
          4823.40     -8.9580559E-007
          4834.69     -9.4009269E-007
          4845.98     -9.8641184E-007
          4857.27     -1.0348480E-006
          4868.55     -1.0854894E-006
          4879.84     -1.1384272E-006
          4891.13     -1.1937562E-006
          4902.42     -1.2515745E-006
          4913.71     -1.3119836E-006
          4925.00     -1.3750888E-006
          4936.29     -1.4409990E-006
          4947.58     -1.5098269E-006
          4958.87     -1.5816894E-006
          4970.16     -1.6567069E-006
          4981.45     -1.7350044E-006
          4992.73     -1.8167111E-006
          5004.02     -1.9019602E-006
          5015.31     -1.9908897E-006
          5026.60     -2.0836419E-006
          5037.89     -2.1803640E-006
          5049.18     -2.2812080E-006
          5060.47     -2.3863304E-006
          5071.76     -2.4958931E-006
          5083.05     -2.6100631E-006
          5094.34     -2.7290123E-006
          5105.62     -2.8529182E-006
          5116.91     -2.9819637E-006
          5128.20     -3.1163371E-006
          5139.49     -3.2562326E-006
          5150.78     -3.4018496E-006
          5162.07     -3.5533939E-006
          5173.36     -3.7110770E-006
          5184.65     -3.8751161E-006
          5195.94     -4.0457349E-006
          5207.23     -4.2231631E-006
          5218.52     -4.4076368E-006
          5229.80     -4.5993984E-006
          5241.09     -4.7986964E-006
          5252.38     -5.0057861E-006
          5263.67     -5.2209294E-006
          5274.96     -5.4443941E-006
          5286.25     -5.6764553E-006
          5297.54     -5.9173944E-006
          5308.83     -6.1674993E-006
          5320.12     -6.4270650E-006
          5331.41     -6.6963923E-006
          5342.70     -6.9757891E-006
          5353.98     -7.2655703E-006
          5365.27     -7.5660561E-006
          5376.56     -7.8775742E-006
          5387.85     -8.2004584E-006
          5399.14     -8.5350487E-006
          5410.43     -8.8816914E-006
          5421.72     -9.2407381E-006
          5433.01     -9.6125469E-006
          5444.30     -9.9974819E-006
          5455.59     -1.0395911E-005
          5466.88     -1.0808209E-005
          5478.16     -1.1234754E-005
          5489.45     -1.1675930E-005
          5500.74     -1.2132125E-005
          5512.03     -1.2603730E-005
          5523.32     -1.3091140E-005
          5534.61     -1.3594753E-005
          5545.90     -1.4114970E-005
          5557.19     -1.4652193E-005
          5568.48     -1.5206826E-005
          5579.77     -1.5779271E-005
          5591.05     -1.6369930E-005
          5602.34     -1.6979199E-005
          5613.63     -1.7607479E-005
          5624.92     -1.8255167E-005
          5636.21     -1.8922654E-005
          5647.50     -1.9610332E-005
          5658.79     -2.0318586E-005
          5670.08     -2.1047796E-005
          5681.37     -2.1798314E-005
          5692.66     -2.2570465E-005
          5703.95     -2.3498574E-005
          5715.23     -2.4707014E-005
          5726.52     -2.6182014E-005
          5737.81     -2.7910867E-005
          5749.10     -2.9881857E-005
          5760.39     -3.2084209E-005
          5771.68     -3.4508028E-005
          5782.97     -3.7144247E-005
          5794.26     -3.9984655E-005
          5805.55     -4.3021808E-005
          5816.84     -4.6248872E-005
          5828.12     -4.9659592E-005
          5839.41     -5.3248242E-005
          5850.70     -5.7009587E-005
          5861.99     -6.0938853E-005
          5873.28     -6.5031678E-005
          5884.57     -6.9284098E-005
          5895.86     -7.3692505E-005
          5907.15     -7.8253605E-005
          5918.44     -8.2964365E-005
          5929.73     -8.7821982E-005
          5941.02     -9.2823918E-005
          5952.30     -9.7967882E-005
          5963.59     -1.0325178E-004
          5974.88     -1.0913773E-004
          5986.17     -1.1603113E-004
          5997.46     -1.2384787E-004
          6008.75     -1.3250752E-004
          6020.04     -1.4193298E-004
          6031.33     -1.5205024E-004
          6042.62     -1.6278798E-004
          6053.91     -1.7407698E-004
          6065.20     -1.8584980E-004
          6076.48     -1.9804060E-004
          6087.77     -2.1058476E-004
          6099.06     -2.2341858E-004
          6110.35     -2.3647886E-004
          6121.64     -2.4970264E-004
          6132.93     -2.6302682E-004
          6144.22     -2.7638810E-004
          6155.51     -2.8972316E-004
          6166.80     -3.0296843E-004
          6178.09     -3.1615976E-004
          6189.38     -3.2927565E-004
          6200.66     -3.4216518E-004
          6211.95     -3.5467586E-004
          6223.24     -3.6665300E-004
          6234.53     -3.7793920E-004
          6245.82     -3.8837383E-004
          6257.11     -3.9779245E-004
          6268.40     -4.0602627E-004
          6279.69     -4.1290162E-004
          6290.98     -4.1823934E-004
          6302.27     -4.2185416E-004
          6313.55     -4.2419213E-004
          6324.84     -4.2582994E-004
          6336.13     -4.2677078E-004
          6347.42     -4.2701445E-004
          6358.71     -4.2655734E-004
          6370.00     -4.2539253E-004
