          3480.00      0.0000000E+000
          3491.29      6.7264103E+001
          3502.58      6.6423284E+001
          3513.87      6.5598616E+001
          3525.16      6.4789588E+001
          3536.45      6.3995692E+001
          3547.73      6.3216425E+001
          3559.02      6.2451291E+001
          3570.31      6.1699800E+001
          3581.60      6.0961467E+001
          3592.89      6.0235811E+001
          3604.18      5.9522355E+001
          3615.47      5.8820614E+001
          3626.76      5.8130103E+001
          3638.05      5.7450347E+001
          3649.34      5.6780881E+001
          3660.62      5.6121247E+001
          3671.91      5.5470997E+001
          3683.20      5.4829689E+001
          3694.49      5.4196890E+001
          3705.78      5.3572176E+001
          3717.07      5.2955129E+001
          3728.36      5.2343272E+001
          3739.65      5.1732090E+001
          3750.94      5.1119744E+001
          3762.23      5.0506943E+001
          3773.52      4.9894246E+001
          3784.80      4.9282095E+001
          3796.09      4.8670837E+001
          3807.38      4.8060738E+001
          3818.67      4.7451999E+001
          3829.96      4.6844767E+001
          3841.25      4.6239142E+001
          3852.54      4.5635182E+001
          3863.83      4.5032913E+001
          3875.12      4.4432332E+001
          3886.41      4.3833413E+001
          3897.70      4.3236106E+001
          3908.98      4.2640344E+001
          3920.27      4.2046046E+001
          3931.56      4.1453115E+001
          3942.85      4.0861444E+001
          3954.14      4.0270916E+001
          3965.43      3.9681408E+001
          3976.72      3.9092789E+001
          3988.01      3.8504921E+001
          3999.30      3.7917661E+001
          4010.59      3.7347507E+001
          4021.88      3.6808766E+001
          4033.16      3.6298148E+001
          4044.45      3.5812562E+001
          4055.74      3.5349117E+001
          4067.03      3.4905129E+001
          4078.32      3.4478112E+001
          4089.61      3.4065772E+001
          4100.90      3.3666005E+001
          4112.19      3.3276881E+001
          4123.48      3.2896636E+001
          4134.77      3.2523659E+001
          4146.05      3.2156486E+001
          4157.34      3.1793785E+001
          4168.63      3.1434344E+001
          4179.92      3.1077064E+001
          4191.21      3.0720950E+001
          4202.50      3.0365099E+001
          4213.79      3.0008692E+001
          4225.08      2.9650987E+001
          4236.37      2.9291312E+001
          4247.66      2.8929059E+001
          4258.95      2.8563673E+001
          4270.23      2.8194652E+001
          4281.52      2.7857242E+001
          4292.81      2.7593416E+001
          4304.10      2.7405023E+001
          4315.39      2.7281315E+001
          4326.68      2.7212235E+001
          4337.97      2.7188510E+001
          4349.26      2.7201697E+001
          4360.55      2.7244188E+001
          4371.84      2.7309199E+001
          4383.12      2.7390724E+001
          4394.41      2.7483487E+001
          4405.70      2.7582884E+001
          4416.99      2.7684924E+001
          4428.28      2.7786169E+001
          4439.57      2.7883671E+001
          4450.86      2.7974921E+001
          4462.15      2.8057791E+001
          4473.44      2.8130487E+001
          4484.73      2.8191508E+001
          4496.02      2.8239601E+001
          4507.30      2.8273733E+001
          4518.59      2.8293051E+001
          4529.88      2.8296864E+001
          4541.17      2.8284610E+001
          4552.46      2.8255842E+001
          4563.75      2.8210206E+001
          4575.04      2.8147425E+001
          4586.33      2.8067289E+001
          4597.62      2.7969636E+001
          4608.91      2.7854349E+001
          4620.20      2.7721343E+001
          4631.48      2.7570559E+001
          4642.77      2.7401956E+001
          4654.06      2.7215506E+001
          4665.35      2.7011190E+001
          4676.64      2.6788993E+001
          4687.93      2.6548901E+001
          4699.22      2.6290896E+001
          4710.51      2.6014957E+001
          4721.80      2.5721052E+001
          4733.09      2.5409144E+001
          4744.38      2.5079181E+001
          4755.66      2.4731098E+001
          4766.95      2.4364818E+001
          4778.24      2.3980246E+001
          4789.53      2.3577271E+001
          4800.82      2.3155766E+001
          4812.11      2.2715582E+001
          4823.40      2.2256552E+001
          4834.69      2.1778487E+001
          4845.98      2.1263147E+001
          4857.27      2.0694520E+001
          4868.55      2.0075432E+001
          4879.84      1.9408337E+001
          4891.13      1.8695366E+001
          4902.42      1.7938371E+001
          4913.71      1.7138961E+001
          4925.00      1.6298529E+001
          4936.29      1.5418278E+001
          4947.58      1.4499244E+001
          4958.87      1.3542308E+001
          4970.16      1.2548217E+001
          4981.45      1.1517593E+001
          4992.73      1.0450943E+001
          5004.02      9.3486713E+000
          5015.31      8.2110814E+000
          5026.60      7.0383872E+000
          5037.89      5.8307163E+000
          5049.18      4.5881134E+000
          5060.47      3.3105481E+000
          5071.76      1.9979113E+000
          5083.05      6.5002038E-001
          5094.34     -7.4480189E-001
          5105.62     -2.1980664E+000
          5116.91     -3.7098841E+000
          5128.20     -5.2805328E+000
          5139.49     -6.9104516E+000
          5150.78     -8.6002307E+000
          5162.07     -1.0350616E+001
          5173.36     -1.2162505E+001
          5184.65     -1.4036937E+001
          5195.94     -1.5975109E+001
          5207.23     -1.7978366E+001
          5218.52     -2.0048212E+001
          5229.80     -2.2186307E+001
          5241.09     -2.4394474E+001
          5252.38     -2.6674712E+001
          5263.67     -2.9029199E+001
          5274.96     -3.1460295E+001
          5286.25     -3.3970562E+001
          5297.54     -3.6562771E+001
          5308.83     -3.9239917E+001
          5320.12     -4.2005232E+001
          5331.41     -4.4862192E+001
          5342.70     -4.7814555E+001
          5353.98     -5.0866367E+001
          5365.27     -5.3669850E+001
          5376.56     -5.5875740E+001
          5387.85     -5.7498513E+001
          5399.14     -5.8567169E+001
          5410.43     -5.9122172E+001
          5421.72     -5.9212158E+001
          5433.01     -5.8890721E+001
          5444.30     -5.8213522E+001
          5455.59     -5.7235881E+001
          5466.88     -5.6010894E+001
          5478.16     -5.4588101E+001
          5489.45     -5.3012628E+001
          5500.74     -5.1324742E+001
          5512.03     -4.9559731E+001
          5523.32     -4.7748013E+001
          5534.61     -4.5915411E+001
          5545.90     -4.4083541E+001
          5557.19     -4.2270227E+001
          5568.48     -4.0489957E+001
          5579.77     -3.8754336E+001
          5591.05     -3.7072495E+001
          5602.34     -3.5451451E+001
          5613.63     -3.3896437E+001
          5624.92     -3.2411203E+001
          5636.21     -3.0998293E+001
          5647.50     -2.9659255E+001
          5658.79     -2.8394841E+001
          5670.08     -2.7205173E+001
          5681.37     -2.6089981E+001
          5692.66     -2.5048688E+001
          5703.95     -2.4080366E+001
          5715.23     -2.2654847E+001
          5726.52     -2.0401633E+001
          5737.81     -1.7555374E+001
          5749.10     -1.4328851E+001
          5760.39     -1.0900700E+001
          5771.68     -7.4117493E+000
          5782.97     -3.8737297E+000
          5794.26     -3.1692154E-001
          5805.55      3.1491451E+000
          5816.84      6.4507095E+000
          5828.12      9.5417963E+000
          5839.41      1.2396874E+001
          5850.70      1.5004765E+001
          5861.99      1.7363909E+001
          5873.28      1.9478809E+001
          5884.57      2.1357501E+001
          5895.86      2.3009754E+001
          5907.15      2.4445836E+001
          5918.44      2.5675672E+001
          5929.73      2.6708320E+001
          5941.02      2.7551651E+001
          5952.30      2.8212093E+001
          5963.59      2.8694430E+001
          5974.88      2.9001659E+001
          5986.17      2.9180206E+001
          5997.46      2.9279241E+001
          6008.75      2.9303738E+001
          6020.04      2.9257851E+001
          6031.33      2.9145047E+001
          6042.62      2.8968190E+001
          6053.91      2.8729599E+001
          6065.20      2.8431108E+001
          6076.48      2.8074121E+001
          6087.77      2.7659653E+001
          6099.06      2.7188356E+001
          6110.35      2.6660535E+001
          6121.64      2.6076172E+001
          6132.93      2.5434924E+001
          6144.22      2.4736143E+001
          6155.51      2.3984783E+001
          6166.80      2.3186461E+001
          6178.09      2.2341187E+001
          6189.38      2.1448799E+001
          6200.66      2.0508970E+001
          6211.95      1.9521206E+001
          6223.24      1.8484850E+001
          6234.53      1.7399091E+001
          6245.82      1.6262954E+001
          6257.11      1.5075304E+001
          6268.40      1.3834846E+001
          6279.69      1.2540114E+001
          6290.98      1.1189432E+001
          6302.27      9.7810299E+000
          6313.55      8.3130394E+000
          6324.84      6.7834064E+000
          6336.13      5.1898716E+000
          6347.42      3.5299628E+000
          6358.71      1.8009859E+000
          6370.00      0.0000000E+000
