          3480.00     -3.2019772E-033
          3491.29     -1.1336385E-012
          3502.58     -2.1573424E-012
          3513.87     -3.0818901E-012
          3525.16     -3.9169541E-012
          3536.45     -4.6711971E-012
          3547.73     -5.3523496E-012
          3559.02     -5.9672816E-012
          3570.31     -6.5220704E-012
          3581.60     -7.0220560E-012
          3592.89     -7.4718920E-012
          3604.18     -7.8755851E-012
          3615.47     -8.2365220E-012
          3626.76     -8.5575072E-012
          3638.05     -8.8407991E-012
          3649.34     -9.0881322E-012
          3660.62     -9.3007388E-012
          3671.91     -9.4793625E-012
          3683.20     -9.6242705E-012
          3694.49     -9.7352609E-012
          3705.78     -9.8116668E-012
          3717.07     -9.8523578E-012
          3728.36     -9.8449281E-012
          3739.65     -9.7636962E-012
          3750.94     -9.5947139E-012
          3762.23     -9.3374293E-012
          3773.52     -8.9904080E-012
          3784.80     -8.5513394E-012
          3796.09     -8.0170407E-012
          3807.38     -7.3834558E-012
          3818.67     -6.6456464E-012
          3829.96     -5.7977752E-012
          3841.25     -4.8330813E-012
          3852.54     -3.7438576E-012
          3863.83     -2.5214195E-012
          3875.12     -1.1560678E-012
          3886.41      3.6294790E-013
          3897.70      2.0474822E-012
          3908.98      3.9105433E-012
          3920.27      5.9663445E-012
          3931.56      8.2303771E-012
          3942.85      1.0719473E-011
          3954.14      1.3451872E-011
          3965.43      1.6447302E-011
          3976.72      1.9727065E-011
          3988.01      2.3314148E-011
          3999.30      2.7233316E-011
          4010.59      3.1183712E-011
          4021.88      3.4892373E-011
          4033.16      3.8425354E-011
          4044.45      4.1846514E-011
          4055.74      4.5217965E-011
          4067.03      4.8600481E-011
          4078.32      5.2053929E-011
          4089.61      5.5637651E-011
          4100.90      5.9410836E-011
          4112.19      6.3432912E-011
          4123.48      6.7763900E-011
          4134.77      7.2464773E-011
          4146.05      7.7597818E-011
          4157.34      8.3226973E-011
          4168.63      8.9418204E-011
          4179.92      9.6239854E-011
          4191.21      1.0376297E-010
          4202.50      1.1206173E-010
          4213.79      1.2121374E-010
          4225.08      1.3130047E-010
          4236.37      1.4240762E-010
          4247.66      1.5462550E-010
          4258.95      1.6804947E-010
          4270.23      1.8278038E-010
          4281.52      1.9632032E-010
          4292.81      2.0547199E-010
          4304.10      2.0980980E-010
          4315.39      2.0983363E-010
          4326.68      2.0601187E-010
          4337.97      1.9878479E-010
          4349.26      1.8856763E-010
          4360.55      1.7575364E-010
          4371.84      1.6071668E-010
          4383.12      1.4381408E-010
          4394.41      1.2538943E-010
          4405.70      1.0577478E-010
          4416.99      8.5292939E-011
          4428.28      6.4259778E-011
          4439.57      4.2986274E-011
          4450.86      2.1780677E-011
          4462.15      9.5062514E-013
          4473.44     -1.9194960E-011
          4484.73     -3.8343808E-011
          4496.02     -5.6178361E-011
          4507.30     -7.2373832E-011
          4518.59     -8.6596201E-011
          4529.88     -9.8500349E-011
          4541.17     -1.0772804E-010
          4552.46     -1.1390592E-010
          4563.75     -1.1664358E-010
          4575.04     -1.1553139E-010
          4586.33     -1.1013847E-010
          4597.62     -1.0001043E-010
          4608.91     -8.4667272E-011
          4620.20     -6.3600979E-011
          4631.48     -3.6273191E-011
          4642.77     -2.1128215E-012
          4654.06      3.9486635E-011
          4665.35      8.9169663E-011
          4676.64      1.4762150E-010
          4687.93      2.1557111E-010
          4699.22      2.9379390E-010
          4710.51      3.8311530E-010
          4721.80      4.8441384E-010
          4733.09      5.9862432E-010
          4744.38      7.2674192E-010
          4755.66      8.6982568E-010
          4766.95      1.0290025E-009
          4778.24      1.2054716E-009
          4789.53      1.4005079E-009
          4800.82      1.6154679E-009
          4812.11      1.8517942E-009
          4823.40      2.1110192E-009
          4834.69      2.3947723E-009
          4845.98      2.7312720E-009
          4857.27      3.1468408E-009
          4868.55      3.6406185E-009
          4879.84      4.2121072E-009
          4891.13      4.8611638E-009
          4902.42      5.5879919E-009
          4913.71      6.3931326E-009
          4925.00      7.2774633E-009
          4936.29      8.2421914E-009
          4947.58      9.2888520E-009
          4958.87      1.0419308E-008
          4970.16      1.1635744E-008
          4981.45      1.2940675E-008
          4992.73      1.4336945E-008
          5004.02      1.5827726E-008
          5015.31      1.7416527E-008
          5026.60      1.9107199E-008
          5037.89      2.0903936E-008
          5049.18      2.2811290E-008
          5060.47      2.4834166E-008
          5071.76      2.6977847E-008
          5083.05      2.9247994E-008
          5094.34      3.1681064E-008
          5105.62      3.4312348E-008
          5116.91      3.7146559E-008
          5128.20      4.0189098E-008
          5139.49      4.3446060E-008
          5150.78      4.6924233E-008
          5162.07      5.0631115E-008
          5173.36      5.4574922E-008
          5184.65      5.8764588E-008
          5195.94      6.3209792E-008
          5207.23      6.7920970E-008
          5218.52      7.2909327E-008
          5229.80      7.8186867E-008
          5241.09      8.3766392E-008
          5252.38      8.9661554E-008
          5263.67      9.5886867E-008
          5274.96      1.0245772E-007
          5286.25      1.0939043E-007
          5297.54      1.1670227E-007
          5308.83      1.2441147E-007
          5320.12      1.3253733E-007
          5331.41      1.4110013E-007
          5342.70      1.5012132E-007
          5353.98      1.5962344E-007
          5365.27      1.6840196E-007
          5376.56      1.7533219E-007
          5387.85      1.8055103E-007
          5399.14      1.8418741E-007
          5410.43      1.8636291E-007
          5421.72      1.8719223E-007
          5433.01      1.8678380E-007
          5444.30      1.8524019E-007
          5455.59      1.8265861E-007
          5466.88      1.7913135E-007
          5478.16      1.7474617E-007
          5489.45      1.6958671E-007
          5500.74      1.6373290E-007
          5512.03      1.5726127E-007
          5523.32      1.5024535E-007
          5534.61      1.4275594E-007
          5545.90      1.3486154E-007
          5557.19      1.2662854E-007
          5568.48      1.1812160E-007
          5579.77      1.0940406E-007
          5591.05      1.0053823E-007
          5602.34      9.1585495E-008
          5613.63      8.2606538E-008
          5624.92      7.3661595E-008
          5636.21      6.4810755E-008
          5647.50      5.6114156E-008
          5658.79      4.7632273E-008
          5670.08      3.9426161E-008
          5681.37      3.1559040E-008
          5692.66      2.4096400E-008
          5703.95      1.7104670E-008
          5715.23     -4.9028758E-009
          5726.52     -5.5801327E-008
          5737.81     -1.3319836E-007
          5749.10     -2.3481728E-007
          5760.39     -3.5848811E-007
          5771.68     -5.0213919E-007
          5782.97     -6.6878430E-007
          5794.26     -8.6067531E-007
          5805.55     -1.0747469E-006
          5816.84     -1.3080197E-006
          5828.12     -1.5575890E-006
          5839.41     -1.8206127E-006
          5850.70     -2.0942999E-006
          5861.99     -2.3759013E-006
          5873.28     -2.6626971E-006
          5884.57     -2.9519887E-006
          5895.86     -3.2410877E-006
          5907.15     -3.5273051E-006
          5918.44     -3.8079400E-006
          5929.73     -4.0802737E-006
          5941.02     -4.3415685E-006
          5952.30     -4.5890596E-006
          5963.59     -4.8199451E-006
          5974.88     -5.0313776E-006
          5986.17     -5.2230151E-006
          5997.46     -5.3968367E-006
          6008.75     -5.5533810E-006
          6020.04     -5.6931122E-006
          6031.33     -5.8164256E-006
          6042.62     -5.9236493E-006
          6053.91     -6.0150419E-006
          6065.20     -6.0907943E-006
          6076.48     -6.1510317E-006
          6087.77     -6.1958147E-006
          6099.06     -6.2251392E-006
          6110.35     -6.2389363E-006
          6121.64     -6.2370717E-006
          6132.93     -6.2193441E-006
          6144.22     -6.1854867E-006
          6155.51     -6.1310759E-006
          6166.80     -6.0519837E-006
          6178.09     -5.9482737E-006
          6189.38     -5.8199205E-006
          6200.66     -5.6668095E-006
          6211.95     -5.4887370E-006
          6223.24     -5.2854101E-006
          6234.53     -5.0564485E-006
          6245.82     -4.8013825E-006
          6257.11     -4.5196541E-006
          6268.40     -4.2106169E-006
          6279.69     -3.8735343E-006
          6290.98     -3.5067434E-006
          6302.27     -3.1085398E-006
          6313.55     -2.6779829E-006
          6324.84     -2.2140345E-006
          6336.13     -1.7155551E-006
          6347.42     -1.1813031E-006
          6358.71     -6.0993486E-007
          6370.00     -1.6774519E-039
