          3480.00      0.0000000E+000
          3491.29      4.2680472E-001
          3502.58      8.5539667E-001
          3513.87      1.2865738E+000
          3525.16      1.7211285E+000
          3536.45      2.1598515E+000
          3547.73      2.6035317E+000
          3559.02      3.0529568E+000
          3570.31      3.5089166E+000
          3581.60      3.9722028E+000
          3592.89      4.4436106E+000
          3604.18      4.9239393E+000
          3615.47      5.4139894E+000
          3626.76      5.9145679E+000
          3638.05      6.4264898E+000
          3649.34      6.9505785E+000
          3660.62      7.4876689E+000
          3671.91      8.0386067E+000
          3683.20      8.6042504E+000
          3694.49      9.1854721E+000
          3705.78      9.7831571E+000
          3717.07      1.0398207E+001
          3728.36      1.1030671E+001
          3739.65      1.1679603E+001
          3750.94      1.2345088E+001
          3762.23      1.3028367E+001
          3773.52      1.3730681E+001
          3784.80      1.4453279E+001
          3796.09      1.5197419E+001
          3807.38      1.5964370E+001
          3818.67      1.6755415E+001
          3829.96      1.7571850E+001
          3841.25      1.8414990E+001
          3852.54      1.9286168E+001
          3863.83      2.0186737E+001
          3875.12      2.1118075E+001
          3886.41      2.2081580E+001
          3897.70      2.3078679E+001
          3908.98      2.4110826E+001
          3920.27      2.5179503E+001
          3931.56      2.6286225E+001
          3942.85      2.7432539E+001
          3954.14      2.8620025E+001
          3965.43      2.9850305E+001
          3976.72      3.1125031E+001
          3988.01      3.2445899E+001
          3999.30      3.3814647E+001
          4010.59      3.5253233E+001
          4021.88      3.6782375E+001
          4033.16      3.8402121E+001
          4044.45      4.0112718E+001
          4055.74      4.1914601E+001
          4067.03      4.3808383E+001
          4078.32      4.5794856E+001
          4089.61      4.7874985E+001
          4100.90      5.0049893E+001
          4112.19      5.2320869E+001
          4123.48      5.4689356E+001
          4134.77      5.7156949E+001
          4146.05      5.9725393E+001
          4157.34      6.2396572E+001
          4168.63      6.5172518E+001
          4179.92      6.8055403E+001
          4191.21      7.1047528E+001
          4202.50      7.4151336E+001
          4213.79      7.7369402E+001
          4225.08      8.0704428E+001
          4236.37      8.4159254E+001
          4247.66      8.7736834E+001
          4258.95      9.1440260E+001
          4270.23      9.5272750E+001
          4281.52      9.9343834E+001
          4292.81      1.0379336E+002
          4304.10      1.0864954E+002
          4315.39      1.1390307E+002
          4326.68      1.1954566E+002
          4337.97      1.2556993E+002
          4349.26      1.3196944E+002
          4360.55      1.3873858E+002
          4371.84      1.4587252E+002
          4383.12      1.5336725E+002
          4394.41      1.6121941E+002
          4405.70      1.6942636E+002
          4416.99      1.7798610E+002
          4428.28      1.8689720E+002
          4439.57      1.9615887E+002
          4450.86      2.0577083E+002
          4462.15      2.1573332E+002
          4473.44      2.2604708E+002
          4484.73      2.3671331E+002
          4496.02      2.4773366E+002
          4507.30      2.5911019E+002
          4518.59      2.7084532E+002
          4529.88      2.8294187E+002
          4541.17      2.9540302E+002
          4552.46      3.0823223E+002
          4563.75      3.2143330E+002
          4575.04      3.3501030E+002
          4586.33      3.4896758E+002
          4597.62      3.6330973E+002
          4608.91      3.7804155E+002
          4620.20      3.9316807E+002
          4631.48      4.0869452E+002
          4642.77      4.2462627E+002
          4654.06      4.4096888E+002
          4665.35      4.5772804E+002
          4676.64      4.7490954E+002
          4687.93      4.9251932E+002
          4699.22      5.1056335E+002
          4710.51      5.2904769E+002
          4721.80      5.4797849E+002
          4733.09      5.6736185E+002
          4744.38      5.8720395E+002
          4755.66      6.0751093E+002
          4766.95      6.2828892E+002
          4778.24      6.4954401E+002
          4789.53      6.7128219E+002
          4800.82      6.9350939E+002
          4812.11      7.1623145E+002
          4823.40      7.3945401E+002
          4834.69      7.6318263E+002
          4845.98      7.8699082E+002
          4857.27      8.1048217E+002
          4868.55      8.3370539E+002
          4879.84      8.5670672E+002
          4891.13      8.7953024E+002
          4902.42      9.0221785E+002
          4913.71      9.2480932E+002
          4925.00      9.4734253E+002
          4936.29      9.6985340E+002
          4947.58      9.9237605E+002
          4958.87      1.0149429E+003
          4970.16      1.0375845E+003
          4981.45      1.0603300E+003
          4992.73      1.0832068E+003
          5004.02      1.1062409E+003
          5015.31      1.1294567E+003
          5026.60      1.1528772E+003
          5037.89      1.1765241E+003
          5049.18      1.2004176E+003
          5060.47      1.2245765E+003
          5071.76      1.2490185E+003
          5083.05      1.2737598E+003
          5094.34      1.2984570E+003
          5105.62      1.3227798E+003
          5116.91      1.3467609E+003
          5128.20      1.3704301E+003
          5139.49      1.3938147E+003
          5150.78      1.4169388E+003
          5162.07      1.4398241E+003
          5173.36      1.4624896E+003
          5184.65      1.4849516E+003
          5195.94      1.5072239E+003
          5207.23      1.5293178E+003
          5218.52      1.5512418E+003
          5229.80      1.5730023E+003
          5241.09      1.5946029E+003
          5252.38      1.6160447E+003
          5263.67      1.6373265E+003
          5274.96      1.6584444E+003
          5286.25      1.6793920E+003
          5297.54      1.7001604E+003
          5308.83      1.7207383E+003
          5320.12      1.7411116E+003
          5331.41      1.7612636E+003
          5342.70      1.7811751E+003
          5353.98      1.8008241E+003
          5365.27      1.8296663E+003
          5376.56      1.8766667E+003
          5387.85      1.9410925E+003
          5399.14      2.0222467E+003
          5410.43      2.1194653E+003
          5421.72      2.2321161E+003
          5433.01      2.3595967E+003
          5444.30      2.5013334E+003
          5455.59      2.6567785E+003
          5466.88      2.8254100E+003
          5478.16      3.0067295E+003
          5489.45      3.2002607E+003
          5500.74      3.4055488E+003
          5512.03      3.6221579E+003
          5523.32      3.8496712E+003
          5534.61      4.0876891E+003
          5545.90      4.3358272E+003
          5557.19      4.5937167E+003
          5568.48      4.8610024E+003
          5579.77      5.1373408E+003
          5591.05      5.4223989E+003
          5602.34      5.7158541E+003
          5613.63      6.0173948E+003
          5624.92      6.3267184E+003
          5636.21      6.6435300E+003
          5647.50      6.9675428E+003
          5658.79      7.2984762E+003
          5670.08      7.6360553E+003
          5681.37      7.9800013E+003
          5692.66      8.3300309E+003
          5703.95      8.6858686E+003
          5715.23      9.1077489E+003
          5726.52      9.6483295E+003
          5737.81      1.0296210E+004
          5749.10      1.1040287E+004
          5760.39      1.1869731E+004
          5771.68      1.2773973E+004
          5782.97      1.3758143E+004
          5794.26      1.4823895E+004
          5805.55      1.5955801E+004
          5816.84      1.7138602E+004
          5828.12      1.8357176E+004
          5839.41      1.9596508E+004
          5850.70      2.0841664E+004
          5861.99      2.2077761E+004
          5873.28      2.3289938E+004
          5884.57      2.4463338E+004
          5895.86      2.5583071E+004
          5907.15      2.6634195E+004
          5918.44      2.7601681E+004
          5929.73      2.8470415E+004
          5941.02      2.9225206E+004
          5952.30      2.9850765E+004
          5963.59      3.0331680E+004
          5974.88      3.0652398E+004
          5986.17      3.0863263E+004
          5997.46      3.1023632E+004
          6008.75      3.1131296E+004
          6020.04      3.1183961E+004
          6031.33      3.1179243E+004
          6042.62      3.1114659E+004
          6053.91      3.0987620E+004
          6065.20      3.0795430E+004
          6076.48      3.0535277E+004
          6087.77      3.0204228E+004
          6099.06      2.9799225E+004
          6110.35      2.9317078E+004
          6121.64      2.8754462E+004
          6132.93      2.8107929E+004
          6144.22      2.7373916E+004
          6155.51      2.6573593E+004
          6166.80      2.5728865E+004
          6178.09      2.4837100E+004
          6189.38      2.3895572E+004
          6200.66      2.2901461E+004
          6211.95      2.1851857E+004
          6223.24      2.0743748E+004
          6234.53      1.9574029E+004
          6245.82      1.8339488E+004
          6257.11      1.7036804E+004
          6268.40      1.5662550E+004
          6279.69      1.4213180E+004
          6290.98      1.2693555E+004
          6302.27      1.1108452E+004
          6313.55      9.4540263E+003
          6324.84      7.7263332E+003
          6336.13      5.9213136E+003
          6347.42      4.0347947E+003
          6358.71      2.0624924E+003
          6370.00      0.0000000E+000
