          3480.00      3.1229853E-021
          3491.29      6.2359174E-005
          3502.58      1.2531671E-004
          3513.87      1.8937987E-004
          3525.16      2.5505861E-004
          3536.45      3.2286995E-004
          3547.73      3.9334175E-004
          3559.02      4.6701645E-004
          3570.31      5.4445537E-004
          3581.60      6.2624253E-004
          3592.89      7.1298871E-004
          3604.18      8.0533552E-004
          3615.47      9.0395893E-004
          3626.76      1.0095744E-003
          3638.05      1.1229416E-003
          3649.34      1.2448689E-003
          3660.62      1.3762194E-003
          3671.91      1.5179152E-003
          3683.20      1.6709437E-003
          3694.49      1.8363632E-003
          3705.78      2.0153092E-003
          3717.07      2.2090015E-003
          3728.36      2.4180172E-003
          3739.65      2.6421647E-003
          3750.94      2.8822345E-003
          3762.23      3.1401024E-003
          3773.52      3.4177241E-003
          3784.80      3.7171494E-003
          3796.09      4.0405350E-003
          3807.38      4.3901615E-003
          3818.67      4.7684472E-003
          3829.96      5.1779619E-003
          3841.25      5.6214446E-003
          3852.54      6.1018187E-003
          3863.83      6.6222089E-003
          3875.12      7.1859601E-003
          3886.41      7.7966538E-003
          3897.70      8.4581308E-003
          3908.98      9.1745108E-003
          3920.27      9.9502123E-003
          3931.56      1.0789980E-002
          3942.85      1.1698905E-002
          3954.14      1.2682458E-002
          3965.43      1.3746511E-002
          3976.72      1.4897367E-002
          3988.01      1.6141797E-002
          3999.30      1.7487070E-002
          4010.59      1.8982362E-002
          4021.88      2.0673059E-002
          4033.16      2.2562412E-002
          4044.45      2.4655339E-002
          4055.74      2.6958378E-002
          4067.03      2.9479659E-002
          4078.32      3.2228898E-002
          4089.61      3.5217391E-002
          4100.90      3.8458019E-002
          4112.19      4.1965282E-002
          4123.48      4.5755320E-002
          4134.77      4.9845962E-002
          4146.05      5.4256782E-002
          4157.34      5.9009144E-002
          4168.63      6.4126300E-002
          4179.92      6.9633466E-002
          4191.21      7.5557891E-002
          4202.50      8.1928999E-002
          4213.79      8.8778473E-002
          4225.08      9.6140394E-002
          4236.37      1.0405137E-001
          4247.66      1.1255067E-001
          4258.95      1.2168040E-001
          4270.23      1.3148568E-001
          4281.52      1.4258195E-001
          4292.81      1.5573038E-001
          4304.10      1.7108663E-001
          4315.39      1.8861354E-001
          4326.68      2.0829328E-001
          4337.97      2.3012623E-001
          4349.26      2.5413016E-001
          4360.55      2.8033950E-001
          4371.84      3.0880461E-001
          4383.12      3.3959148E-001
          4394.41      3.7278116E-001
          4405.70      4.0846959E-001
          4416.99      4.4676755E-001
          4428.28      4.8780035E-001
          4439.57      5.3170820E-001
          4450.86      5.7864613E-001
          4462.15      6.2878412E-001
          4473.44      6.8230763E-001
          4484.73      7.3941775E-001
          4496.02      8.0033172E-001
          4507.30      8.6528345E-001
          4518.59      9.3452390E-001
          4529.88      1.0083220E+000
          4541.17      1.0869653E+000
          4552.46      1.1707604E+000
          4563.75      1.2600343E+000
          4575.04      1.3551351E+000
          4586.33      1.4564328E+000
          4597.62      1.5643207E+000
          4608.91      1.6792159E+000
          4620.20      1.8015614E+000
          4631.48      1.9318268E+000
          4642.77      2.0705091E+000
          4654.06      2.2181354E+000
          4665.35      2.3752633E+000
          4676.64      2.5424831E+000
          4687.93      2.7204190E+000
          4699.22      2.9097309E+000
          4710.51      3.1111164E+000
          4721.80      3.3253130E+000
          4733.09      3.5530988E+000
          4744.38      3.7952962E+000
          4755.66      4.0527732E+000
          4766.95      4.3264457E+000
          4778.24      4.6172801E+000
          4789.53      4.9262953E+000
          4800.82      5.2545658E+000
          4812.11      5.6032246E+000
          4823.40      5.9734645E+000
          4834.69      6.3665432E+000
          4845.98      6.7676889E+000
          4857.27      7.1637174E+000
          4868.55      7.5581570E+000
          4879.84      7.9543429E+000
          4891.13      8.3554432E+000
          4902.42      8.7644811E+000
          4913.71      9.1843546E+000
          4925.00      9.6178580E+000
          4936.29      1.0067699E+001
          4947.58      1.0536514E+001
          4958.87      1.1026886E+001
          4970.16      1.1541358E+001
          4981.45      1.2082446E+001
          4992.73      1.2652652E+001
          5004.02      1.3254475E+001
          5015.31      1.3890425E+001
          5026.60      1.4563028E+001
          5037.89      1.5274843E+001
          5049.18      1.6028465E+001
          5060.47      1.6826538E+001
          5071.76      1.7671760E+001
          5083.05      1.8566896E+001
          5094.34      1.9488101E+001
          5105.62      2.0413623E+001
          5116.91      2.1349152E+001
          5128.20      2.2300059E+001
          5139.49      2.3271426E+001
          5150.78      2.4268077E+001
          5162.07      2.5294602E+001
          5173.36      2.6355382E+001
          5184.65      2.7454606E+001
          5195.94      2.8596296E+001
          5207.23      2.9784317E+001
          5218.52      3.1022396E+001
          5229.80      3.2314131E+001
          5241.09      3.3663001E+001
          5252.38      3.5072375E+001
          5263.67      3.6545522E+001
          5274.96      3.8085608E+001
          5286.25      3.9695707E+001
          5297.54      4.1378795E+001
          5308.83      4.3137755E+001
          5320.12      4.4975372E+001
          5331.41      4.6894327E+001
          5342.70      4.8897195E+001
          5353.98      5.0986436E+001
          5365.27      5.4827155E+001
          5376.56      6.1936292E+001
          5387.85      7.2112013E+001
          5399.14      8.5175074E+001
          5410.43      1.0096713E+002
          5421.72      1.1934908E+002
          5433.01      1.4019973E+002
          5444.30      1.6341441E+002
          5455.59      1.8890368E+002
          5466.88      2.1659232E+002
          5478.16      2.4641821E+002
          5489.45      2.7833145E+002
          5500.74      3.1229345E+002
          5512.03      3.4827602E+002
          5523.32      3.8626082E+002
          5534.61      4.2623853E+002
          5545.90      4.6820813E+002
          5557.19      5.1217652E+002
          5568.48      5.5815778E+002
          5579.77      6.0617251E+002
          5591.05      6.5624740E+002
          5602.34      7.0841485E+002
          5613.63      7.6271279E+002
          5624.92      8.1918420E+002
          5636.21      8.7787650E+002
          5647.50      9.3884149E+002
          5658.79      1.0021347E+003
          5670.08      1.0678153E+003
          5681.37      1.1359436E+003
          5692.66      1.2065810E+003
          5703.95      1.2797927E+003
          5715.23      1.3885382E+003
          5726.52      1.5617708E+003
          5737.81      1.7938974E+003
          5749.10      2.0797551E+003
          5760.39      2.4145707E+003
          5771.68      2.7939238E+003
          5782.97      3.2239982E+003
          5794.26      3.7090114E+003
          5805.55      4.2421111E+003
          5816.84      4.8167429E+003
          5828.12      5.4266002E+003
          5839.41      6.0655729E+003
          5850.70      6.7276998E+003
          5861.99      7.4071236E+003
          5873.28      8.0980426E+003
          5884.57      8.7946703E+003
          5895.86      9.4911897E+003
          5907.15      1.0181708E+004
          5918.44      1.0860212E+004
          5929.73      1.1520533E+004
          5941.02      1.2156327E+004
          5952.30      1.2761028E+004
          5963.59      1.3327807E+004
          5974.88      1.3849530E+004
          5986.17      1.4325018E+004
          5997.46      1.4759420E+004
          6008.75      1.5154546E+004
          6020.04      1.5511817E+004
          6031.33      1.5832271E+004
          6042.62      1.6116579E+004
          6053.91      1.6365038E+004
          6065.20      1.6577578E+004
          6076.48      1.6753766E+004
          6087.77      1.6892799E+004
          6099.06      1.6993504E+004
          6110.35      1.7054331E+004
          6121.64      1.7073345E+004
          6132.93      1.7048224E+004
          6144.22      1.6976252E+004
          6155.51      1.6854479E+004
          6166.80      1.6680543E+004
          6178.09      1.6451990E+004
          6189.38      1.6165913E+004
          6200.66      1.5818941E+004
          6211.95      1.5407221E+004
          6223.24      1.4926404E+004
          6234.53      1.4371626E+004
          6245.82      1.3737492E+004
          6257.11      1.3018049E+004
          6268.40      1.2206764E+004
          6279.69      1.1296496E+004
          6290.98      1.0289162E+004
          6302.27      9.1860065E+003
          6313.55      7.9779548E+003
          6324.84      6.6553007E+003
          6336.13      5.2076608E+003
          6347.42      3.6239353E+003
          6358.71      1.8922691E+003
          6370.00      5.3001352E-047
