          3480.00      0.0000000E+000
          3491.29      1.1486079E-004
          3502.58      2.3076303E-004
          3513.87      3.4857351E-004
          3525.16      4.6916272E-004
          3536.45      5.9341179E-004
          3547.73      7.2221848E-004
          3559.02      8.5650302E-004
          3570.31      9.9721503E-004
          3581.60      1.1453394E-003
          3592.89      1.3019025E-003
          3604.18      1.4679789E-003
          3615.47      1.6446963E-003
          3626.76      1.8332438E-003
          3638.05      2.0348791E-003
          3649.34      2.2509355E-003
          3660.62      2.4828308E-003
          3671.91      2.7320743E-003
          3683.20      3.0002758E-003
          3694.49      3.2891547E-003
          3705.78      3.6005483E-003
          3717.07      3.9364236E-003
          3728.36      4.2976692E-003
          3739.65      4.6838864E-003
          3750.94      5.0962872E-003
          3762.23      5.5378663E-003
          3773.52      6.0117372E-003
          3784.80      6.5211532E-003
          3796.09      7.0695270E-003
          3807.38      7.6604551E-003
          3818.67      8.2977385E-003
          3829.96      8.9854021E-003
          3841.25      9.7277215E-003
          3852.54      1.0529244E-002
          3863.83      1.1394814E-002
          3875.12      1.2329599E-002
          3886.41      1.3339114E-002
          3897.70      1.4429253E-002
          3908.98      1.5606319E-002
          3920.27      1.6877046E-002
          3931.56      1.8248647E-002
          3942.85      1.9728836E-002
          3954.14      2.1325872E-002
          3965.43      2.3048597E-002
          3976.72      2.4906474E-002
          3988.01      2.6909633E-002
          3999.30      2.9068920E-002
          4010.59      3.1459974E-002
          4021.88      3.4152695E-002
          4033.16      3.7151712E-002
          4044.45      4.0464041E-002
          4055.74      4.4099035E-002
          4067.03      4.8068323E-002
          4078.32      5.2385807E-002
          4089.61      5.7067647E-002
          4100.90      6.2132253E-002
          4112.19      6.7600335E-002
          4123.48      7.3494922E-002
          4134.77      7.9841422E-002
          4146.05      8.6667689E-002
          4157.34      9.4004078E-002
          4168.63      1.0188357E-001
          4179.92      1.1034188E-001
          4191.21      1.1941751E-001
          4202.50      1.2915197E-001
          4213.79      1.3958984E-001
          4225.08      1.5077901E-001
          4236.37      1.6277078E-001
          4247.66      1.7562004E-001
          4258.95      1.8938555E-001
          4270.23      2.0413008E-001
          4281.52      2.2074112E-001
          4292.81      2.4031852E-001
          4304.10      2.6308693E-001
          4315.39      2.8899085E-001
          4326.68      3.1800091E-001
          4337.97      3.5011232E-001
          4349.26      3.8534381E-001
          4360.55      4.2373653E-001
          4371.84      4.6535313E-001
          4383.12      5.1027720E-001
          4394.41      5.5861255E-001
          4405.70      6.1048288E-001
          4416.99      6.6603158E-001
          4428.28      7.2542134E-001
          4439.57      7.8883446E-001
          4450.86      8.5647274E-001
          4462.15      9.2855750E-001
          4473.44      1.0053302E+000
          4484.73      1.0870524E+000
          4496.02      1.1740067E+000
          4507.30      1.2664968E+000
          4518.59      1.3648483E+000
          4529.88      1.4694095E+000
          4541.17      1.5805523E+000
          4552.46      1.6986724E+000
          4563.75      1.8241912E+000
          4575.04      1.9575562E+000
          4586.33      2.0992423E+000
          4597.62      2.2497530E+000
          4608.91      2.4096212E+000
          4620.20      2.5794114E+000
          4631.48      2.7597208E+000
          4642.77      2.9511798E+000
          4654.06      3.1544553E+000
          4665.35      3.3702511E+000
          4676.64      3.5993104E+000
          4687.93      3.8424170E+000
          4699.22      4.1003972E+000
          4710.51      4.3741228E+000
          4721.80      4.6645122E+000
          4733.09      4.9725327E+000
          4744.38      5.2992033E+000
          4755.66      5.6455966E+000
          4766.95      6.0128418E+000
          4778.24      6.4021269E+000
          4789.53      6.8147007E+000
          4800.82      7.2518771E+000
          4812.11      7.7150376E+000
          4823.40      8.2056325E+000
          4834.69      8.7251865E+000
          4845.98      9.2548283E+000
          4857.27      9.7776487E+000
          4868.55      1.0297979E+001
          4879.84      1.0819917E+001
          4891.13      1.1347355E+001
          4902.42      1.1884007E+001
          4913.71      1.2433430E+001
          4925.00      1.2999050E+001
          4936.29      1.3584181E+001
          4947.58      1.4192045E+001
          4958.87      1.4825790E+001
          4970.16      1.5488502E+001
          4981.45      1.6183228E+001
          4992.73      1.6912988E+001
          5004.02      1.7680783E+001
          5015.31      1.8489616E+001
          5026.60      1.9342498E+001
          5037.89      2.0242460E+001
          5049.18      2.1192570E+001
          5060.47      2.2195929E+001
          5071.76      2.3255696E+001
          5083.05      2.4375088E+001
          5094.34      2.5525053E+001
          5105.62      2.6678962E+001
          5116.91      2.7843401E+001
          5128.20      2.9024580E+001
          5139.49      3.0228365E+001
          5150.78      3.1460306E+001
          5162.07      3.2725674E+001
          5173.36      3.4029479E+001
          5184.65      3.5376492E+001
          5195.94      3.6771269E+001
          5207.23      3.8218169E+001
          5218.52      3.9721363E+001
          5229.80      4.1284853E+001
          5241.09      4.2912478E+001
          5252.38      4.4607924E+001
          5263.67      4.6374735E+001
          5274.96      4.8216304E+001
          5286.25      5.0135893E+001
          5297.54      5.2136619E+001
          5308.83      5.4221459E+001
          5320.12      5.6393247E+001
          5331.41      5.8654660E+001
          5342.70      6.1008221E+001
          5353.98      6.3456287E+001
          5365.27      6.7896212E+001
          5376.56      7.6061379E+001
          5387.85      8.7727246E+001
          5399.14      1.0269335E+002
          5410.43      1.2078154E+002
          5421.72      1.4183425E+002
          5433.01      1.6571309E+002
          5444.30      1.9229739E+002
          5455.59      2.2148283E+002
          5466.88      2.5318036E+002
          5478.16      2.8731508E+002
          5489.45      3.2382516E+002
          5500.74      3.6266100E+002
          5512.03      4.0378418E+002
          5523.32      4.4716685E+002
          5534.61      4.9279090E+002
          5545.90      5.4064712E+002
          5557.19      5.9073478E+002
          5568.48      6.4306082E+002
          5579.77      6.9763919E+002
          5591.05      7.5449024E+002
          5602.34      8.1364042E+002
          5613.63      8.7512201E+002
          5624.92      9.3897263E+002
          5636.21      1.0052345E+003
          5647.50      1.0739545E+003
          5658.79      1.1451832E+003
          5670.08      1.2189750E+003
          5681.37      1.2953852E+003
          5692.66      1.3744702E+003
          5703.95      1.4562899E+003
          5715.23      1.5757322E+003
          5726.52      1.7634545E+003
          5737.81      2.0135202E+003
          5749.10      2.3204220E+003
          5760.39      2.6790413E+003
          5771.68      3.0846117E+003
          5782.97      3.5434535E+003
          5794.26      4.0598217E+003
          5805.55      4.6263666E+003
          5816.84      5.2360326E+003
          5828.12      5.8820074E+003
          5839.41      6.5576714E+003
          5850.70      7.2565505E+003
          5861.99      7.9722703E+003
          5873.28      8.6985083E+003
          5884.57      9.4289540E+003
          5895.86      1.0157262E+004
          5907.15      1.0877009E+004
          5918.44      1.1581644E+004
          5929.73      1.2264463E+004
          5941.02      1.2918578E+004
          5952.30      1.3536883E+004
          5963.59      1.4112005E+004
          5974.88      1.4636268E+004
          5986.17      1.5110922E+004
          5997.46      1.5543700E+004
          6008.75      1.5936108E+004
          6020.04      1.6289286E+004
          6031.33      1.6604017E+004
          6042.62      1.6880733E+004
          6053.91      1.7119513E+004
          6065.20      1.7320085E+004
          6076.48      1.7481830E+004
          6087.77      1.7603776E+004
          6099.06      1.7684593E+004
          6110.35      1.7722590E+004
          6121.64      1.7715705E+004
          6132.93      1.7661503E+004
          6144.22      1.7557174E+004
          6155.51      1.7401515E+004
          6166.80      1.7193872E+004
          6178.09      1.6931673E+004
          6189.38      1.6611930E+004
          6200.66      1.6231226E+004
          6211.95      1.5785699E+004
          6223.24      1.5271032E+004
          6234.53      1.4682433E+004
          6245.82      1.4014618E+004
          6257.11      1.3261788E+004
          6268.40      1.2417615E+004
          6279.69      1.1475206E+004
          6290.98      1.0436848E+004
          6302.27      9.3042013E+003
          6313.55      8.0685897E+003
          6324.84      6.7207632E+003
          6336.13      5.2508550E+003
          6347.42      3.6483477E+003
          6358.71      1.9020400E+003
          6370.00      0.0000000E+000
