          3480.00     -3.3904316E-023
          3491.29      1.6712457E-002
          3502.58      3.3519046E-002
          3513.87      5.0480212E-002
          3525.16      6.7656215E-002
          3536.45      8.5107427E-002
          3547.73      1.0289450E-001
          3559.02      1.2107851E-001
          3570.31      1.3972127E-001
          3581.60      1.5888543E-001
          3592.89      1.7863471E-001
          3604.18      1.9903408E-001
          3615.47      2.2014972E-001
          3626.76      2.4204944E-001
          3638.05      2.6480288E-001
          3649.34      2.8848163E-001
          3660.62      3.1315952E-001
          3671.91      3.3891279E-001
          3683.20      3.6582026E-001
          3694.49      3.9396354E-001
          3705.78      4.2342719E-001
          3717.07      4.5429901E-001
          3728.36      4.8660007E-001
          3739.65      5.2027295E-001
          3750.94      5.5534599E-001
          3762.23      5.9194325E-001
          3773.52      6.3019089E-001
          3784.80      6.7021766E-001
          3796.09      7.1215511E-001
          3807.38      7.5613833E-001
          3818.67      8.0230621E-001
          3829.96      8.5080169E-001
          3841.25      9.0177239E-001
          3852.54      9.5537085E-001
          3863.83      1.0117550E+000
          3875.12      1.0710885E+000
          3886.41      1.1335411E+000
          3897.70      1.1992893E+000
          3908.98      1.2685165E+000
          3920.27      1.3414132E+000
          3931.56      1.4181783E+000
          3942.85      1.4990183E+000
          3954.14      1.5841490E+000
          3965.43      1.6737952E+000
          3976.72      1.7681912E+000
          3988.01      1.8675814E+000
          3999.30      1.9722210E+000
          4010.59      2.0845438E+000
          4021.88      2.2068268E+000
          4033.16      2.3391276E+000
          4044.45      2.4815437E+000
          4055.74      2.6342109E+000
          4067.03      2.7973017E+000
          4078.32      2.9710255E+000
          4089.61      3.1556269E+000
          4100.90      3.3513850E+000
          4112.19      3.5586138E+000
          4123.48      3.7776609E+000
          4134.77      4.0089079E+000
          4146.05      4.2527700E+000
          4157.34      4.5096953E+000
          4168.63      4.7801663E+000
          4179.92      5.0646991E+000
          4191.21      5.3638434E+000
          4202.50      5.6781840E+000
          4213.79      6.0083400E+000
          4225.08      6.3549664E+000
          4236.37      6.7187539E+000
          4247.66      7.1004294E+000
          4258.95      7.5007579E+000
          4270.23      7.9205425E+000
          4281.52      8.3766896E+000
          4292.81      8.8905237E+000
          4304.10      9.4663715E+000
          4315.39      1.0102931E+001
          4326.68      1.0799167E+001
          4337.97      1.1554292E+001
          4349.26      1.2367759E+001
          4360.55      1.3239248E+001
          4371.84      1.4168650E+001
          4383.12      1.5156065E+001
          4394.41      1.6201786E+001
          4405.70      1.7306293E+001
          4416.99      1.8470249E+001
          4428.28      1.9694483E+001
          4439.57      2.0980000E+001
          4450.86      2.2327962E+001
          4462.15      2.3739687E+001
          4473.44      2.5216648E+001
          4484.73      2.6760468E+001
          4496.02      2.8372913E+001
          4507.30      3.0055893E+001
          4518.59      3.1811454E+001
          4529.88      3.3641784E+001
          4541.17      3.5549206E+001
          4552.46      3.7536174E+001
          4563.75      3.9605277E+001
          4575.04      4.1759235E+001
          4586.33      4.4000899E+001
          4597.62      4.6333252E+001
          4608.91      4.8759399E+001
          4620.20      5.1282582E+001
          4631.48      5.3906169E+001
          4642.77      5.6633654E+001
          4654.06      5.9468663E+001
          4665.35      6.2414949E+001
          4676.64      6.5476397E+001
          4687.93      6.8657019E+001
          4699.22      7.1960953E+001
          4710.51      7.5392471E+001
          4721.80      7.8955977E+001
          4733.09      8.2655996E+001
          4744.38      8.6497192E+001
          4755.66      9.0484356E+001
          4766.95      9.4622410E+001
          4778.24      9.8916410E+001
          4789.53      1.0337153E+002
          4800.82      1.0799309E+002
          4812.11      1.1278653E+002
          4823.40      1.1775742E+002
          4834.69      1.2291146E+002
          4845.98      1.2811694E+002
          4857.27      1.3325266E+002
          4868.55      1.3833934E+002
          4879.84      1.4339665E+002
          4891.13      1.4844335E+002
          4902.42      1.5349727E+002
          4913.71      1.5857544E+002
          4925.00      1.6369414E+002
          4936.29      1.6886893E+002
          4947.58      1.7411471E+002
          4958.87      1.7944581E+002
          4970.16      1.8487595E+002
          4981.45      1.9041836E+002
          4992.73      1.9608578E+002
          5004.02      2.0189049E+002
          5015.31      2.0784435E+002
          5026.60      2.1395886E+002
          5037.89      2.2024512E+002
          5049.18      2.2671393E+002
          5060.47      2.3337572E+002
          5071.76      2.4024066E+002
          5083.05      2.4731865E+002
          5094.34      2.5447231E+002
          5105.62      2.6157146E+002
          5116.91      2.6863542E+002
          5128.20      2.7568216E+002
          5139.49      2.8272832E+002
          5150.78      2.8978924E+002
          5162.07      2.9687908E+002
          5173.36      3.0401082E+002
          5184.65      3.1119625E+002
          5195.94      3.1844609E+002
          5207.23      3.2576994E+002
          5218.52      3.3317634E+002
          5229.80      3.4067279E+002
          5241.09      3.4826571E+002
          5252.38      3.5596051E+002
          5263.67      3.6376157E+002
          5274.96      3.7167219E+002
          5286.25      3.7969468E+002
          5297.54      3.8783026E+002
          5308.83      3.9607909E+002
          5320.12      4.0444025E+002
          5331.41      4.1291168E+002
          5342.70      4.2149022E+002
          5353.98      4.3017153E+002
          5365.27      4.4419419E+002
          5376.56      4.6845564E+002
          5387.85      5.0246627E+002
          5399.14      5.4577113E+002
          5410.43      5.9794792E+002
          5421.72      6.5860479E+002
          5433.01      7.2737877E+002
          5444.30      8.0393384E+002
          5455.59      8.8795903E+002
          5466.88      9.7916720E+002
          5478.16      1.0772933E+003
          5489.45      1.1820932E+003
          5500.74      1.2933419E+003
          5512.03      1.4108324E+003
          5523.32      1.5343749E+003
          5534.61      1.6637951E+003
          5545.90      1.7989330E+003
          5557.19      1.9396423E+003
          5568.48      2.0857892E+003
          5579.77      2.2372505E+003
          5591.05      2.3939131E+003
          5602.34      2.5556735E+003
          5613.63      2.7224372E+003
          5624.92      2.8941182E+003
          5636.21      3.0706371E+003
          5647.50      3.2519217E+003
          5658.79      3.4379052E+003
          5670.08      3.6285259E+003
          5681.37      3.8237213E+003
          5692.66      4.0234275E+003
          5703.95      4.2275861E+003
          5715.23      4.4879619E+003
          5726.52      4.8500144E+003
          5737.81      5.3045305E+003
          5749.10      5.8426695E+003
          5760.39      6.4559320E+003
          5771.68      7.1361314E+003
          5782.97      7.8898439E+003
          5794.26      8.7206880E+003
          5805.55      9.6164866E+003
          5816.84      1.0565292E+004
          5828.12      1.1555344E+004
          5839.41      1.2575028E+004
          5850.70      1.3612836E+004
          5861.99      1.4657325E+004
          5873.28      1.5697081E+004
          5884.57      1.6720683E+004
          5895.86      1.7716666E+004
          5907.15      1.8673479E+004
          5918.44      1.9579449E+004
          5929.73      2.0422763E+004
          5941.02      2.1191458E+004
          5952.30      2.1873395E+004
          5963.59      2.2456219E+004
          5974.88      2.2927330E+004
          5986.17      2.3314673E+004
          5997.46      2.3654184E+004
          6008.75      2.3944913E+004
          6020.04      2.4185727E+004
          6031.33      2.4375311E+004
          6042.62      2.4512160E+004
          6053.91      2.4594574E+004
          6065.20      2.4620649E+004
          6076.48      2.4588281E+004
          6087.77      2.4495152E+004
          6099.06      2.4338726E+004
          6110.35      2.4116243E+004
          6121.64      2.3824714E+004
          6132.93      2.3460923E+004
          6144.22      2.3021434E+004
          6155.51      2.2519501E+004
          6166.80      2.1968912E+004
          6178.09      2.1366724E+004
          6189.38      2.0709810E+004
          6200.66      1.9994854E+004
          6211.95      1.9218342E+004
          6223.24      1.8376560E+004
          6234.53      1.7465588E+004
          6245.82      1.6481283E+004
          6257.11      1.5419281E+004
          6268.40      1.4274984E+004
          6279.69      1.3043550E+004
          6290.98      1.1729395E+004
          6302.27      1.0336671E+004
          6313.55      8.8597783E+003
          6324.84      7.2928902E+003
          6336.13      5.6299313E+003
          6347.42      3.8645707E+003
          6358.71      1.9902171E+003
          6370.00      3.5780423E-042
