          3480.00     -1.7486903E-036
          3491.29     -4.4458626E-008
          3502.58     -8.9003943E-008
          3513.87     -1.3366912E-007
          3525.16     -1.7848682E-007
          3536.45     -2.2348946E-007
          3547.73     -2.6870911E-007
          3559.02     -3.1417741E-007
          3570.31     -3.5992583E-007
          3581.60     -4.0598550E-007
          3592.89     -4.5238732E-007
          3604.18     -4.9916185E-007
          3615.47     -5.4633901E-007
          3626.76     -5.9394842E-007
          3638.05     -6.4201957E-007
          3649.34     -6.9058162E-007
          3660.62     -7.3966376E-007
          3671.91     -7.8929496E-007
          3683.20     -8.3950411E-007
          3694.49     -8.9032002E-007
          3705.78     -9.4177125E-007
          3717.07     -9.9388644E-007
          3728.36     -1.0466581E-006
          3739.65     -1.1000374E-006
          3750.94     -1.1540176E-006
          3762.23     -1.2086387E-006
          3773.52     -1.2639404E-006
          3784.80     -1.3199619E-006
          3796.09     -1.3767423E-006
          3807.38     -1.4343202E-006
          3818.67     -1.4927342E-006
          3829.96     -1.5520224E-006
          3841.25     -1.6122231E-006
          3852.54     -1.6733739E-006
          3863.83     -1.7355128E-006
          3875.12     -1.7986772E-006
          3886.41     -1.8629045E-006
          3897.70     -1.9282322E-006
          3908.98     -1.9946976E-006
          3920.27     -2.0623378E-006
          3931.56     -2.1311902E-006
          3942.85     -2.2012917E-006
          3954.14     -2.2726797E-006
          3965.43     -2.3453916E-006
          3976.72     -2.4194645E-006
          3988.01     -2.4949359E-006
          3999.30     -2.5718431E-006
          4010.59     -2.6508971E-006
          4021.88     -2.7327730E-006
          4033.16     -2.8174569E-006
          4044.45     -2.9049370E-006
          4055.74     -2.9952046E-006
          4067.03     -3.0882526E-006
          4078.32     -3.1840766E-006
          4089.61     -3.2826742E-006
          4100.90     -3.3840448E-006
          4112.19     -3.4881900E-006
          4123.48     -3.5951132E-006
          4134.77     -3.7048193E-006
          4146.05     -3.8173152E-006
          4157.34     -3.9326089E-006
          4168.63     -4.0507103E-006
          4179.92     -4.1716306E-006
          4191.21     -4.2953821E-006
          4202.50     -4.4219786E-006
          4213.79     -4.5514350E-006
          4225.08     -4.6837674E-006
          4236.37     -4.8189930E-006
          4247.66     -4.9571296E-006
          4258.95     -5.0981962E-006
          4270.23     -5.2422129E-006
          4281.52     -5.3918155E-006
          4292.81     -5.5504148E-006
          4304.10     -5.7186932E-006
          4315.39     -5.8964061E-006
          4326.68     -6.0833204E-006
          4337.97     -6.2792128E-006
          4349.26     -6.4838708E-006
          4360.55     -6.6970915E-006
          4371.84     -6.9186803E-006
          4383.12     -7.1484519E-006
          4394.41     -7.3862281E-006
          4405.70     -7.6318383E-006
          4416.99     -7.8851189E-006
          4428.28     -8.1459122E-006
          4439.57     -8.4140671E-006
          4450.86     -8.6894383E-006
          4462.15     -8.9718849E-006
          4473.44     -9.2612714E-006
          4484.73     -9.5574666E-006
          4496.02     -9.8603433E-006
          4507.30     -1.0169778E-005
          4518.59     -1.0485650E-005
          4529.88     -1.0807842E-005
          4541.17     -1.1136240E-005
          4552.46     -1.1470730E-005
          4563.75     -1.1811201E-005
          4575.04     -1.2157545E-005
          4586.33     -1.2509654E-005
          4597.62     -1.2867420E-005
          4608.91     -1.3230737E-005
          4620.20     -1.3599498E-005
          4631.48     -1.3973597E-005
          4642.77     -1.4352927E-005
          4654.06     -1.4737382E-005
          4665.35     -1.5126851E-005
          4676.64     -1.5521227E-005
          4687.93     -1.5920398E-005
          4699.22     -1.6324250E-005
          4710.51     -1.6732669E-005
          4721.80     -1.7145538E-005
          4733.09     -1.7562734E-005
          4744.38     -1.7984135E-005
          4755.66     -1.8409616E-005
          4766.95     -1.8839044E-005
          4778.24     -1.9272286E-005
          4789.53     -1.9709204E-005
          4800.82     -2.0149654E-005
          4812.11     -2.0593490E-005
          4823.40     -2.1040557E-005
          4834.69     -2.1490698E-005
          4845.98     -2.1939082E-005
          4857.27     -2.2381217E-005
          4868.55     -2.2817430E-005
          4879.84     -2.3248032E-005
          4891.13     -2.3673318E-005
          4902.42     -2.4093566E-005
          4913.71     -2.4509034E-005
          4925.00     -2.4919969E-005
          4936.29     -2.5326598E-005
          4947.58     -2.5729136E-005
          4958.87     -2.6127781E-005
          4970.16     -2.6522714E-005
          4981.45     -2.6914106E-005
          4992.73     -2.7302110E-005
          5004.02     -2.7686864E-005
          5015.31     -2.8068496E-005
          5026.60     -2.8447115E-005
          5037.89     -2.8822820E-005
          5049.18     -2.9195695E-005
          5060.47     -2.9565809E-005
          5071.76     -2.9933219E-005
          5083.05     -3.0297970E-005
          5094.34     -3.0657048E-005
          5105.62     -3.1007536E-005
          5116.91     -3.1349596E-005
          5128.20     -3.1683366E-005
          5139.49     -3.2008969E-005
          5150.78     -3.2326505E-005
          5162.07     -3.2636058E-005
          5173.36     -3.2937692E-005
          5184.65     -3.3231451E-005
          5195.94     -3.3517363E-005
          5207.23     -3.3795435E-005
          5218.52     -3.4065657E-005
          5229.80     -3.4328001E-005
          5241.09     -3.4582421E-005
          5252.38     -3.4828851E-005
          5263.67     -3.5067211E-005
          5274.96     -3.5297397E-005
          5286.25     -3.5519293E-005
          5297.54     -3.5732762E-005
          5308.83     -3.5937647E-005
          5320.12     -3.6133778E-005
          5331.41     -3.6320963E-005
          5342.70     -3.6498991E-005
          5353.98     -3.6667637E-005
          5365.27     -3.6896695E-005
          5376.56     -3.7253370E-005
          5387.85     -3.7733625E-005
          5399.14     -3.8333537E-005
          5410.43     -3.9049295E-005
          5421.72     -3.9877190E-005
          5433.01     -4.0813618E-005
          5444.30     -4.1855071E-005
          5455.59     -4.2998129E-005
          5466.88     -4.4239464E-005
          5478.16     -4.5575828E-005
          5489.45     -4.7004055E-005
          5500.74     -4.8521054E-005
          5512.03     -5.0123802E-005
          5523.32     -5.1809348E-005
          5534.61     -5.3574805E-005
          5545.90     -5.5417342E-005
          5557.19     -5.7334191E-005
          5568.48     -5.9322633E-005
          5579.77     -6.1379994E-005
          5591.05     -6.3503638E-005
          5602.34     -6.5690970E-005
          5613.63     -6.7939443E-005
          5624.92     -7.0246551E-005
          5636.21     -7.2609819E-005
          5647.50     -7.5026815E-005
          5658.79     -7.7495136E-005
          5670.08     -8.0012405E-005
          5681.37     -8.2576210E-005
          5692.66     -8.5184091E-005
          5703.95     -8.7833637E-005
          5715.23     -9.0886988E-005
          5726.52     -9.4671345E-005
          5737.81     -9.9132730E-005
          5749.10     -1.0421819E-004
          5760.39     -1.0987576E-004
          5771.68     -1.1605444E-004
          5782.97     -1.2281351E-004
          5794.26     -1.3019645E-004
          5805.55     -1.3813011E-004
          5816.84     -1.4654199E-004
          5828.12     -1.5536031E-004
          5839.41     -1.6451384E-004
          5850.70     -1.7393187E-004
          5861.99     -1.8354418E-004
          5873.28     -1.9328091E-004
          5884.57     -2.0307258E-004
          5895.86     -2.1284998E-004
          5907.15     -2.2254415E-004
          5918.44     -2.3208619E-004
          5929.73     -2.4140738E-004
          5941.02     -2.5043930E-004
          5952.30     -2.5911376E-004
          5963.59     -2.6736279E-004
          5974.88     -2.7511862E-004
          5986.17     -2.8252169E-004
          5997.46     -2.8975508E-004
          6008.75     -2.9681501E-004
          6020.04     -3.0369755E-004
          6031.33     -3.1039875E-004
          6042.62     -3.1691457E-004
          6053.91     -3.2324081E-004
          6065.20     -3.2937312E-004
          6076.48     -3.3530700E-004
          6087.77     -3.4103778E-004
          6099.06     -3.4656065E-004
          6110.35     -3.5187060E-004
          6121.64     -3.5696238E-004
          6132.93     -3.6183052E-004
          6144.22     -3.6646926E-004
          6155.51     -3.7091047E-004
          6166.80     -3.7519076E-004
          6178.09     -3.7931133E-004
          6189.38     -3.8327332E-004
          6200.66     -3.8707766E-004
          6211.95     -3.9072511E-004
          6223.24     -3.9421624E-004
          6234.53     -3.9755143E-004
          6245.82     -4.0073090E-004
          6257.11     -4.0375467E-004
          6268.40     -4.0662260E-004
          6279.69     -4.0933437E-004
          6290.98     -4.1188999E-004
          6302.27     -4.1428977E-004
          6313.55     -4.1653350E-004
          6324.84     -4.1862082E-004
          6336.13     -4.2055119E-004
          6347.42     -4.2232388E-004
          6358.71     -4.2393802E-004
          6370.00     -4.2539253E-004
