          3480.00     -1.4347624E-035
          3491.29      1.0553034E-010
          3502.58      2.1343768E-010
          3513.87      3.2230417E-010
          3525.16      4.3072182E-010
          3536.45      5.3728505E-010
          3547.73      6.4058249E-010
          3559.02      7.3918896E-010
          3570.31      8.3165842E-010
          3581.60      9.1651607E-010
          3592.89      9.9225099E-010
          3604.18      1.0573088E-009
          3615.47      1.1178245E-009
          3626.76      1.1810220E-009
          3638.05      1.2469474E-009
          3649.34      1.3156513E-009
          3660.62      1.3871897E-009
          3671.91      1.4616232E-009
          3683.20      1.5390167E-009
          3694.49      1.6194399E-009
          3705.78      1.7029663E-009
          3717.07      1.7896739E-009
          3728.36      1.8796444E-009
          3739.65      1.9729637E-009
          3750.94      2.0708319E-009
          3762.23      2.1744850E-009
          3773.52      2.2840750E-009
          3784.80      2.3997669E-009
          3796.09      2.5217390E-009
          3807.38      2.6501831E-009
          3818.67      2.7853044E-009
          3829.96      2.9273211E-009
          3841.25      3.0764658E-009
          3852.54      3.2329842E-009
          3863.83      3.3971366E-009
          3875.12      3.5691973E-009
          3886.41      3.7494548E-009
          3897.70      3.9388626E-009
          3908.98      4.1383820E-009
          3920.27      4.3483394E-009
          3931.56      4.5690828E-009
          3942.85      4.8009812E-009
          3954.14      5.0444251E-009
          3965.43      5.2998271E-009
          3976.72      5.5676216E-009
          3988.01      5.8482664E-009
          3999.30      6.1422424E-009
          4010.59      6.4500537E-009
          4021.88      6.7722293E-009
          4033.16      7.1095887E-009
          4044.45      7.4629720E-009
          4055.74      7.8329793E-009
          4067.03      8.2202385E-009
          4078.32      8.6254081E-009
          4089.61      9.0491771E-009
          4100.90      9.4922645E-009
          4112.19      9.9554225E-009
          4123.48      1.0439436E-008
          4134.77      1.0945123E-008
          4146.05      1.1473337E-008
          4157.34      1.2024968E-008
          4168.63      1.2600940E-008
          4179.92      1.3202220E-008
          4191.21      1.3829808E-008
          4202.50      1.4484749E-008
          4213.79      1.5168129E-008
          4225.08      1.5881076E-008
          4236.37      1.6624762E-008
          4247.66      1.7400406E-008
          4258.95      1.8209272E-008
          4270.23      1.9052676E-008
          4281.52      1.9931982E-008
          4292.81      2.0848605E-008
          4304.10      2.1804017E-008
          4315.39      2.2799393E-008
          4326.68      2.3835977E-008
          4337.97      2.4915424E-008
          4349.26      2.6039453E-008
          4360.55      2.7209840E-008
          4371.84      2.8428423E-008
          4383.12      2.9697108E-008
          4394.41      3.1017868E-008
          4405.70      3.2392744E-008
          4416.99      3.3823853E-008
          4428.28      3.5313379E-008
          4439.57      3.6863591E-008
          4450.86      3.8475728E-008
          4462.15      4.0151147E-008
          4473.44      4.1892420E-008
          4484.73      4.3702197E-008
          4496.02      4.5583214E-008
          4507.30      4.7538293E-008
          4518.59      4.9570347E-008
          4529.88      5.1682384E-008
          4541.17      5.3877513E-008
          4552.46      5.6158936E-008
          4563.75      5.8529968E-008
          4575.04      6.0994030E-008
          4586.33      6.3554654E-008
          4597.62      6.6213319E-008
          4608.91      6.8971699E-008
          4620.20      7.1833812E-008
          4631.48      7.4803790E-008
          4642.77      7.7885879E-008
          4654.06      8.1084458E-008
          4665.35      8.4404036E-008
          4676.64      8.7849256E-008
          4687.93      9.1424906E-008
          4699.22      9.5135910E-008
          4710.51      9.8987354E-008
          4721.80      1.0298448E-007
          4733.09      1.0712711E-007
          4744.38      1.1141547E-007
          4755.66      1.1585563E-007
          4766.95      1.2045379E-007
          4778.24      1.2521633E-007
          4789.53      1.3014978E-007
          4800.82      1.3526084E-007
          4812.11      1.4055640E-007
          4823.40      1.4604354E-007
          4834.69      1.5172951E-007
          4845.98      1.5762179E-007
          4857.27      1.6372806E-007
          4868.55      1.7005621E-007
          4879.84      1.7660294E-007
          4891.13      1.8336567E-007
          4902.42      1.9035368E-007
          4913.71      1.9757644E-007
          4925.00      2.0504364E-007
          4936.29      2.1276516E-007
          4947.58      2.2075114E-007
          4958.87      2.2901193E-007
          4970.16      2.3755814E-007
          4981.45      2.4640065E-007
          4992.73      2.5555060E-007
          5004.02      2.6501941E-007
          5015.31      2.7479303E-007
          5026.60      2.8485883E-007
          5037.89      2.9523075E-007
          5049.18      3.0592297E-007
          5060.47      3.1694984E-007
          5071.76      3.2832600E-007
          5083.05      3.4006635E-007
          5094.34      3.5218604E-007
          5105.62      3.6470052E-007
          5116.91      3.7762558E-007
          5128.20      3.9097731E-007
          5139.49      4.0477217E-007
          5150.78      4.1897361E-007
          5162.07      4.3354797E-007
          5173.36      4.4851634E-007
          5184.65      4.6389995E-007
          5195.94      4.7972028E-007
          5207.23      4.9599902E-007
          5218.52      5.1275814E-007
          5229.80      5.3001990E-007
          5241.09      5.4780682E-007
          5252.38      5.6614182E-007
          5263.67      5.8504817E-007
          5274.96      6.0454949E-007
          5286.25      6.2466986E-007
          5297.54      6.4532331E-007
          5308.83      6.6642968E-007
          5320.12      6.8802219E-007
          5331.41      7.1013404E-007
          5342.70      7.3279862E-007
          5353.98      7.5604945E-007
          5365.27      7.7992018E-007
          5376.56      8.0444479E-007
          5387.85      8.2965749E-007
          5399.14      8.5559284E-007
          5410.43      8.8228577E-007
          5421.72      9.0977158E-007
          5433.01      9.3785932E-007
          5444.30      9.6637041E-007
          5455.59      9.9535876E-007
          5466.88      1.0248780E-006
          5478.16      1.0549815E-006
          5489.45      1.0857225E-006
          5500.74      1.1171543E-006
          5512.03      1.1493298E-006
          5523.32      1.1823023E-006
          5534.61      1.2161253E-006
          5545.90      1.2508523E-006
          5557.19      1.2865373E-006
          5568.48      1.3232343E-006
          5579.77      1.3605109E-006
          5591.05      1.3979633E-006
          5602.34      1.4356884E-006
          5613.63      1.4737819E-006
          5624.92      1.5123387E-006
          5636.21      1.5514525E-006
          5647.50      1.5912165E-006
          5658.79      1.6317232E-006
          5670.08      1.6730649E-006
          5681.37      1.7153344E-006
          5692.66      1.7586260E-006
          5703.95      1.8030336E-006
          5715.23      1.8374604E-006
          5726.52      1.8515522E-006
          5737.81      1.8464818E-006
          5749.10      1.8233756E-006
          5760.39      1.7833163E-006
          5771.68      1.7273448E-006
          5782.97      1.6564626E-006
          5794.26      1.5716280E-006
          5805.55      1.4737616E-006
          5816.84      1.3637554E-006
          5828.12      1.2424753E-006
          5839.41      1.1107627E-006
          5850.70      9.6549466E-007
          5861.99      8.0399739E-007
          5873.28      6.2774320E-007
          5884.57      4.3817184E-007
          5895.86      2.3669377E-007
          5907.15      2.4693597E-008
          5918.44     -1.9646450E-007
          5929.73     -4.2543516E-007
          5941.02     -6.6089521E-007
          5952.30     -9.0154160E-007
          5963.59     -1.1460882E-006
          5974.88     -1.3932637E-006
          5986.17     -1.6418086E-006
          5997.46     -1.8904731E-006
          6008.75     -2.1380189E-006
          6020.04     -2.3832155E-006
          6031.33     -2.6271249E-006
          6042.62     -2.8701123E-006
          6053.91     -3.1099164E-006
          6065.20     -3.3442815E-006
          6076.48     -3.5709558E-006
          6087.77     -3.7876864E-006
          6099.06     -3.9922123E-006
          6110.35     -4.1822572E-006
          6121.64     -4.3555248E-006
          6132.93     -4.5096913E-006
          6144.22     -4.6424082E-006
          6155.51     -4.7508966E-006
          6166.80     -4.8320187E-006
          6178.09     -4.8828598E-006
          6189.38     -4.9004744E-006
          6200.66     -4.8818675E-006
          6211.95     -4.8239865E-006
          6223.24     -4.7237157E-006
          6234.53     -4.5778724E-006
          6245.82     -4.3832017E-006
          6257.11     -4.1363722E-006
          6268.40     -3.8466915E-006
          6279.69     -3.5280893E-006
          6290.98     -3.1830277E-006
          6302.27     -2.8112513E-006
          6313.55     -2.4124625E-006
          6324.84     -1.9863227E-006
          6336.13     -1.5324505E-006
          6347.42     -1.0504224E-006
          6358.71     -5.3977466E-007
          6370.00      0.0000000E+000
