          3480.00      9.7568111E-031
          3491.29      2.9698910E-014
          3502.58      6.1478783E-014
          3513.87      9.5025337E-014
          3525.16      1.3004973E-013
          3536.45      1.6628107E-013
          3547.73      2.0345908E-013
          3559.02      2.4132695E-013
          3570.31      2.7962470E-013
          3581.60      3.1808229E-013
          3592.89      3.5641283E-013
          3604.18      3.9430572E-013
          3615.47      4.3337159E-013
          3626.76      4.7565016E-013
          3638.05      5.2146747E-013
          3649.34      5.7117146E-013
          3660.62      6.2513458E-013
          3671.91      6.8375608E-013
          3683.20      7.4746474E-013
          3694.49      8.1672161E-013
          3705.78      8.9202274E-013
          3717.07      9.7390263E-013
          3728.36      1.0629374E-012
          3739.65      1.1597479E-012
          3750.94      1.2652136E-012
          3762.23      1.3802785E-012
          3773.52      1.5057444E-012
          3784.80      1.6424820E-012
          3796.09      1.7914344E-012
          3807.38      1.9536242E-012
          3818.67      2.1301590E-012
          3829.96      2.3222371E-012
          3841.25      2.5311559E-012
          3852.54      2.7583182E-012
          3863.83      3.0052412E-012
          3875.12      3.2735645E-012
          3886.41      3.5650596E-012
          3897.70      3.8822082E-012
          3908.98      4.2276262E-012
          3920.27      4.6035273E-012
          3931.56      5.0123177E-012
          3942.85      5.4566085E-012
          3954.14      5.9392295E-012
          3965.43      6.4632451E-012
          3976.72      7.0319694E-012
          3988.01      7.6489863E-012
          3999.30      8.3181683E-012
          4010.59      9.0436945E-012
          4021.88      9.8300773E-012
          4033.16      1.0682712E-011
          4044.45      1.1607353E-011
          4055.74      1.2609634E-011
          4067.03      1.3695635E-011
          4078.32      1.4871926E-011
          4089.61      1.6145591E-011
          4100.90      1.7524265E-011
          4112.19      1.9016180E-011
          4123.48      2.0630200E-011
          4134.77      2.2375873E-011
          4146.05      2.4263472E-011
          4157.34      2.6304051E-011
          4168.63      2.8509502E-011
          4179.92      3.0892615E-011
          4191.21      3.3467133E-011
          4202.50      3.6247833E-011
          4213.79      3.9250593E-011
          4225.08      4.2492468E-011
          4236.37      4.5991779E-011
          4247.66      4.9768191E-011
          4258.95      5.3842825E-011
          4270.23      5.8238350E-011
          4281.52      6.2979082E-011
          4292.81      6.8091123E-011
          4304.10      7.3602466E-011
          4315.39      7.9540718E-011
          4326.68      8.5935816E-011
          4337.97      9.2822455E-011
          4349.26      1.0023778E-010
          4360.55      1.0822154E-010
          4371.84      1.1681625E-010
          4383.12      1.2606744E-010
          4394.41      1.3602381E-010
          4405.70      1.4673749E-010
          4416.99      1.5826427E-010
          4428.28      1.7066379E-010
          4439.57      1.8399992E-010
          4450.86      1.9832806E-010
          4462.15      2.1370925E-010
          4473.44      2.3022271E-010
          4484.73      2.4795287E-010
          4496.02      2.6698966E-010
          4507.30      2.8742901E-010
          4518.59      3.0937312E-010
          4529.88      3.3293107E-010
          4541.17      3.5821921E-010
          4552.46      3.8536160E-010
          4563.75      4.1449067E-010
          4575.04      4.4574767E-010
          4586.33      4.7928331E-010
          4597.62      5.1521582E-010
          4608.91      5.5367704E-010
          4620.20      5.9485386E-010
          4631.48      6.3894462E-010
          4642.77      6.8615981E-010
          4654.06      7.3672318E-010
          4665.35      7.9087252E-010
          4676.64      8.4886066E-010
          4687.93      9.1095657E-010
          4699.22      9.7744619E-010
          4710.51      1.0486340E-009
          4721.80      1.1248438E-009
          4733.09      1.2062494E-009
          4744.38      1.2930589E-009
          4755.66      1.3856787E-009
          4766.95      1.4845373E-009
          4778.24      1.5900872E-009
          4789.53      1.7028064E-009
          4800.82      1.8232009E-009
          4812.11      1.9518063E-009
          4823.40      2.0891897E-009
          4834.69      2.2359524E-009
          4845.98      2.3927319E-009
          4857.27      2.5602044E-009
          4868.55      2.7390873E-009
          4879.84      2.9295892E-009
          4891.13      3.1320059E-009
          4902.42      3.3472481E-009
          4913.71      3.5762702E-009
          4925.00      3.8200748E-009
          4936.29      4.0797160E-009
          4947.58      4.3563036E-009
          4958.87      4.6510080E-009
          4970.16      4.9650626E-009
          4981.45      5.2997709E-009
          4992.73      5.6565099E-009
          5004.02      6.0367343E-009
          5015.31      6.4401261E-009
          5026.60      6.8665935E-009
          5037.89      7.3180439E-009
          5049.18      7.7964582E-009
          5060.47      8.3038971E-009
          5071.76      8.8425117E-009
          5083.05      9.4145505E-009
          5094.34      1.0022367E-008
          5105.62      1.0668429E-008
          5116.91      1.1355329E-008
          5128.20      1.2085792E-008
          5139.49      1.2862685E-008
          5150.78      1.3683400E-008
          5162.07      1.4545922E-008
          5173.36      1.5454188E-008
          5184.65      1.6412237E-008
          5195.94      1.7424230E-008
          5207.23      1.8494471E-008
          5218.52      1.9627414E-008
          5229.80      2.0827689E-008
          5241.09      2.2100112E-008
          5252.38      2.3449709E-008
          5263.67      2.4881732E-008
          5274.96      2.6401672E-008
          5286.25      2.8015285E-008
          5297.54      2.9711118E-008
          5308.83      3.1479383E-008
          5320.12      3.3328601E-008
          5331.41      3.5267400E-008
          5342.70      3.7304563E-008
          5353.98      3.9449055E-008
          5365.27      4.1710060E-008
          5376.56      4.4097024E-008
          5387.85      4.6619689E-008
          5399.14      4.9288124E-008
          5410.43      5.2112771E-008
          5421.72      5.5104470E-008
          5433.01      5.8223177E-008
          5444.30      6.1433495E-008
          5455.59      6.4753448E-008
          5466.88      6.8200981E-008
          5478.16      7.1794036E-008
          5489.45      7.5550639E-008
          5500.74      7.9488982E-008
          5512.03      8.3627487E-008
          5523.32      8.7984910E-008
          5534.61      9.2580404E-008
          5545.90      9.7433580E-008
          5557.19      1.0256461E-007
          5568.48      1.0799430E-007
          5579.77      1.1358167E-007
          5591.05      1.1920034E-007
          5602.34      1.2489263E-007
          5613.63      1.3069986E-007
          5624.92      1.3666256E-007
          5636.21      1.4282066E-007
          5647.50      1.4921375E-007
          5658.79      1.5588120E-007
          5670.08      1.6286242E-007
          5681.37      1.7019732E-007
          5692.66      1.7792646E-007
          5703.95      1.8609096E-007
          5715.23      1.8945719E-007
          5726.52      1.8327799E-007
          5737.81      1.6827408E-007
          5749.10      1.4510282E-007
          5760.39      1.1436308E-007
          5771.68      7.6599647E-008
          5782.97      3.2307419E-008
          5794.26     -1.8066754E-008
          5805.55     -7.4118809E-008
          5816.84     -1.3548037E-007
          5828.12     -2.0181578E-007
          5839.41     -2.7281899E-007
          5850.70     -3.5052330E-007
          5861.99     -4.3660509E-007
          5873.28     -5.3027966E-007
          5884.57     -6.3080639E-007
          5895.86     -7.3748292E-007
          5907.15     -8.4963939E-007
          5918.44     -9.6663222E-007
          5929.73     -1.0878398E-006
          5941.02     -1.2126609E-006
          5952.30     -1.3405099E-006
          5963.59     -1.4708123E-006
          5974.88     -1.6030003E-006
          5986.17     -1.7365081E-006
          5997.46     -1.8707679E-006
          6008.75     -2.0052079E-006
          6020.04     -2.1392474E-006
          6031.33     -2.2758828E-006
          6042.62     -2.4173801E-006
          6053.91     -2.5620663E-006
          6065.20     -2.7082765E-006
          6076.48     -2.8543439E-006
          6087.77     -2.9985890E-006
          6099.06     -3.1393065E-006
          6110.35     -3.2747527E-006
          6121.64     -3.4031349E-006
          6132.93     -3.5225981E-006
          6144.22     -3.6312202E-006
          6155.51     -3.7281741E-006
          6166.80     -3.8121494E-006
          6178.09     -3.8803902E-006
          6189.38     -3.9300452E-006
          6200.66     -3.9581404E-006
          6211.95     -3.9615599E-006
          6223.24     -3.9370298E-006
          6234.53     -3.8811015E-006
          6245.82     -3.7901350E-006
          6257.11     -3.6602812E-006
          6268.40     -3.4890522E-006
          6279.69     -3.2762312E-006
          6290.98     -3.0214913E-006
          6302.27     -2.7244215E-006
          6313.55     -2.3843720E-006
          6324.84     -2.0004562E-006
          6336.13     -1.5715480E-006
          6347.42     -1.0962815E-006
          6358.71     -5.7304980E-007
          6370.00      0.0000000E+000
