          3480.00      0.0000000E+000
          3491.29      2.0237409E-002
          3502.58      2.0183107E-002
          3513.87      2.0129084E-002
          3525.16      2.0075333E-002
          3536.45      2.0021846E-002
          3547.73      1.9968618E-002
          3559.02      1.9915641E-002
          3570.31      1.9862908E-002
          3581.60      1.9810413E-002
          3592.89      1.9758150E-002
          3604.18      1.9706112E-002
          3615.47      1.9654288E-002
          3626.76      1.9602671E-002
          3638.05      1.9551252E-002
          3649.34      1.9500022E-002
          3660.62      1.9448975E-002
          3671.91      1.9398103E-002
          3683.20      1.9347400E-002
          3694.49      1.9296859E-002
          3705.78      1.9246473E-002
          3717.07      1.9196238E-002
          3728.36      1.9146146E-002
          3739.65      1.9096192E-002
          3750.94      1.9046370E-002
          3762.23      1.8996674E-002
          3773.52      1.8947099E-002
          3784.80      1.8897639E-002
          3796.09      1.8848289E-002
          3807.38      1.8799043E-002
          3818.67      1.8749897E-002
          3829.96      1.8700846E-002
          3841.25      1.8651884E-002
          3852.54      1.8603007E-002
          3863.83      1.8554210E-002
          3875.12      1.8505488E-002
          3886.41      1.8456836E-002
          3897.70      1.8408250E-002
          3908.98      1.8359726E-002
          3920.27      1.8311257E-002
          3931.56      1.8262841E-002
          3942.85      1.8214471E-002
          3954.14      1.8166145E-002
          3965.43      1.8117857E-002
          3976.72      1.8069603E-002
          3988.01      1.8021380E-002
          3999.30      1.7973182E-002
          4010.59      1.7925006E-002
          4021.88      1.7876847E-002
          4033.16      1.7828702E-002
          4044.45      1.7780566E-002
          4055.74      1.7732434E-002
          4067.03      1.7684304E-002
          4078.32      1.7636170E-002
          4089.61      1.7588030E-002
          4100.90      1.7539878E-002
          4112.19      1.7491710E-002
          4123.48      1.7443524E-002
          4134.77      1.7395314E-002
          4146.05      1.7347077E-002
          4157.34      1.7298809E-002
          4168.63      1.7250505E-002
          4179.92      1.7202163E-002
          4191.21      1.7153777E-002
          4202.50      1.7105344E-002
          4213.79      1.7056861E-002
          4225.08      1.7008323E-002
          4236.37      1.6959726E-002
          4247.66      1.6911067E-002
          4258.95      1.6862341E-002
          4270.23      1.6813544E-002
          4281.52      1.6764674E-002
          4292.81      1.6715725E-002
          4304.10      1.6666694E-002
          4315.39      1.6617578E-002
          4326.68      1.6568371E-002
          4337.97      1.6519071E-002
          4349.26      1.6469673E-002
          4360.55      1.6420174E-002
          4371.84      1.6370569E-002
          4383.12      1.6320856E-002
          4394.41      1.6271029E-002
          4405.70      1.6221085E-002
          4416.99      1.6171020E-002
          4428.28      1.6120831E-002
          4439.57      1.6070512E-002
          4450.86      1.6020061E-002
          4462.15      1.5969473E-002
          4473.44      1.5918743E-002
          4484.73      1.5867869E-002
          4496.02      1.5816846E-002
          4507.30      1.5765671E-002
          4518.59      1.5714338E-002
          4529.88      1.5662844E-002
          4541.17      1.5611184E-002
          4552.46      1.5559356E-002
          4563.75      1.5507354E-002
          4575.04      1.5455174E-002
          4586.33      1.5402813E-002
          4597.62      1.5350266E-002
          4608.91      1.5297528E-002
          4620.20      1.5244597E-002
          4631.48      1.5191466E-002
          4642.77      1.5138132E-002
          4654.06      1.5084592E-002
          4665.35      1.5030839E-002
          4676.64      1.4976870E-002
          4687.93      1.4922681E-002
          4699.22      1.4868267E-002
          4710.51      1.4813624E-002
          4721.80      1.4758746E-002
          4733.09      1.4703630E-002
          4744.38      1.4648271E-002
          4755.66      1.4592664E-002
          4766.95      1.4536805E-002
          4778.24      1.4480688E-002
          4789.53      1.4424310E-002
          4800.82      1.4367664E-002
          4812.11      1.4310747E-002
          4823.40      1.4253554E-002
          4834.69      1.4196079E-002
          4845.98      1.4138318E-002
          4857.27      1.4080265E-002
          4868.55      1.4021916E-002
          4879.84      1.3963264E-002
          4891.13      1.3904306E-002
          4902.42      1.3845036E-002
          4913.71      1.3785447E-002
          4925.00      1.3725536E-002
          4936.29      1.3665297E-002
          4947.58      1.3604723E-002
          4958.87      1.3543810E-002
          4970.16      1.3482551E-002
          4981.45      1.3420942E-002
          4992.73      1.3358976E-002
          5004.02      1.3296647E-002
          5015.31      1.3233950E-002
          5026.60      1.3170878E-002
          5037.89      1.3107426E-002
          5049.18      1.3043587E-002
          5060.47      1.2979355E-002
          5071.76      1.2914724E-002
          5083.05      1.2849687E-002
          5094.34      1.2784238E-002
          5105.62      1.2718370E-002
          5116.91      1.2652076E-002
          5128.20      1.2585351E-002
          5139.49      1.2518186E-002
          5150.78      1.2450575E-002
          5162.07      1.2382511E-002
          5173.36      1.2313987E-002
          5184.65      1.2244996E-002
          5195.94      1.2175530E-002
          5207.23      1.2105581E-002
          5218.52      1.2035143E-002
          5229.80      1.1964207E-002
          5241.09      1.1892766E-002
          5252.38      1.1820811E-002
          5263.67      1.1748335E-002
          5274.96      1.1675330E-002
          5286.25      1.1601787E-002
          5297.54      1.1527697E-002
          5308.83      1.1453053E-002
          5320.12      1.1377846E-002
          5331.41      1.1302066E-002
          5342.70      1.1225705E-002
          5353.98      1.1148753E-002
          5365.27      1.1071202E-002
          5376.56      1.0993042E-002
          5387.85      1.0914263E-002
          5399.14      1.0834856E-002
          5410.43      1.0754810E-002
          5421.72      1.0674116E-002
          5433.01      1.0592764E-002
          5444.30      1.0510742E-002
          5455.59      1.0428041E-002
          5466.88      1.0344649E-002
          5478.16      1.0260556E-002
          5489.45      1.0175750E-002
          5500.74      1.0090220E-002
          5512.03      1.0003955E-002
          5523.32      9.9169422E-003
          5534.61      9.8291701E-003
          5545.90      9.7406264E-003
          5557.19      9.6512987E-003
          5568.48      9.5611743E-003
          5579.77      9.4702402E-003
          5591.05      9.3784829E-003
          5602.34      9.2858889E-003
          5613.63      9.1924444E-003
          5624.92      9.0981351E-003
          5636.21      9.0029469E-003
          5647.50      8.9068651E-003
          5658.79      8.8098749E-003
          5670.08      8.7119613E-003
          5681.37      8.6131081E-003
          5692.66      8.5132986E-003
          5703.95      8.4125157E-003
          5715.23      8.3107423E-003
          5726.52      8.2079614E-003
          5737.81      8.1041555E-003
          5749.10      7.9993071E-003
          5760.39      7.8933987E-003
          5771.68      7.7864124E-003
          5782.97      7.6783307E-003
          5794.26      7.5691358E-003
          5805.55      7.4588106E-003
          5816.84      7.3473374E-003
          5828.12      7.2346984E-003
          5839.41      7.1208751E-003
          5850.70      7.0058489E-003
          5861.99      6.8896007E-003
          5873.28      6.7721111E-003
          5884.57      6.6533602E-003
          5895.86      6.5333276E-003
          5907.15      6.4119930E-003
          5918.44      6.2893349E-003
          5929.73      6.1653317E-003
          5941.02      6.0399613E-003
          5952.30      5.9132010E-003
          5963.59      5.7850283E-003
          5974.88      5.6554198E-003
          5986.17      5.5243517E-003
          5997.46      5.3918000E-003
          6008.75      5.2577402E-003
          6020.04      5.1221474E-003
          6031.33      4.9849963E-003
          6042.62      4.8462611E-003
          6053.91      4.7059157E-003
          6065.20      4.5639331E-003
          6076.48      4.4202858E-003
          6087.77      4.2749461E-003
          6099.06      4.1278850E-003
          6110.35      3.9790732E-003
          6121.64      3.8284805E-003
          6132.93      3.6760761E-003
          6144.22      3.5218288E-003
          6155.51      3.3657065E-003
          6166.80      3.2076763E-003
          6178.09      3.0477049E-003
          6189.38      2.8857577E-003
          6200.66      2.7217991E-003
          6211.95      2.5557926E-003
          6223.24      2.3877006E-003
          6234.53      2.2174847E-003
          6245.82      2.0451052E-003
          6257.11      1.8705213E-003
          6268.40      1.6936913E-003
          6279.69      1.5146268E-003
          6290.98      1.3333496E-003
          6302.27      1.1498317E-003
          6313.55      9.6404416E-004
          6324.84      7.7595775E-004
          6336.13      5.8554184E-004
          6347.42      3.9276499E-004
          6358.71      1.9759541E-004
          6370.00      0.0000000E+000
