          3480.00      0.0000000E+000
          3491.29      3.6845430E-002
          3502.58      3.6773986E-002
          3513.87      3.6704713E-002
          3525.16      3.6637548E-002
          3536.45      3.6572425E-002
          3547.73      3.6509282E-002
          3559.02      3.6448053E-002
          3570.31      3.6388674E-002
          3581.60      3.6331082E-002
          3592.89      3.6275210E-002
          3604.18      3.6220997E-002
          3615.47      3.6168377E-002
          3626.76      3.6117285E-002
          3638.05      3.6067659E-002
          3649.34      3.6019435E-002
          3660.62      3.5972553E-002
          3671.91      3.5926951E-002
          3683.20      3.5882570E-002
          3694.49      3.5839353E-002
          3705.78      3.5797242E-002
          3717.07      3.5756183E-002
          3728.36      3.5716121E-002
          3739.65      3.5677004E-002
          3750.94      3.5638781E-002
          3762.23      3.5601403E-002
          3773.52      3.5564822E-002
          3784.80      3.5528992E-002
          3796.09      3.5493867E-002
          3807.38      3.5459406E-002
          3818.67      3.5425565E-002
          3829.96      3.5392306E-002
          3841.25      3.5359590E-002
          3852.54      3.5327380E-002
          3863.83      3.5295641E-002
          3875.12      3.5264338E-002
          3886.41      3.5233439E-002
          3897.70      3.5202913E-002
          3908.98      3.5172729E-002
          3920.27      3.5142859E-002
          3931.56      3.5113276E-002
          3942.85      3.5083952E-002
          3954.14      3.5054864E-002
          3965.43      3.5025987E-002
          3976.72      3.4997299E-002
          3988.01      3.4968778E-002
          3999.30      3.4940404E-002
          4010.59      3.4912156E-002
          4021.88      3.4884016E-002
          4033.16      3.4855967E-002
          4044.45      3.4827990E-002
          4055.74      3.4800069E-002
          4067.03      3.4772190E-002
          4078.32      3.4744336E-002
          4089.61      3.4716494E-002
          4100.90      3.4688650E-002
          4112.19      3.4660791E-002
          4123.48      3.4632904E-002
          4134.77      3.4604978E-002
          4146.05      3.4577002E-002
          4157.34      3.4548964E-002
          4168.63      3.4520853E-002
          4179.92      3.4492660E-002
          4191.21      3.4464375E-002
          4202.50      3.4435989E-002
          4213.79      3.4407492E-002
          4225.08      3.4378877E-002
          4236.37      3.4350133E-002
          4247.66      3.4321254E-002
          4258.95      3.4292232E-002
          4270.23      3.4263058E-002
          4281.52      3.4233726E-002
          4292.81      3.4204228E-002
          4304.10      3.4174556E-002
          4315.39      3.4144705E-002
          4326.68      3.4114667E-002
          4337.97      3.4084436E-002
          4349.26      3.4054004E-002
          4360.55      3.4023367E-002
          4371.84      3.3992516E-002
          4383.12      3.3961448E-002
          4394.41      3.3930154E-002
          4405.70      3.3898630E-002
          4416.99      3.3866868E-002
          4428.28      3.3834864E-002
          4439.57      3.3802610E-002
          4450.86      3.3770100E-002
          4462.15      3.3737330E-002
          4473.44      3.3704292E-002
          4484.73      3.3670980E-002
          4496.02      3.3637389E-002
          4507.30      3.3603513E-002
          4518.59      3.3569345E-002
          4529.88      3.3534879E-002
          4541.17      3.3500109E-002
          4552.46      3.3465029E-002
          4563.75      3.3429633E-002
          4575.04      3.3393914E-002
          4586.33      3.3357866E-002
          4597.62      3.3321483E-002
          4608.91      3.3284757E-002
          4620.20      3.3247683E-002
          4631.48      3.3210253E-002
          4642.77      3.3172461E-002
          4654.06      3.3134299E-002
          4665.35      3.3095762E-002
          4676.64      3.3056840E-002
          4687.93      3.3017528E-002
          4699.22      3.2977818E-002
          4710.51      3.2937701E-002
          4721.80      3.2897171E-002
          4733.09      3.2856220E-002
          4744.38      3.2814838E-002
          4755.66      3.2773019E-002
          4766.95      3.2730754E-002
          4778.24      3.2688035E-002
          4789.53      3.2644851E-002
          4800.82      3.2601196E-002
          4812.11      3.2557058E-002
          4823.40      3.2512430E-002
          4834.69      3.2467302E-002
          4845.98      3.2421663E-002
          4857.27      3.2375504E-002
          4868.55      3.2328815E-002
          4879.84      3.2281584E-002
          4891.13      3.2233802E-002
          4902.42      3.2185457E-002
          4913.71      3.2136539E-002
          4925.00      3.2087034E-002
          4936.29      3.2036932E-002
          4947.58      3.1986221E-002
          4958.87      3.1934887E-002
          4970.16      3.1882919E-002
          4981.45      3.1830303E-002
          4992.73      3.1777026E-002
          5004.02      3.1723073E-002
          5015.31      3.1668431E-002
          5026.60      3.1613086E-002
          5037.89      3.1557021E-002
          5049.18      3.1500222E-002
          5060.47      3.1442673E-002
          5071.76      3.1384358E-002
          5083.05      3.1325260E-002
          5094.34      3.1265363E-002
          5105.62      3.1204647E-002
          5116.91      3.1143096E-002
          5128.20      3.1080690E-002
          5139.49      3.1017411E-002
          5150.78      3.0953239E-002
          5162.07      3.0888154E-002
          5173.36      3.0822134E-002
          5184.65      3.0755158E-002
          5195.94      3.0687204E-002
          5207.23      3.0618249E-002
          5218.52      3.0548270E-002
          5229.80      3.0477241E-002
          5241.09      3.0405139E-002
          5252.38      3.0331938E-002
          5263.67      3.0257610E-002
          5274.96      3.0182128E-002
          5286.25      3.0105465E-002
          5297.54      3.0027591E-002
          5308.83      2.9948475E-002
          5320.12      2.9868086E-002
          5331.41      2.9786393E-002
          5342.70      2.9703362E-002
          5353.98      2.9618958E-002
          5365.27      2.9533145E-002
          5376.56      2.9445888E-002
          5387.85      2.9357148E-002
          5399.14      2.9266886E-002
          5410.43      2.9175060E-002
          5421.72      2.9081628E-002
          5433.01      2.8986548E-002
          5444.30      2.8889773E-002
          5455.59      2.8791256E-002
          5466.88      2.8690949E-002
          5478.16      2.8588800E-002
          5489.45      2.8484759E-002
          5500.74      2.8378769E-002
          5512.03      2.8270774E-002
          5523.32      2.8160717E-002
          5534.61      2.8048535E-002
          5545.90      2.7934166E-002
          5557.19      2.7817543E-002
          5568.48      2.7698598E-002
          5579.77      2.7577259E-002
          5591.05      2.7453450E-002
          5602.34      2.7327093E-002
          5613.63      2.7198104E-002
          5624.92      2.7066400E-002
          5636.21      2.6931892E-002
          5647.50      2.6794489E-002
          5658.79      2.6654095E-002
          5670.08      2.6510611E-002
          5681.37      2.6363927E-002
          5692.66      2.6213924E-002
          5703.95      2.6060481E-002
          5715.23      2.5903473E-002
          5726.52      2.5742773E-002
          5737.81      2.5578250E-002
          5749.10      2.5409769E-002
          5760.39      2.5237191E-002
          5771.68      2.5060373E-002
          5782.97      2.4879167E-002
          5794.26      2.4693427E-002
          5805.55      2.4503005E-002
          5816.84      2.4307743E-002
          5828.12      2.4107477E-002
          5839.41      2.3902032E-002
          5850.70      2.3691222E-002
          5861.99      2.3474853E-002
          5873.28      2.3252718E-002
          5884.57      2.3024598E-002
          5895.86      2.2790264E-002
          5907.15      2.2549471E-002
          5918.44      2.2301959E-002
          5929.73      2.2047452E-002
          5941.02      2.1785658E-002
          5952.30      2.1516270E-002
          5963.59      2.1238963E-002
          5974.88      2.0953397E-002
          5986.17      2.0659207E-002
          5997.46      2.0356011E-002
          6008.75      2.0043404E-002
          6020.04      1.9720956E-002
          6031.33      1.9388217E-002
          6042.62      1.9044710E-002
          6053.91      1.8689928E-002
          6065.20      1.8323328E-002
          6076.48      1.7944333E-002
          6087.77      1.7552325E-002
          6099.06      1.7146645E-002
          6110.35      1.6726582E-002
          6121.64      1.6291377E-002
          6132.93      1.5840204E-002
          6144.22      1.5372182E-002
          6155.51      1.4886359E-002
          6166.80      1.4381718E-002
          6178.09      1.3857163E-002
          6189.38      1.3311512E-002
          6200.66      1.2743483E-002
          6211.95      1.2151685E-002
          6223.24      1.1534599E-002
          6234.53      1.0890575E-002
          6245.82      1.0217808E-002
          6257.11      9.5143233E-003
          6268.40      8.7779588E-003
          6279.69      8.0028980E-003
          6290.98      7.1836113E-003
          6302.27      6.3180249E-003
          6313.55      5.4038032E-003
          6324.84      4.4383294E-003
          6336.13      3.4186746E-003
          6347.42      2.3415687E-003
          6358.71      1.2033667E-003
          6370.00      0.0000000E+000
