          3480.00     -2.3059593E-004
          3491.29     -2.3135139E-004
          3502.58     -2.3148178E-004
          3513.87     -2.3105207E-004
          3525.16     -2.3012177E-004
          3536.45     -2.2874534E-004
          3547.73     -2.2697259E-004
          3559.02     -2.2484907E-004
          3570.31     -2.2241640E-004
          3581.60     -2.1971260E-004
          3592.89     -2.1677238E-004
          3604.18     -2.1362740E-004
          3615.47     -2.1030657E-004
          3626.76     -2.0683620E-004
          3638.05     -2.0324022E-004
          3649.34     -1.9954035E-004
          3660.62     -1.9575627E-004
          3671.91     -1.9190582E-004
          3683.20     -1.8800512E-004
          3694.49     -1.8406871E-004
          3705.78     -1.8010974E-004
          3717.07     -1.7613998E-004
          3728.36     -1.7217004E-004
          3739.65     -1.6820940E-004
          3750.94     -1.6426653E-004
          3762.23     -1.6034897E-004
          3773.52     -1.5646341E-004
          3784.80     -1.5261578E-004
          3796.09     -1.4881127E-004
          3807.38     -1.4505444E-004
          3818.67     -1.4134925E-004
          3829.96     -1.3769912E-004
          3841.25     -1.3410698E-004
          3852.54     -1.3057533E-004
          3863.83     -1.2710624E-004
          3875.12     -1.2370143E-004
          3886.41     -1.2036229E-004
          3897.70     -1.1708991E-004
          3908.98     -1.1388508E-004
          3920.27     -1.1074839E-004
          3931.56     -1.0768016E-004
          3942.85     -1.0468053E-004
          3954.14     -1.0174948E-004
          3965.43     -9.8886797E-005
          3976.72     -9.6092131E-005
          3988.01     -9.3365012E-005
          3999.30     -9.0704852E-005
          4010.59     -8.8110973E-005
          4021.88     -8.5582600E-005
          4033.16     -8.3118887E-005
          4044.45     -8.0718921E-005
          4055.74     -7.8381729E-005
          4067.03     -7.6106296E-005
          4078.32     -7.3891560E-005
          4089.61     -7.1736423E-005
          4100.90     -6.9639765E-005
          4112.19     -6.7600440E-005
          4123.48     -6.5617283E-005
          4134.77     -6.3689117E-005
          4146.05     -6.1814755E-005
          4157.34     -5.9993011E-005
          4168.63     -5.8222690E-005
          4179.92     -5.6502600E-005
          4191.21     -5.4831559E-005
          4202.50     -5.3208384E-005
          4213.79     -5.1631903E-005
          4225.08     -5.0100958E-005
          4236.37     -4.8614396E-005
          4247.66     -4.7171087E-005
          4258.95     -4.5769910E-005
          4270.23     -4.4409760E-005
          4281.52     -4.3089554E-005
          4292.81     -4.1808222E-005
          4304.10     -4.0564715E-005
          4315.39     -3.9358002E-005
          4326.68     -3.8187070E-005
          4337.97     -3.7050933E-005
          4349.26     -3.5948618E-005
          4360.55     -3.4879174E-005
          4371.84     -3.3841672E-005
          4383.12     -3.2835202E-005
          4394.41     -3.1858876E-005
          4405.70     -3.0911828E-005
          4416.99     -2.9993212E-005
          4428.28     -2.9102205E-005
          4439.57     -2.8238000E-005
          4450.86     -2.7399813E-005
          4462.15     -2.6586881E-005
          4473.44     -2.5798458E-005
          4484.73     -2.5033819E-005
          4496.02     -2.4292257E-005
          4507.30     -2.3573085E-005
          4518.59     -2.2875633E-005
          4529.88     -2.2199252E-005
          4541.17     -2.1543308E-005
          4552.46     -2.0907186E-005
          4563.75     -2.0290287E-005
          4575.04     -1.9692031E-005
          4586.33     -1.9111851E-005
          4597.62     -1.8549199E-005
          4608.91     -1.8003542E-005
          4620.20     -1.7474362E-005
          4631.48     -1.6961156E-005
          4642.77     -1.6463437E-005
          4654.06     -1.5980729E-005
          4665.35     -1.5512574E-005
          4676.64     -1.5058525E-005
          4687.93     -1.4618148E-005
          4699.22     -1.4191024E-005
          4710.51     -1.3776744E-005
          4721.80     -1.3374914E-005
          4733.09     -1.2985150E-005
          4744.38     -1.2607079E-005
          4755.66     -1.2240342E-005
          4766.95     -1.1884587E-005
          4778.24     -1.1539476E-005
          4789.53     -1.1204680E-005
          4800.82     -1.0879880E-005
          4812.11     -1.0564767E-005
          4823.40     -1.0259041E-005
          4834.69     -9.9624111E-006
          4845.98     -9.6745965E-006
          4857.27     -9.3953238E-006
          4868.55     -9.1243285E-006
          4879.84     -8.8613546E-006
          4891.13     -8.6061535E-006
          4902.42     -8.3584842E-006
          4913.71     -8.1181138E-006
          4925.00     -7.8848159E-006
          4936.29     -7.6583715E-006
          4947.58     -7.4385681E-006
          4958.87     -7.2251998E-006
          4970.16     -7.0180675E-006
          4981.45     -6.8169779E-006
          4992.73     -6.6217435E-006
          5004.02     -6.4321833E-006
          5015.31     -6.2481214E-006
          5026.60     -6.0693876E-006
          5037.89     -5.8958168E-006
          5049.18     -5.7272490E-006
          5060.47     -5.5635297E-006
          5071.76     -5.4045086E-006
          5083.05     -5.2500401E-006
          5094.34     -5.0999835E-006
          5105.62     -4.9542021E-006
          5116.91     -4.8125637E-006
          5128.20     -4.6749400E-006
          5139.49     -4.5412067E-006
          5150.78     -4.4112436E-006
          5162.07     -4.2849340E-006
          5173.36     -4.1621649E-006
          5184.65     -4.0428271E-006
          5195.94     -3.9268143E-006
          5207.23     -3.8140238E-006
          5218.52     -3.7043559E-006
          5229.80     -3.5977143E-006
          5241.09     -3.4940055E-006
          5252.38     -3.3931388E-006
          5263.67     -3.2950265E-006
          5274.96     -3.1995837E-006
          5286.25     -3.1067280E-006
          5297.54     -3.0163795E-006
          5308.83     -2.9284610E-006
          5320.12     -2.8428975E-006
          5331.41     -2.7596167E-006
          5342.70     -2.6785484E-006
          5353.98     -2.5996244E-006
          5365.27     -2.5227789E-006
          5376.56     -2.4479482E-006
          5387.85     -2.3750704E-006
          5399.14     -2.3040858E-006
          5410.43     -2.2349365E-006
          5421.72     -2.1675665E-006
          5433.01     -2.1019215E-006
          5444.30     -2.0379490E-006
          5455.59     -1.9755985E-006
          5466.88     -1.9148208E-006
          5478.16     -1.8555684E-006
          5489.45     -1.7977956E-006
          5500.74     -1.7414579E-006
          5512.03     -1.6865126E-006
          5523.32     -1.6329183E-006
          5534.61     -1.5806350E-006
          5545.90     -1.5296243E-006
          5557.19     -1.4798488E-006
          5568.48     -1.4312727E-006
          5579.77     -1.3838616E-006
          5591.05     -1.3375828E-006
          5602.34     -1.2924047E-006
          5613.63     -1.2482968E-006
          5624.92     -1.2052297E-006
          5636.21     -1.1631755E-006
          5647.50     -1.1221071E-006
          5658.79     -1.0819984E-006
          5670.08     -1.0428246E-006
          5681.37     -1.0045631E-006
          5692.66     -9.6719354E-007
          5703.95     -9.3069626E-007
          5715.23     -8.9505228E-007
          5726.52     -8.6024348E-007
          5737.81     -8.2625238E-007
          5749.10     -7.9306224E-007
          5760.39     -7.6065709E-007
          5771.68     -7.2902160E-007
          5782.97     -6.9814120E-007
          5794.26     -6.6800097E-007
          5805.55     -6.3858599E-007
          5816.84     -6.0988237E-007
          5828.12     -5.8187707E-007
          5839.41     -5.5455805E-007
          5850.70     -5.2791419E-007
          5861.99     -5.0193528E-007
          5873.28     -4.7661213E-007
          5884.57     -4.5193642E-007
          5895.86     -4.2790074E-007
          5907.15     -4.0449872E-007
          5918.44     -3.8172509E-007
          5929.73     -3.5957577E-007
          5941.02     -3.3804754E-007
          5952.30     -3.1713801E-007
          5963.59     -2.9684571E-007
          5974.88     -2.7717002E-007
          5986.17     -2.5811128E-007
          5997.46     -2.3967081E-007
          6008.75     -2.2185070E-007
          6020.04     -2.0465392E-007
          6031.33     -1.8808408E-007
          6042.62     -1.7214549E-007
          6053.91     -1.5684349E-007
          6065.20     -1.4218444E-007
          6076.48     -1.2817564E-007
          6087.77     -1.1482542E-007
          6099.06     -1.0214316E-007
          6110.35     -9.0139404E-008
          6121.64     -7.8825935E-008
          6132.93     -6.8215887E-008
          6144.22     -5.8323702E-008
          6155.51     -4.9164811E-008
          6166.80     -4.0755714E-008
          6178.09     -3.3114008E-008
          6189.38     -2.6258415E-008
          6200.66     -2.0209053E-008
          6211.95     -1.4987525E-008
          6223.24     -1.0616951E-008
          6234.53     -7.1220201E-009
          6245.82     -4.5290000E-009
          6257.11     -2.8657910E-009
          6268.40     -2.1619662E-009
          6279.69     -1.9460200E-009
          6290.98     -1.7254779E-009
          6302.27     -1.4997229E-009
          6313.55     -1.2681296E-009
          6324.84     -1.0300639E-009
          6336.13     -7.8488023E-010
          6347.42     -5.3192213E-010
          6358.71     -2.7052210E-010
          6370.00      3.4490991E-043
