          3480.00     -2.3059593E-004
          3491.29     -2.3123711E-004
          3502.58     -2.3102678E-004
          3513.87     -2.3006923E-004
          3525.16     -2.2845855E-004
          3536.45     -2.2627955E-004
          3547.73     -2.2360859E-004
          3559.02     -2.2051441E-004
          3570.31     -2.1705881E-004
          3581.60     -2.1329729E-004
          3592.89     -2.0927965E-004
          3604.18     -2.0505055E-004
          3615.47     -2.0064998E-004
          3626.76     -1.9611368E-004
          3638.05     -1.9147348E-004
          3649.34     -1.8675771E-004
          3660.62     -1.8199146E-004
          3671.91     -1.7719696E-004
          3683.20     -1.7239382E-004
          3694.49     -1.6759928E-004
          3705.78     -1.6282847E-004
          3717.07     -1.5809458E-004
          3728.36     -1.5340906E-004
          3739.65     -1.4878184E-004
          3750.94     -1.4422140E-004
          3762.23     -1.3973499E-004
          3773.52     -1.3532871E-004
          3784.80     -1.3100764E-004
          3796.09     -1.2677599E-004
          3807.38     -1.2263711E-004
          3818.67     -1.1859363E-004
          3829.96     -1.1464754E-004
          3841.25     -1.1080027E-004
          3852.54     -1.0705274E-004
          3863.83     -1.0340540E-004
          3875.12     -9.9858335E-005
          3886.41     -9.6411264E-005
          3897.70     -9.3063606E-005
          3908.98     -8.9814513E-005
          3920.27     -8.6662914E-005
          3931.56     -8.3607530E-005
          3942.85     -8.0646915E-005
          3954.14     -7.7779474E-005
          3965.43     -7.5003488E-005
          3976.72     -7.2317142E-005
          3988.01     -6.9718532E-005
          3999.30     -6.7205692E-005
          4010.59     -6.4776608E-005
          4021.88     -6.2429225E-005
          4033.16     -6.0161464E-005
          4044.45     -5.7971227E-005
          4055.74     -5.5856410E-005
          4067.03     -5.3814916E-005
          4078.32     -5.1844648E-005
          4089.61     -4.9943526E-005
          4100.90     -4.8109493E-005
          4112.19     -4.6340511E-005
          4123.48     -4.4634572E-005
          4134.77     -4.2989700E-005
          4146.05     -4.1403951E-005
          4157.34     -3.9875422E-005
          4168.63     -3.8402246E-005
          4179.92     -3.6982595E-005
          4191.21     -3.5614687E-005
          4202.50     -3.4296779E-005
          4213.79     -3.3027172E-005
          4225.08     -3.1804212E-005
          4236.37     -3.0626287E-005
          4247.66     -2.9491833E-005
          4258.95     -2.8399327E-005
          4270.23     -2.7347291E-005
          4281.52     -2.6334291E-005
          4292.81     -2.5358936E-005
          4304.10     -2.4419878E-005
          4315.39     -2.3515809E-005
          4326.68     -2.2645465E-005
          4337.97     -2.1807621E-005
          4349.26     -2.1001093E-005
          4360.55     -2.0224733E-005
          4371.84     -1.9477436E-005
          4383.12     -1.8758127E-005
          4394.41     -1.8065775E-005
          4405.70     -1.7399381E-005
          4416.99     -1.6757980E-005
          4428.28     -1.6140644E-005
          4439.57     -1.5546476E-005
          4450.86     -1.4974608E-005
          4462.15     -1.4424207E-005
          4473.44     -1.3894468E-005
          4484.73     -1.3384613E-005
          4496.02     -1.2893895E-005
          4507.30     -1.2421593E-005
          4518.59     -1.1967012E-005
          4529.88     -1.1529483E-005
          4541.17     -1.1108360E-005
          4552.46     -1.0703024E-005
          4563.75     -1.0312875E-005
          4575.04     -9.9373391E-006
          4586.33     -9.5758608E-006
          4597.62     -9.2279064E-006
          4608.91     -8.8929629E-006
          4620.20     -8.5705356E-006
          4631.48     -8.2601486E-006
          4642.77     -7.9613445E-006
          4654.06     -7.6736827E-006
          4665.35     -7.3967393E-006
          4676.64     -7.1301066E-006
          4687.93     -6.8733922E-006
          4699.22     -6.6262192E-006
          4710.51     -6.3882244E-006
          4721.80     -6.1590585E-006
          4733.09     -5.9383862E-006
          4744.38     -5.7258843E-006
          4755.66     -5.5212423E-006
          4766.95     -5.3241615E-006
          4778.24     -5.1343544E-006
          4789.53     -4.9515452E-006
          4800.82     -4.7754680E-006
          4812.11     -4.6058672E-006
          4823.40     -4.4424975E-006
          4834.69     -4.2851226E-006
          4845.98     -4.1335152E-006
          4857.27     -3.9874569E-006
          4868.55     -3.8467377E-006
          4879.84     -3.7111559E-006
          4891.13     -3.5805172E-006
          4902.42     -3.4546347E-006
          4913.71     -3.3333291E-006
          4925.00     -3.2164276E-006
          4936.29     -3.1037643E-006
          4947.58     -2.9951793E-006
          4958.87     -2.8905191E-006
          4970.16     -2.7896362E-006
          4981.45     -2.6923885E-006
          4992.73     -2.5986393E-006
          5004.02     -2.5082575E-006
          5015.31     -2.4211167E-006
          5026.60     -2.3370954E-006
          5037.89     -2.2560769E-006
          5049.18     -2.1779487E-006
          5060.47     -2.1026029E-006
          5071.76     -2.0299354E-006
          5083.05     -1.9598462E-006
          5094.34     -1.8922392E-006
          5105.62     -1.8270218E-006
          5116.91     -1.7641050E-006
          5128.20     -1.7034032E-006
          5139.49     -1.6448338E-006
          5150.78     -1.5883178E-006
          5162.07     -1.5337787E-006
          5173.36     -1.4811433E-006
          5184.65     -1.4303410E-006
          5195.94     -1.3813038E-006
          5207.23     -1.3339664E-006
          5218.52     -1.2882658E-006
          5229.80     -1.2441414E-006
          5241.09     -1.2015351E-006
          5252.38     -1.1603908E-006
          5263.67     -1.1206544E-006
          5274.96     -1.0822740E-006
          5286.25     -1.0451996E-006
          5297.54     -1.0093832E-006
          5308.83     -9.7477826E-007
          5320.12     -9.4134030E-007
          5331.41     -9.0902641E-007
          5342.70     -8.7779526E-007
          5353.98     -8.4760704E-007
          5365.27     -8.1842350E-007
          5376.56     -7.9020776E-007
          5387.85     -7.6292431E-007
          5399.14     -7.3653900E-007
          5410.43     -7.1101890E-007
          5421.72     -6.8633241E-007
          5433.01     -6.6244902E-007
          5444.30     -6.3933935E-007
          5455.59     -6.1697523E-007
          5466.88     -5.9532944E-007
          5478.16     -5.7437583E-007
          5489.45     -5.5408923E-007
          5500.74     -5.3444540E-007
          5512.03     -5.1542104E-007
          5523.32     -4.9699372E-007
          5534.61     -4.7914184E-007
          5545.90     -4.6184467E-007
          5557.19     -4.4508222E-007
          5568.48     -4.2883531E-007
          5579.77     -4.1308555E-007
          5591.05     -3.9781536E-007
          5602.34     -3.8300787E-007
          5613.63     -3.6864682E-007
          5624.92     -3.5471661E-007
          5636.21     -3.4120226E-007
          5647.50     -3.2808939E-007
          5658.79     -3.1536417E-007
          5670.08     -3.0301338E-007
          5681.37     -2.9102470E-007
          5692.66     -2.7938672E-007
          5703.95     -2.6808842E-007
          5715.23     -2.5711920E-007
          5726.52     -2.4646889E-007
          5737.81     -2.3612771E-007
          5749.10     -2.2608624E-007
          5760.39     -2.1633547E-007
          5771.68     -2.0686675E-007
          5782.97     -1.9767179E-007
          5794.26     -1.8874238E-007
          5805.55     -1.8007042E-007
          5816.84     -1.7164829E-007
          5828.12     -1.6346874E-007
          5839.41     -1.5552497E-007
          5850.70     -1.4781056E-007
          5861.99     -1.4031951E-007
          5873.28     -1.3304622E-007
          5884.57     -1.2598547E-007
          5895.86     -1.1913242E-007
          5907.15     -1.1248266E-007
          5918.44     -1.0603218E-007
          5929.73     -9.9777460E-008
          5941.02     -9.3715297E-008
          5952.30     -8.7842853E-008
          5963.59     -8.2157653E-008
          5974.88     -7.6657571E-008
          5986.17     -7.1340857E-008
          5997.46     -6.6206135E-008
          6008.75     -6.1252360E-008
          6020.04     -5.6478833E-008
          6031.33     -5.1885142E-008
          6042.62     -4.7471175E-008
          6053.91     -4.3237226E-008
          6065.20     -3.9183967E-008
          6076.48     -3.5312459E-008
          6087.77     -3.1624153E-008
          6099.06     -2.8120908E-008
          6110.35     -2.4805029E-008
          6121.64     -2.1679280E-008
          6132.93     -1.8746926E-008
          6144.22     -1.6011717E-008
          6155.51     -1.3477806E-008
          6166.80     -1.1149771E-008
          6178.09     -9.0326281E-009
          6189.38     -7.1318511E-009
          6200.66     -5.4534467E-009
          6211.95     -4.0039896E-009
          6223.24     -2.7906363E-009
          6234.53     -1.8211453E-009
          6245.82     -1.1038876E-009
          6257.11     -6.4786806E-010
          6268.40     -4.6274461E-010
          6279.69     -4.1611525E-010
          6290.98     -3.6869456E-010
          6302.27     -3.2031281E-010
          6313.55     -2.7079794E-010
          6324.84     -2.1997533E-010
          6336.13     -1.6766717E-010
          6347.42     -1.1369230E-010
          6358.71     -5.7866112E-011
          6370.00      1.9250945E-043
