          3480.00     -2.3059593E-004
          3491.29     -2.3144234E-004
          3502.58     -2.3185935E-004
          3513.87     -2.3188366E-004
          3525.16     -2.3154934E-004
          3536.45     -2.3088807E-004
          3547.73     -2.2992927E-004
          3559.02     -2.2870025E-004
          3570.31     -2.2722636E-004
          3581.60     -2.2553115E-004
          3592.89     -2.2363645E-004
          3604.18     -2.2156253E-004
          3615.47     -2.1932821E-004
          3626.76     -2.1695093E-004
          3638.05     -2.1444684E-004
          3649.34     -2.1183088E-004
          3660.62     -2.0911686E-004
          3671.91     -2.0631754E-004
          3683.20     -2.0344470E-004
          3694.49     -2.0050920E-004
          3705.78     -1.9752108E-004
          3717.07     -1.9448955E-004
          3728.36     -1.9142311E-004
          3739.65     -1.8832958E-004
          3750.94     -1.8521612E-004
          3762.23     -1.8208931E-004
          3773.52     -1.7895519E-004
          3784.80     -1.7581926E-004
          3796.09     -1.7268657E-004
          3807.38     -1.6956169E-004
          3818.67     -1.6644882E-004
          3829.96     -1.6335173E-004
          3841.25     -1.6027387E-004
          3852.54     -1.5721836E-004
          3863.83     -1.5418798E-004
          3875.12     -1.5118528E-004
          3886.41     -1.4821250E-004
          3897.70     -1.4527168E-004
          3908.98     -1.4236459E-004
          3920.27     -1.3949283E-004
          3931.56     -1.3665779E-004
          3942.85     -1.3386067E-004
          3954.14     -1.3110254E-004
          3965.43     -1.2838427E-004
          3976.72     -1.2570661E-004
          3988.01     -1.2307020E-004
          3999.30     -1.2047552E-004
          4010.59     -1.1792298E-004
          4021.88     -1.1541288E-004
          4033.16     -1.1294541E-004
          4044.45     -1.1052069E-004
          4055.74     -1.0813876E-004
          4067.03     -1.0579959E-004
          4078.32     -1.0350310E-004
          4089.61     -1.0124912E-004
          4100.90     -9.9037463E-005
          4112.19     -9.6867858E-005
          4123.48     -9.4740013E-005
          4134.77     -9.2653588E-005
          4146.05     -9.0608210E-005
          4157.34     -8.8603474E-005
          4168.63     -8.6638947E-005
          4179.92     -8.4714164E-005
          4191.21     -8.2828649E-005
          4202.50     -8.0981897E-005
          4213.79     -7.9173387E-005
          4225.08     -7.7402586E-005
          4236.37     -7.5668945E-005
          4247.66     -7.3971907E-005
          4258.95     -7.2310904E-005
          4270.23     -7.0685360E-005
          4281.52     -6.9094697E-005
          4292.81     -6.7538328E-005
          4304.10     -6.6015664E-005
          4315.39     -6.4526115E-005
          4326.68     -6.3069089E-005
          4337.97     -6.1643996E-005
          4349.26     -6.0250244E-005
          4360.55     -5.8887243E-005
          4371.84     -5.7554408E-005
          4383.12     -5.6251153E-005
          4394.41     -5.4976898E-005
          4405.70     -5.3731070E-005
          4416.99     -5.2513100E-005
          4428.28     -5.1322427E-005
          4439.57     -5.0158491E-005
          4450.86     -4.9020741E-005
          4462.15     -4.7908635E-005
          4473.44     -4.6821633E-005
          4484.73     -4.5759204E-005
          4496.02     -4.4720824E-005
          4507.30     -4.3705977E-005
          4518.59     -4.2714156E-005
          4529.88     -4.1744859E-005
          4541.17     -4.0797592E-005
          4552.46     -3.9871873E-005
          4563.75     -3.8967222E-005
          4575.04     -3.8083171E-005
          4586.33     -3.7219259E-005
          4597.62     -3.6375033E-005
          4608.91     -3.5550050E-005
          4620.20     -3.4743872E-005
          4631.48     -3.3956070E-005
          4642.77     -3.3186226E-005
          4654.06     -3.2433927E-005
          4665.35     -3.1698769E-005
          4676.64     -3.0980355E-005
          4687.93     -3.0278297E-005
          4699.22     -2.9592216E-005
          4710.51     -2.8921737E-005
          4721.80     -2.8266496E-005
          4733.09     -2.7626137E-005
          4744.38     -2.7000307E-005
          4755.66     -2.6388666E-005
          4766.95     -2.5790877E-005
          4778.24     -2.5206611E-005
          4789.53     -2.4635549E-005
          4800.82     -2.4077376E-005
          4812.11     -2.3531784E-005
          4823.40     -2.2998472E-005
          4834.69     -2.2477147E-005
          4845.98     -2.1967521E-005
          4857.27     -2.1469313E-005
          4868.55     -2.0982248E-005
          4879.84     -2.0506058E-005
          4891.13     -2.0040481E-005
          4902.42     -1.9585258E-005
          4913.71     -1.9140141E-005
          4925.00     -1.8704884E-005
          4936.29     -1.8279248E-005
          4947.58     -1.7862999E-005
          4958.87     -1.7455907E-005
          4970.16     -1.7057751E-005
          4981.45     -1.6668312E-005
          4992.73     -1.6287376E-005
          5004.02     -1.5914738E-005
          5015.31     -1.5550193E-005
          5026.60     -1.5193542E-005
          5037.89     -1.4844594E-005
          5049.18     -1.4503158E-005
          5060.47     -1.4169052E-005
          5071.76     -1.3842093E-005
          5083.05     -1.3522107E-005
          5094.34     -1.3208923E-005
          5105.62     -1.2902372E-005
          5116.91     -1.2602292E-005
          5128.20     -1.2308523E-005
          5139.49     -1.2020909E-005
          5150.78     -1.1739300E-005
          5162.07     -1.1463546E-005
          5173.36     -1.1193504E-005
          5184.65     -1.0929034E-005
          5195.94     -1.0669997E-005
          5207.23     -1.0416260E-005
          5218.52     -1.0167693E-005
          5229.80     -9.9241675E-006
          5241.09     -9.6855611E-006
          5252.38     -9.4517524E-006
          5263.67     -9.2226234E-006
          5274.96     -8.9980599E-006
          5286.25     -8.7779499E-006
          5297.54     -8.5621848E-006
          5308.83     -8.3506585E-006
          5320.12     -8.1432680E-006
          5331.41     -7.9399133E-006
          5342.70     -7.7404966E-006
          5353.98     -7.5449228E-006
          5365.27     -7.3531001E-006
          5376.56     -7.1649385E-006
          5387.85     -6.9803508E-006
          5399.14     -6.7992522E-006
          5410.43     -6.6215605E-006
          5421.72     -6.4471961E-006
          5433.01     -6.2760813E-006
          5444.30     -6.1081409E-006
          5455.59     -5.9433025E-006
          5466.88     -5.7814954E-006
          5478.16     -5.6226516E-006
          5489.45     -5.4667050E-006
          5500.74     -5.3135917E-006
          5512.03     -5.1632504E-006
          5523.32     -5.0156215E-006
          5534.61     -4.8706475E-006
          5545.90     -4.7282733E-006
          5557.19     -4.5884457E-006
          5568.48     -4.4511135E-006
          5579.77     -4.3162284E-006
          5591.05     -4.1837445E-006
          5602.34     -4.0536185E-006
          5613.63     -3.9258083E-006
          5624.92     -3.8002740E-006
          5636.21     -3.6769776E-006
          5647.50     -3.5558830E-006
          5658.79     -3.4369557E-006
          5670.08     -3.3201633E-006
          5681.37     -3.2054788E-006
          5692.66     -3.0928808E-006
          5703.95     -2.9823487E-006
          5715.23     -2.8738631E-006
          5726.52     -2.7674058E-006
          5737.81     -2.6629595E-006
          5749.10     -2.5605083E-006
          5760.39     -2.4600372E-006
          5771.68     -2.3615325E-006
          5782.97     -2.2649815E-006
          5794.26     -2.1703695E-006
          5805.55     -2.0776805E-006
          5816.84     -1.9869010E-006
          5828.12     -1.8980187E-006
          5839.41     -1.8110236E-006
          5850.70     -1.7259076E-006
          5861.99     -1.6426645E-006
          5873.28     -1.5612901E-006
          5884.57     -1.4817821E-006
          5895.86     -1.4041402E-006
          5907.15     -1.3283663E-006
          5918.44     -1.2544648E-006
          5929.73     -1.1824431E-006
          5941.02     -1.1123103E-006
          5952.30     -1.0440771E-006
          5963.59     -9.7775643E-007
          5974.88     -9.1336277E-007
          5986.17     -8.5091282E-007
          5997.46     -7.9042535E-007
          6008.75     -7.3192075E-007
          6020.04     -6.7542118E-007
          6031.33     -6.2094986E-007
          6042.62     -5.6853119E-007
          6053.91     -5.1819193E-007
          6065.20     -4.6996092E-007
          6076.48     -4.2386910E-007
          6087.77     -3.7994954E-007
          6099.06     -3.3823757E-007
          6110.35     -2.9877114E-007
          6121.64     -2.6159099E-007
          6132.93     -2.2674105E-007
          6144.22     -1.9426828E-007
          6155.51     -1.6422158E-007
          6166.80     -1.3665203E-007
          6178.09     -1.1161295E-007
          6189.38     -8.9159886E-008
          6200.66     -6.9351470E-008
          6211.95     -5.2249623E-008
          6223.24     -3.7919627E-008
          6234.53     -2.6430231E-008
          6245.82     -1.7853633E-008
          6257.11     -1.2265596E-008
          6268.40     -9.7455167E-009
          6279.69     -8.7757667E-009
          6290.98     -7.7826121E-009
          6302.27     -6.7640098E-009
          6313.55     -5.7178898E-009
          6324.84     -4.6421559E-009
          6336.13     -3.5346777E-009
          6347.42     -2.3932926E-009
          6358.71     -1.2158090E-009
          6370.00     -1.3986095E-042
