          3480.00     -2.3059593E-004
          3491.29     -2.3114900E-004
          3502.58     -2.3068352E-004
          3513.87     -2.2933683E-004
          3525.16     -2.2723156E-004
          3536.45     -2.2447712E-004
          3547.73     -2.2117099E-004
          3559.02     -2.1739999E-004
          3570.31     -2.1324127E-004
          3581.60     -2.0876335E-004
          3592.89     -2.0402698E-004
          3604.18     -1.9908594E-004
          3615.47     -1.9398781E-004
          3626.76     -1.8877449E-004
          3638.05     -1.8348279E-004
          3649.34     -1.7814494E-004
          3660.62     -1.7278906E-004
          3671.91     -1.6743960E-004
          3683.20     -1.6211774E-004
          3694.49     -1.5684170E-004
          3705.78     -1.5162711E-004
          3717.07     -1.4648726E-004
          3728.36     -1.4143335E-004
          3739.65     -1.3647476E-004
          3750.94     -1.3161920E-004
          3762.23     -1.2687294E-004
          3773.52     -1.2224097E-004
          3784.80     -1.1772712E-004
          3796.09     -1.1333426E-004
          3807.38     -1.0906433E-004
          3818.67     -1.0491853E-004
          3829.96     -1.0089738E-004
          3841.25     -9.7000806E-005
          3852.54     -9.3228240E-005
          3863.83     -8.9578677E-005
          3875.12     -8.6050735E-005
          3886.41     -8.2642722E-005
          3897.70     -7.9352669E-005
          3908.98     -7.6178381E-005
          3920.27     -7.3117485E-005
          3931.56     -7.0167448E-005
          3942.85     -6.7325617E-005
          3954.14     -6.4589245E-005
          3965.43     -6.1955507E-005
          3976.72     -5.9421537E-005
          3988.01     -5.6984434E-005
          3999.30     -5.4641282E-005
          4010.59     -5.2389171E-005
          4021.88     -5.0225199E-005
          4033.16     -4.8146487E-005
          4044.45     -4.6150187E-005
          4055.74     -4.4233490E-005
          4067.03     -4.2393638E-005
          4078.32     -4.0627915E-005
          4089.61     -3.8933664E-005
          4100.90     -3.7308292E-005
          4112.19     -3.5749259E-005
          4123.48     -3.4254095E-005
          4134.77     -3.2820394E-005
          4146.05     -3.1445816E-005
          4157.34     -3.0128091E-005
          4168.63     -2.8865017E-005
          4179.92     -2.7654457E-005
          4191.21     -2.6494348E-005
          4202.50     -2.5382688E-005
          4213.79     -2.4317546E-005
          4225.08     -2.3297055E-005
          4236.37     -2.2319414E-005
          4247.66     -2.1382886E-005
          4258.95     -2.0485795E-005
          4270.23     -1.9626527E-005
          4281.52     -1.8803528E-005
          4292.81     -1.8015301E-005
          4304.10     -1.7260407E-005
          4315.39     -1.6537461E-005
          4326.68     -1.5845131E-005
          4337.97     -1.5182138E-005
          4349.26     -1.4547252E-005
          4360.55     -1.3939291E-005
          4371.84     -1.3357123E-005
          4383.12     -1.2799657E-005
          4394.41     -1.2265848E-005
          4405.70     -1.1754697E-005
          4416.99     -1.1265240E-005
          4428.28     -1.0796557E-005
          4439.57     -1.0347765E-005
          4450.86     -9.9180158E-006
          4462.15     -9.5064982E-006
          4473.44     -9.1124339E-006
          4484.73     -8.7350773E-006
          4496.02     -8.3737139E-006
          4507.30     -8.0276594E-006
          4518.59     -7.6962587E-006
          4529.88     -7.3788840E-006
          4541.17     -7.0749338E-006
          4552.46     -6.7838332E-006
          4563.75     -6.5050308E-006
          4575.04     -6.2379991E-006
          4586.33     -5.9822329E-006
          4597.62     -5.7372488E-006
          4608.91     -5.5025844E-006
          4620.20     -5.2777969E-006
          4631.48     -5.0624622E-006
          4642.77     -4.8561751E-006
          4654.06     -4.6585476E-006
          4665.35     -4.4692082E-006
          4676.64     -4.2878018E-006
          4687.93     -4.1139881E-006
          4699.22     -3.9474423E-006
          4710.51     -3.7878531E-006
          4721.80     -3.6349227E-006
          4733.09     -3.4883664E-006
          4744.38     -3.3479116E-006
          4755.66     -3.2132977E-006
          4766.95     -3.0842753E-006
          4778.24     -2.9606057E-006
          4789.53     -2.8420608E-006
          4800.82     -2.7284222E-006
          4812.11     -2.6194808E-006
          4823.40     -2.5150370E-006
          4834.69     -2.4148994E-006
          4845.98     -2.3188852E-006
          4857.27     -2.2268194E-006
          4868.55     -2.1385344E-006
          4879.84     -2.0538702E-006
          4891.13     -1.9726735E-006
          4902.42     -1.8947976E-006
          4913.71     -1.8201023E-006
          4925.00     -1.7484533E-006
          4936.29     -1.6797221E-006
          4947.58     -1.6137859E-006
          4958.87     -1.5505268E-006
          4970.16     -1.4898325E-006
          4981.45     -1.4315951E-006
          4992.73     -1.3757115E-006
          5004.02     -1.3220832E-006
          5015.31     -1.2706156E-006
          5026.60     -1.2212184E-006
          5037.89     -1.1738051E-006
          5049.18     -1.1282928E-006
          5060.47     -1.0846024E-006
          5071.76     -1.0426579E-006
          5083.05     -1.0023866E-006
          5094.34     -9.6371903E-007
          5105.62     -9.2658861E-007
          5116.91     -8.9093154E-007
          5128.20     -8.5668677E-007
          5139.49     -8.2379579E-007
          5150.78     -7.9220269E-007
          5162.07     -7.6185381E-007
          5173.36     -7.3269779E-007
          5184.65     -7.0468552E-007
          5195.94     -6.7776985E-007
          5207.23     -6.5190568E-007
          5218.52     -6.2704977E-007
          5229.80     -6.0316071E-007
          5241.09     -5.8019886E-007
          5252.38     -5.5812620E-007
          5263.67     -5.3690628E-007
          5274.96     -5.1650426E-007
          5286.25     -4.9688668E-007
          5297.54     -4.7802150E-007
          5308.83     -4.5987800E-007
          5320.12     -4.4242676E-007
          5331.41     -4.2563959E-007
          5342.70     -4.0948946E-007
          5353.98     -3.9395044E-007
          5365.27     -3.7899771E-007
          5376.56     -3.6460745E-007
          5387.85     -3.5075683E-007
          5399.14     -3.3742397E-007
          5410.43     -3.2458787E-007
          5421.72     -3.1222845E-007
          5433.01     -3.0032640E-007
          5444.30     -2.8886321E-007
          5455.59     -2.7782120E-007
          5466.88     -2.6718334E-007
          5478.16     -2.5693335E-007
          5489.45     -2.4705559E-007
          5500.74     -2.3753509E-007
          5512.03     -2.2835748E-007
          5523.32     -2.1950900E-007
          5534.61     -2.1097642E-007
          5545.90     -2.0274710E-007
          5557.19     -1.9480890E-007
          5568.48     -1.8715019E-007
          5579.77     -1.7975987E-007
          5591.05     -1.7262730E-007
          5602.34     -1.6574234E-007
          5613.63     -1.5909523E-007
          5624.92     -1.5267663E-007
          5636.21     -1.4647760E-007
          5647.50     -1.4048957E-007
          5658.79     -1.3470431E-007
          5670.08     -1.2911397E-007
          5681.37     -1.2371122E-007
          5692.66     -1.1848917E-007
          5703.95     -1.1344124E-007
          5715.23     -1.0856108E-007
          5726.52     -1.0384262E-007
          5737.81     -9.9280012E-008
          5749.10     -9.4867668E-008
          5760.39     -9.0600223E-008
          5771.68     -8.6472536E-008
          5782.97     -8.2479690E-008
          5794.26     -7.8616849E-008
          5805.55     -7.4879300E-008
          5816.84     -7.1262577E-008
          5828.12     -6.7762441E-008
          5839.41     -6.4374882E-008
          5850.70     -6.1096118E-008
          5861.99     -5.7922580E-008
          5873.28     -5.4850922E-008
          5884.57     -5.1878002E-008
          5895.86     -4.9000886E-008
          5907.15     -4.6216849E-008
          5918.44     -4.3523393E-008
          5929.73     -4.0918245E-008
          5941.02     -3.8399319E-008
          5952.30     -3.5964708E-008
          5963.59     -3.3612696E-008
          5974.88     -3.1341746E-008
          5986.17     -2.9150514E-008
          5997.46     -2.7037843E-008
          6008.75     -2.5002746E-008
          6020.04     -2.3044416E-008
          6031.33     -2.1162195E-008
          6042.62     -1.9355583E-008
          6053.91     -1.7624279E-008
          6065.20     -1.5968175E-008
          6076.48     -1.4387354E-008
          6087.77     -1.2882093E-008
          6099.06     -1.1452872E-008
          6110.35     -1.0100391E-008
          6121.64     -8.8255716E-009
          6132.93     -7.6295781E-009
          6144.22     -6.5138114E-009
          6155.51     -5.4798745E-009
          6166.80     -4.5295843E-009
          6178.09     -3.6649782E-009
          6189.38     -2.8883223E-009
          6200.66     -2.2021467E-009
          6211.95     -1.6092605E-009
          6223.24     -1.1127596E-009
          6234.53     -7.1603775E-010
          6245.82     -4.2279230E-010
          6257.11     -2.3703620E-010
          6268.40     -1.6310827E-010
          6279.69     -1.4653561E-010
          6290.98     -1.2974040E-010
          6302.27     -1.1265351E-010
          6313.55     -9.5204908E-011
          6324.84     -7.7323495E-011
          6336.13     -5.8936879E-011
          6347.42     -3.9971253E-011
          6358.71     -2.0351308E-011
          6370.00     -3.9324955E-044
