          3480.00     -4.5400346E-026
          3491.29     -1.1559974E-007
          3502.58     -2.3193449E-007
          3513.87     -3.4982745E-007
          3525.16     -4.7010060E-007
          3536.45     -5.9358108E-007
          3547.73     -7.2110649E-007
          3559.02     -8.5353012E-007
          3570.31     -9.9172703E-007
          3581.60     -1.1365992E-006
          3592.89     -1.2890810E-006
          3604.18     -1.4501445E-006
          3615.47     -1.6208041E-006
          3626.76     -1.8021230E-006
          3638.05     -1.9952197E-006
          3649.34     -2.2012737E-006
          3660.62     -2.4215323E-006
          3671.91     -2.6573171E-006
          3683.20     -2.9100305E-006
          3694.49     -3.1811636E-006
          3705.78     -3.4723023E-006
          3717.07     -3.7851367E-006
          3728.36     -4.1214690E-006
          3739.65     -4.4832210E-006
          3750.94     -4.8724454E-006
          3762.23     -5.2913342E-006
          3773.52     -5.7422291E-006
          3784.80     -6.2276333E-006
          3796.09     -6.7502212E-006
          3807.38     -7.3128535E-006
          3818.67     -7.9185895E-006
          3829.96     -8.5706981E-006
          3841.25     -9.2726762E-006
          3852.54     -1.0028261E-005
          3863.83     -1.0841449E-005
          3875.12     -1.1716512E-005
          3886.41     -1.2658014E-005
          3897.70     -1.3670832E-005
          3908.98     -1.4760181E-005
          3920.27     -1.5931628E-005
          3931.56     -1.7191121E-005
          3942.85     -1.8545013E-005
          3954.14     -2.0000088E-005
          3965.43     -2.1563590E-005
          3976.72     -2.3243248E-005
          3988.01     -2.5047314E-005
          3999.30     -2.6984592E-005
          4010.59     -2.9064467E-005
          4021.88     -3.1296955E-005
          4033.16     -3.3692732E-005
          4044.45     -3.6263178E-005
          4055.74     -3.9020425E-005
          4067.03     -4.1977393E-005
          4078.32     -4.5147849E-005
          4089.61     -4.8546462E-005
          4100.90     -5.2188836E-005
          4112.19     -5.6091598E-005
          4123.48     -6.0272437E-005
          4134.77     -6.4750178E-005
          4146.05     -6.9544850E-005
          4157.34     -7.4677745E-005
          4168.63     -8.0171515E-005
          4179.92     -8.6050244E-005
          4191.21     -9.2339514E-005
          4202.50     -9.9066525E-005
          4213.79     -1.0626017E-004
          4225.08     -1.1395113E-004
          4236.37     -1.2217200E-004
          4247.66     -1.3095737E-004
          4258.95     -1.4034395E-004
          4270.23     -1.5037072E-004
          4281.52     -1.6107900E-004
          4292.81     -1.7251264E-004
          4304.10     -1.8471814E-004
          4315.39     -1.9774479E-004
          4326.68     -2.1164484E-004
          4337.97     -2.2647365E-004
          4349.26     -2.4228987E-004
          4360.55     -2.5915566E-004
          4371.84     -2.7713680E-004
          4383.12     -2.9630298E-004
          4394.41     -3.1672793E-004
          4405.70     -3.3848967E-004
          4416.99     -3.6167074E-004
          4428.28     -3.8635840E-004
          4439.57     -4.1264498E-004
          4450.86     -4.4062810E-004
          4462.15     -4.7041086E-004
          4473.44     -5.0210229E-004
          4484.73     -5.3581755E-004
          4496.02     -5.7167825E-004
          4507.30     -6.0981287E-004
          4518.59     -6.5035693E-004
          4529.88     -6.9345355E-004
          4541.17     -7.3925377E-004
          4552.46     -7.8791681E-004
          4563.75     -8.3961070E-004
          4575.04     -8.9451259E-004
          4586.33     -9.5280920E-004
          4597.62     -1.0146974E-003
          4608.91     -1.0803844E-003
          4620.20     -1.1500886E-003
          4631.48     -1.2240401E-003
          4642.77     -1.3024810E-003
          4654.06     -1.3856661E-003
          4665.35     -1.4738636E-003
          4676.64     -1.5673556E-003
          4687.93     -1.6664390E-003
          4699.22     -1.7714254E-003
          4710.51     -1.8826430E-003
          4721.80     -2.0004364E-003
          4733.09     -2.1251674E-003
          4744.38     -2.2572164E-003
          4755.66     -2.3969827E-003
          4766.95     -2.5448853E-003
          4778.24     -2.7013641E-003
          4789.53     -2.8668804E-003
          4800.82     -3.0419182E-003
          4812.11     -3.2269851E-003
          4823.40     -3.4226126E-003
          4834.69     -3.6293582E-003
          4845.98     -3.8478058E-003
          4857.27     -4.0785668E-003
          4868.55     -4.3222815E-003
          4879.84     -4.5796194E-003
          4891.13     -4.8512816E-003
          4902.42     -5.1380015E-003
          4913.71     -5.4405451E-003
          4925.00     -5.7597139E-003
          4936.29     -6.0963451E-003
          4947.58     -6.4513131E-003
          4958.87     -6.8255314E-003
          4970.16     -7.2199526E-003
          4981.45     -7.6355714E-003
          4992.73     -8.0734254E-003
          5004.02     -8.5345956E-003
          5015.31     -9.0202092E-003
          5026.60     -9.5314407E-003
          5037.89     -1.0069513E-002
          5049.18     -1.0635699E-002
          5060.47     -1.1231324E-002
          5071.76     -1.1857765E-002
          5083.05     -1.2516456E-002
          5094.34     -1.3208884E-002
          5105.62     -1.3936597E-002
          5116.91     -1.4701200E-002
          5128.20     -1.5504360E-002
          5139.49     -1.6347806E-002
          5150.78     -1.7233328E-002
          5162.07     -1.8162784E-002
          5173.36     -1.9138097E-002
          5184.65     -2.0161256E-002
          5195.94     -2.1234319E-002
          5207.23     -2.2359415E-002
          5218.52     -2.3538744E-002
          5229.80     -2.4774576E-002
          5241.09     -2.6069252E-002
          5252.38     -2.7425189E-002
          5263.67     -2.8844877E-002
          5274.96     -3.0330878E-002
          5286.25     -3.1885830E-002
          5297.54     -3.3512442E-002
          5308.83     -3.5213499E-002
          5320.12     -3.6991859E-002
          5331.41     -3.8850449E-002
          5342.70     -4.0792268E-002
          5353.98     -4.2820389E-002
          5365.27     -4.4937945E-002
          5376.56     -4.7148141E-002
          5387.85     -4.9454242E-002
          5399.14     -5.1859572E-002
          5410.43     -5.4367515E-002
          5421.72     -5.6981499E-002
          5433.01     -5.9705006E-002
          5444.30     -6.2541559E-002
          5455.59     -6.5494709E-002
          5466.88     -6.8568041E-002
          5478.16     -7.1765160E-002
          5489.45     -7.5089682E-002
          5500.74     -7.8545230E-002
          5512.03     -8.2135409E-002
          5523.32     -8.5863815E-002
          5534.61     -8.9734010E-002
          5545.90     -9.3749504E-002
          5557.19     -9.7913750E-002
          5568.48     -1.0223012E-001
          5579.77     -1.0670188E-001
          5591.05     -1.1133214E-001
          5602.34     -1.1612387E-001
          5613.63     -1.2107990E-001
          5624.92     -1.2620290E-001
          5636.21     -1.3149528E-001
          5647.50     -1.3695925E-001
          5658.79     -1.4259677E-001
          5670.08     -1.4840945E-001
          5681.37     -1.5439839E-001
          5692.66     -1.6056412E-001
          5703.95     -1.6690686E-001
          5715.23     -1.7342642E-001
          5726.52     -1.8012222E-001
          5737.81     -1.8699322E-001
          5749.10     -1.9403786E-001
          5760.39     -2.0125405E-001
          5771.68     -2.0863907E-001
          5782.97     -2.1618957E-001
          5794.26     -2.2390177E-001
          5805.55     -2.3177129E-001
          5816.84     -2.3979273E-001
          5828.12     -2.4795963E-001
          5839.41     -2.5626433E-001
          5850.70     -2.6469793E-001
          5861.99     -2.7325014E-001
          5873.28     -2.8190919E-001
          5884.57     -2.9066175E-001
          5895.86     -2.9949277E-001
          5907.15     -3.0838535E-001
          5918.44     -3.1732050E-001
          5929.73     -3.2627702E-001
          5941.02     -3.3523155E-001
          5952.30     -3.4415842E-001
          5963.59     -3.5302950E-001
          5974.88     -3.6181396E-001
          5986.17     -3.7047813E-001
          5997.46     -3.7898526E-001
          6008.75     -3.8729550E-001
          6020.04     -3.9536561E-001
          6031.33     -4.0314897E-001
          6042.62     -4.1059523E-001
          6053.91     -4.1764967E-001
          6065.20     -4.2425298E-001
          6076.48     -4.3034097E-001
          6087.77     -4.3584426E-001
          6099.06     -4.4068784E-001
          6110.35     -4.4479052E-001
          6121.64     -4.4806456E-001
          6132.93     -4.5041501E-001
          6144.22     -4.5173966E-001
          6155.51     -4.5192906E-001
          6166.80     -4.5086604E-001
          6178.09     -4.4842521E-001
          6189.38     -4.4447224E-001
          6200.66     -4.3886274E-001
          6211.95     -4.3144142E-001
          6223.24     -4.2204141E-001
          6234.53     -4.1048364E-001
          6245.82     -3.9657600E-001
          6257.11     -3.8011261E-001
          6268.40     -3.6087303E-001
          6279.69     -3.3809954E-001
          6290.98     -3.1117160E-001
          6302.27     -2.8004650E-001
          6313.55     -2.4465958E-001
          6324.84     -2.0492439E-001
          6336.13     -1.6073248E-001
          6347.42     -1.1195331E-001
          6358.71     -5.8434233E-002
          6370.00     -6.8226913E-050
