          3480.00     -4.5447715E-031
          3491.29     -1.2844694E-011
          3502.58     -2.5756522E-011
          3513.87     -3.8813506E-011
          3525.16     -5.2093368E-011
          3536.45     -6.5674063E-011
          3547.73     -7.9634203E-011
          3559.02     -9.4053464E-011
          3570.31     -1.0901310E-010
          3581.60     -1.2459633E-010
          3592.89     -1.4088879E-010
          3604.18     -1.5797892E-010
          3615.47     -1.7595830E-010
          3626.76     -1.9492218E-010
          3638.05     -2.1497001E-010
          3649.34     -2.3620579E-010
          3660.62     -2.5873868E-010
          3671.91     -2.8268343E-010
          3683.20     -3.0816085E-010
          3694.49     -3.3529840E-010
          3705.78     -3.6423060E-010
          3717.07     -3.9509977E-010
          3728.36     -4.2805652E-010
          3739.65     -4.6326026E-010
          3750.94     -5.0088007E-010
          3762.23     -5.4109518E-010
          3773.52     -5.8409578E-010
          3784.80     -6.3008372E-010
          3796.09     -6.7927320E-010
          3807.38     -7.3189182E-010
          3818.67     -7.8818136E-010
          3829.96     -8.4839849E-010
          3841.25     -9.1281596E-010
          3852.54     -9.8172346E-010
          3863.83     -1.0554287E-009
          3875.12     -1.1342586E-009
          3886.41     -1.2185601E-009
          3897.70     -1.3087019E-009
          3908.98     -1.4050757E-009
          3920.27     -1.5080970E-009
          3931.56     -1.6182070E-009
          3942.85     -1.7358742E-009
          3954.14     -1.8615958E-009
          3965.43     -1.9958998E-009
          3976.72     -2.1393459E-009
          3988.01     -2.2925282E-009
          3999.30     -2.4560768E-009
          4010.59     -2.6306596E-009
          4021.88     -2.8169851E-009
          4033.16     -3.0158038E-009
          4044.45     -3.2279117E-009
          4055.74     -3.4541519E-009
          4067.03     -3.6954171E-009
          4078.32     -3.9526535E-009
          4089.61     -4.2268631E-009
          4100.90     -4.5191058E-009
          4112.19     -4.8305045E-009
          4123.48     -5.1622470E-009
          4134.77     -5.5155903E-009
          4146.05     -5.8918642E-009
          4157.34     -6.2924743E-009
          4168.63     -6.7189075E-009
          4179.92     -7.1727360E-009
          4191.21     -7.6556202E-009
          4202.50     -8.1693156E-009
          4213.79     -8.7156769E-009
          4225.08     -9.2966624E-009
          4236.37     -9.9143411E-009
          4247.66     -1.0570895E-008
          4258.95     -1.1268631E-008
          4270.23     -1.2009980E-008
          4281.52     -1.2797507E-008
          4292.81     -1.3633920E-008
          4304.10     -1.4522074E-008
          4315.39     -1.5464977E-008
          4326.68     -1.6465804E-008
          4337.97     -1.7527896E-008
          4349.26     -1.8654777E-008
          4360.55     -1.9850159E-008
          4371.84     -2.1117950E-008
          4383.12     -2.2462269E-008
          4394.41     -2.3887448E-008
          4405.70     -2.5398045E-008
          4416.99     -2.6998861E-008
          4428.28     -2.8694938E-008
          4439.57     -3.0491586E-008
          4450.86     -3.2394388E-008
          4462.15     -3.4409207E-008
          4473.44     -3.6542213E-008
          4484.73     -3.8799885E-008
          4496.02     -4.1189031E-008
          4507.30     -4.3716801E-008
          4518.59     -4.6390699E-008
          4529.88     -4.9218609E-008
          4541.17     -5.2208803E-008
          4552.46     -5.5369957E-008
          4563.75     -5.8711177E-008
          4575.04     -6.2242012E-008
          4586.33     -6.5972475E-008
          4597.62     -6.9913065E-008
          4608.91     -7.4074772E-008
          4620.20     -7.8469126E-008
          4631.48     -8.3108201E-008
          4642.77     -8.8004629E-008
          4654.06     -9.3171650E-008
          4665.35     -9.8623115E-008
          4676.64     -1.0437352E-007
          4687.93     -1.1043803E-007
          4699.22     -1.1683249E-007
          4710.51     -1.2357349E-007
          4721.80     -1.3067837E-007
          4733.09     -1.3816522E-007
          4744.38     -1.4605297E-007
          4755.66     -1.5436139E-007
          4766.95     -1.6311109E-007
          4778.24     -1.7232364E-007
          4789.53     -1.8202148E-007
          4800.82     -1.9222807E-007
          4812.11     -2.0296787E-007
          4823.40     -2.1426635E-007
          4834.69     -2.2615008E-007
          4845.98     -2.3864677E-007
          4857.27     -2.5178523E-007
          4868.55     -2.6559550E-007
          4879.84     -2.8010882E-007
          4891.13     -2.9535771E-007
          4902.42     -3.1137603E-007
          4913.71     -3.2819892E-007
          4925.00     -3.4586297E-007
          4936.29     -3.6440620E-007
          4947.58     -3.8386807E-007
          4958.87     -4.0428961E-007
          4970.16     -4.2571334E-007
          4981.45     -4.4818344E-007
          4992.73     -4.7174574E-007
          5004.02     -4.9644767E-007
          5015.31     -5.2233847E-007
          5026.60     -5.4946913E-007
          5037.89     -5.7789242E-007
          5049.18     -6.0766304E-007
          5060.47     -6.3883745E-007
          5071.76     -6.7147414E-007
          5083.05     -7.0563359E-007
          5094.34     -7.4137816E-007
          5105.62     -7.7877236E-007
          5116.91     -8.1788272E-007
          5128.20     -8.5877789E-007
          5139.49     -9.0152866E-007
          5150.78     -9.4620787E-007
          5162.07     -9.9289062E-007
          5173.36     -1.0416542E-006
          5184.65     -1.0925780E-006
          5195.94     -1.1457437E-006
          5207.23     -1.2012352E-006
          5218.52     -1.2591386E-006
          5229.80     -1.3195422E-006
          5241.09     -1.3825364E-006
          5252.38     -1.4482140E-006
          5263.67     -1.5166697E-006
          5274.96     -1.5880004E-006
          5286.25     -1.6623052E-006
          5297.54     -1.7396848E-006
          5308.83     -1.8202424E-006
          5320.12     -1.9040826E-006
          5331.41     -1.9913119E-006
          5342.70     -2.0820385E-006
          5353.98     -2.1763722E-006
          5365.27     -2.2744239E-006
          5376.56     -2.3763062E-006
          5387.85     -2.4821327E-006
          5399.14     -2.5920176E-006
          5410.43     -2.7060761E-006
          5421.72     -2.8244237E-006
          5433.01     -2.9471762E-006
          5444.30     -3.0744494E-006
          5455.59     -3.2063584E-006
          5466.88     -3.3430179E-006
          5478.16     -3.4845412E-006
          5489.45     -3.6310405E-006
          5500.74     -3.7826258E-006
          5512.03     -3.9394047E-006
          5523.32     -4.1014820E-006
          5534.61     -4.2689594E-006
          5545.90     -4.4419337E-006
          5557.19     -4.6204978E-006
          5568.48     -4.8047388E-006
          5579.77     -4.9947368E-006
          5591.05     -5.1905642E-006
          5602.34     -5.3922850E-006
          5613.63     -5.5999553E-006
          5624.92     -5.8136220E-006
          5636.21     -6.0333206E-006
          5647.50     -6.2590758E-006
          5658.79     -6.4908993E-006
          5670.08     -6.7287885E-006
          5681.37     -6.9727168E-006
          5692.66     -7.2226330E-006
          5703.95     -7.4784713E-006
          5715.23     -7.7401491E-006
          5726.52     -8.0075655E-006
          5737.81     -8.2806005E-006
          5749.10     -8.5591128E-006
          5760.39     -8.8429380E-006
          5771.68     -9.1318873E-006
          5782.97     -9.4257455E-006
          5794.26     -9.7242807E-006
          5805.55     -1.0027238E-005
          5816.84     -1.0334322E-005
          5828.12     -1.0645198E-005
          5839.41     -1.0959483E-005
          5850.70     -1.1276750E-005
          5861.99     -1.1596519E-005
          5873.28     -1.1918253E-005
          5884.57     -1.2241361E-005
          5895.86     -1.2565186E-005
          5907.15     -1.2889006E-005
          5918.44     -1.3212023E-005
          5929.73     -1.3533359E-005
          5941.02     -1.3852059E-005
          5952.30     -1.4167090E-005
          5963.59     -1.4477329E-005
          5974.88     -1.4781564E-005
          5986.17     -1.5078480E-005
          5997.46     -1.5366660E-005
          6008.75     -1.5644582E-005
          6020.04     -1.5910608E-005
          6031.33     -1.6162989E-005
          6042.62     -1.6399851E-005
          6053.91     -1.6619178E-005
          6065.20     -1.6818799E-005
          6076.48     -1.6996385E-005
          6087.77     -1.7149439E-005
          6099.06     -1.7275280E-005
          6110.35     -1.7371027E-005
          6121.64     -1.7433589E-005
          6132.93     -1.7459646E-005
          6144.22     -1.7445642E-005
          6155.51     -1.7387799E-005
          6166.80     -1.7282094E-005
          6178.09     -1.7124251E-005
          6189.38     -1.6909715E-005
          6200.66     -1.6633621E-005
          6211.95     -1.6290767E-005
          6223.24     -1.5875596E-005
          6234.53     -1.5382178E-005
          6245.82     -1.4804185E-005
          6257.11     -1.4134873E-005
          6268.40     -1.3367060E-005
          6279.69     -1.2476440E-005
          6290.98     -1.1443019E-005
          6302.27     -1.0265253E-005
          6313.55     -8.9409563E-006
          6324.84     -7.4673037E-006
          6336.13     -5.8408239E-006
          6347.42     -4.0573993E-006
          6358.71     -2.1122663E-006
          6370.00      0.0000000E+000
