          3480.00     -1.4692744E-029
          3491.29     -1.5941030E-012
          3502.58     -3.2002674E-012
          3513.87     -4.8316510E-012
          3525.16     -6.5014251E-012
          3536.45     -8.2228895E-012
          3547.73     -1.0009572E-011
          3559.02     -1.1875327E-011
          3570.31     -1.3834447E-011
          3581.60     -1.5901761E-011
          3592.89     -1.8092738E-011
          3604.18     -2.0423594E-011
          3615.47     -2.2911377E-011
          3626.76     -2.5574100E-011
          3638.05     -2.8430861E-011
          3649.34     -3.1501957E-011
          3660.62     -3.4809022E-011
          3671.91     -3.8375157E-011
          3683.20     -4.2225065E-011
          3694.49     -4.6385208E-011
          3705.78     -5.0883946E-011
          3717.07     -5.5751726E-011
          3728.36     -6.1021248E-011
          3739.65     -6.6727637E-011
          3750.94     -7.2908671E-011
          3762.23     -7.9604971E-011
          3773.52     -8.6860237E-011
          3784.80     -9.4721494E-011
          3796.09     -1.0323932E-010
          3807.38     -1.1246817E-010
          3818.67     -1.2246666E-010
          3829.96     -1.3329783E-010
          3841.25     -1.4502954E-010
          3852.54     -1.5773479E-010
          3863.83     -1.7149210E-010
          3875.12     -1.8638596E-010
          3886.41     -2.0250716E-010
          3897.70     -2.1995338E-010
          3908.98     -2.3882964E-010
          3920.27     -2.5924873E-010
          3931.56     -2.8133195E-010
          3942.85     -3.0520957E-010
          3954.14     -3.3102155E-010
          3965.43     -3.5891824E-010
          3976.72     -3.8906100E-010
          3988.01     -4.2162310E-010
          3999.30     -4.5679052E-010
          4010.59     -4.9476267E-010
          4021.88     -5.3575357E-010
          4033.16     -5.7999271E-010
          4044.45     -6.2772614E-010
          4055.74     -6.7921765E-010
          4067.03     -7.3474977E-010
          4078.32     -7.9462538E-010
          4089.61     -8.5916890E-010
          4100.90     -9.2872756E-010
          4112.19     -1.0036733E-009
          4123.48     -1.0844042E-009
          4134.77     -1.1713463E-009
          4146.05     -1.2649553E-009
          4157.34     -1.3657185E-009
          4168.63     -1.4741573E-009
          4179.92     -1.5908291E-009
          4191.21     -1.7163291E-009
          4202.50     -1.8512940E-009
          4213.79     -1.9964037E-009
          4225.08     -2.1523843E-009
          4236.37     -2.3200115E-009
          4247.66     -2.5001128E-009
          4258.95     -2.6935716E-009
          4270.23     -2.9013309E-009
          4281.52     -3.1243959E-009
          4292.81     -3.3638392E-009
          4304.10     -3.6208042E-009
          4315.39     -3.8965101E-009
          4326.68     -4.1922560E-009
          4337.97     -4.5094256E-009
          4349.26     -4.8494936E-009
          4360.55     -5.2140304E-009
          4371.84     -5.6047078E-009
          4383.12     -6.0233061E-009
          4394.41     -6.4717189E-009
          4405.70     -6.9519610E-009
          4416.99     -7.4661755E-009
          4428.28     -8.0166404E-009
          4439.57     -8.6057786E-009
          4450.86     -9.2361658E-009
          4462.15     -9.9105370E-009
          4473.44     -1.0631800E-008
          4484.73     -1.1403041E-008
          4496.02     -1.2227539E-008
          4507.30     -1.3108775E-008
          4518.59     -1.4050441E-008
          4529.88     -1.5056457E-008
          4541.17     -1.6130980E-008
          4552.46     -1.7278417E-008
          4563.75     -1.8503444E-008
          4575.04     -1.9811015E-008
          4586.33     -2.1206381E-008
          4597.62     -2.2695106E-008
          4608.91     -2.4283080E-008
          4620.20     -2.5976541E-008
          4631.48     -2.7782096E-008
          4642.77     -2.9706732E-008
          4654.06     -3.1757845E-008
          4665.35     -3.3943259E-008
          4676.64     -3.6271247E-008
          4687.93     -3.8750558E-008
          4699.22     -4.1390430E-008
          4710.51     -4.4200635E-008
          4721.80     -4.7191494E-008
          4733.09     -5.0373899E-008
          4744.38     -5.3759359E-008
          4755.66     -5.7360017E-008
          4766.95     -6.1188689E-008
          4778.24     -6.5258896E-008
          4789.53     -6.9584888E-008
          4800.82     -7.4181700E-008
          4812.11     -7.9065178E-008
          4823.40     -8.4252007E-008
          4834.69     -8.9759777E-008
          4845.98     -9.5607005E-008
          4857.27     -1.0181319E-007
          4868.55     -1.0839884E-007
          4879.84     -1.1538554E-007
          4891.13     -1.2279599E-007
          4902.42     -1.3065408E-007
          4913.71     -1.3898488E-007
          4925.00     -1.4781476E-007
          4936.29     -1.5717141E-007
          4947.58     -1.6708393E-007
          4958.87     -1.7758283E-007
          4970.16     -1.8870016E-007
          4981.45     -2.0046950E-007
          4992.73     -2.1292613E-007
          5004.02     -2.2610695E-007
          5015.31     -2.4005069E-007
          5026.60     -2.5479787E-007
          5037.89     -2.7039096E-007
          5049.18     -2.8687441E-007
          5060.47     -3.0429466E-007
          5071.76     -3.2270037E-007
          5083.05     -3.4214239E-007
          5094.34     -3.6267379E-007
          5105.62     -3.8435008E-007
          5116.91     -4.0722919E-007
          5128.20     -4.3137159E-007
          5139.49     -4.5684036E-007
          5150.78     -4.8370123E-007
          5162.07     -5.1202272E-007
          5173.36     -5.4187626E-007
          5184.65     -5.7333610E-007
          5195.94     -6.0647959E-007
          5207.23     -6.4138715E-007
          5218.52     -6.7814237E-007
          5229.80     -7.1683213E-007
          5241.09     -7.5754653E-007
          5252.38     -8.0037914E-007
          5263.67     -8.4542701E-007
          5274.96     -8.9279058E-007
          5286.25     -9.4257399E-007
          5297.54     -9.9488496E-007
          5308.83     -1.0498348E-006
          5320.12     -1.1075388E-006
          5331.41     -1.1681155E-006
          5342.70     -1.2316876E-006
          5353.98     -1.2983814E-006
          5365.27     -1.3683269E-006
          5376.56     -1.4416580E-006
          5387.85     -1.5185122E-006
          5399.14     -1.5990307E-006
          5410.43     -1.6833583E-006
          5421.72     -1.7716431E-006
          5433.01     -1.8640368E-006
          5444.30     -1.9606944E-006
          5455.59     -2.0617738E-006
          5466.88     -2.1674359E-006
          5478.16     -2.2778443E-006
          5489.45     -2.3931650E-006
          5500.74     -2.5135664E-006
          5512.03     -2.6392181E-006
          5523.32     -2.7702919E-006
          5534.61     -2.9069603E-006
          5545.90     -3.0493962E-006
          5557.19     -3.1977730E-006
          5568.48     -3.3522630E-006
          5579.77     -3.5130371E-006
          5591.05     -3.6802632E-006
          5602.34     -3.8541064E-006
          5613.63     -4.0347288E-006
          5624.92     -4.2222885E-006
          5636.21     -4.4169376E-006
          5647.50     -4.6188224E-006
          5658.79     -4.8280816E-006
          5670.08     -5.0448446E-006
          5681.37     -5.2692232E-006
          5692.66     -5.5013103E-006
          5703.95     -5.7411889E-006
          5715.23     -5.9889299E-006
          5726.52     -6.2445899E-006
          5737.81     -6.5082106E-006
          5749.10     -6.7798160E-006
          5760.39     -7.0594104E-006
          5771.68     -7.3469768E-006
          5782.97     -7.6424741E-006
          5794.26     -7.9458460E-006
          5805.55     -8.2570137E-006
          5816.84     -8.5758592E-006
          5828.12     -8.9022230E-006
          5839.41     -9.2358992E-006
          5850.70     -9.5766317E-006
          5861.99     -9.9241099E-006
          5873.28     -1.0277963E-005
          5884.57     -1.0637756E-005
          5895.86     -1.1002984E-005
          5907.15     -1.1373065E-005
          5918.44     -1.1747329E-005
          5929.73     -1.2125014E-005
          5941.02     -1.2505267E-005
          5952.30     -1.2887133E-005
          5963.59     -1.3269553E-005
          5974.88     -1.3651350E-005
          5986.17     -1.4031222E-005
          5997.46     -1.4407731E-005
          6008.75     -1.4779302E-005
          6020.04     -1.5144207E-005
          6031.33     -1.5500565E-005
          6042.62     -1.5846324E-005
          6053.91     -1.6179235E-005
          6065.20     -1.6496836E-005
          6076.48     -1.6796441E-005
          6087.77     -1.7075123E-005
          6099.06     -1.7329690E-005
          6110.35     -1.7556663E-005
          6121.64     -1.7752253E-005
          6132.93     -1.7912331E-005
          6144.22     -1.8032421E-005
          6155.51     -1.8107699E-005
          6166.80     -1.8132966E-005
          6178.09     -1.8102625E-005
          6189.38     -1.8010639E-005
          6200.66     -1.7850479E-005
          6211.95     -1.7615083E-005
          6223.24     -1.7296816E-005
          6234.53     -1.6887436E-005
          6245.82     -1.6378053E-005
          6257.11     -1.5759087E-005
          6268.40     -1.5020224E-005
          6279.69     -1.4125383E-005
          6290.98     -1.3045133E-005
          6302.27     -1.1777703E-005
          6313.55     -1.0320183E-005
          6324.84     -8.6685371E-006
          6336.13     -6.8175901E-006
          6347.42     -4.7610242E-006
          6358.71     -2.4913740E-006
          6370.00     -4.2869404E-055
