          3480.00      1.3497108E-032
          3491.29     -1.6088172E-010
          3502.58     -3.2220101E-010
          3513.87     -4.8457411E-010
          3525.16     -6.4861143E-010
          3536.45     -8.1492087E-010
          3547.73     -9.8410965E-010
          3559.02     -1.1567861E-009
          3570.31     -1.3335628E-009
          3581.60     -1.5150579E-009
          3592.89     -1.7018977E-009
          3604.18     -1.8947180E-009
          3615.47     -2.0941647E-009
          3626.76     -2.3008976E-009
          3638.05     -2.5155920E-009
          3649.34     -2.7389408E-009
          3660.62     -2.9716572E-009
          3671.91     -3.2144762E-009
          3683.20     -3.4681562E-009
          3694.49     -3.7334819E-009
          3705.78     -4.0112650E-009
          3717.07     -4.3023478E-009
          3728.36     -4.6076044E-009
          3739.65     -4.9279422E-009
          3750.94     -5.2643058E-009
          3762.23     -5.6176777E-009
          3773.52     -5.9890812E-009
          3784.80     -6.3795828E-009
          3796.09     -6.7902936E-009
          3807.38     -7.2223740E-009
          3818.67     -7.6770350E-009
          3829.96     -8.1555397E-009
          3841.25     -8.6592079E-009
          3852.54     -9.1894174E-009
          3863.83     -9.7476073E-009
          3875.12     -1.0335281E-008
          3886.41     -1.0954009E-008
          3897.70     -1.1605432E-008
          3908.98     -1.2291265E-008
          3920.27     -1.3013298E-008
          3931.56     -1.3773404E-008
          3942.85     -1.4573537E-008
          3954.14     -1.5415742E-008
          3965.43     -1.6302156E-008
          3976.72     -1.7235008E-008
          3988.01     -1.8216631E-008
          3999.30     -1.9249460E-008
          4010.59     -2.0336035E-008
          4021.88     -2.1479014E-008
          4033.16     -2.2681168E-008
          4044.45     -2.3945391E-008
          4055.74     -2.5274707E-008
          4067.03     -2.6672266E-008
          4078.32     -2.8141359E-008
          4089.61     -2.9685423E-008
          4100.90     -3.1308034E-008
          4112.19     -3.3012932E-008
          4123.48     -3.4804011E-008
          4134.77     -3.6685335E-008
          4146.05     -3.8661141E-008
          4157.34     -4.0735840E-008
          4168.63     -4.2914034E-008
          4179.92     -4.5200519E-008
          4191.21     -4.7600286E-008
          4202.50     -5.0118537E-008
          4213.79     -5.2760691E-008
          4225.08     -5.5532387E-008
          4236.37     -5.8439500E-008
          4247.66     -6.1488134E-008
          4258.95     -6.4684653E-008
          4270.23     -6.8035673E-008
          4281.52     -7.1548069E-008
          4292.81     -7.5229002E-008
          4304.10     -7.9085911E-008
          4315.39     -8.3126531E-008
          4326.68     -8.7358906E-008
          4337.97     -9.1791383E-008
          4349.26     -9.6432643E-008
          4360.55     -1.0129171E-007
          4371.84     -1.0637794E-007
          4383.12     -1.1170106E-007
          4394.41     -1.1727117E-007
          4405.70     -1.2309873E-007
          4416.99     -1.2919462E-007
          4428.28     -1.3557009E-007
          4439.57     -1.4223683E-007
          4450.86     -1.4920697E-007
          4462.15     -1.5649307E-007
          4473.44     -1.6410814E-007
          4484.73     -1.7206568E-007
          4496.02     -1.8037967E-007
          4507.30     -1.8906459E-007
          4518.59     -1.9813542E-007
          4529.88     -2.0760768E-007
          4541.17     -2.1749745E-007
          4552.46     -2.2782133E-007
          4563.75     -2.3859651E-007
          4575.04     -2.4984079E-007
          4586.33     -2.6157255E-007
          4597.62     -2.7381080E-007
          4608.91     -2.8657516E-007
          4620.20     -2.9988594E-007
          4631.48     -3.1376411E-007
          4642.77     -3.2823128E-007
          4654.06     -3.4330982E-007
          4665.35     -3.5902277E-007
          4676.64     -3.7539392E-007
          4687.93     -3.9244784E-007
          4699.22     -4.1020979E-007
          4710.51     -4.2870588E-007
          4721.80     -4.4796299E-007
          4733.09     -4.6800878E-007
          4744.38     -4.8887180E-007
          4755.66     -5.1058140E-007
          4766.95     -5.3316781E-007
          4778.24     -5.5666214E-007
          4789.53     -5.8109635E-007
          4800.82     -6.0650333E-007
          4812.11     -6.3291691E-007
          4823.40     -6.6037179E-007
          4834.69     -6.8890366E-007
          4845.98     -7.1854914E-007
          4857.27     -7.4934583E-007
          4868.55     -7.8133231E-007
          4879.84     -8.1454808E-007
          4891.13     -8.4903369E-007
          4902.42     -8.8483072E-007
          4913.71     -9.2198165E-007
          4925.00     -9.6053006E-007
          4936.29     -1.0005205E-006
          4947.58     -1.0419986E-006
          4958.87     -1.0850110E-006
          4970.16     -1.1296052E-006
          4981.45     -1.1758299E-006
          4992.73     -1.2237347E-006
          5004.02     -1.2733703E-006
          5015.31     -1.3247882E-006
          5026.60     -1.3780411E-006
          5037.89     -1.4331825E-006
          5049.18     -1.4902668E-006
          5060.47     -1.5493496E-006
          5071.76     -1.6104870E-006
          5083.05     -1.6737363E-006
          5094.34     -1.7391555E-006
          5105.62     -1.8068035E-006
          5116.91     -1.8767397E-006
          5128.20     -1.9490246E-006
          5139.49     -2.0237191E-006
          5150.78     -2.1008848E-006
          5162.07     -2.1805838E-006
          5173.36     -2.2628789E-006
          5184.65     -2.3478330E-006
          5195.94     -2.4355094E-006
          5207.23     -2.5259720E-006
          5218.52     -2.6192845E-006
          5229.80     -2.7155110E-006
          5241.09     -2.8147151E-006
          5252.38     -2.9169608E-006
          5263.67     -3.0223115E-006
          5274.96     -3.1308303E-006
          5286.25     -3.2425797E-006
          5297.54     -3.3576217E-006
          5308.83     -3.4760172E-006
          5320.12     -3.5978263E-006
          5331.41     -3.7231075E-006
          5342.70     -3.8519183E-006
          5353.98     -3.9843145E-006
          5365.27     -4.1203498E-006
          5376.56     -4.2600763E-006
          5387.85     -4.4035433E-006
          5399.14     -4.5507978E-006
          5410.43     -4.7018838E-006
          5421.72     -4.8568421E-006
          5433.01     -5.0157100E-006
          5444.30     -5.1785211E-006
          5455.59     -5.3453043E-006
          5466.88     -5.5160844E-006
          5478.16     -5.6908809E-006
          5489.45     -5.8697081E-006
          5500.74     -6.0525742E-006
          5512.03     -6.2394811E-006
          5523.32     -6.4304240E-006
          5534.61     -6.6253909E-006
          5545.90     -6.8243612E-006
          5557.19     -7.0273066E-006
          5568.48     -7.2341891E-006
          5579.77     -7.4449601E-006
          5591.05     -7.6595595E-006
          5602.34     -7.8779154E-006
          5613.63     -8.0999451E-006
          5624.92     -8.3255534E-006
          5636.21     -8.5546314E-006
          5647.50     -8.7870566E-006
          5658.79     -9.0226916E-006
          5670.08     -9.2613829E-006
          5681.37     -9.5029510E-006
          5692.66     -9.7471897E-006
          5703.95     -9.9938779E-006
          5715.23     -1.0242778E-005
          5726.52     -1.0493633E-005
          5737.81     -1.0746170E-005
          5749.10     -1.1000094E-005
          5760.39     -1.1255092E-005
          5771.68     -1.1510827E-005
          5782.97     -1.1766941E-005
          5794.26     -1.2023062E-005
          5805.55     -1.2278804E-005
          5816.84     -1.2533745E-005
          5828.12     -1.2787432E-005
          5839.41     -1.3039377E-005
          5850.70     -1.3289055E-005
          5861.99     -1.3535902E-005
          5873.28     -1.3779316E-005
          5884.57     -1.4018648E-005
          5895.86     -1.4253210E-005
          5907.15     -1.4482264E-005
          5918.44     -1.4705018E-005
          5929.73     -1.4920628E-005
          5941.02     -1.5128197E-005
          5952.30     -1.5326779E-005
          5963.59     -1.5515368E-005
          5974.88     -1.5692903E-005
          5986.17     -1.5858262E-005
          5997.46     -1.6010255E-005
          6008.75     -1.6147633E-005
          6020.04     -1.6269079E-005
          6031.33     -1.6373212E-005
          6042.62     -1.6458582E-005
          6053.91     -1.6523656E-005
          6065.20     -1.6566817E-005
          6076.48     -1.6586359E-005
          6087.77     -1.6580486E-005
          6099.06     -1.6547300E-005
          6110.35     -1.6484801E-005
          6121.64     -1.6390872E-005
          6132.93     -1.6263277E-005
          6144.22     -1.6099660E-005
          6155.51     -1.5897551E-005
          6166.80     -1.5654361E-005
          6178.09     -1.5367381E-005
          6189.38     -1.5033766E-005
          6200.66     -1.4650521E-005
          6211.95     -1.4214490E-005
          6223.24     -1.3722346E-005
          6234.53     -1.3170589E-005
          6245.82     -1.2555534E-005
          6257.11     -1.1873304E-005
          6268.40     -1.1119826E-005
          6279.69     -1.0281671E-005
          6290.98     -9.3476467E-006
          6302.27     -8.3166721E-006
          6313.55     -7.1873935E-006
          6324.84     -5.9581873E-006
          6336.13     -4.6271543E-006
          6347.42     -3.1921212E-006
          6358.71     -1.6506442E-006
          6370.00     -1.8158126E-050
