          3480.00     -3.0378634E-030
          3491.29     -7.6584082E-012
          3502.58     -1.5361105E-011
          3513.87     -2.3158536E-011
          3525.16     -3.1101011E-011
          3536.45     -3.9239072E-011
          3547.73     -4.7623795E-011
          3559.02     -5.6307073E-011
          3570.31     -6.5341977E-011
          3581.60     -7.4783031E-011
          3592.89     -8.4686529E-011
          3604.18     -9.5110827E-011
          3615.47     -1.0611657E-010
          3626.76     -1.1776710E-010
          3638.05     -1.3012877E-010
          3649.34     -1.4327129E-010
          3660.62     -1.5726809E-010
          3671.91     -1.7219665E-010
          3683.20     -1.8813891E-010
          3694.49     -2.0518161E-010
          3705.78     -2.2341668E-010
          3717.07     -2.4294172E-010
          3728.36     -2.6386041E-010
          3739.65     -2.8628294E-010
          3750.94     -3.1032653E-010
          3762.23     -3.3611596E-010
          3773.52     -3.6378405E-010
          3784.80     -3.9347230E-010
          3796.09     -4.2533134E-010
          3807.38     -4.5952182E-010
          3818.67     -4.9621493E-010
          3829.96     -5.3559300E-010
          3841.25     -5.7785045E-010
          3852.54     -6.2319443E-010
          3863.83     -6.7184568E-010
          3875.12     -7.2403945E-010
          3886.41     -7.8002628E-010
          3897.70     -8.4007318E-010
          3908.98     -9.0446462E-010
          3920.27     -9.7350338E-010
          3931.56     -1.0475121E-009
          3942.85     -1.1268341E-009
          3954.14     -1.2118352E-009
          3965.43     -1.3029047E-009
          3976.72     -1.4004567E-009
          3988.01     -1.5049321E-009
          3999.30     -1.6167998E-009
          4010.59     -1.7365584E-009
          4021.88     -1.8647382E-009
          4033.16     -2.0019028E-009
          4044.45     -2.1486515E-009
          4055.74     -2.3056212E-009
          4067.03     -2.4734880E-009
          4078.32     -2.6529706E-009
          4089.61     -2.8448324E-009
          4100.90     -3.0498833E-009
          4112.19     -3.2689834E-009
          4123.48     -3.5030457E-009
          4134.77     -3.7530386E-009
          4146.05     -4.0199900E-009
          4157.34     -4.3049892E-009
          4168.63     -4.6091917E-009
          4179.92     -4.9338230E-009
          4191.21     -5.2801808E-009
          4202.50     -5.6496412E-009
          4213.79     -6.0436618E-009
          4225.08     -6.4637864E-009
          4236.37     -6.9116501E-009
          4247.66     -7.3889831E-009
          4258.95     -7.8976175E-009
          4270.23     -8.4394925E-009
          4281.52     -9.0166581E-009
          4292.81     -9.6312840E-009
          4304.10     -1.0285665E-008
          4315.39     -1.0982225E-008
          4326.68     -1.1723531E-008
          4337.97     -1.2512290E-008
          4349.26     -1.3351365E-008
          4360.55     -1.4243782E-008
          4371.84     -1.5192733E-008
          4383.12     -1.6201593E-008
          4394.41     -1.7273921E-008
          4405.70     -1.8413473E-008
          4416.99     -1.9624212E-008
          4428.28     -2.0910318E-008
          4439.57     -2.2276198E-008
          4450.86     -2.3726504E-008
          4462.15     -2.5266132E-008
          4473.44     -2.6900248E-008
          4484.73     -2.8634291E-008
          4496.02     -3.0473993E-008
          4507.30     -3.2425390E-008
          4518.59     -3.4494835E-008
          4529.88     -3.6689017E-008
          4541.17     -3.9014978E-008
          4552.46     -4.1480119E-008
          4563.75     -4.4092232E-008
          4575.04     -4.6859511E-008
          4586.33     -4.9790566E-008
          4597.62     -5.2894454E-008
          4608.91     -5.6180682E-008
          4620.20     -5.9659244E-008
          4631.48     -6.3340642E-008
          4642.77     -6.7235888E-008
          4654.06     -7.1356554E-008
          4665.35     -7.5714783E-008
          4676.64     -8.0323312E-008
          4687.93     -8.5195507E-008
          4699.22     -9.0345373E-008
          4710.51     -9.5787601E-008
          4721.80     -1.0153759E-007
          4733.09     -1.0761147E-007
          4744.38     -1.1402614E-007
          4755.66     -1.2079930E-007
          4766.95     -1.2794946E-007
          4778.24     -1.3549604E-007
          4789.53     -1.4345930E-007
          4800.82     -1.5186047E-007
          4812.11     -1.6072176E-007
          4823.40     -1.7006636E-007
          4834.69     -1.7991851E-007
          4845.98     -1.9030354E-007
          4857.27     -2.0124793E-007
          4868.55     -2.1277930E-007
          4879.84     -2.2492647E-007
          4891.13     -2.3771953E-007
          4902.42     -2.5118988E-007
          4913.71     -2.6537023E-007
          4925.00     -2.8029470E-007
          4936.29     -2.9599885E-007
          4947.58     -3.1251970E-007
          4958.87     -3.2989585E-007
          4970.16     -3.4816740E-007
          4981.45     -3.6737614E-007
          4992.73     -3.8756554E-007
          5004.02     -4.0878074E-007
          5015.31     -4.3106871E-007
          5026.60     -4.5447822E-007
          5037.89     -4.7905993E-007
          5049.18     -5.0486646E-007
          5060.47     -5.3195232E-007
          5071.76     -5.6037413E-007
          5083.05     -5.9019059E-007
          5094.34     -6.2146245E-007
          5105.62     -6.5425271E-007
          5116.91     -6.8862655E-007
          5128.20     -7.2465144E-007
          5139.49     -7.6239716E-007
          5150.78     -8.0193575E-007
          5162.07     -8.4334172E-007
          5173.36     -8.8669199E-007
          5184.65     -9.3206583E-007
          5195.94     -9.7954508E-007
          5207.23     -1.0292141E-006
          5218.52     -1.0811596E-006
          5229.80     -1.1354711E-006
          5241.09     -1.1922405E-006
          5252.38     -1.2515621E-006
          5263.67     -1.3135331E-006
          5274.96     -1.3782528E-006
          5286.25     -1.4458234E-006
          5297.54     -1.5163494E-006
          5308.83     -1.5899376E-006
          5320.12     -1.6666975E-006
          5331.41     -1.7467405E-006
          5342.70     -1.8301806E-006
          5353.98     -1.9171340E-006
          5365.27     -2.0077184E-006
          5376.56     -2.1020541E-006
          5387.85     -2.2002630E-006
          5399.14     -2.3024683E-006
          5410.43     -2.4087952E-006
          5421.72     -2.5193697E-006
          5433.01     -2.6343190E-006
          5444.30     -2.7537713E-006
          5455.59     -2.8778548E-006
          5466.88     -3.0066983E-006
          5478.16     -3.1404302E-006
          5489.45     -3.2791786E-006
          5500.74     -3.4230708E-006
          5512.03     -3.5722321E-006
          5523.32     -3.7267867E-006
          5534.61     -3.8868560E-006
          5545.90     -4.0525585E-006
          5557.19     -4.2240092E-006
          5568.48     -4.4013188E-006
          5579.77     -4.5845919E-006
          5591.05     -4.7739267E-006
          5602.34     -4.9694143E-006
          5613.63     -5.1711388E-006
          5624.92     -5.3791762E-006
          5636.21     -5.5935925E-006
          5647.50     -5.8144436E-006
          5658.79     -6.0417737E-006
          5670.08     -6.2756136E-006
          5681.37     -6.5159716E-006
          5692.66     -6.7628322E-006
          5703.95     -7.0161662E-006
          5715.23     -7.2759287E-006
          5726.52     -7.5420569E-006
          5737.81     -7.8144696E-006
          5749.10     -8.0930647E-006
          5760.39     -8.3777177E-006
          5771.68     -8.6682798E-006
          5782.97     -8.9645760E-006
          5794.26     -9.2664144E-006
          5805.55     -9.5735798E-006
          5816.84     -9.8858166E-006
          5828.12     -1.0202828E-005
          5839.41     -1.0524270E-005
          5850.70     -1.0849750E-005
          5861.99     -1.1178824E-005
          5873.28     -1.1510989E-005
          5884.57     -1.1845684E-005
          5895.86     -1.2182281E-005
          5907.15     -1.2520083E-005
          5918.44     -1.2858312E-005
          5929.73     -1.3196109E-005
          5941.02     -1.3532534E-005
          5952.30     -1.3866558E-005
          5963.59     -1.4197063E-005
          5974.88     -1.4522831E-005
          5986.17     -1.4842537E-005
          5997.46     -1.5154745E-005
          6008.75     -1.5457903E-005
          6020.04     -1.5750337E-005
          6031.33     -1.6030249E-005
          6042.62     -1.6295707E-005
          6053.91     -1.6544620E-005
          6065.20     -1.6774729E-005
          6076.48     -1.6983604E-005
          6087.77     -1.7168624E-005
          6099.06     -1.7326968E-005
          6110.35     -1.7455594E-005
          6121.64     -1.7551225E-005
          6132.93     -1.7610331E-005
          6144.22     -1.7629118E-005
          6155.51     -1.7603541E-005
          6166.80     -1.7529283E-005
          6178.09     -1.7401737E-005
          6189.38     -1.7215984E-005
          6200.66     -1.6966752E-005
          6211.95     -1.6648388E-005
          6223.24     -1.6254835E-005
          6234.53     -1.5779613E-005
          6245.82     -1.5215787E-005
          6257.11     -1.4555946E-005
          6268.40     -1.3792177E-005
          6279.69     -1.2897497E-005
          6290.98     -1.1849761E-005
          6302.27     -1.0647351E-005
          6313.55     -9.2879020E-006
          6324.84     -7.7683065E-006
          6336.13     -6.0847061E-006
          6347.42     -4.2324912E-006
          6358.71     -2.2062997E-006
          6370.00      6.4075512E-039
