          3480.00     -2.6993985E-021
          3491.29      7.3067251E-003
          3502.58      1.4676599E-002
          3513.87      2.2152087E-002
          3525.16      2.9775801E-002
          3536.45      3.7590781E-002
          3547.73      4.5640706E-002
          3559.02      5.3970104E-002
          3570.31      6.2624626E-002
          3581.60      7.1651247E-002
          3592.89      8.1098511E-002
          3604.18      9.1016745E-002
          3615.47      1.0145822E-001
          3626.76      1.1247749E-001
          3638.05      1.2413161E-001
          3649.34      1.3648041E-001
          3660.62      1.4958681E-001
          3671.91      1.6351702E-001
          3683.20      1.7834088E-001
          3694.49      1.9413213E-001
          3705.78      2.1096869E-001
          3717.07      2.2893305E-001
          3728.36      2.4811255E-001
          3739.65      2.6859974E-001
          3750.94      2.9049277E-001
          3762.23      3.1389576E-001
          3773.52      3.3891922E-001
          3784.80      3.6568047E-001
          3796.09      3.9430403E-001
          3807.38      4.2492225E-001
          3818.67      4.5767572E-001
          3829.96      4.9271373E-001
          3841.25      5.3019492E-001
          3852.54      5.7028781E-001
          3863.83      6.1317140E-001
          3875.12      6.5903587E-001
          3886.41      7.0808310E-001
          3897.70      7.6052762E-001
          3908.98      8.1659723E-001
          3920.27      8.7653369E-001
          3931.56      9.4059378E-001
          3942.85      1.0090500E+000
          3954.14      1.0821918E+000
          3965.43      1.1603261E+000
          3976.72      1.2437787E+000
          3988.01      1.3328951E+000
          3999.30      1.4280421E+000
          4010.59      1.5296080E+000
          4021.88      1.6380049E+000
          4033.16      1.7536697E+000
          4044.45      1.8770652E+000
          4055.74      2.0086817E+000
          4067.03      2.1490387E+000
          4078.32      2.2986864E+000
          4089.61      2.4582075E+000
          4100.90      2.6282186E+000
          4112.19      2.8093724E+000
          4123.48      3.0023599E+000
          4134.77      3.2079120E+000
          4146.05      3.4268018E+000
          4157.34      3.6598466E+000
          4168.63      3.9079109E+000
          4179.92      4.1719088E+000
          4191.21      4.4528054E+000
          4202.50      4.7516212E+000
          4213.79      5.0694343E+000
          4225.08      5.4073828E+000
          4236.37      5.7666693E+000
          4247.66      6.1485619E+000
          4258.95      6.5544003E+000
          4270.23      6.9855980E+000
          4281.52      7.4436452E+000
          4292.81      7.9301147E+000
          4304.10      8.4466646E+000
          4315.39      8.9950432E+000
          4326.68      9.5770937E+000
          4337.97      1.0194757E+001
          4349.26      1.0850078E+001
          4360.55      1.1545214E+001
          4371.84      1.2282433E+001
          4383.12      1.3064126E+001
          4394.41      1.3892808E+001
          4405.70      1.4771123E+001
          4416.99      1.5701858E+001
          4428.28      1.6687940E+001
          4439.57      1.7732447E+001
          4450.86      1.8838620E+001
          4462.15      2.0009859E+001
          4473.44      2.1249742E+001
          4484.73      2.2562026E+001
          4496.02      2.3950659E+001
          4507.30      2.5419786E+001
          4518.59      2.6973757E+001
          4529.88      2.8617139E+001
          4541.17      3.0354727E+001
          4552.46      3.2191547E+001
          4563.75      3.4132873E+001
          4575.04      3.6184237E+001
          4586.33      3.8351436E+001
          4597.62      4.0640547E+001
          4608.91      4.3057935E+001
          4620.20      4.5610269E+001
          4631.48      4.8304538E+001
          4642.77      5.1148048E+001
          4654.06      5.4148457E+001
          4665.35      5.7313773E+001
          4676.64      6.0652377E+001
          4687.93      6.4173036E+001
          4699.22      6.7884905E+001
          4710.51      7.1797568E+001
          4721.80      7.5921037E+001
          4733.09      8.0265762E+001
          4744.38      8.4842668E+001
          4755.66      8.9663159E+001
          4766.95      9.4739138E+001
          4778.24      1.0008303E+002
          4789.53      1.0570779E+002
          4800.82      1.1162692E+002
          4812.11      1.1785454E+002
          4823.40      1.2440530E+002
          4834.69      1.3129451E+002
          4845.98      1.3853811E+002
          4857.27      1.4615269E+002
          4868.55      1.5415553E+002
          4879.84      1.6256458E+002
          4891.13      1.7139854E+002
          4902.42      1.8067686E+002
          4913.71      1.9041972E+002
          4925.00      2.0064812E+002
          4936.29      2.1138388E+002
          4947.58      2.2264962E+002
          4958.87      2.3446886E+002
          4970.16      2.4686597E+002
          4981.45      2.5986624E+002
          4992.73      2.7349588E+002
          5004.02      2.8778205E+002
          5015.31      3.0275287E+002
          5026.60      3.1843748E+002
          5037.89      3.3486601E+002
          5049.18      3.5206965E+002
          5060.47      3.7008061E+002
          5071.76      3.8893221E+002
          5083.05      4.0865887E+002
          5094.34      4.2929607E+002
          5105.62      4.5088048E+002
          5116.91      4.7344987E+002
          5128.20      4.9704321E+002
          5139.49      5.2170061E+002
          5150.78      5.4746334E+002
          5162.07      5.7437388E+002
          5173.36      6.0247591E+002
          5184.65      6.3181424E+002
          5195.94      6.6243495E+002
          5207.23      6.9438526E+002
          5218.52      7.2771361E+002
          5229.80      7.6246962E+002
          5241.09      7.9870397E+002
          5252.38      8.3646859E+002
          5263.67      8.7581652E+002
          5274.96      9.1680176E+002
          5286.25      9.5947951E+002
          5297.54      1.0039059E+003
          5308.83      1.0501380E+003
          5320.12      1.0982339E+003
          5331.41      1.1482522E+003
          5342.70      1.2002528E+003
          5353.98      1.2542958E+003
          5365.27      1.3104421E+003
          5376.56      1.3687532E+003
          5387.85      1.4292908E+003
          5399.14      1.4921168E+003
          5410.43      1.5572936E+003
          5421.72      1.6248832E+003
          5433.01      1.6949474E+003
          5444.30      1.7675480E+003
          5455.59      1.8427457E+003
          5466.88      1.9206008E+003
          5478.16      2.0011723E+003
          5489.45      2.0845182E+003
          5500.74      2.1706947E+003
          5512.03      2.2597563E+003
          5523.32      2.3517551E+003
          5534.61      2.4467411E+003
          5545.90      2.5447608E+003
          5557.19      2.6458579E+003
          5568.48      2.7500720E+003
          5579.77      2.8574383E+003
          5591.05      2.9679868E+003
          5602.34      3.0817422E+003
          5613.63      3.1987237E+003
          5624.92      3.3189445E+003
          5636.21      3.4424104E+003
          5647.50      3.5691201E+003
          5658.79      3.6990636E+003
          5670.08      3.8322219E+003
          5681.37      3.9685630E+003
          5692.66      4.1080411E+003
          5703.95      4.2506013E+003
          5715.23      4.3961789E+003
          5726.52      4.5446974E+003
          5737.81      4.6960689E+003
          5749.10      4.8501924E+003
          5760.39      5.0069531E+003
          5771.68      5.1662211E+003
          5782.97      5.3278506E+003
          5794.26      5.4916826E+003
          5805.55      5.6575409E+003
          5816.84      5.8252251E+003
          5828.12      5.9945091E+003
          5839.41      6.1651393E+003
          5850.70      6.3368325E+003
          5861.99      6.5092741E+003
          5873.28      6.6821156E+003
          5884.57      6.8549732E+003
          5895.86      7.0274248E+003
          5907.15      7.1990072E+003
          5918.44      7.3692129E+003
          5929.73      7.5374881E+003
          5941.02      7.7032332E+003
          5952.30      7.8657994E+003
          5963.59      8.0244857E+003
          5974.88      8.1785361E+003
          5986.17      8.3271358E+003
          5997.46      8.4694084E+003
          6008.75      8.6044141E+003
          6020.04      8.7311448E+003
          6031.33      8.8485219E+003
          6042.62      8.9553887E+003
          6053.91      9.0505015E+003
          6065.20      9.1325251E+003
          6076.48      9.2000271E+003
          6087.77      9.2514711E+003
          6099.06      9.2852085E+003
          6110.35      9.2994710E+003
          6121.64      9.2923641E+003
          6132.93      9.2618614E+003
          6144.22      9.2058039E+003
          6155.51      9.1218949E+003
          6166.80      9.0076909E+003
          6178.09      8.8605894E+003
          6189.38      8.6778120E+003
          6200.66      8.4563897E+003
          6211.95      8.1931510E+003
          6223.24      7.8847100E+003
          6234.53      7.5274560E+003
          6245.82      7.1175396E+003
          6257.11      6.6508602E+003
          6268.40      6.1230538E+003
          6279.69      5.5550279E+003
          6290.98      4.9682428E+003
          6302.27      4.3588830E+003
          6313.55      3.7230268E+003
          6324.84      3.0566353E+003
          6336.13      2.3555355E+003
          6347.42      1.6154088E+003
          6358.71      8.3177982E+002
          6370.00      0.0000000E+000
