          3480.00      1.0966969E-025
          3491.29      1.1236141E+002
          3502.58      2.2507941E+002
          3513.87      3.3820130E+002
          3525.16      4.5177374E+002
          3536.45      5.6584332E+002
          3547.73      6.8045627E+002
          3559.02      7.9565819E+002
          3570.31      9.1149466E+002
          3581.60      1.0280108E+003
          3592.89      1.1452515E+003
          3604.18      1.2632612E+003
          3615.47      1.3820828E+003
          3626.76      1.5017589E+003
          3638.05      1.6223318E+003
          3649.34      1.7438434E+003
          3660.62      1.8663355E+003
          3671.91      1.9898498E+003
          3683.20      2.1144277E+003
          3694.49      2.2401105E+003
          3705.78      2.3669390E+003
          3717.07      2.4949542E+003
          3728.36      2.6241967E+003
          3739.65      2.7547069E+003
          3750.94      2.8865251E+003
          3762.23      3.0196914E+003
          3773.52      3.1542457E+003
          3784.80      3.2902280E+003
          3796.09      3.4276775E+003
          3807.38      3.5666339E+003
          3818.67      3.7071368E+003
          3829.96      3.8492254E+003
          3841.25      3.9929387E+003
          3852.54      4.1383158E+003
          3863.83      4.2853954E+003
          3875.12      4.4342162E+003
          3886.41      4.5848163E+003
          3897.70      4.7372340E+003
          3908.98      4.8915075E+003
          3920.27      5.0476743E+003
          3931.56      5.2057720E+003
          3942.85      5.3658380E+003
          3954.14      5.5279096E+003
          3965.43      5.6920241E+003
          3976.72      5.8582182E+003
          3988.01      6.0265287E+003
          3999.30      6.1969922E+003
          4010.59      6.3696446E+003
          4021.88      6.5445221E+003
          4033.16      6.7216603E+003
          4044.45      6.9010945E+003
          4055.74      7.0828600E+003
          4067.03      7.2669912E+003
          4078.32      7.4535228E+003
          4089.61      7.6424891E+003
          4100.90      7.8339235E+003
          4112.19      8.0278596E+003
          4123.48      8.2243304E+003
          4134.77      8.4233687E+003
          4146.05      8.6250069E+003
          4157.34      8.8292765E+003
          4168.63      9.0362090E+003
          4179.92      9.2458357E+003
          4191.21      9.4581867E+003
          4202.50      9.6732922E+003
          4213.79      9.8911817E+003
          4225.08      1.0111884E+004
          4236.37      1.0335428E+004
          4247.66      1.0561841E+004
          4258.95      1.0791151E+004
          4270.23      1.1023384E+004
          4281.52      1.1258566E+004
          4292.81      1.1496723E+004
          4304.10      1.1737878E+004
          4315.39      1.1982057E+004
          4326.68      1.2229283E+004
          4337.97      1.2479576E+004
          4349.26      1.2732961E+004
          4360.55      1.2989457E+004
          4371.84      1.3249084E+004
          4383.12      1.3511862E+004
          4394.41      1.3777809E+004
          4405.70      1.4046943E+004
          4416.99      1.4319279E+004
          4428.28      1.4594833E+004
          4439.57      1.4873619E+004
          4450.86      1.5155650E+004
          4462.15      1.5440937E+004
          4473.44      1.5729493E+004
          4484.73      1.6021326E+004
          4496.02      1.6316445E+004
          4507.30      1.6614857E+004
          4518.59      1.6916568E+004
          4529.88      1.7221582E+004
          4541.17      1.7529904E+004
          4552.46      1.7841533E+004
          4563.75      1.8156471E+004
          4575.04      1.8474716E+004
          4586.33      1.8796266E+004
          4597.62      1.9121115E+004
          4608.91      1.9449259E+004
          4620.20      1.9780689E+004
          4631.48      2.0115395E+004
          4642.77      2.0453367E+004
          4654.06      2.0794590E+004
          4665.35      2.1139050E+004
          4676.64      2.1486729E+004
          4687.93      2.1837609E+004
          4699.22      2.2191668E+004
          4710.51      2.2548882E+004
          4721.80      2.2909226E+004
          4733.09      2.3272672E+004
          4744.38      2.3639189E+004
          4755.66      2.4008745E+004
          4766.95      2.4381305E+004
          4778.24      2.4756831E+004
          4789.53      2.5135283E+004
          4800.82      2.5516618E+004
          4812.11      2.5900790E+004
          4823.40      2.6287750E+004
          4834.69      2.6677448E+004
          4845.98      2.7069828E+004
          4857.27      2.7464834E+004
          4868.55      2.7862405E+004
          4879.84      2.8262477E+004
          4891.13      2.8664984E+004
          4902.42      2.9069854E+004
          4913.71      2.9477014E+004
          4925.00      2.9886387E+004
          4936.29      3.0297892E+004
          4947.58      3.0711444E+004
          4958.87      3.1126955E+004
          4970.16      3.1544333E+004
          4981.45      3.1963481E+004
          4992.73      3.2384300E+004
          5004.02      3.2806684E+004
          5015.31      3.3230526E+004
          5026.60      3.3655711E+004
          5037.89      3.4082123E+004
          5049.18      3.4509640E+004
          5060.47      3.4938134E+004
          5071.76      3.5367475E+004
          5083.05      3.5797526E+004
          5094.34      3.6228146E+004
          5105.62      3.6659188E+004
          5116.91      3.7090501E+004
          5128.20      3.7521929E+004
          5139.49      3.7953308E+004
          5150.78      3.8384472E+004
          5162.07      3.8815246E+004
          5173.36      3.9245451E+004
          5184.65      3.9674903E+004
          5195.94      4.0103409E+004
          5207.23      4.0530773E+004
          5218.52      4.0956791E+004
          5229.80      4.1381253E+004
          5241.09      4.1803941E+004
          5252.38      4.2224634E+004
          5263.67      4.2643101E+004
          5274.96      4.3059104E+004
          5286.25      4.3472401E+004
          5297.54      4.3882738E+004
          5308.83      4.4289858E+004
          5320.12      4.4693494E+004
          5331.41      4.5093371E+004
          5342.70      4.5489209E+004
          5353.98      4.5880717E+004
          5365.27      4.6267597E+004
          5376.56      4.6649542E+004
          5387.85      4.7026238E+004
          5399.14      4.7397362E+004
          5410.43      4.7762580E+004
          5421.72      4.8121553E+004
          5433.01      4.8473928E+004
          5444.30      4.8819348E+004
          5455.59      4.9157442E+004
          5466.88      4.9487831E+004
          5478.16      4.9810126E+004
          5489.45      5.0123930E+004
          5500.74      5.0428833E+004
          5512.03      5.0724415E+004
          5523.32      5.1010247E+004
          5534.61      5.1285888E+004
          5545.90      5.1550886E+004
          5557.19      5.1804779E+004
          5568.48      5.2047093E+004
          5579.77      5.2277341E+004
          5591.05      5.2495028E+004
          5602.34      5.2699643E+004
          5613.63      5.2890669E+004
          5624.92      5.3067573E+004
          5636.21      5.3229815E+004
          5647.50      5.3376840E+004
          5658.79      5.3508081E+004
          5670.08      5.3622961E+004
          5681.37      5.3720893E+004
          5692.66      5.3801284E+004
          5703.95      5.3863538E+004
          5715.23      5.3907049E+004
          5726.52      5.3931210E+004
          5737.81      5.3935406E+004
          5749.10      5.3919015E+004
          5760.39      5.3881414E+004
          5771.68      5.3821971E+004
          5782.97      5.3740049E+004
          5794.26      5.3634996E+004
          5805.55      5.3506140E+004
          5816.84      5.3352799E+004
          5828.12      5.3174274E+004
          5839.41      5.2969853E+004
          5850.70      5.2738809E+004
          5861.99      5.2480400E+004
          5873.28      5.2193871E+004
          5884.57      5.1878451E+004
          5895.86      5.1533353E+004
          5907.15      5.1157778E+004
          5918.44      5.0750915E+004
          5929.73      5.0311946E+004
          5941.02      4.9840043E+004
          5952.30      4.9334363E+004
          5963.59      4.8794055E+004
          5974.88      4.8218254E+004
          5986.17      4.7606087E+004
          5997.46      4.6956675E+004
          6008.75      4.6269126E+004
          6020.04      4.5542537E+004
          6031.33      4.4775984E+004
          6042.62      4.3968514E+004
          6053.91      4.3119161E+004
          6065.20      4.2226941E+004
          6076.48      4.1290847E+004
          6087.77      4.0309848E+004
          6099.06      3.9282888E+004
          6110.35      3.8208890E+004
          6121.64      3.7086759E+004
          6132.93      3.5915411E+004
          6144.22      3.4693731E+004
          6155.51      3.3420616E+004
          6166.80      3.2094927E+004
          6178.09      3.0715491E+004
          6189.38      2.9281083E+004
          6200.66      2.7790446E+004
          6211.95      2.6242297E+004
          6223.24      2.4635322E+004
          6234.53      2.2968184E+004
          6245.82      2.1239514E+004
          6257.11      1.9447914E+004
          6268.40      1.7591962E+004
          6279.69      1.5697903E+004
          6290.98      1.3792007E+004
          6302.27      1.1872858E+004
          6313.55      9.9390378E+003
          6324.84      7.9891278E+003
          6336.13      6.0217004E+003
          6347.42      4.0353237E+003
          6358.71      2.0285687E+003
          6370.00      9.5030508E-035
