          3480.00      8.1161569E-028
          3491.29     -1.9697955E-007
          3502.58     -3.9574636E-007
          3513.87     -5.9755668E-007
          3525.16     -8.0367232E-007
          3536.45     -1.0153694E-006
          3547.73     -1.2339456E-006
          3559.02     -1.4607269E-006
          3570.31     -1.6970763E-006
          3581.60     -1.9444012E-006
          3592.89     -2.2041603E-006
          3604.18     -2.4778721E-006
          3615.47     -2.7671198E-006
          3626.76     -3.0735619E-006
          3638.05     -3.3989409E-006
          3649.34     -3.7450913E-006
          3660.62     -4.1139500E-006
          3671.91     -4.5075646E-006
          3683.20     -4.9281035E-006
          3694.49     -5.3778661E-006
          3705.78     -5.8592925E-006
          3717.07     -6.3749766E-006
          3728.36     -6.9276766E-006
          3739.65     -7.5203265E-006
          3750.94     -8.1560513E-006
          3762.23     -8.8381793E-006
          3773.52     -9.5702568E-006
          3784.80     -1.0356064E-005
          3796.09     -1.1199630E-005
          3807.38     -1.2105251E-005
          3818.67     -1.3077510E-005
          3829.96     -1.4121294E-005
          3841.25     -1.5241813E-005
          3852.54     -1.6444624E-005
          3863.83     -1.7735652E-005
          3875.12     -1.9121213E-005
          3886.41     -2.0608041E-005
          3897.70     -2.2203316E-005
          3908.98     -2.3914688E-005
          3920.27     -2.5750311E-005
          3931.56     -2.7718873E-005
          3942.85     -2.9829631E-005
          3954.14     -3.2092445E-005
          3965.43     -3.4517822E-005
          3976.72     -3.7116943E-005
          3988.01     -3.9901719E-005
          3999.30     -4.2884826E-005
          4010.59     -4.6079750E-005
          4021.88     -4.9500844E-005
          4033.16     -5.3163377E-005
          4044.45     -5.7083587E-005
          4055.74     -6.1278746E-005
          4067.03     -6.5767203E-005
          4078.32     -7.0568475E-005
          4089.61     -7.5703303E-005
          4100.90     -8.1193709E-005
          4112.19     -8.7063103E-005
          4123.48     -9.3336340E-005
          4134.77     -1.0003981E-004
          4146.05     -1.0720154E-004
          4157.34     -1.1485126E-004
          4168.63     -1.2302051E-004
          4179.92     -1.3174280E-004
          4191.21     -1.4105361E-004
          4202.50     -1.5099061E-004
          4213.79     -1.6159371E-004
          4225.08     -1.7290524E-004
          4236.37     -1.8497006E-004
          4247.66     -1.9783567E-004
          4258.95     -2.1155241E-004
          4270.23     -2.2617362E-004
          4281.52     -2.4175572E-004
          4292.81     -2.5835848E-004
          4304.10     -2.7604516E-004
          4315.39     -2.9488270E-004
          4326.68     -3.1494193E-004
          4337.97     -3.3629772E-004
          4349.26     -3.5902931E-004
          4360.55     -3.8322046E-004
          4371.84     -4.0895972E-004
          4383.12     -4.3634069E-004
          4394.41     -4.6546225E-004
          4405.70     -4.9642881E-004
          4416.99     -5.2935071E-004
          4428.28     -5.6434435E-004
          4439.57     -6.0153271E-004
          4450.86     -6.4104560E-004
          4462.15     -6.8301988E-004
          4473.44     -7.2760008E-004
          4484.73     -7.7493857E-004
          4496.02     -8.2519608E-004
          4507.30     -8.7854207E-004
          4518.59     -9.3515507E-004
          4529.88     -9.9522335E-004
          4541.17     -1.0589453E-003
          4552.46     -1.1265296E-003
          4563.75     -1.1981966E-003
          4575.04     -1.2741777E-003
          4586.33     -1.3547169E-003
          4597.62     -1.4400709E-003
          4608.91     -1.5305097E-003
          4620.20     -1.6263175E-003
          4631.48     -1.7277932E-003
          4642.77     -1.8352508E-003
          4654.06     -1.9490208E-003
          4665.35     -2.0694504E-003
          4676.64     -2.1969043E-003
          4687.93     -2.3317661E-003
          4699.22     -2.4744379E-003
          4710.51     -2.6253427E-003
          4721.80     -2.7849242E-003
          4733.09     -2.9536481E-003
          4744.38     -3.1320031E-003
          4755.66     -3.3205020E-003
          4766.95     -3.5196824E-003
          4778.24     -3.7301084E-003
          4789.53     -3.9523707E-003
          4800.82     -4.1870890E-003
          4812.11     -4.4349124E-003
          4823.40     -4.6965206E-003
          4834.69     -4.9726257E-003
          4845.98     -5.2639732E-003
          4857.27     -5.5713434E-003
          4868.55     -5.8955532E-003
          4879.84     -6.2374560E-003
          4891.13     -6.5979456E-003
          4902.42     -6.9779564E-003
          4913.71     -7.3784644E-003
          4925.00     -7.8004903E-003
          4936.29     -8.2451003E-003
          4947.58     -8.7134081E-003
          4958.87     -9.2065769E-003
          4970.16     -9.7258197E-003
          4981.45     -1.0272404E-002
          4992.73     -1.0847651E-002
          5004.02     -1.1452938E-002
          5015.31     -1.2089703E-002
          5026.60     -1.2759444E-002
          5037.89     -1.3463721E-002
          5049.18     -1.4204161E-002
          5060.47     -1.4982455E-002
          5071.76     -1.5800366E-002
          5083.05     -1.6659729E-002
          5094.34     -1.7562450E-002
          5105.62     -1.8510515E-002
          5116.91     -1.9505986E-002
          5128.20     -2.0551007E-002
          5139.49     -2.1647807E-002
          5150.78     -2.2798694E-002
          5162.07     -2.4006072E-002
          5173.36     -2.5272432E-002
          5184.65     -2.6600355E-002
          5195.94     -2.7992521E-002
          5207.23     -2.9451707E-002
          5218.52     -3.0980790E-002
          5229.80     -3.2582748E-002
          5241.09     -3.4260664E-002
          5252.38     -3.6017727E-002
          5263.67     -3.7857238E-002
          5274.96     -3.9782604E-002
          5286.25     -4.1797349E-002
          5297.54     -4.3905109E-002
          5308.83     -4.6109639E-002
          5320.12     -4.8414811E-002
          5331.41     -5.0824612E-002
          5342.70     -5.3343157E-002
          5353.98     -5.5974682E-002
          5365.27     -5.8723539E-002
          5376.56     -6.1594210E-002
          5387.85     -6.4591302E-002
          5399.14     -6.7719541E-002
          5410.43     -7.0983784E-002
          5421.72     -7.4389001E-002
          5433.01     -7.7940291E-002
          5444.30     -8.1642879E-002
          5455.59     -8.5502095E-002
          5466.88     -8.9523396E-002
          5478.16     -9.3712350E-002
          5489.45     -9.8074635E-002
          5500.74     -1.0261604E-001
          5512.03     -1.0734245E-001
          5523.32     -1.1225985E-001
          5534.61     -1.1737432E-001
          5545.90     -1.2269200E-001
          5557.19     -1.2821915E-001
          5568.48     -1.3396206E-001
          5579.77     -1.3992706E-001
          5591.05     -1.4612052E-001
          5602.34     -1.5254881E-001
          5613.63     -1.5921837E-001
          5624.92     -1.6613562E-001
          5636.21     -1.7330700E-001
          5647.50     -1.8073892E-001
          5658.79     -1.8843774E-001
          5670.08     -1.9640977E-001
          5681.37     -2.0466105E-001
          5692.66     -2.1319728E-001
          5703.95     -2.2202416E-001
          5715.23     -2.3114730E-001
          5726.52     -2.4057220E-001
          5737.81     -2.5030429E-001
          5749.10     -2.6034881E-001
          5760.39     -2.7071084E-001
          5771.68     -2.8139528E-001
          5782.97     -2.9240679E-001
          5794.26     -3.0375005E-001
          5805.55     -3.1542965E-001
          5816.84     -3.2744965E-001
          5828.12     -3.3981358E-001
          5839.41     -3.5252437E-001
          5850.70     -3.6558429E-001
          5861.99     -3.7899487E-001
          5873.28     -3.9275684E-001
          5884.57     -4.0687008E-001
          5895.86     -4.2133353E-001
          5907.15     -4.3614508E-001
          5918.44     -4.5130136E-001
          5929.73     -4.6679772E-001
          5941.02     -4.8262830E-001
          5952.30     -4.9878595E-001
          5963.59     -5.1526208E-001
          5974.88     -5.3204659E-001
          5986.17     -5.4912768E-001
          5997.46     -5.6649179E-001
          6008.75     -5.8412354E-001
          6020.04     -6.0200559E-001
          6031.33     -6.2011872E-001
          6042.62     -6.3844155E-001
          6053.91     -6.5694999E-001
          6065.20     -6.7561716E-001
          6076.48     -6.9441319E-001
          6087.77     -7.1330500E-001
          6099.06     -7.3225598E-001
          6110.35     -7.5122561E-001
          6121.64     -7.7016918E-001
          6132.93     -7.8903733E-001
          6144.22     -8.0777598E-001
          6155.51     -8.2632667E-001
          6166.80     -8.4462612E-001
          6178.09     -8.6260587E-001
          6189.38     -8.8019185E-001
          6200.66     -8.9730343E-001
          6211.95     -9.1385281E-001
          6223.24     -9.2974459E-001
          6234.53     -9.4487526E-001
          6245.82     -9.5913277E-001
          6257.11     -9.7239592E-001
          6268.40     -9.8453386E-001
          6279.69     -9.9493881E-001
          6290.98     -1.0031281E+000
          6302.27     -1.0091392E+000
          6313.55     -1.0129947E+000
          6324.84     -1.0147017E+000
          6336.13     -1.0142528E+000
          6347.42     -1.0116255E+000
          6358.71     -1.0067827E+000
          6370.00     -9.9967245E-001
