          3480.00      1.7697870E-026
          3491.29      5.4119846E+002
          3502.58      1.0839068E+003
          3513.87      1.6281738E+003
          3525.16      2.1740462E+003
          3536.45      2.7215715E+003
          3547.73      3.2707967E+003
          3559.02      3.8217666E+003
          3570.31      4.3745266E+003
          3581.60      4.9291212E+003
          3592.89      5.4855938E+003
          3604.18      6.0439864E+003
          3615.47      6.6043349E+003
          3626.76      7.1666736E+003
          3638.05      7.7310362E+003
          3649.34      8.2974545E+003
          3660.62      8.8659606E+003
          3671.91      9.4365859E+003
          3683.20      1.0009361E+004
          3694.49      1.0584315E+004
          3705.78      1.1161478E+004
          3717.07      1.1740877E+004
          3728.36      1.2322540E+004
          3739.65      1.2906492E+004
          3750.94      1.3492761E+004
          3762.23      1.4081369E+004
          3773.52      1.4672343E+004
          3784.80      1.5265704E+004
          3796.09      1.5861474E+004
          3807.38      1.6459675E+004
          3818.67      1.7060328E+004
          3829.96      1.7663453E+004
          3841.25      1.8269070E+004
          3852.54      1.8877196E+004
          3863.83      1.9487847E+004
          3875.12      2.0101041E+004
          3886.41      2.0716791E+004
          3897.70      2.1335111E+004
          3908.98      2.1956014E+004
          3920.27      2.2579509E+004
          3931.56      2.3205607E+004
          3942.85      2.3834317E+004
          3954.14      2.4465646E+004
          3965.43      2.5099602E+004
          3976.72      2.5736189E+004
          3988.01      2.6375412E+004
          3999.30      2.7017275E+004
          4010.59      2.7661778E+004
          4021.88      2.8308922E+004
          4033.16      2.8958705E+004
          4044.45      2.9611124E+004
          4055.74      3.0266176E+004
          4067.03      3.0923854E+004
          4078.32      3.1584151E+004
          4089.61      3.2247058E+004
          4100.90      3.2912563E+004
          4112.19      3.3580656E+004
          4123.48      3.4251322E+004
          4134.77      3.4924545E+004
          4146.05      3.5600310E+004
          4157.34      3.6278595E+004
          4168.63      3.6959382E+004
          4179.92      3.7642647E+004
          4191.21      3.8328366E+004
          4202.50      3.9016513E+004
          4213.79      3.9707060E+004
          4225.08      4.0399977E+004
          4236.37      4.1095233E+004
          4247.66      4.1792794E+004
          4258.95      4.2492624E+004
          4270.23      4.3194686E+004
          4281.52      4.3898938E+004
          4292.81      4.4605341E+004
          4304.10      4.5313850E+004
          4315.39      4.6024418E+004
          4326.68      4.6736999E+004
          4337.97      4.7451540E+004
          4349.26      4.8167991E+004
          4360.55      4.8886296E+004
          4371.84      4.9606398E+004
          4383.12      5.0328240E+004
          4394.41      5.1051759E+004
          4405.70      5.1776891E+004
          4416.99      5.2503570E+004
          4428.28      5.3231727E+004
          4439.57      5.3961289E+004
          4450.86      5.4692184E+004
          4462.15      5.5424334E+004
          4473.44      5.6157660E+004
          4484.73      5.6892082E+004
          4496.02      5.7627513E+004
          4507.30      5.8363869E+004
          4518.59      5.9101058E+004
          4529.88      5.9838989E+004
          4541.17      6.0577567E+004
          4552.46      6.1316692E+004
          4563.75      6.2056266E+004
          4575.04      6.2796183E+004
          4586.33      6.3536338E+004
          4597.62      6.4276622E+004
          4608.91      6.5016921E+004
          4620.20      6.5757119E+004
          4631.48      6.6497100E+004
          4642.77      6.7236740E+004
          4654.06      6.7975914E+004
          4665.35      6.8714495E+004
          4676.64      6.9452351E+004
          4687.93      7.0189349E+004
          4699.22      7.0925348E+004
          4710.51      7.1660209E+004
          4721.80      7.2393786E+004
          4733.09      7.3125931E+004
          4744.38      7.3856493E+004
          4755.66      7.4585316E+004
          4766.95      7.5312240E+004
          4778.24      7.6037106E+004
          4789.53      7.6759744E+004
          4800.82      7.7479986E+004
          4812.11      7.8197658E+004
          4823.40      7.8912582E+004
          4834.69      7.9624578E+004
          4845.98      8.0333459E+004
          4857.27      8.1039036E+004
          4868.55      8.1741118E+004
          4879.84      8.2439504E+004
          4891.13      8.3133995E+004
          4902.42      8.3824385E+004
          4913.71      8.4510463E+004
          4925.00      8.5192016E+004
          4936.29      8.5868826E+004
          4947.58      8.6540669E+004
          4958.87      8.7207320E+004
          4970.16      8.7868546E+004
          4981.45      8.8524111E+004
          4992.73      8.9173776E+004
          5004.02      8.9817293E+004
          5015.31      9.0454415E+004
          5026.60      9.1084885E+004
          5037.89      9.1708446E+004
          5049.18      9.2324832E+004
          5060.47      9.2933776E+004
          5071.76      9.3535002E+004
          5083.05      9.4128234E+004
          5094.34      9.4713186E+004
          5105.62      9.5289569E+004
          5116.91      9.5857091E+004
          5128.20      9.6415451E+004
          5139.49      9.6964346E+004
          5150.78      9.7503466E+004
          5162.07      9.8032495E+004
          5173.36      9.8551115E+004
          5184.65      9.9058997E+004
          5195.94      9.9555812E+004
          5207.23      1.0004122E+005
          5218.52      1.0051489E+005
          5229.80      1.0097646E+005
          5241.09      1.0142558E+005
          5252.38      1.0186189E+005
          5263.67      1.0228502E+005
          5274.96      1.0269462E+005
          5286.25      1.0309028E+005
          5297.54      1.0347165E+005
          5308.83      1.0383831E+005
          5320.12      1.0418989E+005
          5331.41      1.0452597E+005
          5342.70      1.0484616E+005
          5353.98      1.0515002E+005
          5365.27      1.0543715E+005
          5376.56      1.0570712E+005
          5387.85      1.0595949E+005
          5399.14      1.0619382E+005
          5410.43      1.0640967E+005
          5421.72      1.0660658E+005
          5433.01      1.0678410E+005
          5444.30      1.0694175E+005
          5455.59      1.0707906E+005
          5466.88      1.0719555E+005
          5478.16      1.0729073E+005
          5489.45      1.0736411E+005
          5500.74      1.0741519E+005
          5512.03      1.0744346E+005
          5523.32      1.0744839E+005
          5534.61      1.0742948E+005
          5545.90      1.0738618E+005
          5557.19      1.0731796E+005
          5568.48      1.0722427E+005
          5579.77      1.0710457E+005
          5591.05      1.0695829E+005
          5602.34      1.0678488E+005
          5613.63      1.0658377E+005
          5624.92      1.0635438E+005
          5636.21      1.0609614E+005
          5647.50      1.0580845E+005
          5658.79      1.0549072E+005
          5670.08      1.0514236E+005
          5681.37      1.0476277E+005
          5692.66      1.0435139E+005
          5703.95      1.0390767E+005
          5715.23      1.0343104E+005
          5726.52      1.0292095E+005
          5737.81      1.0237684E+005
          5749.10      1.0179815E+005
          5760.39      1.0118434E+005
          5771.68      1.0053485E+005
          5782.97      9.9849131E+004
          5794.26      9.9126610E+004
          5805.55      9.8366672E+004
          5816.84      9.7568699E+004
          5828.12      9.6732066E+004
          5839.41      9.5856141E+004
          5850.70      9.4940287E+004
          5861.99      9.3983859E+004
          5873.28      9.2986206E+004
          5884.57      9.1946672E+004
          5895.86      9.0864589E+004
          5907.15      8.9739291E+004
          5918.44      8.8570113E+004
          5929.73      8.7356408E+004
          5941.02      8.6097522E+004
          5952.30      8.4792799E+004
          5963.59      8.3441585E+004
          5974.88      8.2043219E+004
          5986.17      8.0597051E+004
          5997.46      7.9102435E+004
          6008.75      7.7558723E+004
          6020.04      7.5965264E+004
          6031.33      7.4321385E+004
          6042.62      7.2626380E+004
          6053.91      7.0879543E+004
          6065.20      6.9080156E+004
          6076.48      6.7227488E+004
          6087.77      6.5320788E+004
          6099.06      6.3359287E+004
          6110.35      6.1342206E+004
          6121.64      5.9268764E+004
          6132.93      5.7138207E+004
          6144.22      5.4949817E+004
          6155.51      5.2702853E+004
          6166.80      5.0396555E+004
          6178.09      4.8030133E+004
          6189.38      4.5602734E+004
          6200.66      4.3113485E+004
          6211.95      4.0561497E+004
          6223.24      3.7945868E+004
          6234.53      3.5265690E+004
          6245.82      3.2520037E+004
          6257.11      2.9707966E+004
          6268.40      2.6828534E+004
          6279.69      2.3908865E+004
          6290.98      2.0976096E+004
          6302.27      1.8029276E+004
          6313.55      1.5067449E+004
          6324.84      1.2089673E+004
          6336.13      9.0949897E+003
          6347.42      6.0824461E+003
          6358.71      3.0510980E+003
          6370.00     -6.7073787E-031
