          3480.00     -4.3728368E-025
          3491.29     -4.0696457E-008
          3502.58     -8.1829781E-008
          3513.87     -1.2372681E-007
          3525.16     -1.6671695E-007
          3536.45     -2.1113488E-007
          3547.73     -2.5732300E-007
          3559.02     -3.0563379E-007
          3570.31     -3.5643257E-007
          3581.60     -4.1009995E-007
          3592.89     -4.6703443E-007
          3604.18     -5.2765505E-007
          3615.47     -5.9240364E-007
          3626.76     -6.6174816E-007
          3638.05     -7.3618580E-007
          3649.34     -8.1624593E-007
          3660.62     -9.0249374E-007
          3671.91     -9.9553349E-007
          3683.20     -1.0960122E-006
          3694.49     -1.2046238E-006
          3705.78     -1.3221124E-006
          3717.07     -1.4492779E-006
          3728.36     -1.5869799E-006
          3739.65     -1.7361425E-006
          3750.94     -1.8977600E-006
          3762.23     -2.0729024E-006
          3773.52     -2.2627216E-006
          3784.80     -2.4684576E-006
          3796.09     -2.6914448E-006
          3807.38     -2.9331209E-006
          3818.67     -3.1950338E-006
          3829.96     -3.4788495E-006
          3841.25     -3.7863619E-006
          3852.54     -4.1195018E-006
          3863.83     -4.4803474E-006
          3875.12     -4.8711352E-006
          3886.41     -5.2942704E-006
          3897.70     -5.7523417E-006
          3908.98     -6.2481332E-006
          3920.27     -6.7846375E-006
          3931.56     -7.3650734E-006
          3942.85     -7.9929002E-006
          3954.14     -8.6718360E-006
          3965.43     -9.4058771E-006
          3976.72     -1.0199314E-005
          3988.01     -1.1056758E-005
          3999.30     -1.1983158E-005
          4010.59     -1.2983827E-005
          4021.88     -1.4064467E-005
          4033.16     -1.5231197E-005
          4044.45     -1.6490581E-005
          4055.74     -1.7849658E-005
          4067.03     -1.9315976E-005
          4078.32     -2.0897626E-005
          4089.61     -2.2603281E-005
          4100.90     -2.4442231E-005
          4112.19     -2.6424432E-005
          4123.48     -2.8560544E-005
          4134.77     -3.0861981E-005
          4146.05     -3.3340967E-005
          4157.34     -3.6010574E-005
          4168.63     -3.8884797E-005
          4179.92     -4.1978610E-005
          4191.21     -4.5308015E-005
          4202.50     -4.8890134E-005
          4213.79     -5.2743266E-005
          4225.08     -5.6886967E-005
          4236.37     -6.1342140E-005
          4247.66     -6.6131097E-005
          4258.95     -7.1277685E-005
          4270.23     -7.6807362E-005
          4281.52     -8.2747293E-005
          4292.81     -8.9126482E-005
          4304.10     -9.5975876E-005
          4315.39     -1.0332848E-004
          4326.68     -1.1121952E-004
          4337.97     -1.1968650E-004
          4349.26     -1.2876947E-004
          4360.55     -1.3851107E-004
          4371.84     -1.4895674E-004
          4383.12     -1.6015493E-004
          4394.41     -1.7215718E-004
          4405.70     -1.8501840E-004
          4416.99     -1.9879703E-004
          4428.28     -2.1355526E-004
          4439.57     -2.2935927E-004
          4450.86     -2.4627948E-004
          4462.15     -2.6439074E-004
          4473.44     -2.8377269E-004
          4484.73     -3.0450996E-004
          4496.02     -3.2669252E-004
          4507.30     -3.5041596E-004
          4518.59     -3.7578180E-004
          4529.88     -4.0289789E-004
          4541.17     -4.3187878E-004
          4552.46     -4.6284597E-004
          4563.75     -4.9592852E-004
          4575.04     -5.3126334E-004
          4586.33     -5.6899564E-004
          4597.62     -6.0927950E-004
          4608.91     -6.5227817E-004
          4620.20     -6.9816481E-004
          4631.48     -7.4712296E-004
          4642.77     -7.9934694E-004
          4654.06     -8.5504275E-004
          4665.35     -9.1442851E-004
          4676.64     -9.7773515E-004
          4687.93     -1.0452072E-003
          4699.22     -1.1171032E-003
          4710.51     -1.1936971E-003
          4721.80     -1.2752783E-003
          4733.09     -1.3621530E-003
          4744.38     -1.4546449E-003
          4755.66     -1.5530962E-003
          4766.95     -1.6578685E-003
          4778.24     -1.7693439E-003
          4789.53     -1.8879256E-003
          4800.82     -2.0140398E-003
          4812.11     -2.1481363E-003
          4823.40     -2.2906896E-003
          4834.69     -2.4422006E-003
          4845.98     -2.6031975E-003
          4857.27     -2.7742374E-003
          4868.55     -2.9559078E-003
          4879.84     -3.1488273E-003
          4891.13     -3.3536484E-003
          4902.42     -3.5710584E-003
          4913.71     -3.8017805E-003
          4925.00     -4.0465768E-003
          4936.29     -4.3062493E-003
          4947.58     -4.5816418E-003
          4958.87     -4.8736423E-003
          4970.16     -5.1831838E-003
          4981.45     -5.5112481E-003
          4992.73     -5.8588673E-003
          5004.02     -6.2271246E-003
          5015.31     -6.6171589E-003
          5026.60     -7.0301658E-003
          5037.89     -7.4674005E-003
          5049.18     -7.9301806E-003
          5060.47     -8.4198874E-003
          5071.76     -8.9379707E-003
          5083.05     -9.4859508E-003
          5094.34     -1.0065419E-002
          5105.62     -1.0678046E-002
          5116.91     -1.1325579E-002
          5128.20     -1.2009848E-002
          5139.49     -1.2732771E-002
          5150.78     -1.3496349E-002
          5162.07     -1.4302682E-002
          5173.36     -1.5153961E-002
          5184.65     -1.6052475E-002
          5195.94     -1.7000620E-002
          5207.23     -1.8000895E-002
          5218.52     -1.9055910E-002
          5229.80     -2.0168389E-002
          5241.09     -2.1341171E-002
          5252.38     -2.2577220E-002
          5263.67     -2.3879622E-002
          5274.96     -2.5251592E-002
          5286.25     -2.6696480E-002
          5297.54     -2.8217769E-002
          5308.83     -2.9819086E-002
          5320.12     -3.1504201E-002
          5331.41     -3.3277028E-002
          5342.70     -3.5141636E-002
          5353.98     -3.7102252E-002
          5365.27     -3.9163254E-002
          5376.56     -4.1329189E-002
          5387.85     -4.3604765E-002
          5399.14     -4.5994861E-002
          5410.43     -4.8504527E-002
          5421.72     -5.1138980E-002
          5433.01     -5.3903621E-002
          5444.30     -5.6804027E-002
          5455.59     -5.9845947E-002
          5466.88     -6.3035318E-002
          5478.16     -6.6378253E-002
          5489.45     -6.9881049E-002
          5500.74     -7.3550187E-002
          5512.03     -7.7392317E-002
          5523.32     -8.1414279E-002
          5534.61     -8.5623088E-002
          5545.90     -9.0025921E-002
          5557.19     -9.4630135E-002
          5568.48     -9.9443247E-002
          5579.77     -1.0447291E-001
          5591.05     -1.0972691E-001
          5602.34     -1.1521317E-001
          5613.63     -1.2093975E-001
          5624.92     -1.2691485E-001
          5636.21     -1.3314677E-001
          5647.50     -1.3964392E-001
          5658.79     -1.4641478E-001
          5670.08     -1.5346790E-001
          5681.37     -1.6081169E-001
          5692.66     -1.6845441E-001
          5703.95     -1.7640441E-001
          5715.23     -1.8467010E-001
          5726.52     -1.9325989E-001
          5737.81     -2.0218224E-001
          5749.10     -2.1144558E-001
          5760.39     -2.2105827E-001
          5771.68     -2.3102864E-001
          5782.97     -2.4136487E-001
          5794.26     -2.5207531E-001
          5805.55     -2.6316827E-001
          5816.84     -2.7465168E-001
          5828.12     -2.8653301E-001
          5839.41     -2.9881923E-001
          5850.70     -3.1151673E-001
          5861.99     -3.2463123E-001
          5873.28     -3.3816770E-001
          5884.57     -3.5213029E-001
          5895.86     -3.6652225E-001
          5907.15     -3.8134573E-001
          5918.44     -3.9660165E-001
          5929.73     -4.1228957E-001
          5941.02     -4.2840776E-001
          5952.30     -4.4495312E-001
          5963.59     -4.6192095E-001
          5974.88     -4.7930487E-001
          5986.17     -4.9709658E-001
          5997.46     -5.1528576E-001
          6008.75     -5.3385995E-001
          6020.04     -5.5280440E-001
          6031.33     -5.7210204E-001
          6042.62     -5.9173317E-001
          6053.91     -6.1167478E-001
          6065.20     -6.3190039E-001
          6076.48     -6.5237978E-001
          6087.77     -6.7307865E-001
          6099.06     -6.9395817E-001
          6110.35     -7.1497449E-001
          6121.64     -7.3607830E-001
          6132.93     -7.5721425E-001
          6144.22     -7.7832074E-001
          6155.51     -7.9933021E-001
          6166.80     -8.2016854E-001
          6178.09     -8.4075447E-001
          6189.38     -8.6099894E-001
          6200.66     -8.8080380E-001
          6211.95     -9.0006092E-001
          6223.24     -9.1865150E-001
          6234.53     -9.3644523E-001
          6245.82     -9.5329960E-001
          6257.11     -9.6905899E-001
          6268.40     -9.8355367E-001
          6279.69     -9.9597312E-001
          6290.98     -1.0056782E+000
          6302.27     -1.0127278E+000
          6313.55     -1.0171575E+000
          6324.84     -1.0189803E+000
          6336.13     -1.0181865E+000
          6347.42     -1.0147440E+000
          6358.71     -1.0085984E+000
          6370.00     -9.9967245E-001
