          3480.00     -2.3059593E-004
          3491.29     -2.3153350E-004
          3502.58     -2.3220457E-004
          3513.87     -2.3262700E-004
          3525.16     -2.3281765E-004
          3536.45     -2.3279240E-004
          3547.73     -2.3256622E-004
          3559.02     -2.3215323E-004
          3570.31     -2.3156673E-004
          3581.60     -2.3081926E-004
          3592.89     -2.2992264E-004
          3604.18     -2.2888802E-004
          3615.47     -2.2772592E-004
          3626.76     -2.2644625E-004
          3638.05     -2.2505837E-004
          3649.34     -2.2357105E-004
          3660.62     -2.2199257E-004
          3671.91     -2.2033071E-004
          3683.20     -2.1859278E-004
          3694.49     -2.1678566E-004
          3705.78     -2.1491583E-004
          3717.07     -2.1298935E-004
          3728.36     -2.1101195E-004
          3739.65     -2.0898897E-004
          3750.94     -2.0692546E-004
          3762.23     -2.0482614E-004
          3773.52     -2.0269544E-004
          3784.80     -2.0053752E-004
          3796.09     -1.9835626E-004
          3807.38     -1.9615532E-004
          3818.67     -1.9393809E-004
          3829.96     -1.9170778E-004
          3841.25     -1.8946736E-004
          3852.54     -1.8721962E-004
          3863.83     -1.8496718E-004
          3875.12     -1.8271245E-004
          3886.41     -1.8045771E-004
          3897.70     -1.7820508E-004
          3908.98     -1.7595652E-004
          3920.27     -1.7371387E-004
          3931.56     -1.7147882E-004
          3942.85     -1.6925295E-004
          3954.14     -1.6703774E-004
          3965.43     -1.6483453E-004
          3976.72     -1.6264456E-004
          3988.01     -1.6046900E-004
          3999.30     -1.5830889E-004
          4010.59     -1.5616524E-004
          4021.88     -1.5403892E-004
          4033.16     -1.5193077E-004
          4044.45     -1.4984153E-004
          4055.74     -1.4777189E-004
          4067.03     -1.4572248E-004
          4078.32     -1.4369385E-004
          4089.61     -1.4168652E-004
          4100.90     -1.3970094E-004
          4112.19     -1.3773752E-004
          4123.48     -1.3579662E-004
          4134.77     -1.3387856E-004
          4146.05     -1.3198361E-004
          4157.34     -1.3011202E-004
          4168.63     -1.2826399E-004
          4179.92     -1.2643969E-004
          4191.21     -1.2463927E-004
          4202.50     -1.2286282E-004
          4213.79     -1.2111043E-004
          4225.08     -1.1938217E-004
          4236.37     -1.1767806E-004
          4247.66     -1.1599811E-004
          4258.95     -1.1434232E-004
          4270.23     -1.1271066E-004
          4281.52     -1.1110307E-004
          4292.81     -1.0951951E-004
          4304.10     -1.0795988E-004
          4315.39     -1.0642409E-004
          4326.68     -1.0491204E-004
          4337.97     -1.0342360E-004
          4349.26     -1.0195865E-004
          4360.55     -1.0051704E-004
          4371.84     -9.9098615E-005
          4383.12     -9.7703210E-005
          4394.41     -9.6330658E-005
          4405.70     -9.4980779E-005
          4416.99     -9.3653390E-005
          4428.28     -9.2348301E-005
          4439.57     -9.1065315E-005
          4450.86     -8.9804229E-005
          4462.15     -8.8564837E-005
          4473.44     -8.7346926E-005
          4484.73     -8.6150280E-005
          4496.02     -8.4974681E-005
          4507.30     -8.3819902E-005
          4518.59     -8.2685721E-005
          4529.88     -8.1571906E-005
          4541.17     -8.0478227E-005
          4552.46     -7.9404451E-005
          4563.75     -7.8350342E-005
          4575.04     -7.7315663E-005
          4586.33     -7.6300175E-005
          4597.62     -7.5303637E-005
          4608.91     -7.4325811E-005
          4620.20     -7.3366453E-005
          4631.48     -7.2425320E-005
          4642.77     -7.1502171E-005
          4654.06     -7.0596761E-005
          4665.35     -6.9708847E-005
          4676.64     -6.8838184E-005
          4687.93     -6.7984527E-005
          4699.22     -6.7147632E-005
          4710.51     -6.6327255E-005
          4721.80     -6.5523150E-005
          4733.09     -6.4735074E-005
          4744.38     -6.3962780E-005
          4755.66     -6.3206026E-005
          4766.95     -6.2464565E-005
          4778.24     -6.1738153E-005
          4789.53     -6.1026547E-005
          4800.82     -6.0329501E-005
          4812.11     -5.9646771E-005
          4823.40     -5.8978113E-005
          4834.69     -5.8323283E-005
          4845.98     -5.7682035E-005
          4857.27     -5.7054124E-005
          4868.55     -5.6439307E-005
          4879.84     -5.5837338E-005
          4891.13     -5.5247973E-005
          4902.42     -5.4670964E-005
          4913.71     -5.4106066E-005
          4925.00     -5.3553033E-005
          4936.29     -5.3011617E-005
          4947.58     -5.2481570E-005
          4958.87     -5.1962642E-005
          4970.16     -5.1454585E-005
          4981.45     -5.0957147E-005
          4992.73     -5.0470075E-005
          5004.02     -4.9993117E-005
          5015.31     -4.9526018E-005
          5026.60     -4.9068523E-005
          5037.89     -4.8620373E-005
          5049.18     -4.8181310E-005
          5060.47     -4.7751072E-005
          5071.76     -4.7329396E-005
          5083.05     -4.6916016E-005
          5094.34     -4.6510665E-005
          5105.62     -4.6113073E-005
          5116.91     -4.5722967E-005
          5128.20     -4.5340072E-005
          5139.49     -4.4964108E-005
          5150.78     -4.4594794E-005
          5162.07     -4.4231847E-005
          5173.36     -4.3874977E-005
          5184.65     -4.3523893E-005
          5195.94     -4.3178301E-005
          5207.23     -4.2837901E-005
          5218.52     -4.2502389E-005
          5229.80     -4.2171457E-005
          5241.09     -4.1844794E-005
          5252.38     -4.1522083E-005
          5263.67     -4.1203002E-005
          5274.96     -4.0887224E-005
          5286.25     -4.0574417E-005
          5297.54     -4.0264243E-005
          5308.83     -3.9956359E-005
          5320.12     -3.9650416E-005
          5331.41     -3.9346059E-005
          5342.70     -3.9042925E-005
          5353.98     -3.8740648E-005
          5365.27     -3.8438851E-005
          5376.56     -3.8137153E-005
          5387.85     -3.7835165E-005
          5399.14     -3.7532488E-005
          5410.43     -3.7228719E-005
          5421.72     -3.6923444E-005
          5433.01     -3.6616244E-005
          5444.30     -3.6306687E-005
          5455.59     -3.5994336E-005
          5466.88     -3.5678744E-005
          5478.16     -3.5359453E-005
          5489.45     -3.5035998E-005
          5500.74     -3.4707902E-005
          5512.03     -3.4374680E-005
          5523.32     -3.4035835E-005
          5534.61     -3.3690857E-005
          5545.90     -3.3339230E-005
          5557.19     -3.2980424E-005
          5568.48     -3.2613895E-005
          5579.77     -3.2239093E-005
          5591.05     -3.1855457E-005
          5602.34     -3.1462414E-005
          5613.63     -3.1059378E-005
          5624.92     -3.0645752E-005
          5636.21     -3.0220926E-005
          5647.50     -2.9784275E-005
          5658.79     -2.9335162E-005
          5670.08     -2.8872936E-005
          5681.37     -2.8396949E-005
          5692.66     -2.7906558E-005
          5703.95     -2.7396881E-005
          5715.23     -2.6864526E-005
          5726.52     -2.6311059E-005
          5737.81     -2.5738008E-005
          5749.10     -2.5146866E-005
          5760.39     -2.4539091E-005
          5771.68     -2.3916110E-005
          5782.97     -2.3279316E-005
          5794.26     -2.2630051E-005
          5805.55     -2.1969612E-005
          5816.84     -2.1299283E-005
          5828.12     -2.0620328E-005
          5839.41     -1.9933995E-005
          5850.70     -1.9241524E-005
          5861.99     -1.8544136E-005
          5873.28     -1.7843047E-005
          5884.57     -1.7139459E-005
          5895.86     -1.6434567E-005
          5907.15     -1.5729557E-005
          5918.44     -1.5025618E-005
          5929.73     -1.4323937E-005
          5941.02     -1.3625692E-005
          5952.30     -1.2932055E-005
          5963.59     -1.2244187E-005
          5974.88     -1.1563247E-005
          5986.17     -1.0890388E-005
          5997.46     -1.0226760E-005
          6008.75     -9.5735063E-006
          6020.04     -8.9317642E-006
          6031.33     -8.3026570E-006
          6042.62     -7.6872982E-006
          6053.91     -7.0868052E-006
          6065.20     -6.5022976E-006
          6076.48     -5.9348970E-006
          6087.77     -5.3857284E-006
          6099.06     -4.8559225E-006
          6110.35     -4.3466215E-006
          6121.64     -3.8589800E-006
          6132.93     -3.3941720E-006
          6144.22     -2.9533876E-006
          6155.51     -2.5378182E-006
          6166.80     -2.1486601E-006
          6178.09     -1.7871152E-006
          6189.38     -1.4543922E-006
          6200.66     -1.1517180E-006
          6211.95     -8.8034230E-007
          6223.24     -6.4153749E-007
          6234.53     -4.3660093E-007
          6245.82     -2.6685426E-007
          6257.11     -1.3364495E-007
          6268.40     -3.8347452E-008
          6279.69      1.7636826E-008
          6290.98      3.2877719E-008
          6302.27      2.7394416E-008
          6313.55      2.2173913E-008
          6324.84      1.7215635E-008
          6336.13      1.2519192E-008
          6347.42      8.0843965E-009
          6358.71      3.9112670E-009
          6370.00     -5.4836726E-041
