          3480.00     -2.3059593E-004
          3491.29     -2.3076981E-004
          3502.58     -2.2924857E-004
          3513.87     -2.2633374E-004
          3525.16     -2.2228512E-004
          3536.45     -2.1732614E-004
          3547.73     -2.1164845E-004
          3559.02     -2.0541606E-004
          3570.31     -1.9876891E-004
          3581.60     -1.9182595E-004
          3592.89     -1.8468799E-004
          3604.18     -1.7744005E-004
          3615.47     -1.7015351E-004
          3626.76     -1.6288785E-004
          3638.05     -1.5569219E-004
          3649.34     -1.4860672E-004
          3660.62     -1.4166392E-004
          3671.91     -1.3488965E-004
          3683.20     -1.2830413E-004
          3694.49     -1.2192272E-004
          3705.78     -1.1575668E-004
          3717.07     -1.0981376E-004
          3728.36     -1.0409875E-004
          3739.65     -9.8613997E-005
          3750.94     -9.3359735E-005
          3762.23     -8.8334500E-005
          3773.52     -8.3535411E-005
          3784.80     -7.8958433E-005
          3796.09     -7.4598618E-005
          3807.38     -7.0450269E-005
          3818.67     -6.6507126E-005
          3829.96     -6.2762522E-005
          3841.25     -5.9209484E-005
          3852.54     -5.5840846E-005
          3863.83     -5.2649333E-005
          3875.12     -4.9627628E-005
          3886.41     -4.6768445E-005
          3897.70     -4.4064560E-005
          3908.98     -4.1508861E-005
          3920.27     -3.9094386E-005
          3931.56     -3.6814336E-005
          3942.85     -3.4662103E-005
          3954.14     -3.2631285E-005
          3965.43     -3.0715690E-005
          3976.72     -2.8909359E-005
          3988.01     -2.7206559E-005
          3999.30     -2.5601788E-005
          4010.59     -2.4089782E-005
          4021.88     -2.2665506E-005
          4033.16     -2.1324152E-005
          4044.45     -2.0061138E-005
          4055.74     -1.8872098E-005
          4067.03     -1.7752884E-005
          4078.32     -1.6699551E-005
          4089.61     -1.5708355E-005
          4100.90     -1.4775746E-005
          4112.19     -1.3898357E-005
          4123.48     -1.3073003E-005
          4134.77     -1.2296666E-005
          4146.05     -1.1566493E-005
          4157.34     -1.0879790E-005
          4168.63     -1.0234006E-005
          4179.92     -9.6267373E-006
          4191.21     -9.0557129E-006
          4202.50     -8.5187903E-006
          4213.79     -8.0139489E-006
          4225.08     -7.5392840E-006
          4236.37     -7.0930000E-006
          4247.66     -6.6734061E-006
          4258.95     -6.2789090E-006
          4270.23     -5.9080083E-006
          4281.52     -5.5592924E-006
          4292.81     -5.2314316E-006
          4304.10     -4.9231752E-006
          4315.39     -4.6333463E-006
          4326.68     -4.3608376E-006
          4337.97     -4.1046083E-006
          4349.26     -3.8636791E-006
          4360.55     -3.6371290E-006
          4371.84     -3.4240926E-006
          4383.12     -3.2237558E-006
          4394.41     -3.0353539E-006
          4405.70     -2.8581682E-006
          4416.99     -2.6915234E-006
          4428.28     -2.5347850E-006
          4439.57     -2.3873565E-006
          4450.86     -2.2486776E-006
          4462.15     -2.1182219E-006
          4473.44     -1.9954947E-006
          4484.73     -1.8800313E-006
          4496.02     -1.7713952E-006
          4507.30     -1.6691761E-006
          4518.59     -1.5729890E-006
          4529.88     -1.4824717E-006
          4541.17     -1.3972843E-006
          4552.46     -1.3171074E-006
          4563.75     -1.2416409E-006
          4575.04     -1.1706031E-006
          4586.33     -1.1037290E-006
          4597.62     -1.0407699E-006
          4608.91     -9.8149223E-007
          4620.20     -9.2567640E-007
          4631.48     -8.7311612E-007
          4642.77     -8.2361773E-007
          4654.06     -7.7699914E-007
          4665.35     -7.3308929E-007
          4676.64     -6.9172750E-007
          4687.93     -6.5276270E-007
          4699.22     -6.1605309E-007
          4710.51     -5.8146529E-007
          4721.80     -5.4887397E-007
          4733.09     -5.1816142E-007
          4744.38     -4.8921694E-007
          4755.66     -4.6193652E-007
          4766.95     -4.3622237E-007
          4778.24     -4.1198258E-007
          4789.53     -3.8913079E-007
          4800.82     -3.6758575E-007
          4812.11     -3.4727111E-007
          4823.40     -3.2811509E-007
          4834.69     -3.1005019E-007
          4845.98     -2.9301292E-007
          4857.27     -2.7694361E-007
          4868.55     -2.6178610E-007
          4879.84     -2.4748765E-007
          4891.13     -2.3399858E-007
          4902.42     -2.2127218E-007
          4913.71     -2.0926454E-007
          4925.00     -1.9793431E-007
          4936.29     -1.8724262E-007
          4947.58     -1.7715288E-007
          4958.87     -1.6763065E-007
          4970.16     -1.5864356E-007
          4981.45     -1.5016111E-007
          4992.73     -1.4215462E-007
          5004.02     -1.3459708E-007
          5015.31     -1.2746308E-007
          5026.60     -1.2072870E-007
          5037.89     -1.1437140E-007
          5049.18     -1.0836998E-007
          5060.47     -1.0270449E-007
          5071.76     -9.7356106E-008
          5083.05     -9.2307125E-008
          5094.34     -8.7540875E-008
          5105.62     -8.3041642E-008
          5116.91     -7.8794627E-008
          5128.20     -7.4785886E-008
          5139.49     -7.1002276E-008
          5150.78     -6.7431422E-008
          5162.07     -6.4061649E-008
          5173.36     -6.0881954E-008
          5184.65     -5.7881966E-008
          5195.94     -5.5051898E-008
          5207.23     -5.2382518E-008
          5218.52     -4.9865115E-008
          5229.80     -4.7491463E-008
          5241.09     -4.5253800E-008
          5252.38     -4.3144788E-008
          5263.67     -4.1157489E-008
          5274.96     -3.9285348E-008
          5286.25     -3.7522156E-008
          5297.54     -3.5862035E-008
          5308.83     -3.4299413E-008
          5320.12     -3.2829002E-008
          5331.41     -3.1445785E-008
          5342.70     -3.0144986E-008
          5353.98     -2.8922055E-008
          5365.27     -2.7772659E-008
          5376.56     -2.6692652E-008
          5387.85     -2.5678065E-008
          5399.14     -2.4725091E-008
          5410.43     -2.3830066E-008
          5421.72     -2.2989460E-008
          5433.01     -2.2199853E-008
          5444.30     -2.1457926E-008
          5455.59     -2.0760450E-008
          5466.88     -2.0104264E-008
          5478.16     -1.9486268E-008
          5489.45     -1.8903403E-008
          5500.74     -1.8352641E-008
          5512.03     -1.7830972E-008
          5523.32     -1.7335383E-008
          5534.61     -1.6862852E-008
          5545.90     -1.6410329E-008
          5557.19     -1.5974721E-008
          5568.48     -1.5552876E-008
          5579.77     -1.5141574E-008
          5591.05     -1.4737506E-008
          5602.34     -1.4337263E-008
          5613.63     -1.3937313E-008
          5624.92     -1.3533986E-008
          5636.21     -1.3123457E-008
          5647.50     -1.2701725E-008
          5658.79     -1.2264594E-008
          5670.08     -1.1807653E-008
          5681.37     -1.1326269E-008
          5692.66     -1.0815584E-008
          5703.95     -1.0299844E-008
          5715.23     -9.8060053E-009
          5726.52     -9.3331120E-009
          5737.81     -8.8802428E-009
          5749.10     -8.4465135E-009
          5760.39     -8.0310747E-009
          5771.68     -7.6331107E-009
          5782.97     -7.2518388E-009
          5794.26     -6.8864959E-009
          5805.55     -6.5363425E-009
          5816.84     -6.2006750E-009
          5828.12     -5.8788230E-009
          5839.41     -5.5701492E-009
          5850.70     -5.2740478E-009
          5861.99     -4.9899437E-009
          5873.28     -4.7172922E-009
          5884.57     -4.4555765E-009
          5895.86     -4.2043079E-009
          5907.15     -3.9630259E-009
          5918.44     -3.7312981E-009
          5929.73     -3.5087203E-009
          5941.02     -3.2949121E-009
          5952.30     -3.0895168E-009
          5963.59     -2.8922010E-009
          5974.88     -2.7026540E-009
          5986.17     -2.5205882E-009
          5997.46     -2.3457390E-009
          6008.75     -2.1778624E-009
          6020.04     -2.0167363E-009
          6031.33     -1.8621574E-009
          6042.62     -1.7139420E-009
          6053.91     -1.5719297E-009
          6065.20     -1.4359824E-009
          6076.48     -1.3059842E-009
          6087.77     -1.1818421E-009
          6099.06     -1.0634863E-009
          6110.35     -9.5087194E-010
          6121.64     -8.4397945E-010
          6132.93     -7.4281638E-010
          6144.22     -6.4741709E-010
          6155.51     -5.5784009E-010
          6166.80     -4.7416935E-010
          6178.09     -3.9651525E-010
          6189.38     -3.2501563E-010
          6200.66     -2.5983945E-010
          6211.95     -2.0118859E-010
          6223.24     -1.4929920E-010
          6234.53     -1.0444329E-010
          6245.82     -6.6930009E-011
          6257.11     -3.7107456E-011
          6268.40     -1.5364586E-011
          6279.69     -2.1329711E-012
          6290.98      2.1108549E-012
          6302.27      1.7080495E-012
          6313.55      1.3401954E-012
          6324.84      1.0063997E-012
          6336.13      7.0594352E-013
          6347.42      4.3828063E-013
          6358.71      2.0303543E-013
          6370.00      0.0000000E+000
