          3480.00     -2.3059593E-004
          3491.29     -2.3161822E-004
          3502.58     -2.3246338E-004
          3513.87     -2.3314115E-004
          3525.16     -2.3366079E-004
          3536.45     -2.3403114E-004
          3547.73     -2.3426058E-004
          3559.02     -2.3435712E-004
          3570.31     -2.3432837E-004
          3581.60     -2.3418156E-004
          3592.89     -2.3392360E-004
          3604.18     -2.3356106E-004
          3615.47     -2.3310019E-004
          3626.76     -2.3254699E-004
          3638.05     -2.3190712E-004
          3649.34     -2.3118599E-004
          3660.62     -2.3038876E-004
          3671.91     -2.2952030E-004
          3683.20     -2.2858528E-004
          3694.49     -2.2758811E-004
          3705.78     -2.2653302E-004
          3717.07     -2.2542398E-004
          3728.36     -2.2426482E-004
          3739.65     -2.2305914E-004
          3750.94     -2.2181039E-004
          3762.23     -2.2052183E-004
          3773.52     -2.1919656E-004
          3784.80     -2.1783754E-004
          3796.09     -2.1644756E-004
          3807.38     -2.1502928E-004
          3818.67     -2.1358523E-004
          3829.96     -2.1211779E-004
          3841.25     -2.1062925E-004
          3852.54     -2.0912175E-004
          3863.83     -2.0759734E-004
          3875.12     -2.0605797E-004
          3886.41     -2.0450548E-004
          3897.70     -2.0294160E-004
          3908.98     -2.0136801E-004
          3920.27     -1.9978626E-004
          3931.56     -1.9819785E-004
          3942.85     -1.9660418E-004
          3954.14     -1.9500657E-004
          3965.43     -1.9340629E-004
          3976.72     -1.9180452E-004
          3988.01     -1.9020238E-004
          3999.30     -1.8860094E-004
          4010.59     -1.8700120E-004
          4021.88     -1.8540410E-004
          4033.16     -1.8381053E-004
          4044.45     -1.8222134E-004
          4055.74     -1.8063732E-004
          4067.03     -1.7905923E-004
          4078.32     -1.7748775E-004
          4089.61     -1.7592355E-004
          4100.90     -1.7436726E-004
          4112.19     -1.7281945E-004
          4123.48     -1.7128067E-004
          4134.77     -1.6975144E-004
          4146.05     -1.6823223E-004
          4157.34     -1.6672348E-004
          4168.63     -1.6522563E-004
          4179.92     -1.6373904E-004
          4191.21     -1.6226409E-004
          4202.50     -1.6080112E-004
          4213.79     -1.5935042E-004
          4225.08     -1.5791229E-004
          4236.37     -1.5648698E-004
          4247.66     -1.5507476E-004
          4258.95     -1.5367582E-004
          4270.23     -1.5229039E-004
          4281.52     -1.5091864E-004
          4292.81     -1.4956073E-004
          4304.10     -1.4821683E-004
          4315.39     -1.4688705E-004
          4326.68     -1.4557153E-004
          4337.97     -1.4427035E-004
          4349.26     -1.4298362E-004
          4360.55     -1.4171140E-004
          4371.84     -1.4045376E-004
          4383.12     -1.3921073E-004
          4394.41     -1.3798238E-004
          4405.70     -1.3676870E-004
          4416.99     -1.3556974E-004
          4428.28     -1.3438549E-004
          4439.57     -1.3321595E-004
          4450.86     -1.3206111E-004
          4462.15     -1.3092095E-004
          4473.44     -1.2979543E-004
          4484.73     -1.2868453E-004
          4496.02     -1.2758818E-004
          4507.30     -1.2650635E-004
          4518.59     -1.2543897E-004
          4529.88     -1.2438597E-004
          4541.17     -1.2334727E-004
          4552.46     -1.2232280E-004
          4563.75     -1.2131246E-004
          4575.04     -1.2031617E-004
          4586.33     -1.1933382E-004
          4597.62     -1.1836531E-004
          4608.91     -1.1741052E-004
          4620.20     -1.1646934E-004
          4631.48     -1.1554166E-004
          4642.77     -1.1462733E-004
          4654.06     -1.1372624E-004
          4665.35     -1.1283824E-004
          4676.64     -1.1196319E-004
          4687.93     -1.1110096E-004
          4699.22     -1.1025138E-004
          4710.51     -1.0941431E-004
          4721.80     -1.0858959E-004
          4733.09     -1.0777706E-004
          4744.38     -1.0697654E-004
          4755.66     -1.0618787E-004
          4766.95     -1.0541088E-004
          4778.24     -1.0464539E-004
          4789.53     -1.0389120E-004
          4800.82     -1.0314815E-004
          4812.11     -1.0241603E-004
          4823.40     -1.0169466E-004
          4834.69     -1.0098384E-004
          4845.98     -1.0028336E-004
          4857.27     -9.9593012E-005
          4868.55     -9.8912598E-005
          4879.84     -9.8241901E-005
          4891.13     -9.7580703E-005
          4902.42     -9.6928784E-005
          4913.71     -9.6285918E-005
          4925.00     -9.5651877E-005
          4936.29     -9.5026427E-005
          4947.58     -9.4409331E-005
          4958.87     -9.3800349E-005
          4970.16     -9.3199234E-005
          4981.45     -9.2605737E-005
          4992.73     -9.2019603E-005
          5004.02     -9.1440574E-005
          5015.31     -9.0868389E-005
          5026.60     -9.0302780E-005
          5037.89     -8.9743474E-005
          5049.18     -8.9190196E-005
          5060.47     -8.8642665E-005
          5071.76     -8.8100595E-005
          5083.05     -8.7563694E-005
          5094.34     -8.7031667E-005
          5105.62     -8.6504213E-005
          5116.91     -8.5981025E-005
          5128.20     -8.5461792E-005
          5139.49     -8.4946195E-005
          5150.78     -8.4433914E-005
          5162.07     -8.3924620E-005
          5173.36     -8.3417979E-005
          5184.65     -8.2913651E-005
          5195.94     -8.2411290E-005
          5207.23     -8.1910546E-005
          5218.52     -8.1411058E-005
          5229.80     -8.0912464E-005
          5241.09     -8.0414391E-005
          5252.38     -7.9916463E-005
          5263.67     -7.9418293E-005
          5274.96     -7.8919492E-005
          5286.25     -7.8419660E-005
          5297.54     -7.7918391E-005
          5308.83     -7.7415273E-005
          5320.12     -7.6909884E-005
          5331.41     -7.6401796E-005
          5342.70     -7.5890574E-005
          5353.98     -7.5375773E-005
          5365.27     -7.4856941E-005
          5376.56     -7.4333617E-005
          5387.85     -7.3805332E-005
          5399.14     -7.3271608E-005
          5410.43     -7.2731958E-005
          5421.72     -7.2185887E-005
          5433.01     -7.1632890E-005
          5444.30     -7.1072451E-005
          5455.59     -7.0504049E-005
          5466.88     -6.9927149E-005
          5478.16     -6.9341209E-005
          5489.45     -6.8745675E-005
          5500.74     -6.8139982E-005
          5512.03     -6.7523559E-005
          5523.32     -6.6895819E-005
          5534.61     -6.6256167E-005
          5545.90     -6.5603996E-005
          5557.19     -6.4938688E-005
          5568.48     -6.4259613E-005
          5579.77     -6.3566133E-005
          5591.05     -6.2857603E-005
          5602.34     -6.2133370E-005
          5613.63     -6.1392767E-005
          5624.92     -6.0635114E-005
          5636.21     -5.9859723E-005
          5647.50     -5.9065889E-005
          5658.79     -5.8252898E-005
          5670.08     -5.7420022E-005
          5681.37     -5.6566553E-005
          5692.66     -5.5691808E-005
          5703.95     -5.4778156E-005
          5715.23     -5.3810682E-005
          5726.52     -5.2792726E-005
          5737.81     -5.1727563E-005
          5749.10     -5.0618413E-005
          5760.39     -4.9468436E-005
          5771.68     -4.8280739E-005
          5782.97     -4.7058371E-005
          5794.26     -4.5804286E-005
          5805.55     -4.4521359E-005
          5816.84     -4.3212439E-005
          5828.12     -4.1880341E-005
          5839.41     -4.0527861E-005
          5850.70     -3.9157768E-005
          5861.99     -3.7772807E-005
          5873.28     -3.6375708E-005
          5884.57     -3.4969179E-005
          5895.86     -3.3555908E-005
          5907.15     -3.2138572E-005
          5918.44     -3.0719848E-005
          5929.73     -2.9302412E-005
          5941.02     -2.7888917E-005
          5952.30     -2.6481998E-005
          5963.59     -2.5084273E-005
          5974.88     -2.3698344E-005
          5986.17     -2.2326798E-005
          5997.46     -2.0972217E-005
          6008.75     -1.9637154E-005
          6020.04     -1.8324149E-005
          6031.33     -1.7035707E-005
          6042.62     -1.5774302E-005
          6053.91     -1.4542410E-005
          6065.20     -1.3342505E-005
          6076.48     -1.2177051E-005
          6087.77     -1.1048514E-005
          6099.06     -9.9593595E-006
          6110.35     -8.9120649E-006
          6121.64     -7.9091237E-006
          6132.93     -6.9526951E-006
          6144.22     -6.0460490E-006
          6155.51     -5.1913504E-006
          6166.80     -4.3911275E-006
          6178.09     -3.6479062E-006
          6189.38     -2.9642118E-006
          6200.66     -2.3425921E-006
          6211.95     -1.7856256E-006
          6223.24     -1.2959217E-006
          6234.53     -8.7612382E-007
          6245.82     -5.2890800E-007
          6257.11     -2.5698538E-007
          6268.40     -6.3103774E-008
          6279.69      4.9952729E-008
          6290.98      7.9360889E-008
          6302.27      6.6283492E-008
          6313.55      5.3785648E-008
          6324.84      4.1867371E-008
          6336.13      3.0528943E-008
          6347.42      1.9770938E-008
          6358.71      9.5942459E-009
          6370.00     -4.6952670E-041
