          3480.00      7.3545875E-036
          3491.29     -2.4890963E-008
          3502.58     -4.9621539E-008
          3513.87     -7.4203889E-008
          3525.16     -9.8649732E-008
          3536.45     -1.2297048E-007
          3547.73     -1.4717721E-007
          3559.02     -1.7128057E-007
          3570.31     -1.9529094E-007
          3581.60     -2.1921838E-007
          3592.89     -2.4307261E-007
          3604.18     -2.6686302E-007
          3615.47     -2.9059843E-007
          3626.76     -3.1428732E-007
          3638.05     -3.3793790E-007
          3649.34     -3.6155807E-007
          3660.62     -3.8515549E-007
          3671.91     -4.0873760E-007
          3683.20     -4.3231155E-007
          3694.49     -4.5588430E-007
          3705.78     -4.7946248E-007
          3717.07     -5.0305259E-007
          3728.36     -5.2666087E-007
          3739.65     -5.5029329E-007
          3750.94     -5.7395566E-007
          3762.23     -5.9765357E-007
          3773.52     -6.2139236E-007
          3784.80     -6.4517722E-007
          3796.09     -6.6901306E-007
          3807.38     -6.9290469E-007
          3818.67     -7.1685673E-007
          3829.96     -7.4087355E-007
          3841.25     -7.6495939E-007
          3852.54     -7.8911827E-007
          3863.83     -8.1335402E-007
          3875.12     -8.3767029E-007
          3886.41     -8.6207047E-007
          3897.70     -8.8655786E-007
          3908.98     -9.1113552E-007
          3920.27     -9.3580629E-007
          3931.56     -9.6057289E-007
          3942.85     -9.8543781E-007
          3954.14     -1.0104034E-006
          3965.43     -1.0354718E-006
          3976.72     -1.0606451E-006
          3988.01     -1.0859250E-006
          3999.30     -1.1113132E-006
          4010.59     -1.1368111E-006
          4021.88     -1.1624199E-006
          4033.16     -1.1881407E-006
          4044.45     -1.2139744E-006
          4055.74     -1.2399216E-006
          4067.03     -1.2659828E-006
          4078.32     -1.2921582E-006
          4089.61     -1.3184479E-006
          4100.90     -1.3448518E-006
          4112.19     -1.3713696E-006
          4123.48     -1.3980006E-006
          4134.77     -1.4247443E-006
          4146.05     -1.4515996E-006
          4157.34     -1.4785653E-006
          4168.63     -1.5056401E-006
          4179.92     -1.5328224E-006
          4191.21     -1.5601103E-006
          4202.50     -1.5875019E-006
          4213.79     -1.6149949E-006
          4225.08     -1.6425867E-006
          4236.37     -1.6702746E-006
          4247.66     -1.6980557E-006
          4258.95     -1.7259267E-006
          4270.23     -1.7538843E-006
          4281.52     -1.7819246E-006
          4292.81     -1.8100437E-006
          4304.10     -1.8382375E-006
          4315.39     -1.8665013E-006
          4326.68     -1.8948306E-006
          4337.97     -1.9232202E-006
          4349.26     -1.9516648E-006
          4360.55     -1.9801590E-006
          4371.84     -2.0086969E-006
          4383.12     -2.0372725E-006
          4394.41     -2.0658792E-006
          4405.70     -2.0945104E-006
          4416.99     -2.1231590E-006
          4428.28     -2.1518177E-006
          4439.57     -2.1804787E-006
          4450.86     -2.2091340E-006
          4462.15     -2.2377753E-006
          4473.44     -2.2663940E-006
          4484.73     -2.2949810E-006
          4496.02     -2.3235271E-006
          4507.30     -2.3520224E-006
          4518.59     -2.3804569E-006
          4529.88     -2.4088202E-006
          4541.17     -2.4371015E-006
          4552.46     -2.4652896E-006
          4563.75     -2.4933729E-006
          4575.04     -2.5213396E-006
          4586.33     -2.5491772E-006
          4597.62     -2.5768731E-006
          4608.91     -2.6044139E-006
          4620.20     -2.6317862E-006
          4631.48     -2.6589758E-006
          4642.77     -2.6859684E-006
          4654.06     -2.7127489E-006
          4665.35     -2.7393021E-006
          4676.64     -2.7656121E-006
          4687.93     -2.7916626E-006
          4699.22     -2.8174368E-006
          4710.51     -2.8429174E-006
          4721.80     -2.8680867E-006
          4733.09     -2.8929263E-006
          4744.38     -2.9174174E-006
          4755.66     -2.9415408E-006
          4766.95     -2.9652765E-006
          4778.24     -2.9886041E-006
          4789.53     -3.0115027E-006
          4800.82     -3.0339508E-006
          4812.11     -3.0559262E-006
          4823.40     -3.0774062E-006
          4834.69     -3.0983675E-006
          4845.98     -3.1187863E-006
          4857.27     -3.1386380E-006
          4868.55     -3.1578974E-006
          4879.84     -3.1765388E-006
          4891.13     -3.1945357E-006
          4902.42     -3.2118610E-006
          4913.71     -3.2284869E-006
          4925.00     -3.2443849E-006
          4936.29     -3.2595259E-006
          4947.58     -3.2738800E-006
          4958.87     -3.2874166E-006
          4970.16     -3.3001044E-006
          4981.45     -3.3119113E-006
          4992.73     -3.3228044E-006
          5004.02     -3.3327502E-006
          5015.31     -3.3417143E-006
          5026.60     -3.3496614E-006
          5037.89     -3.3565554E-006
          5049.18     -3.3623597E-006
          5060.47     -3.3670365E-006
          5071.76     -3.3705472E-006
          5083.05     -3.3728525E-006
          5094.34     -3.3739122E-006
          5105.62     -3.3736849E-006
          5116.91     -3.3721288E-006
          5128.20     -3.3692007E-006
          5139.49     -3.3648567E-006
          5150.78     -3.3590520E-006
          5162.07     -3.3517407E-006
          5173.36     -3.3428759E-006
          5184.65     -3.3324098E-006
          5195.94     -3.3202934E-006
          5207.23     -3.3064770E-006
          5218.52     -3.2909095E-006
          5229.80     -3.2735389E-006
          5241.09     -3.2543121E-006
          5252.38     -3.2331750E-006
          5263.67     -3.2100723E-006
          5274.96     -3.1849475E-006
          5286.25     -3.1577431E-006
          5297.54     -3.1284003E-006
          5308.83     -3.0968591E-006
          5320.12     -3.0630585E-006
          5331.41     -3.0269360E-006
          5342.70     -2.9884282E-006
          5353.98     -2.9474699E-006
          5365.27     -2.9039953E-006
          5376.56     -2.8579368E-006
          5387.85     -2.8092258E-006
          5399.14     -2.7577921E-006
          5410.43     -2.7035642E-006
          5421.72     -2.6464695E-006
          5433.01     -2.5864338E-006
          5444.30     -2.5233813E-006
          5455.59     -2.4572351E-006
          5466.88     -2.3879167E-006
          5478.16     -2.3153461E-006
          5489.45     -2.2394416E-006
          5500.74     -2.1601204E-006
          5512.03     -2.0772980E-006
          5523.32     -1.9908882E-006
          5534.61     -1.9008033E-006
          5545.90     -1.8069542E-006
          5557.19     -1.7092499E-006
          5568.48     -1.6075979E-006
          5579.77     -1.5019036E-006
          5591.05     -1.3920707E-006
          5602.34     -1.2780010E-006
          5613.63     -1.1595949E-006
          5624.92     -1.0367508E-006
          5636.21     -9.0936587E-007
          5647.50     -7.7733524E-007
          5658.79     -6.4055244E-007
          5670.08     -4.9890927E-007
          5681.37     -3.5229398E-007
          5692.66     -2.0059221E-007
          5703.95     -6.5479483E-008
          5715.23      3.2620096E-008
          5726.52      9.5676656E-008
          5737.81      1.2563114E-007
          5749.10      1.2439538E-007
          5760.39      9.3852668E-008
          5771.68      3.5858133E-008
          5782.97     -4.7761336E-008
          5794.26     -1.5521522E-007
          5805.55     -2.8474387E-007
          5816.84     -4.3460378E-007
          5828.12     -6.0306695E-007
          5839.41     -7.8841968E-007
          5850.70     -9.8896186E-007
          5861.99     -1.2030065E-006
          5873.28     -1.4288780E-006
          5884.57     -1.6649129E-006
          5895.86     -1.9094585E-006
          5907.15     -2.1608713E-006
          5918.44     -2.4175121E-006
          5929.73     -2.6777473E-006
          5941.02     -2.9399554E-006
          5952.30     -3.2025275E-006
          5963.59     -3.4638657E-006
          5974.88     -3.7223832E-006
          5986.17     -3.9765015E-006
          5997.46     -4.2246523E-006
          6008.75     -4.4652799E-006
          6020.04     -4.6971310E-006
          6031.33     -4.9181024E-006
          6042.62     -5.1269697E-006
          6053.91     -5.3222257E-006
          6065.20     -5.5023670E-006
          6076.48     -5.6658953E-006
          6087.77     -5.8113167E-006
          6099.06     -5.9371384E-006
          6110.35     -6.0418645E-006
          6121.64     -6.1239952E-006
          6132.93     -6.1820210E-006
          6144.22     -6.2144278E-006
          6155.51     -6.2197080E-006
          6166.80     -6.1963588E-006
          6178.09     -6.1428822E-006
          6189.38     -6.0577822E-006
          6200.66     -5.9395543E-006
          6211.95     -5.7866826E-006
          6223.24     -5.5976387E-006
          6234.53     -5.3708816E-006
          6245.82     -5.1048565E-006
          6257.11     -4.7979946E-006
          6268.40     -4.4487136E-006
          6279.69     -4.0554154E-006
          6290.98     -3.6164864E-006
          6302.27     -3.1465479E-006
          6313.55     -2.6612340E-006
          6324.84     -2.1604354E-006
          6336.13     -1.6440362E-006
          6347.42     -1.1119151E-006
          6358.71     -5.6394698E-007
          6370.00     -1.4763724E-043
