          3480.00     -3.3166178E-036
          3491.29     -2.0594751E-007
          3502.58     -4.1081673E-007
          3513.87     -6.1462820E-007
          3525.16     -8.1740124E-007
          3536.45     -1.0191550E-006
          3547.73     -1.2199080E-006
          3559.02     -1.4196774E-006
          3570.31     -1.6184803E-006
          3581.60     -1.8163332E-006
          3592.89     -2.0132516E-006
          3604.18     -2.2092500E-006
          3615.47     -2.4043403E-006
          3626.76     -2.5985328E-006
          3638.05     -2.7918376E-006
          3649.34     -2.9842636E-006
          3660.62     -3.1758197E-006
          3671.91     -3.3665141E-006
          3683.20     -3.5563546E-006
          3694.49     -3.7453485E-006
          3705.78     -3.9335022E-006
          3717.07     -4.1208221E-006
          3728.36     -4.3073140E-006
          3739.65     -4.4929829E-006
          3750.94     -4.6778338E-006
          3762.23     -4.8618708E-006
          3773.52     -5.0450980E-006
          3784.80     -5.2275187E-006
          3796.09     -5.4091358E-006
          3807.38     -5.5899520E-006
          3818.67     -5.7699702E-006
          3829.96     -5.9491921E-006
          3841.25     -6.1276195E-006
          3852.54     -6.3052538E-006
          3863.83     -6.4820956E-006
          3875.12     -6.6581456E-006
          3886.41     -6.8334033E-006
          3897.70     -7.0078685E-006
          3908.98     -7.1815405E-006
          3920.27     -7.3544176E-006
          3931.56     -7.5264983E-006
          3942.85     -7.6977805E-006
          3954.14     -7.8682619E-006
          3965.43     -8.0379400E-006
          3976.72     -8.2068118E-006
          3988.01     -8.3748741E-006
          3999.30     -8.5421234E-006
          4010.59     -8.7085553E-006
          4021.88     -8.8741655E-006
          4033.16     -9.0389492E-006
          4044.45     -9.2029011E-006
          4055.74     -9.3660157E-006
          4067.03     -9.5282867E-006
          4078.32     -9.6897079E-006
          4089.61     -9.8502727E-006
          4100.90     -1.0009974E-005
          4112.19     -1.0168803E-005
          4123.48     -1.0326754E-005
          4134.77     -1.0483817E-005
          4146.05     -1.0639984E-005
          4157.34     -1.0795246E-005
          4168.63     -1.0949593E-005
          4179.92     -1.1103017E-005
          4191.21     -1.1255505E-005
          4202.50     -1.1407050E-005
          4213.79     -1.1557638E-005
          4225.08     -1.1707259E-005
          4236.37     -1.1855903E-005
          4247.66     -1.2003555E-005
          4258.95     -1.2150205E-005
          4270.23     -1.2295840E-005
          4281.52     -1.2440445E-005
          4292.81     -1.2584009E-005
          4304.10     -1.2726517E-005
          4315.39     -1.2867955E-005
          4326.68     -1.3008309E-005
          4337.97     -1.3147563E-005
          4349.26     -1.3285702E-005
          4360.55     -1.3422711E-005
          4371.84     -1.3558575E-005
          4383.12     -1.3693276E-005
          4394.41     -1.3826799E-005
          4405.70     -1.3959127E-005
          4416.99     -1.4090241E-005
          4428.28     -1.4220124E-005
          4439.57     -1.4348758E-005
          4450.86     -1.4476124E-005
          4462.15     -1.4602204E-005
          4473.44     -1.4726978E-005
          4484.73     -1.4850426E-005
          4496.02     -1.4972529E-005
          4507.30     -1.5093266E-005
          4518.59     -1.5212616E-005
          4529.88     -1.5330560E-005
          4541.17     -1.5447074E-005
          4552.46     -1.5562137E-005
          4563.75     -1.5675728E-005
          4575.04     -1.5787823E-005
          4586.33     -1.5898400E-005
          4597.62     -1.6007436E-005
          4608.91     -1.6114908E-005
          4620.20     -1.6220790E-005
          4631.48     -1.6325059E-005
          4642.77     -1.6427691E-005
          4654.06     -1.6528660E-005
          4665.35     -1.6627941E-005
          4676.64     -1.6725509E-005
          4687.93     -1.6821336E-005
          4699.22     -1.6915397E-005
          4710.51     -1.7007665E-005
          4721.80     -1.7098112E-005
          4733.09     -1.7186711E-005
          4744.38     -1.7273434E-005
          4755.66     -1.7358253E-005
          4766.95     -1.7441139E-005
          4778.24     -1.7522062E-005
          4789.53     -1.7600994E-005
          4800.82     -1.7677904E-005
          4812.11     -1.7752763E-005
          4823.40     -1.7825539E-005
          4834.69     -1.7896201E-005
          4845.98     -1.7964719E-005
          4857.27     -1.8031061E-005
          4868.55     -1.8095194E-005
          4879.84     -1.8157085E-005
          4891.13     -1.8216703E-005
          4902.42     -1.8274013E-005
          4913.71     -1.8328981E-005
          4925.00     -1.8381574E-005
          4936.29     -1.8431757E-005
          4947.58     -1.8479496E-005
          4958.87     -1.8524754E-005
          4970.16     -1.8567497E-005
          4981.45     -1.8607687E-005
          4992.73     -1.8645290E-005
          5004.02     -1.8680267E-005
          5015.31     -1.8712582E-005
          5026.60     -1.8742196E-005
          5037.89     -1.8769073E-005
          5049.18     -1.8793172E-005
          5060.47     -1.8814455E-005
          5071.76     -1.8832884E-005
          5083.05     -1.8848418E-005
          5094.34     -1.8861016E-005
          5105.62     -1.8870639E-005
          5116.91     -1.8877246E-005
          5128.20     -1.8880795E-005
          5139.49     -1.8881245E-005
          5150.78     -1.8878553E-005
          5162.07     -1.8872676E-005
          5173.36     -1.8863573E-005
          5184.65     -1.8851198E-005
          5195.94     -1.8835509E-005
          5207.23     -1.8816461E-005
          5218.52     -1.8794009E-005
          5229.80     -1.8768109E-005
          5241.09     -1.8738715E-005
          5252.38     -1.8705780E-005
          5263.67     -1.8669258E-005
          5274.96     -1.8629104E-005
          5286.25     -1.8585269E-005
          5297.54     -1.8537705E-005
          5308.83     -1.8486366E-005
          5320.12     -1.8431201E-005
          5331.41     -1.8372163E-005
          5342.70     -1.8309202E-005
          5353.98     -1.8242267E-005
          5365.27     -1.8171310E-005
          5376.56     -1.8096279E-005
          5387.85     -1.8017123E-005
          5399.14     -1.7933790E-005
          5410.43     -1.7846229E-005
          5421.72     -1.7754387E-005
          5433.01     -1.7658211E-005
          5444.30     -1.7557649E-005
          5455.59     -1.7452645E-005
          5466.88     -1.7343147E-005
          5478.16     -1.7229099E-005
          5489.45     -1.7110446E-005
          5500.74     -1.6987133E-005
          5512.03     -1.6859103E-005
          5523.32     -1.6726301E-005
          5534.61     -1.6588669E-005
          5545.90     -1.6446150E-005
          5557.19     -1.6298687E-005
          5568.48     -1.6146220E-005
          5579.77     -1.5988692E-005
          5591.05     -1.5826041E-005
          5602.34     -1.5658208E-005
          5613.63     -1.5485132E-005
          5624.92     -1.5306751E-005
          5636.21     -1.5123004E-005
          5647.50     -1.4933830E-005
          5658.79     -1.4739166E-005
          5670.08     -1.4538949E-005
          5681.37     -1.4333113E-005
          5692.66     -1.4121592E-005
          5703.95     -1.3916103E-005
          5715.23     -1.3727703E-005
          5726.52     -1.3555336E-005
          5737.81     -1.3397958E-005
          5749.10     -1.3254531E-005
          5760.39     -1.3124029E-005
          5771.68     -1.3005436E-005
          5782.97     -1.2897745E-005
          5794.26     -1.2799966E-005
          5805.55     -1.2711123E-005
          5816.84     -1.2630245E-005
          5828.12     -1.2556363E-005
          5839.41     -1.2488517E-005
          5850.70     -1.2425747E-005
          5861.99     -1.2367099E-005
          5873.28     -1.2311623E-005
          5884.57     -1.2258373E-005
          5895.86     -1.2206408E-005
          5907.15     -1.2154789E-005
          5918.44     -1.2102580E-005
          5929.73     -1.2048844E-005
          5941.02     -1.1992654E-005
          5952.30     -1.1933086E-005
          5963.59     -1.1869224E-005
          5974.88     -1.1800159E-005
          5986.17     -1.1724985E-005
          5997.46     -1.1642806E-005
          6008.75     -1.1552731E-005
          6020.04     -1.1453878E-005
          6031.33     -1.1345378E-005
          6042.62     -1.1226370E-005
          6053.91     -1.1095998E-005
          6065.20     -1.0953411E-005
          6076.48     -1.0797764E-005
          6087.77     -1.0628214E-005
          6099.06     -1.0443925E-005
          6110.35     -1.0244061E-005
          6121.64     -1.0027786E-005
          6132.93     -9.7942643E-006
          6144.22     -9.5426620E-006
          6155.51     -9.2721516E-006
          6166.80     -8.9819130E-006
          6178.09     -8.6711333E-006
          6189.38     -8.3390037E-006
          6200.66     -7.9847161E-006
          6211.95     -7.6074606E-006
          6223.24     -7.2064257E-006
          6234.53     -6.7807989E-006
          6245.82     -6.3297651E-006
          6257.11     -5.8525071E-006
          6268.40     -5.3482071E-006
          6279.69     -4.8160441E-006
          6290.98     -4.2551950E-006
          6302.27     -3.6751351E-006
          6313.55     -3.0858641E-006
          6324.84     -2.4873452E-006
          6336.13     -1.8795392E-006
          6347.42     -1.2624059E-006
          6358.71     -6.3590655E-007
          6370.00      0.0000000E+000
