          3480.00     -2.6716444E-035
          3491.29     -6.8601201E-009
          3502.58     -1.3658950E-008
          3513.87     -2.0402460E-008
          3525.16     -2.7096403E-008
          3536.45     -3.3746356E-008
          3547.73     -4.0357716E-008
          3559.02     -4.6935684E-008
          3570.31     -5.3485312E-008
          3581.60     -6.0011486E-008
          3592.89     -6.6518934E-008
          3604.18     -7.3012224E-008
          3615.47     -7.9495708E-008
          3626.76     -8.5973586E-008
          3638.05     -9.2449925E-008
          3649.34     -9.8928650E-008
          3660.62     -1.0541358E-007
          3671.91     -1.1190842E-007
          3683.20     -1.1841674E-007
          3694.49     -1.2494202E-007
          3705.78     -1.3148763E-007
          3717.07     -1.3805682E-007
          3728.36     -1.4465278E-007
          3739.65     -1.5127854E-007
          3750.94     -1.5793708E-007
          3762.23     -1.6463128E-007
          3773.52     -1.7136393E-007
          3784.80     -1.7813772E-007
          3796.09     -1.8495524E-007
          3807.38     -1.9181905E-007
          3818.67     -1.9873159E-007
          3829.96     -2.0569523E-007
          3841.25     -2.1271227E-007
          3852.54     -2.1978492E-007
          3863.83     -2.2691530E-007
          3875.12     -2.3410548E-007
          3886.41     -2.4135740E-007
          3897.70     -2.4867297E-007
          3908.98     -2.5605400E-007
          3920.27     -2.6350223E-007
          3931.56     -2.7101929E-007
          3942.85     -2.7860679E-007
          3954.14     -2.8626621E-007
          3965.43     -2.9399900E-007
          3976.72     -3.0180652E-007
          3988.01     -3.0969004E-007
          3999.30     -3.1765076E-007
          4010.59     -3.2568980E-007
          4021.88     -3.3380818E-007
          4033.16     -3.4200685E-007
          4044.45     -3.5028668E-007
          4055.74     -3.5864844E-007
          4067.03     -3.6709281E-007
          4078.32     -3.7562039E-007
          4089.61     -3.8423169E-007
          4100.90     -3.9292710E-007
          4112.19     -4.0170696E-007
          4123.48     -4.1057147E-007
          4134.77     -4.1952076E-007
          4146.05     -4.2855486E-007
          4157.34     -4.3767365E-007
          4168.63     -4.4687695E-007
          4179.92     -4.5616446E-007
          4191.21     -4.6553577E-007
          4202.50     -4.7499033E-007
          4213.79     -4.8452750E-007
          4225.08     -4.9414652E-007
          4236.37     -5.0384650E-007
          4247.66     -5.1362639E-007
          4258.95     -5.2348506E-007
          4270.23     -5.3342122E-007
          4281.52     -5.4343343E-007
          4292.81     -5.5352012E-007
          4304.10     -5.6367958E-007
          4315.39     -5.7390995E-007
          4326.68     -5.8420920E-007
          4337.97     -5.9457516E-007
          4349.26     -6.0500548E-007
          4360.55     -6.1549767E-007
          4371.84     -6.2604906E-007
          4383.12     -6.3665682E-007
          4394.41     -6.4731793E-007
          4405.70     -6.5802914E-007
          4416.99     -6.6878704E-007
          4428.28     -6.7958799E-007
          4439.57     -6.9042818E-007
          4450.86     -7.0130358E-007
          4462.15     -7.1220992E-007
          4473.44     -7.2314275E-007
          4484.73     -7.3409738E-007
          4496.02     -7.4506887E-007
          4507.30     -7.5605207E-007
          4518.59     -7.6704155E-007
          4529.88     -7.7803166E-007
          4541.17     -7.8901649E-007
          4552.46     -7.9998982E-007
          4563.75     -8.1094522E-007
          4575.04     -8.2187593E-007
          4586.33     -8.3277495E-007
          4597.62     -8.4363495E-007
          4608.91     -8.5444828E-007
          4620.20     -8.6520702E-007
          4631.48     -8.7590293E-007
          4642.77     -8.8652738E-007
          4654.06     -8.9707147E-007
          4665.35     -9.0752593E-007
          4676.64     -9.1788113E-007
          4687.93     -9.2812708E-007
          4699.22     -9.3825342E-007
          4710.51     -9.4824938E-007
          4721.80     -9.5810385E-007
          4733.09     -9.6780526E-007
          4744.38     -9.7734165E-007
          4755.66     -9.8670065E-007
          4766.95     -9.9586943E-007
          4778.24     -1.0048347E-006
          4789.53     -1.0135828E-006
          4800.82     -1.0220996E-006
          4812.11     -1.0303702E-006
          4823.40     -1.0383797E-006
          4834.69     -1.0461122E-006
          4845.98     -1.0535517E-006
          4857.27     -1.0606814E-006
          4868.55     -1.0674841E-006
          4879.84     -1.0739419E-006
          4891.13     -1.0800364E-006
          4902.42     -1.0857488E-006
          4913.71     -1.0910594E-006
          4925.00     -1.0959480E-006
          4936.29     -1.1003940E-006
          4947.58     -1.1043757E-006
          4958.87     -1.1078713E-006
          4970.16     -1.1108578E-006
          4981.45     -1.1133119E-006
          4992.73     -1.1152095E-006
          5004.02     -1.1165256E-006
          5015.31     -1.1172347E-006
          5026.60     -1.1173104E-006
          5037.89     -1.1167257E-006
          5049.18     -1.1154525E-006
          5060.47     -1.1134623E-006
          5071.76     -1.1107254E-006
          5083.05     -1.1072116E-006
          5094.34     -1.1028896E-006
          5105.62     -1.0977274E-006
          5116.91     -1.0916919E-006
          5128.20     -1.0847493E-006
          5139.49     -1.0768647E-006
          5150.78     -1.0680024E-006
          5162.07     -1.0581255E-006
          5173.36     -1.0471964E-006
          5184.65     -1.0351762E-006
          5195.94     -1.0220251E-006
          5207.23     -1.0077022E-006
          5218.52     -9.9216562E-007
          5229.80     -9.7537215E-007
          5241.09     -9.5727767E-007
          5252.38     -9.3783680E-007
          5263.67     -9.1700298E-007
          5274.96     -8.9472850E-007
          5286.25     -8.7096439E-007
          5297.54     -8.4566041E-007
          5308.83     -8.1876505E-007
          5320.12     -7.9022547E-007
          5331.41     -7.5998756E-007
          5342.70     -7.2799578E-007
          5353.98     -6.9419320E-007
          5365.27     -6.5852156E-007
          5376.56     -6.2092109E-007
          5387.85     -5.8133056E-007
          5399.14     -5.3968722E-007
          5410.43     -4.9592677E-007
          5421.72     -4.4998347E-007
          5433.01     -4.0178983E-007
          5444.30     -3.5127679E-007
          5455.59     -2.9837369E-007
          5466.88     -2.4300808E-007
          5478.16     -1.8510582E-007
          5489.45     -1.2459100E-007
          5500.74     -6.1385894E-008
          5512.03      4.5888913E-009
          5523.32      7.3414769E-008
          5534.61      1.4517505E-007
          5545.90      2.1995479E-007
          5557.19      2.9784119E-007
          5568.48      3.7892339E-007
          5579.77      4.6329279E-007
          5591.05      5.5104316E-007
          5602.34      6.4227011E-007
          5613.63      7.3707157E-007
          5624.92      8.3554755E-007
          5636.21      9.3779999E-007
          5647.50      1.0439333E-006
          5658.79      1.1540538E-006
          5670.08      1.2682705E-006
          5681.37      1.3866959E-006
          5692.66      1.5094455E-006
          5703.95      1.6151586E-006
          5715.23      1.6837726E-006
          5726.52      1.7173214E-006
          5737.81      1.7177995E-006
          5749.10      1.6871629E-006
          5760.39      1.6273301E-006
          5771.68      1.5401833E-006
          5782.97      1.4275689E-006
          5794.26      1.2912901E-006
          5805.55      1.1331131E-006
          5816.84      9.5478253E-007
          5828.12      7.5802220E-007
          5839.41      5.4453704E-007
          5850.70      3.1601421E-007
          5861.99      7.4124115E-008
          5873.28     -1.7947752E-007
          5884.57     -4.4314976E-007
          5895.86     -7.1526472E-007
          5907.15     -9.9420556E-007
          5918.44     -1.2783616E-006
          5929.73     -1.5661283E-006
          5941.02     -1.8559145E-006
          5952.30     -2.1461414E-006
          5963.59     -2.4352413E-006
          5974.88     -2.7216566E-006
          5986.17     -3.0038378E-006
          5997.46     -3.2802436E-006
          6008.75     -3.5493440E-006
          6020.04     -3.8096184E-006
          6031.33     -4.0595620E-006
          6042.62     -4.2976822E-006
          6053.91     -4.5224866E-006
          6065.20     -4.7324837E-006
          6076.48     -4.9261831E-006
          6087.77     -5.1020947E-006
          6099.06     -5.2587251E-006
          6110.35     -5.3945732E-006
          6121.64     -5.5081286E-006
          6132.93     -5.5978662E-006
          6144.22     -5.6622505E-006
          6155.51     -5.6997465E-006
          6166.80     -5.7088182E-006
          6178.09     -5.6879276E-006
          6189.38     -5.6355319E-006
          6200.66     -5.5500729E-006
          6211.95     -5.4299731E-006
          6223.24     -5.2736345E-006
          6234.53     -5.0794385E-006
          6245.82     -4.8457440E-006
          6257.11     -4.5708872E-006
          6268.40     -4.2531811E-006
          6279.69     -3.8909138E-006
          6290.98     -3.4823480E-006
          6302.27     -3.0408984E-006
          6313.55     -2.5810516E-006
          6324.84     -2.1026510E-006
          6336.13     -1.6055288E-006
          6347.42     -1.0895063E-006
          6358.71     -5.5439635E-007
          6370.00     -8.0625068E-045
