          3480.00     -9.0963235E-037
          3491.29     -8.1130795E-008
          3502.58     -1.6185240E-007
          3513.87     -2.4218388E-007
          3525.16     -3.2214351E-007
          3536.45     -4.0174918E-007
          3547.73     -4.8101819E-007
          3559.02     -5.5996711E-007
          3570.31     -6.3861214E-007
          3581.60     -7.1696891E-007
          3592.89     -7.9505249E-007
          3604.18     -8.7287731E-007
          3615.47     -9.5045641E-007
          3626.76     -1.0278022E-006
          3638.05     -1.1049266E-006
          3649.34     -1.1818408E-006
          3660.62     -1.2585560E-006
          3671.91     -1.3350826E-006
          3683.20     -1.4114308E-006
          3694.49     -1.4876102E-006
          3705.78     -1.5636301E-006
          3717.07     -1.6394994E-006
          3728.36     -1.7152265E-006
          3739.65     -1.7908195E-006
          3750.94     -1.8662860E-006
          3762.23     -1.9416333E-006
          3773.52     -2.0168684E-006
          3784.80     -2.0919977E-006
          3796.09     -2.1670274E-006
          3807.38     -2.2419634E-006
          3818.67     -2.3168114E-006
          3829.96     -2.3915764E-006
          3841.25     -2.4662635E-006
          3852.54     -2.5408770E-006
          3863.83     -2.6154212E-006
          3875.12     -2.6899000E-006
          3886.41     -2.7643166E-006
          3897.70     -2.8386743E-006
          3908.98     -2.9129757E-006
          3920.27     -2.9872233E-006
          3931.56     -3.0614192E-006
          3942.85     -3.1355650E-006
          3954.14     -3.2096621E-006
          3965.43     -3.2837120E-006
          3976.72     -3.3577152E-006
          3988.01     -3.4316724E-006
          3999.30     -3.5055839E-006
          4010.59     -3.5794492E-006
          4021.88     -3.6532681E-006
          4033.16     -3.7270397E-006
          4044.45     -3.8007627E-006
          4055.74     -3.8744358E-006
          4067.03     -3.9480569E-006
          4078.32     -4.0216239E-006
          4089.61     -4.0951343E-006
          4100.90     -4.1685850E-006
          4112.19     -4.2419731E-006
          4123.48     -4.3152948E-006
          4134.77     -4.3885462E-006
          4146.05     -4.4617232E-006
          4157.34     -4.5348209E-006
          4168.63     -4.6078346E-006
          4179.92     -4.6807590E-006
          4191.21     -4.7535882E-006
          4202.50     -4.8263163E-006
          4213.79     -4.8989369E-006
          4225.08     -4.9714433E-006
          4236.37     -5.0438285E-006
          4247.66     -5.1160849E-006
          4258.95     -5.1882047E-006
          4270.23     -5.2601797E-006
          4281.52     -5.3320012E-006
          4292.81     -5.4036604E-006
          4304.10     -5.4751480E-006
          4315.39     -5.5464541E-006
          4326.68     -5.6175688E-006
          4337.97     -5.6884816E-006
          4349.26     -5.7591815E-006
          4360.55     -5.8296574E-006
          4371.84     -5.8998978E-006
          4383.12     -5.9698906E-006
          4394.41     -6.0396237E-006
          4405.70     -6.1090839E-006
          4416.99     -6.1782582E-006
          4428.28     -6.2471327E-006
          4439.57     -6.3156933E-006
          4450.86     -6.3839257E-006
          4462.15     -6.4518146E-006
          4473.44     -6.5193449E-006
          4484.73     -6.5865007E-006
          4496.02     -6.6532657E-006
          4507.30     -6.7196234E-006
          4518.59     -6.7855566E-006
          4529.88     -6.8510477E-006
          4541.17     -6.9160788E-006
          4552.46     -6.9806313E-006
          4563.75     -7.0446863E-006
          4575.04     -7.1082246E-006
          4586.33     -7.1712262E-006
          4597.62     -7.2336709E-006
          4608.91     -7.2955379E-006
          4620.20     -7.3568058E-006
          4631.48     -7.4174530E-006
          4642.77     -7.4774572E-006
          4654.06     -7.5367955E-006
          4665.35     -7.5954449E-006
          4676.64     -7.6533814E-006
          4687.93     -7.7105809E-006
          4699.22     -7.7670185E-006
          4710.51     -7.8226689E-006
          4721.80     -7.8775063E-006
          4733.09     -7.9315042E-006
          4744.38     -7.9846358E-006
          4755.66     -8.0368734E-006
          4766.95     -8.0881892E-006
          4778.24     -8.1385546E-006
          4789.53     -8.1879402E-006
          4800.82     -8.2363165E-006
          4812.11     -8.2836532E-006
          4823.40     -8.3299192E-006
          4834.69     -8.3750832E-006
          4845.98     -8.4191131E-006
          4857.27     -8.4619762E-006
          4868.55     -8.5036392E-006
          4879.84     -8.5440681E-006
          4891.13     -8.5832285E-006
          4902.42     -8.6210851E-006
          4913.71     -8.6576021E-006
          4925.00     -8.6927430E-006
          4936.29     -8.7264709E-006
          4947.58     -8.7587479E-006
          4958.87     -8.7895357E-006
          4970.16     -8.8187951E-006
          4981.45     -8.8464865E-006
          4992.73     -8.8725694E-006
          5004.02     -8.8970026E-006
          5015.31     -8.9197444E-006
          5026.60     -8.9407522E-006
          5037.89     -8.9599826E-006
          5049.18     -8.9773918E-006
          5060.47     -8.9929351E-006
          5071.76     -9.0065670E-006
          5083.05     -9.0182413E-006
          5094.34     -9.0279112E-006
          5105.62     -9.0355290E-006
          5116.91     -9.0410463E-006
          5128.20     -9.0444139E-006
          5139.49     -9.0455819E-006
          5150.78     -9.0444994E-006
          5162.07     -9.0411150E-006
          5173.36     -9.0353762E-006
          5184.65     -9.0272300E-006
          5195.94     -9.0166222E-006
          5207.23     -9.0034982E-006
          5218.52     -8.9878022E-006
          5229.80     -8.9694779E-006
          5241.09     -8.9484679E-006
          5252.38     -8.9247140E-006
          5263.67     -8.8981572E-006
          5274.96     -8.8687376E-006
          5286.25     -8.8363946E-006
          5297.54     -8.8010663E-006
          5308.83     -8.7626902E-006
          5320.12     -8.7212028E-006
          5331.41     -8.6765398E-006
          5342.70     -8.6286358E-006
          5353.98     -8.5774246E-006
          5365.27     -8.5228390E-006
          5376.56     -8.4648109E-006
          5387.85     -8.4032713E-006
          5399.14     -8.3381500E-006
          5410.43     -8.2693760E-006
          5421.72     -8.1968775E-006
          5433.01     -8.1205814E-006
          5444.30     -8.0404136E-006
          5455.59     -7.9562993E-006
          5466.88     -7.8681624E-006
          5478.16     -7.7759257E-006
          5489.45     -7.6795113E-006
          5500.74     -7.5788398E-006
          5512.03     -7.4738312E-006
          5523.32     -7.3644044E-006
          5534.61     -7.2504767E-006
          5545.90     -7.1319652E-006
          5557.19     -7.0087851E-006
          5568.48     -6.8808510E-006
          5579.77     -6.7480759E-006
          5591.05     -6.6103712E-006
          5602.34     -6.4676477E-006
          5613.63     -6.3198147E-006
          5624.92     -6.1667807E-006
          5636.21     -6.0084534E-006
          5647.50     -5.8447390E-006
          5658.79     -5.6755431E-006
          5670.08     -5.5007699E-006
          5681.37     -5.3203208E-006
          5692.66     -5.1340950E-006
          5703.95     -4.9609514E-006
          5715.23     -4.8187058E-006
          5726.52     -4.7057072E-006
          5737.81     -4.6203229E-006
          5749.10     -4.5609386E-006
          5760.39     -4.5259588E-006
          5771.68     -4.5138069E-006
          5782.97     -4.5229251E-006
          5794.26     -4.5517827E-006
          5805.55     -4.5988714E-006
          5816.84     -4.6626929E-006
          5828.12     -4.7417586E-006
          5839.41     -4.8345889E-006
          5850.70     -4.9397132E-006
          5861.99     -5.0556691E-006
          5873.28     -5.1810024E-006
          5884.57     -5.3142668E-006
          5895.86     -5.4540235E-006
          5907.15     -5.5988406E-006
          5918.44     -5.7472885E-006
          5929.73     -5.8979414E-006
          5941.02     -6.0493834E-006
          5952.30     -6.2002092E-006
          5963.59     -6.3490230E-006
          5974.88     -6.4944385E-006
          5986.17     -6.6350773E-006
          5997.46     -6.7695705E-006
          6008.75     -6.8965608E-006
          6020.04     -7.0147022E-006
          6031.33     -7.1226660E-006
          6042.62     -7.2191377E-006
          6053.91     -7.3028083E-006
          6065.20     -7.3723740E-006
          6076.48     -7.4265375E-006
          6087.77     -7.4640083E-006
          6099.06     -7.4834992E-006
          6110.35     -7.4837234E-006
          6121.64     -7.4633938E-006
          6132.93     -7.4212187E-006
          6144.22     -7.3559058E-006
          6155.51     -7.2661723E-006
          6166.80     -7.1507432E-006
          6178.09     -7.0083519E-006
          6189.38     -6.8377373E-006
          6200.66     -6.6376356E-006
          6211.95     -6.4067781E-006
          6223.24     -6.1438898E-006
          6234.53     -5.8476909E-006
          6245.82     -5.5168943E-006
          6257.11     -5.1502067E-006
          6268.40     -4.7463288E-006
          6279.69     -4.3039538E-006
          6290.98     -3.8217675E-006
          6302.27     -3.3131014E-006
          6313.55     -2.7921215E-006
          6324.84     -2.2587589E-006
          6336.13     -1.7129410E-006
          6347.42     -1.1545929E-006
          6358.71     -5.8363895E-007
          6370.00      7.9521122E-039
