          3480.00      2.4375608E-033
          3491.29     -2.2483634E-011
          3502.58     -4.4466049E-011
          3513.87     -6.6039963E-011
          3525.16     -8.7293463E-011
          3536.45     -1.0831056E-010
          3547.73     -1.2917154E-010
          3559.02     -1.4995328E-010
          3570.31     -1.7072970E-010
          3581.60     -1.9157204E-010
          3592.89     -2.1254913E-010
          3604.18     -2.3372767E-010
          3615.47     -2.5517222E-010
          3626.76     -2.7694565E-010
          3638.05     -2.9910943E-010
          3649.34     -3.2172376E-010
          3660.62     -3.4484788E-010
          3671.91     -3.6854018E-010
          3683.20     -3.9285838E-010
          3694.49     -4.1785970E-010
          3705.78     -4.4360089E-010
          3717.07     -4.7013856E-010
          3728.36     -4.9752915E-010
          3739.65     -5.2582902E-010
          3750.94     -5.5509472E-010
          3762.23     -5.8538291E-010
          3773.52     -6.1675056E-010
          3784.80     -6.4925499E-010
          3796.09     -6.8295387E-010
          3807.38     -7.1790550E-010
          3818.67     -7.5416881E-010
          3829.96     -7.9180322E-010
          3841.25     -8.3086890E-010
          3852.54     -8.7142670E-010
          3863.83     -9.1353815E-010
          3875.12     -9.5726561E-010
          3886.41     -1.0026721E-009
          3897.70     -1.0498214E-009
          3908.98     -1.0987784E-009
          3920.27     -1.1496083E-009
          3931.56     -1.2023774E-009
          3942.85     -1.2571527E-009
          3954.14     -1.3140021E-009
          3965.43     -1.3729941E-009
          3976.72     -1.4341981E-009
          3988.01     -1.4976840E-009
          3999.30     -1.5635225E-009
          4010.59     -1.6317846E-009
          4021.88     -1.7025419E-009
          4033.16     -1.7758662E-009
          4044.45     -1.8518297E-009
          4055.74     -1.9305048E-009
          4067.03     -2.0119636E-009
          4078.32     -2.0962785E-009
          4089.61     -2.1835217E-009
          4100.90     -2.2737644E-009
          4112.19     -2.3670780E-009
          4123.48     -2.4635327E-009
          4134.77     -2.5631978E-009
          4146.05     -2.6661415E-009
          4157.34     -2.7724305E-009
          4168.63     -2.8821298E-009
          4179.92     -2.9953025E-009
          4191.21     -3.1120093E-009
          4202.50     -3.2323084E-009
          4213.79     -3.3562551E-009
          4225.08     -3.4839012E-009
          4236.37     -3.6152950E-009
          4247.66     -3.7504804E-009
          4258.95     -3.8894968E-009
          4270.23     -4.0323785E-009
          4281.52     -4.1791539E-009
          4292.81     -4.3298455E-009
          4304.10     -4.4844690E-009
          4315.39     -4.6430326E-009
          4326.68     -4.8055365E-009
          4337.97     -4.9719719E-009
          4349.26     -5.1423206E-009
          4360.55     -5.3165543E-009
          4371.84     -5.4946336E-009
          4383.12     -5.6765075E-009
          4394.41     -5.8621110E-009
          4405.70     -6.0513650E-009
          4416.99     -6.2441751E-009
          4428.28     -6.4404303E-009
          4439.57     -6.6400024E-009
          4450.86     -6.8427447E-009
          4462.15     -7.0484897E-009
          4473.44     -7.2570488E-009
          4484.73     -7.4682104E-009
          4496.02     -7.6817383E-009
          4507.30     -7.8973699E-009
          4518.59     -8.1148144E-009
          4529.88     -8.3337515E-009
          4541.17     -8.5538290E-009
          4552.46     -8.7746604E-009
          4563.75     -8.9958238E-009
          4575.04     -9.2168587E-009
          4586.33     -9.4372641E-009
          4597.62     -9.6564957E-009
          4608.91     -9.8739629E-009
          4620.20     -1.0089027E-008
          4631.48     -1.0300997E-008
          4642.77     -1.0509129E-008
          4654.06     -1.0712618E-008
          4665.35     -1.0910601E-008
          4676.64     -1.1102148E-008
          4687.93     -1.1286261E-008
          4699.22     -1.1461870E-008
          4710.51     -1.1627828E-008
          4721.80     -1.1782906E-008
          4733.09     -1.1925792E-008
          4744.38     -1.2055081E-008
          4755.66     -1.2169274E-008
          4766.95     -1.2266771E-008
          4778.24     -1.2345869E-008
          4789.53     -1.2404749E-008
          4800.82     -1.2441478E-008
          4812.11     -1.2453997E-008
          4823.40     -1.2440117E-008
          4834.69     -1.2397513E-008
          4845.98     -1.2323715E-008
          4857.27     -1.2216100E-008
          4868.55     -1.2071885E-008
          4879.84     -1.1888120E-008
          4891.13     -1.1661678E-008
          4902.42     -1.1389245E-008
          4913.71     -1.1067316E-008
          4925.00     -1.0692177E-008
          4936.29     -1.0259902E-008
          4947.58     -9.7663376E-009
          4958.87     -9.2070949E-009
          4970.16     -8.5775371E-009
          4981.45     -7.8727659E-009
          4992.73     -7.0876092E-009
          5004.02     -6.2166105E-009
          5015.31     -5.2540098E-009
          5026.60     -4.1937334E-009
          5037.89     -3.0293781E-009
          5049.18     -1.7541941E-009
          5060.47     -3.6107383E-010
          5071.76      1.1574723E-009
          5083.05      2.8093306E-009
          5094.34      4.6027973E-009
          5105.62      6.5466073E-009
          5116.91      8.6499478E-009
          5128.20      1.0922481E-008
          5139.49      1.3374368E-008
          5150.78      1.6016283E-008
          5162.07      1.8859451E-008
          5173.36      2.1915666E-008
          5184.65      2.5197304E-008
          5195.94      2.8717373E-008
          5207.23      3.2489521E-008
          5218.52      3.6528075E-008
          5229.80      4.0848069E-008
          5241.09      4.5465266E-008
          5252.38      5.0396207E-008
          5263.67      5.5658238E-008
          5274.96      6.1269528E-008
          5286.25      6.7249137E-008
          5297.54      7.3617029E-008
          5308.83      8.0394125E-008
          5320.12      8.7602345E-008
          5331.41      9.5264622E-008
          5342.70      1.0340499E-007
          5353.98      1.1204861E-007
          5365.27      1.2122179E-007
          5376.56      1.3095208E-007
          5387.85      1.4126829E-007
          5399.14      1.5220058E-007
          5410.43      1.6378049E-007
          5421.72      1.7604095E-007
          5433.01      1.8901645E-007
          5444.30      2.0274302E-007
          5455.59      2.1725829E-007
          5466.88      2.3260163E-007
          5478.16      2.4881413E-007
          5489.45      2.6593875E-007
          5500.74      2.8402033E-007
          5512.03      3.0310568E-007
          5523.32      3.2324371E-007
          5534.61      3.4448545E-007
          5545.90      3.6688416E-007
          5557.19      3.9049542E-007
          5568.48      4.1537724E-007
          5579.77      4.4159018E-007
          5591.05      4.6919751E-007
          5602.34      4.9826512E-007
          5613.63      5.2886174E-007
          5624.92      5.6105904E-007
          5636.21      5.9493157E-007
          5647.50      6.3055713E-007
          5658.79      6.6801673E-007
          5670.08      7.0739473E-007
          5681.37      7.4877954E-007
          5692.66      7.9226345E-007
          5703.95      8.2414412E-007
          5715.23      8.3178641E-007
          5726.52      8.1682741E-007
          5737.81      7.8082973E-007
          5749.10      7.2528598E-007
          5760.39      6.5162313E-007
          5771.68      5.6120652E-007
          5782.97      4.5534380E-007
          5794.26      3.3528358E-007
          5805.55      2.0222330E-007
          5816.84      5.7322105E-008
          5828.12     -9.8295879E-008
          5839.41     -2.6353774E-007
          5850.70     -4.3733858E-007
          5861.99     -6.1865849E-007
          5873.28     -8.0647879E-007
          5884.57     -9.9980003E-007
          5895.86     -1.1976385E-006
          5907.15     -1.3990230E-006
          5918.44     -1.6029894E-006
          5929.73     -1.8085796E-006
          5941.02     -2.0148429E-006
          5952.30     -2.2208347E-006
          5963.59     -2.4256127E-006
          5974.88     -2.6282352E-006
          5986.17     -2.8277573E-006
          5997.46     -3.0232299E-006
          6008.75     -3.2136991E-006
          6020.04     -3.3982041E-006
          6031.33     -3.5757787E-006
          6042.62     -3.7454475E-006
          6053.91     -3.9062160E-006
          6065.20     -4.0570692E-006
          6076.48     -4.1969702E-006
          6087.77     -4.3248576E-006
          6099.06     -4.4396412E-006
          6110.35     -4.5401971E-006
          6121.64     -4.6253651E-006
          6132.93     -4.6939425E-006
          6144.22     -4.7446859E-006
          6155.51     -4.7763174E-006
          6166.80     -4.7875212E-006
          6178.09     -4.7769410E-006
          6189.38     -4.7431755E-006
          6200.66     -4.6847682E-006
          6211.95     -4.6002021E-006
          6223.24     -4.4878963E-006
          6234.53     -4.3462039E-006
          6245.82     -4.1734077E-006
          6257.11     -3.9677177E-006
          6268.40     -3.7272683E-006
          6279.69     -3.4501141E-006
          6290.98     -3.1342264E-006
          6302.27     -2.7827519E-006
          6313.55     -2.3999919E-006
          6324.84     -1.9855338E-006
          6336.13     -1.5388940E-006
          6347.42     -1.0595186E-006
          6358.71     -5.4678528E-007
          6370.00     -3.1038453E-050
