          3480.00     -9.7268277E-036
          3491.29     -1.3233816E-006
          3502.58     -2.6481616E-006
          3513.87     -3.9744312E-006
          3525.16     -5.3022765E-006
          3536.45     -6.6317856E-006
          3547.73     -7.9630450E-006
          3559.02     -9.2961362E-006
          3570.31     -1.0631143E-005
          3581.60     -1.1968145E-005
          3592.89     -1.3307222E-005
          3604.18     -1.4648449E-005
          3615.47     -1.5991887E-005
          3626.76     -1.7337593E-005
          3638.05     -1.8685623E-005
          3649.34     -2.0036026E-005
          3660.62     -2.1388857E-005
          3671.91     -2.2744166E-005
          3683.20     -2.4102003E-005
          3694.49     -2.5462417E-005
          3705.78     -2.6825453E-005
          3717.07     -2.8191159E-005
          3728.36     -2.9559581E-005
          3739.65     -3.0930760E-005
          3750.94     -3.2304739E-005
          3762.23     -3.3681561E-005
          3773.52     -3.5061266E-005
          3784.80     -3.6443893E-005
          3796.09     -3.7829479E-005
          3807.38     -3.9218064E-005
          3818.67     -4.0609686E-005
          3829.96     -4.2004382E-005
          3841.25     -4.3402188E-005
          3852.54     -4.4803141E-005
          3863.83     -4.6207272E-005
          3875.12     -4.7614618E-005
          3886.41     -4.9025206E-005
          3897.70     -5.0439069E-005
          3908.98     -5.1856237E-005
          3920.27     -5.3276735E-005
          3931.56     -5.4700593E-005
          3942.85     -5.6127835E-005
          3954.14     -5.7558488E-005
          3965.43     -5.8992579E-005
          3976.72     -6.0430130E-005
          3988.01     -6.1871166E-005
          3999.30     -6.3315711E-005
          4010.59     -6.4763783E-005
          4021.88     -6.6215405E-005
          4033.16     -6.7670596E-005
          4044.45     -6.9129372E-005
          4055.74     -7.0591753E-005
          4067.03     -7.2057750E-005
          4078.32     -7.3527381E-005
          4089.61     -7.5000658E-005
          4100.90     -7.6477592E-005
          4112.19     -7.7958195E-005
          4123.48     -7.9442476E-005
          4134.77     -8.0930445E-005
          4146.05     -8.2422109E-005
          4157.34     -8.3917472E-005
          4168.63     -8.5416541E-005
          4179.92     -8.6919320E-005
          4191.21     -8.8425811E-005
          4202.50     -8.9936014E-005
          4213.79     -9.1449932E-005
          4225.08     -9.2967562E-005
          4236.37     -9.4488904E-005
          4247.66     -9.6013952E-005
          4258.95     -9.7542703E-005
          4270.23     -9.9075152E-005
          4281.52     -1.0061129E-004
          4292.81     -1.0215111E-004
          4304.10     -1.0369460E-004
          4315.39     -1.0524175E-004
          4326.68     -1.0679255E-004
          4337.97     -1.0834698E-004
          4349.26     -1.0990503E-004
          4360.55     -1.1146670E-004
          4371.84     -1.1303195E-004
          4383.12     -1.1460077E-004
          4394.41     -1.1617315E-004
          4405.70     -1.1774906E-004
          4416.99     -1.1932849E-004
          4428.28     -1.2091140E-004
          4439.57     -1.2249777E-004
          4450.86     -1.2408758E-004
          4462.15     -1.2568080E-004
          4473.44     -1.2727741E-004
          4484.73     -1.2887736E-004
          4496.02     -1.3048063E-004
          4507.30     -1.3208720E-004
          4518.59     -1.3369701E-004
          4529.88     -1.3531005E-004
          4541.17     -1.3692627E-004
          4552.46     -1.3854564E-004
          4563.75     -1.4016812E-004
          4575.04     -1.4179366E-004
          4586.33     -1.4342223E-004
          4597.62     -1.4505379E-004
          4608.91     -1.4668829E-004
          4620.20     -1.4832569E-004
          4631.48     -1.4996593E-004
          4642.77     -1.5160898E-004
          4654.06     -1.5325478E-004
          4665.35     -1.5490329E-004
          4676.64     -1.5655445E-004
          4687.93     -1.5820821E-004
          4699.22     -1.5986451E-004
          4710.51     -1.6152330E-004
          4721.80     -1.6318453E-004
          4733.09     -1.6484813E-004
          4744.38     -1.6651405E-004
          4755.66     -1.6818221E-004
          4766.95     -1.6985257E-004
          4778.24     -1.7152506E-004
          4789.53     -1.7319961E-004
          4800.82     -1.7487615E-004
          4812.11     -1.7655463E-004
          4823.40     -1.7823495E-004
          4834.69     -1.7991707E-004
          4845.98     -1.8160090E-004
          4857.27     -1.8328638E-004
          4868.55     -1.8497342E-004
          4879.84     -1.8666194E-004
          4891.13     -1.8835188E-004
          4902.42     -1.9004315E-004
          4913.71     -1.9173567E-004
          4925.00     -1.9342936E-004
          4936.29     -1.9512413E-004
          4947.58     -1.9681990E-004
          4958.87     -1.9851658E-004
          4970.16     -2.0021408E-004
          4981.45     -2.0191231E-004
          4992.73     -2.0361119E-004
          5004.02     -2.0531061E-004
          5015.31     -2.0701048E-004
          5026.60     -2.0871072E-004
          5037.89     -2.1041121E-004
          5049.18     -2.1211186E-004
          5060.47     -2.1381257E-004
          5071.76     -2.1551323E-004
          5083.05     -2.1721375E-004
          5094.34     -2.1891402E-004
          5105.62     -2.2061392E-004
          5116.91     -2.2231336E-004
          5128.20     -2.2401222E-004
          5139.49     -2.2571039E-004
          5150.78     -2.2740775E-004
          5162.07     -2.2910420E-004
          5173.36     -2.3079962E-004
          5184.65     -2.3249387E-004
          5195.94     -2.3418686E-004
          5207.23     -2.3587845E-004
          5218.52     -2.3756853E-004
          5229.80     -2.3925696E-004
          5241.09     -2.4094363E-004
          5252.38     -2.4262840E-004
          5263.67     -2.4431114E-004
          5274.96     -2.4599173E-004
          5286.25     -2.4767003E-004
          5297.54     -2.4934591E-004
          5308.83     -2.5101923E-004
          5320.12     -2.5268985E-004
          5331.41     -2.5435764E-004
          5342.70     -2.5602245E-004
          5353.98     -2.5768414E-004
          5365.27     -2.5934256E-004
          5376.56     -2.6099758E-004
          5387.85     -2.6264903E-004
          5399.14     -2.6429678E-004
          5410.43     -2.6594067E-004
          5421.72     -2.6758055E-004
          5433.01     -2.6921627E-004
          5444.30     -2.7084766E-004
          5455.59     -2.7247458E-004
          5466.88     -2.7409685E-004
          5478.16     -2.7571432E-004
          5489.45     -2.7732683E-004
          5500.74     -2.7893420E-004
          5512.03     -2.8053628E-004
          5523.32     -2.8213290E-004
          5534.61     -2.8372388E-004
          5545.90     -2.8530905E-004
          5557.19     -2.8688824E-004
          5568.48     -2.8846128E-004
          5579.77     -2.9002797E-004
          5591.05     -2.9158815E-004
          5602.34     -2.9314162E-004
          5613.63     -2.9468819E-004
          5624.92     -2.9622767E-004
          5636.21     -2.9775987E-004
          5647.50     -2.9928460E-004
          5658.79     -3.0080166E-004
          5670.08     -3.0231087E-004
          5681.37     -3.0381201E-004
          5692.66     -3.0530483E-004
          5703.95     -3.0685139E-004
          5715.23     -3.0851012E-004
          5726.52     -3.1027532E-004
          5737.81     -3.1214138E-004
          5749.10     -3.1410274E-004
          5760.39     -3.1615388E-004
          5771.68     -3.1828935E-004
          5782.97     -3.2050374E-004
          5794.26     -3.2279175E-004
          5805.55     -3.2514816E-004
          5816.84     -3.2756776E-004
          5828.12     -3.3004538E-004
          5839.41     -3.3257587E-004
          5850.70     -3.3515411E-004
          5861.99     -3.3777499E-004
          5873.28     -3.4043344E-004
          5884.57     -3.4312439E-004
          5895.86     -3.4584282E-004
          5907.15     -3.4858372E-004
          5918.44     -3.5134207E-004
          5929.73     -3.5411287E-004
          5941.02     -3.5689117E-004
          5952.30     -3.5967203E-004
          5963.59     -3.6245056E-004
          5974.88     -3.6522191E-004
          5986.17     -3.6798124E-004
          5997.46     -3.7072377E-004
          6008.75     -3.7344474E-004
          6020.04     -3.7613946E-004
          6031.33     -3.7880329E-004
          6042.62     -3.8143165E-004
          6053.91     -3.8401998E-004
          6065.20     -3.8656376E-004
          6076.48     -3.8905848E-004
          6087.77     -3.9149967E-004
          6099.06     -3.9388288E-004
          6110.35     -3.9620367E-004
          6121.64     -3.9845759E-004
          6132.93     -4.0064021E-004
          6144.22     -4.0274709E-004
          6155.51     -4.0477383E-004
          6166.80     -4.0671608E-004
          6178.09     -4.0856952E-004
          6189.38     -4.1032986E-004
          6200.66     -4.1199282E-004
          6211.95     -4.1355410E-004
          6223.24     -4.1500939E-004
          6234.53     -4.1635439E-004
          6245.82     -4.1758477E-004
          6257.11     -4.1869620E-004
          6268.40     -4.1968434E-004
          6279.69     -4.2054483E-004
          6290.98     -4.2127331E-004
          6302.27     -4.2192401E-004
          6313.55     -4.2255406E-004
          6324.84     -4.2316340E-004
          6336.13     -4.2375198E-004
          6347.42     -4.2431974E-004
          6358.71     -4.2486661E-004
          6370.00     -4.2539253E-004
