          3480.00      0.0000000E+000
          3491.29      3.3925445E-002
          3502.58      3.3503560E-002
          3513.87      3.3103872E-002
          3525.16      3.2725624E-002
          3536.45      3.2368005E-002
          3547.73      3.2030160E-002
          3559.02      3.1711197E-002
          3570.31      3.1410197E-002
          3581.60      3.1126223E-002
          3592.89      3.0858326E-002
          3604.18      3.0605555E-002
          3615.47      3.0366958E-002
          3626.76      3.0141595E-002
          3638.05      2.9928544E-002
          3649.34      2.9726908E-002
          3660.62      2.9535822E-002
          3671.91      2.9354452E-002
          3683.20      2.9182004E-002
          3694.49      2.9017722E-002
          3705.78      2.8860890E-002
          3717.07      2.8710834E-002
          3728.36      2.8566922E-002
          3739.65      2.8428564E-002
          3750.94      2.8295207E-002
          3762.23      2.8166343E-002
          3773.52      2.8041498E-002
          3784.80      2.7920236E-002
          3796.09      2.7802157E-002
          3807.38      2.7686892E-002
          3818.67      2.7574107E-002
          3829.96      2.7463493E-002
          3841.25      2.7354773E-002
          3852.54      2.7247689E-002
          3863.83      2.7142011E-002
          3875.12      2.7037526E-002
          3886.41      2.6934045E-002
          3897.70      2.6831393E-002
          3908.98      2.6729414E-002
          3920.27      2.6627965E-002
          3931.56      2.6526917E-002
          3942.85      2.6426155E-002
          3954.14      2.6325573E-002
          3965.43      2.6225077E-002
          3976.72      2.6124582E-002
          3988.01      2.6024011E-002
          3999.30      2.5923293E-002
          4010.59      2.5822365E-002
          4021.88      2.5721169E-002
          4033.16      2.5619652E-002
          4044.45      2.5517765E-002
          4055.74      2.5415463E-002
          4067.03      2.5312706E-002
          4078.32      2.5209456E-002
          4089.61      2.5105678E-002
          4100.90      2.5001340E-002
          4112.19      2.4896412E-002
          4123.48      2.4790865E-002
          4134.77      2.4684674E-002
          4146.05      2.4577813E-002
          4157.34      2.4470259E-002
          4168.63      2.4361989E-002
          4179.92      2.4252981E-002
          4191.21      2.4143215E-002
          4202.50      2.4032671E-002
          4213.79      2.3921329E-002
          4225.08      2.3809170E-002
          4236.37      2.3696176E-002
          4247.66      2.3582329E-002
          4258.95      2.3467610E-002
          4270.23      2.3352001E-002
          4281.52      2.3235485E-002
          4292.81      2.3118045E-002
          4304.10      2.2999661E-002
          4315.39      2.2880318E-002
          4326.68      2.2759996E-002
          4337.97      2.2638679E-002
          4349.26      2.2516349E-002
          4360.55      2.2392987E-002
          4371.84      2.2268577E-002
          4383.12      2.2143101E-002
          4394.41      2.2016542E-002
          4405.70      2.1888878E-002
          4416.99      2.1760090E-002
          4428.28      2.1630160E-002
          4439.57      2.1499065E-002
          4450.86      2.1366787E-002
          4462.15      2.1233304E-002
          4473.44      2.1098595E-002
          4484.73      2.0962640E-002
          4496.02      2.0825416E-002
          4507.30      2.0686901E-002
          4518.59      2.0547073E-002
          4529.88      2.0405909E-002
          4541.17      2.0263385E-002
          4552.46      2.0119479E-002
          4563.75      1.9974165E-002
          4575.04      1.9827418E-002
          4586.33      1.9679215E-002
          4597.62      1.9529528E-002
          4608.91      1.9378332E-002
          4620.20      1.9225600E-002
          4631.48      1.9071303E-002
          4642.77      1.8915415E-002
          4654.06      1.8757905E-002
          4665.35      1.8598745E-002
          4676.64      1.8437904E-002
          4687.93      1.8275352E-002
          4699.22      1.8111057E-002
          4710.51      1.7944986E-002
          4721.80      1.7777107E-002
          4733.09      1.7607385E-002
          4744.38      1.7435785E-002
          4755.66      1.7262273E-002
          4766.95      1.7086812E-002
          4778.24      1.6909364E-002
          4789.53      1.6729891E-002
          4800.82      1.6548354E-002
          4812.11      1.6364713E-002
          4823.40      1.6178927E-002
          4834.69      1.5990953E-002
          4845.98      1.5800748E-002
          4857.27      1.5608268E-002
          4868.55      1.5413467E-002
          4879.84      1.5216297E-002
          4891.13      1.5016712E-002
          4902.42      1.4814660E-002
          4913.71      1.4610093E-002
          4925.00      1.4402958E-002
          4936.29      1.4193201E-002
          4947.58      1.3980768E-002
          4958.87      1.3765603E-002
          4970.16      1.3547648E-002
          4981.45      1.3326844E-002
          4992.73      1.3103130E-002
          5004.02      1.2876443E-002
          5015.31      1.2646719E-002
          5026.60      1.2413891E-002
          5037.89      1.2177890E-002
          5049.18      1.1938647E-002
          5060.47      1.1696089E-002
          5071.76      1.1450142E-002
          5083.05      1.1200729E-002
          5094.34      1.0947773E-002
          5105.62      1.0691192E-002
          5116.91      1.0430903E-002
          5128.20      1.0166820E-002
          5139.49      9.8988546E-003
          5150.78      9.6269159E-003
          5162.07      9.3509097E-003
          5173.36      9.0707383E-003
          5184.65      8.7863022E-003
          5195.94      8.4974978E-003
          5207.23      8.2042188E-003
          5218.52      7.9063553E-003
          5229.80      7.6037937E-003
          5241.09      7.2964177E-003
          5252.38      6.9841060E-003
          5263.67      6.6667337E-003
          5274.96      6.3441724E-003
          5286.25      6.0162886E-003
          5297.54      5.6829443E-003
          5308.83      5.3439969E-003
          5320.12      4.9992980E-003
          5331.41      4.6486955E-003
          5342.70      4.2920308E-003
          5353.98      3.9291396E-003
          5365.27      3.5598532E-003
          5376.56      3.1839957E-003
          5387.85      2.8013849E-003
          5399.14      2.4118321E-003
          5410.43      2.0151409E-003
          5421.72      1.6111089E-003
          5433.01      1.1995250E-003
          5444.30      7.8016990E-004
          5455.59      3.5281658E-004
          5466.88     -8.2772304E-005
          5478.16     -5.2684286E-004
          5489.45     -9.7965080E-004
          5500.74     -1.4414623E-003
          5512.03     -1.9125531E-003
          5523.32     -2.3932112E-003
          5534.61     -2.8837365E-003
          5545.90     -3.3844400E-003
          5557.19     -3.8956473E-003
          5568.48     -4.4176970E-003
          5579.77     -4.9509502E-003
          5591.05     -5.4957901E-003
          5602.34     -6.0526130E-003
          5613.63     -6.6218306E-003
          5624.92     -7.2038695E-003
          5636.21     -7.7991714E-003
          5647.50     -8.4081972E-003
          5658.79     -9.0314265E-003
          5670.08     -9.6693598E-003
          5681.37     -1.0322574E-002
          5692.66     -1.0991707E-002
          5703.95     -1.1295289E-002
          5715.23     -1.0951146E-002
          5726.52     -1.0121336E-002
          5737.81     -8.9623503E-003
          5749.10     -7.6078751E-003
          5760.39     -6.1624274E-003
          5771.68     -4.7021137E-003
          5782.97     -3.2789012E-003
          5794.26     -1.9258469E-003
          5805.55     -6.6218912E-004
          5816.84      5.0240374E-004
          5828.12      1.5647116E-003
          5839.41      2.5256735E-003
          5850.70      3.3887759E-003
          5861.99      4.1589484E-003
          5873.28      4.8418235E-003
          5884.57      5.4432614E-003
          5895.86      5.9690470E-003
          5907.15      6.4247082E-003
          5918.44      6.8153988E-003
          5929.73      7.1458606E-003
          5941.02      7.4204348E-003
          5952.30      7.6430629E-003
          5963.59      7.8173005E-003
          5974.88      8.1150067E-003
          5986.17      8.6418507E-003
          5997.46      9.3113567E-003
          6008.75      1.0053618E-002
          6020.04      1.0816130E-002
          6031.33      1.1561836E-002
          6042.62      1.2266046E-002
          6053.91      1.2913292E-002
          6065.20      1.3494688E-002
          6076.48      1.4005842E-002
          6087.77      1.4445289E-002
          6099.06      1.4813355E-002
          6110.35      1.5111358E-002
          6121.64      1.5341082E-002
          6132.93      1.5504402E-002
          6144.22      1.5603072E-002
          6155.51      1.5638600E-002
          6166.80      1.5612127E-002
          6178.09      1.5536023E-002
          6189.38      1.5415288E-002
          6200.66      1.5240648E-002
          6211.95      1.5003634E-002
          6223.24      1.4696035E-002
          6234.53      1.4309386E-002
          6245.82      1.3834461E-002
          6257.11      1.3260745E-002
          6268.40      1.2575844E-002
          6279.69      1.1764775E-002
          6290.98      1.0809074E-002
          6302.27      9.6856199E-003
          6313.55      8.4115014E-003
          6324.84      7.0165309E-003
          6336.13      5.4909108E-003
          6347.42      3.8228326E-003
          6358.71      1.9981604E-003
          6370.00      0.0000000E+000
