          3480.00      0.0000000E+000
          3491.29      3.4664222E-002
          3502.58      3.4212768E-002
          3513.87      3.3790386E-002
          3525.16      3.3395944E-002
          3536.45      3.3028196E-002
          3547.73      3.2685810E-002
          3559.02      3.2367384E-002
          3570.31      3.2071467E-002
          3581.60      3.1796583E-002
          3592.89      3.1541248E-002
          3604.18      3.1303987E-002
          3615.47      3.1083347E-002
          3626.76      3.0877915E-002
          3638.05      3.0686329E-002
          3649.34      3.0507292E-002
          3660.62      3.0339577E-002
          3671.91      3.0182033E-002
          3683.20      3.0033586E-002
          3694.49      2.9893242E-002
          3705.78      2.9760085E-002
          3717.07      2.9633277E-002
          3728.36      2.9512052E-002
          3739.65      2.9395716E-002
          3750.94      2.9283644E-002
          3762.23      2.9175270E-002
          3773.52      2.9070087E-002
          3784.80      2.8967644E-002
          3796.09      2.8867536E-002
          3807.38      2.8769405E-002
          3818.67      2.8672933E-002
          3829.96      2.8577840E-002
          3841.25      2.8483876E-002
          3852.54      2.8390823E-002
          3863.83      2.8298485E-002
          3875.12      2.8206693E-002
          3886.41      2.8115294E-002
          3897.70      2.8024157E-002
          3908.98      2.7933165E-002
          3920.27      2.7842214E-002
          3931.56      2.7751214E-002
          3942.85      2.7660084E-002
          3954.14      2.7568755E-002
          3965.43      2.7477164E-002
          3976.72      2.7385258E-002
          3988.01      2.7292989E-002
          3999.30      2.7200311E-002
          4010.59      2.7107187E-002
          4021.88      2.7013581E-002
          4033.16      2.6919461E-002
          4044.45      2.6824798E-002
          4055.74      2.6729565E-002
          4067.03      2.6633737E-002
          4078.32      2.6537292E-002
          4089.61      2.6440209E-002
          4100.90      2.6342466E-002
          4112.19      2.6244046E-002
          4123.48      2.6144930E-002
          4134.77      2.6045100E-002
          4146.05      2.5944541E-002
          4157.34      2.5843236E-002
          4168.63      2.5741169E-002
          4179.92      2.5638324E-002
          4191.21      2.5534687E-002
          4202.50      2.5430242E-002
          4213.79      2.5324973E-002
          4225.08      2.5218867E-002
          4236.37      2.5111907E-002
          4247.66      2.5004079E-002
          4258.95      2.4895368E-002
          4270.23      2.4785758E-002
          4281.52      2.4675233E-002
          4292.81      2.4563777E-002
          4304.10      2.4451375E-002
          4315.39      2.4338011E-002
          4326.68      2.4223669E-002
          4337.97      2.4108331E-002
          4349.26      2.3991980E-002
          4360.55      2.3874601E-002
          4371.84      2.3756176E-002
          4383.12      2.3636690E-002
          4394.41      2.3516124E-002
          4405.70      2.3394458E-002
          4416.99      2.3271673E-002
          4428.28      2.3147750E-002
          4439.57      2.3022668E-002
          4450.86      2.2896407E-002
          4462.15      2.2768947E-002
          4473.44      2.2640266E-002
          4484.73      2.2510343E-002
          4496.02      2.2379157E-002
          4507.30      2.2246684E-002
          4518.59      2.2112903E-002
          4529.88      2.1977789E-002
          4541.17      2.1841320E-002
          4552.46      2.1703472E-002
          4563.75      2.1564219E-002
          4575.04      2.1423536E-002
          4586.33      2.1281398E-002
          4597.62      2.1137779E-002
          4608.91      2.0992651E-002
          4620.20      2.0845986E-002
          4631.48      2.0697757E-002
          4642.77      2.0547934E-002
          4654.06      2.0396489E-002
          4665.35      2.0243389E-002
          4676.64      2.0088605E-002
          4687.93      1.9932104E-002
          4699.22      1.9773854E-002
          4710.51      1.9613821E-002
          4721.80      1.9451970E-002
          4733.09      1.9288268E-002
          4744.38      1.9122677E-002
          4755.66      1.8955161E-002
          4766.95      1.8785682E-002
          4778.24      1.8614201E-002
          4789.53      1.8440679E-002
          4800.82      1.8265073E-002
          4812.11      1.8087343E-002
          4823.40      1.7907446E-002
          4834.69      1.7725337E-002
          4845.98      1.7540971E-002
          4857.27      1.7354302E-002
          4868.55      1.7165280E-002
          4879.84      1.6973858E-002
          4891.13      1.6779985E-002
          4902.42      1.6583607E-002
          4913.71      1.6384674E-002
          4925.00      1.6183129E-002
          4936.29      1.5978916E-002
          4947.58      1.5771978E-002
          4958.87      1.5562256E-002
          4970.16      1.5349687E-002
          4981.45      1.5134211E-002
          4992.73      1.4915761E-002
          5004.02      1.4694271E-002
          5015.31      1.4469673E-002
          5026.60      1.4241895E-002
          5037.89      1.4010865E-002
          5049.18      1.3776507E-002
          5060.47      1.3538745E-002
          5071.76      1.3297500E-002
          5083.05      1.3052688E-002
          5094.34      1.2804227E-002
          5105.62      1.2552029E-002
          5116.91      1.2296005E-002
          5128.20      1.2036062E-002
          5139.49      1.1772105E-002
          5150.78      1.1504035E-002
          5162.07      1.1231752E-002
          5173.36      1.0955148E-002
          5184.65      1.0674115E-002
          5195.94      1.0388543E-002
          5207.23      1.0098313E-002
          5218.52      9.8033081E-003
          5229.80      9.5034028E-003
          5241.09      9.1984700E-003
          5252.38      8.8883772E-003
          5263.67      8.5729874E-003
          5274.96      8.2521594E-003
          5286.25      7.9257461E-003
          5297.54      7.5935957E-003
          5308.83      7.2555502E-003
          5320.12      6.9114458E-003
          5331.41      6.5611134E-003
          5342.70      6.2043771E-003
          5353.98      5.8410542E-003
          5365.27      5.4709562E-003
          5376.56      5.0938868E-003
          5387.85      4.7096421E-003
          5399.14      4.3180103E-003
          5410.43      3.9187707E-003
          5421.72      3.5116952E-003
          5433.01      3.0965454E-003
          5444.30      2.6730732E-003
          5455.59      2.2410212E-003
          5466.88      1.8001195E-003
          5478.16      1.3500877E-003
          5489.45      8.9063391E-004
          5500.74      4.2145338E-004
          5512.03     -5.7770248E-005
          5523.32     -5.4736826E-004
          5534.61     -1.0476865E-003
          5545.90     -1.5590848E-003
          5557.19     -2.0819404E-003
          5568.48     -2.6166474E-003
          5579.77     -3.1636268E-003
          5591.05     -3.7233265E-003
          5602.34     -4.2962103E-003
          5613.63     -4.8827604E-003
          5624.92     -5.4834780E-003
          5636.21     -6.0988833E-003
          5647.50     -6.7295205E-003
          5658.79     -7.3759577E-003
          5670.08     -8.0387901E-003
          5681.37     -8.7187055E-003
          5692.66     -9.4164644E-003
          5703.95     -9.5935723E-003
          5715.23     -8.8908765E-003
          5726.52     -7.5918691E-003
          5737.81     -5.9506815E-003
          5749.10     -4.1630833E-003
          5760.39     -2.3639698E-003
          5771.68     -6.3767323E-004
          5782.97      9.6849574E-004
          5794.26      2.4322250E-003
          5805.55      3.7468673E-003
          5816.84      4.9149098E-003
          5828.12      5.9438350E-003
          5839.41      6.8435135E-003
          5850.70      7.6246334E-003
          5861.99      8.2977948E-003
          5873.28      8.8730173E-003
          5884.57      9.3595073E-003
          5895.86      9.7655693E-003
          5907.15      1.0098604E-002
          5918.44      1.0365136E-002
          5929.73      1.0570894E-002
          5941.02      1.0720909E-002
          5952.30      1.0819588E-002
          5963.59      1.0870778E-002
          5974.88      1.1091484E-002
          5986.17      1.1608319E-002
          5997.46      1.2302136E-002
          6008.75      1.3078829E-002
          6020.04      1.3870873E-002
          6031.33      1.4633542E-002
          6042.62      1.5339415E-002
          6053.91      1.5973186E-002
          6065.20      1.6527582E-002
          6076.48      1.7000366E-002
          6087.77      1.7392267E-002
          6099.06      1.7705578E-002
          6110.35      1.7943263E-002
          6121.64      1.8108400E-002
          6132.93      1.8203830E-002
          6144.22      1.8231983E-002
          6155.51      1.8194788E-002
          6166.80      1.8093583E-002
          6178.09      1.7947216E-002
          6189.38      1.7764657E-002
          6200.66      1.7533469E-002
          6211.95      1.7242608E-002
          6223.24      1.6881687E-002
          6234.53      1.6440280E-002
          6245.82      1.5907242E-002
          6257.11      1.5270014E-002
          6268.40      1.4513844E-002
          6279.69      1.3620854E-002
          6290.98      1.2568857E-002
          6302.27      1.1329775E-002
          6313.55      9.9088996E-003
          6324.84      8.3255376E-003
          6336.13      6.5644263E-003
          6347.42      4.6064806E-003
          6358.71      2.4280701E-003
          6370.00      0.0000000E+000
