          3480.00     -2.3059593E-004
          3491.29     -2.3160563E-004
          3502.58     -2.3243815E-004
          3513.87     -2.3310323E-004
          3525.16     -2.3361014E-004
          3536.45     -2.3396769E-004
          3547.73     -2.3418429E-004
          3559.02     -2.3426791E-004
          3570.31     -2.3422618E-004
          3581.60     -2.3406631E-004
          3592.89     -2.3379522E-004
          3604.18     -2.3341945E-004
          3615.47     -2.3294528E-004
          3626.76     -2.3237868E-004
          3638.05     -2.3172532E-004
          3649.34     -2.3099061E-004
          3660.62     -2.3017968E-004
          3671.91     -2.2929742E-004
          3683.20     -2.2834849E-004
          3694.49     -2.2733729E-004
          3705.78     -2.2626805E-004
          3717.07     -2.2514474E-004
          3728.36     -2.2397118E-004
          3739.65     -2.2275098E-004
          3750.94     -2.2148756E-004
          3762.23     -2.2018419E-004
          3773.52     -2.1884398E-004
          3784.80     -2.1746986E-004
          3796.09     -2.1606464E-004
          3807.38     -2.1463097E-004
          3818.67     -2.1317136E-004
          3829.96     -2.1168821E-004
          3841.25     -2.1018378E-004
          3852.54     -2.0866023E-004
          3863.83     -2.0711960E-004
          3875.12     -2.0556383E-004
          3886.41     -2.0399476E-004
          3897.70     -2.0241413E-004
          3908.98     -2.0082359E-004
          3920.27     -1.9922471E-004
          3931.56     -1.9761897E-004
          3942.85     -1.9600777E-004
          3954.14     -1.9439245E-004
          3965.43     -1.9277424E-004
          3976.72     -1.9115434E-004
          3988.01     -1.8953387E-004
          3999.30     -1.8791388E-004
          4010.59     -1.8629537E-004
          4021.88     -1.8467929E-004
          4033.16     -1.8306652E-004
          4044.45     -1.8145791E-004
          4055.74     -1.7985424E-004
          4067.03     -1.7825627E-004
          4078.32     -1.7666468E-004
          4089.61     -1.7508014E-004
          4100.90     -1.7350327E-004
          4112.19     -1.7193465E-004
          4123.48     -1.7037482E-004
          4134.77     -1.6882429E-004
          4146.05     -1.6728353E-004
          4157.34     -1.6575300E-004
          4168.63     -1.6423311E-004
          4179.92     -1.6272424E-004
          4191.21     -1.6122675E-004
          4202.50     -1.5974098E-004
          4213.79     -1.5826723E-004
          4225.08     -1.5680579E-004
          4236.37     -1.5535692E-004
          4247.66     -1.5392087E-004
          4258.95     -1.5249786E-004
          4270.23     -1.5108807E-004
          4281.52     -1.4969171E-004
          4292.81     -1.4830894E-004
          4304.10     -1.4693990E-004
          4315.39     -1.4558473E-004
          4326.68     -1.4424353E-004
          4337.97     -1.4291643E-004
          4349.26     -1.4160350E-004
          4360.55     -1.4030483E-004
          4371.84     -1.3902046E-004
          4383.12     -1.3775045E-004
          4394.41     -1.3649484E-004
          4405.70     -1.3525366E-004
          4416.99     -1.3402692E-004
          4428.28     -1.3281463E-004
          4439.57     -1.3161680E-004
          4450.86     -1.3043341E-004
          4462.15     -1.2926443E-004
          4473.44     -1.2810986E-004
          4484.73     -1.2696963E-004
          4496.02     -1.2584373E-004
          4507.30     -1.2473208E-004
          4518.59     -1.2363464E-004
          4529.88     -1.2255134E-004
          4541.17     -1.2148210E-004
          4552.46     -1.2042686E-004
          4563.75     -1.1938552E-004
          4575.04     -1.1835799E-004
          4586.33     -1.1734419E-004
          4597.62     -1.1634400E-004
          4608.91     -1.1535733E-004
          4620.20     -1.1438405E-004
          4631.48     -1.1342407E-004
          4642.77     -1.1247724E-004
          4654.06     -1.1154346E-004
          4665.35     -1.1062258E-004
          4676.64     -1.0971449E-004
          4687.93     -1.0881902E-004
          4699.22     -1.0793606E-004
          4710.51     -1.0706544E-004
          4721.80     -1.0620702E-004
          4733.09     -1.0536065E-004
          4744.38     -1.0452617E-004
          4755.66     -1.0370341E-004
          4766.95     -1.0289221E-004
          4778.24     -1.0209241E-004
          4789.53     -1.0130383E-004
          4800.82     -1.0052629E-004
          4812.11     -9.9759625E-005
          4823.40     -9.9003641E-005
          4834.69     -9.8258156E-005
          4845.98     -9.7522981E-005
          4857.27     -9.6797923E-005
          4868.55     -9.6082787E-005
          4879.84     -9.5377374E-005
          4891.13     -9.4681481E-005
          4902.42     -9.3994903E-005
          4913.71     -9.3317430E-005
          4925.00     -9.2648850E-005
          4936.29     -9.1988947E-005
          4947.58     -9.1337500E-005
          4958.87     -9.0694285E-005
          4970.16     -9.0059077E-005
          4981.45     -8.9431645E-005
          4992.73     -8.8811754E-005
          5004.02     -8.8199166E-005
          5015.31     -8.7593641E-005
          5026.60     -8.6994932E-005
          5037.89     -8.6402790E-005
          5049.18     -8.5816963E-005
          5060.47     -8.5237193E-005
          5071.76     -8.4663218E-005
          5083.05     -8.4094773E-005
          5094.34     -8.3531588E-005
          5105.62     -8.2973389E-005
          5116.91     -8.2419898E-005
          5128.20     -8.1870830E-005
          5139.49     -8.1325898E-005
          5150.78     -8.0784810E-005
          5162.07     -8.0247268E-005
          5173.36     -7.9712970E-005
          5184.65     -7.9181611E-005
          5195.94     -7.8652876E-005
          5207.23     -7.8126450E-005
          5218.52     -7.7602009E-005
          5229.80     -7.7079225E-005
          5241.09     -7.6557766E-005
          5252.38     -7.6037291E-005
          5263.67     -7.5517455E-005
          5274.96     -7.4997907E-005
          5286.25     -7.4478292E-005
          5297.54     -7.3958244E-005
          5308.83     -7.3437395E-005
          5320.12     -7.2915369E-005
          5331.41     -7.2391784E-005
          5342.70     -7.1866251E-005
          5353.98     -7.1338374E-005
          5365.27     -7.0807752E-005
          5376.56     -7.0273973E-005
          5387.85     -6.9736621E-005
          5399.14     -6.9195272E-005
          5410.43     -6.8649492E-005
          5421.72     -6.8098843E-005
          5433.01     -6.7542877E-005
          5444.30     -6.6981139E-005
          5455.59     -6.6413165E-005
          5466.88     -6.5838483E-005
          5478.16     -6.5256614E-005
          5489.45     -6.4667068E-005
          5500.74     -6.4069347E-005
          5512.03     -6.3462947E-005
          5523.32     -6.2847350E-005
          5534.61     -6.2222031E-005
          5545.90     -6.1586456E-005
          5557.19     -6.0940081E-005
          5568.48     -6.0282351E-005
          5579.77     -5.9612706E-005
          5591.05     -5.8930579E-005
          5602.34     -5.8235397E-005
          5613.63     -5.7526574E-005
          5624.92     -5.6803515E-005
          5636.21     -5.6065615E-005
          5647.50     -5.5312258E-005
          5658.79     -5.4542818E-005
          5670.08     -5.3756656E-005
          5681.37     -5.2953156E-005
          5692.66     -5.2131723E-005
          5703.95     -5.1292985E-005
          5715.23     -5.0438176E-005
          5726.52     -4.9567588E-005
          5737.81     -4.8681500E-005
          5749.10     -4.7780177E-005
          5760.39     -4.6863870E-005
          5771.68     -4.5932818E-005
          5782.97     -4.4987245E-005
          5794.26     -4.4027329E-005
          5805.55     -4.3053206E-005
          5816.84     -4.2065001E-005
          5828.12     -4.1062831E-005
          5839.41     -4.0046801E-005
          5850.70     -3.9017008E-005
          5861.99     -3.7973536E-005
          5873.28     -3.6916466E-005
          5884.57     -3.5845865E-005
          5895.86     -3.4761791E-005
          5907.15     -3.3664298E-005
          5918.44     -3.2553440E-005
          5929.73     -3.1429278E-005
          5941.02     -3.0291865E-005
          5952.30     -2.9141244E-005
          5963.59     -2.7977451E-005
          5974.88     -2.6798779E-005
          5986.17     -2.5605466E-005
          5997.46     -2.4400441E-005
          6008.75     -2.3186597E-005
          6020.04     -2.1966795E-005
          6031.33     -2.0743844E-005
          6042.62     -1.9520514E-005
          6053.91     -1.8299559E-005
          6065.20     -1.7083713E-005
          6076.48     -1.5875691E-005
          6087.77     -1.4678190E-005
          6099.06     -1.3493896E-005
          6110.35     -1.2325490E-005
          6121.64     -1.1175657E-005
          6132.93     -1.0046649E-005
          6144.22     -8.9420808E-006
          6155.51     -7.8641854E-006
          6166.80     -6.8156337E-006
          6178.09     -5.8118607E-006
          6189.38     -4.8698074E-006
          6200.66     -3.9944119E-006
          6211.95     -3.1906419E-006
          6223.24     -2.4634967E-006
          6234.53     -1.8180123E-006
          6245.82     -1.2592598E-006
          6257.11     -7.9234989E-007
          6268.40     -4.2243622E-007
          6279.69     -1.5471482E-007
          6290.98      5.5705389E-009
          6302.27      5.3124841E-008
          6313.55      4.2823455E-008
          6324.84      3.3099069E-008
          6336.13      2.3952890E-008
          6347.42      1.5386415E-008
          6358.71      7.4014385E-009
          6370.00     -4.6944503E-041
