          3480.00     -2.3059593E-004
          3491.29     -2.3105171E-004
          3502.58     -2.3030976E-004
          3513.87     -2.2854633E-004
          3525.16     -2.2591723E-004
          3536.45     -2.2256001E-004
          3547.73     -2.1859595E-004
          3559.02     -2.1413183E-004
          3570.31     -2.0926153E-004
          3581.60     -2.0406739E-004
          3592.89     -1.9862152E-004
          3604.18     -1.9298697E-004
          3615.47     -1.8721869E-004
          3626.76     -1.8136444E-004
          3638.05     -1.7546549E-004
          3649.34     -1.6955739E-004
          3660.62     -1.6367058E-004
          3671.91     -1.5783102E-004
          3683.20     -1.5206069E-004
          3694.49     -1.4637803E-004
          3705.78     -1.4079843E-004
          3717.07     -1.3533450E-004
          3728.36     -1.2999650E-004
          3739.65     -1.2479258E-004
          3750.94     -1.1972903E-004
          3762.23     -1.1481055E-004
          3773.52     -1.1004046E-004
          3784.80     -1.0542084E-004
          3796.09     -1.0095275E-004
          3807.38     -9.6636317E-005
          3818.67     -9.2470907E-005
          3829.96     -8.8455237E-005
          3841.25     -8.4587459E-005
          3852.54     -8.0865268E-005
          3863.83     -7.7285967E-005
          3875.12     -7.3846546E-005
          3886.41     -7.0543740E-005
          3897.70     -6.7374077E-005
          3908.98     -6.4333924E-005
          3920.27     -6.1419541E-005
          3931.56     -5.8627100E-005
          3942.85     -5.5952720E-005
          3954.14     -5.3392498E-005
          3965.43     -5.0942523E-005
          3976.72     -4.8598908E-005
          3988.01     -4.6357798E-005
          3999.30     -4.4215387E-005
          4010.59     -4.2167935E-005
          4021.88     -4.0211771E-005
          4033.16     -3.8343301E-005
          4044.45     -3.6559018E-005
          4055.74     -3.4855506E-005
          4067.03     -3.3229445E-005
          4078.32     -3.1677609E-005
          4089.61     -3.0196871E-005
          4100.90     -2.8784210E-005
          4112.19     -2.7436698E-005
          4123.48     -2.6151513E-005
          4134.77     -2.4925932E-005
          4146.05     -2.3757330E-005
          4157.34     -2.2643182E-005
          4168.63     -2.1581058E-005
          4179.92     -2.0568622E-005
          4191.21     -1.9603634E-005
          4202.50     -1.8683941E-005
          4213.79     -1.7807476E-005
          4225.08     -1.6972263E-005
          4236.37     -1.6176403E-005
          4247.66     -1.5418083E-005
          4258.95     -1.4695563E-005
          4270.23     -1.4007180E-005
          4281.52     -1.3351346E-005
          4292.81     -1.2726538E-005
          4304.10     -1.2131304E-005
          4315.39     -1.1564256E-005
          4326.68     -1.1024066E-005
          4337.97     -1.0509470E-005
          4349.26     -1.0019258E-005
          4360.55     -9.5522773E-006
          4371.84     -9.1074263E-006
          4383.12     -8.6836545E-006
          4394.41     -8.2799609E-006
          4405.70     -7.8953910E-006
          4416.99     -7.5290346E-006
          4428.28     -7.1800249E-006
          4439.57     -6.8475349E-006
          4450.86     -6.5307765E-006
          4462.15     -6.2289995E-006
          4473.44     -5.9414886E-006
          4484.73     -5.6675624E-006
          4496.02     -5.4065718E-006
          4507.30     -5.1578987E-006
          4518.59     -4.9209548E-006
          4529.88     -4.6951794E-006
          4541.17     -4.4800386E-006
          4552.46     -4.2750245E-006
          4563.75     -4.0796530E-006
          4575.04     -3.8934637E-006
          4586.33     -3.7160179E-006
          4597.62     -3.5468981E-006
          4608.91     -3.3857072E-006
          4620.20     -3.2320671E-006
          4631.48     -3.0856175E-006
          4642.77     -2.9460161E-006
          4654.06     -2.8129367E-006
          4665.35     -2.6860690E-006
          4676.64     -2.5651176E-006
          4687.93     -2.4498014E-006
          4699.22     -2.3398531E-006
          4710.51     -2.2350179E-006
          4721.80     -2.1350535E-006
          4733.09     -2.0397295E-006
          4744.38     -1.9488264E-006
          4755.66     -1.8621353E-006
          4766.95     -1.7794575E-006
          4778.24     -1.7006038E-006
          4789.53     -1.6253942E-006
          4800.82     -1.5536575E-006
          4812.11     -1.4852305E-006
          4823.40     -1.4199580E-006
          4834.69     -1.3576924E-006
          4845.98     -1.2982930E-006
          4857.27     -1.2416261E-006
          4868.55     -1.1875642E-006
          4879.84     -1.1359862E-006
          4891.13     -1.0867767E-006
          4902.42     -1.0398258E-006
          4913.71     -9.9502890E-007
          4925.00     -9.5228650E-007
          4936.29     -9.1150378E-007
          4947.58     -8.7259049E-007
          4958.87     -8.3546070E-007
          4970.16     -8.0003263E-007
          4981.45     -7.6622835E-007
          4992.73     -7.3397363E-007
          5004.02     -7.0319790E-007
          5015.31     -6.7383382E-007
          5026.60     -6.4581732E-007
          5037.89     -6.1908735E-007
          5049.18     -5.9358573E-007
          5060.47     -5.6925708E-007
          5071.76     -5.4604858E-007
          5083.05     -5.2390990E-007
          5094.34     -5.0279311E-007
          5105.62     -4.8265247E-007
          5116.91     -4.6344439E-007
          5128.20     -4.4512730E-007
          5139.49     -4.2766152E-007
          5150.78     -4.1100927E-007
          5162.07     -3.9513444E-007
          5173.36     -3.8000255E-007
          5184.65     -3.6558073E-007
          5195.94     -3.5183755E-007
          5207.23     -3.3874295E-007
          5218.52     -3.2626823E-007
          5229.80     -3.1438590E-007
          5241.09     -3.0306969E-007
          5252.38     -2.9229440E-007
          5263.67     -2.8203589E-007
          5274.96     -2.7227103E-007
          5286.25     -2.6297756E-007
          5297.54     -2.5413414E-007
          5308.83     -2.4572022E-007
          5320.12     -2.3771599E-007
          5331.41     -2.3010240E-007
          5342.70     -2.2286101E-007
          5353.98     -2.1597397E-007
          5365.27     -2.0942403E-007
          5376.56     -2.0319441E-007
          5387.85     -1.9726881E-007
          5399.14     -1.9163134E-007
          5410.43     -1.8626647E-007
          5421.72     -1.8115900E-007
          5433.01     -1.7629401E-007
          5444.30     -1.7165682E-007
          5455.59     -1.6723293E-007
          5466.88     -1.6300800E-007
          5478.16     -1.5896777E-007
          5489.45     -1.5509807E-007
          5500.74     -1.5138472E-007
          5512.03     -1.4781353E-007
          5523.32     -1.4437021E-007
          5534.61     -1.4104036E-007
          5545.90     -1.3780941E-007
          5557.19     -1.3466259E-007
          5568.48     -1.3158482E-007
          5579.77     -1.2856077E-007
          5591.05     -1.2557474E-007
          5602.34     -1.2261062E-007
          5613.63     -1.1965187E-007
          5624.92     -1.1668139E-007
          5636.21     -1.1368155E-007
          5647.50     -1.1063408E-007
          5658.79     -1.0752001E-007
          5670.08     -1.0431965E-007
          5681.37     -1.0101259E-007
          5692.66     -9.7577731E-008
          5703.95     -9.4154897E-008
          5715.23     -9.0891406E-008
          5726.52     -8.7777027E-008
          5737.81     -8.4801807E-008
          5749.10     -8.1956055E-008
          5760.39     -7.9230314E-008
          5771.68     -7.6615330E-008
          5782.97     -7.4102030E-008
          5794.26     -7.1681411E-008
          5805.55     -6.9344523E-008
          5816.84     -6.7082511E-008
          5828.12     -6.4886581E-008
          5839.41     -6.2747977E-008
          5850.70     -6.0657953E-008
          5861.99     -5.8607748E-008
          5873.28     -5.6588566E-008
          5884.57     -5.4591538E-008
          5895.86     -5.2607700E-008
          5907.15     -5.0627977E-008
          5918.44     -4.8643165E-008
          5929.73     -4.6643922E-008
          5941.02     -4.4620723E-008
          5952.30     -4.2563833E-008
          5963.59     -4.0463287E-008
          5974.88     -3.8362292E-008
          5986.17     -3.6309999E-008
          5997.46     -3.4305209E-008
          6008.75     -3.2346764E-008
          6020.04     -3.0433558E-008
          6031.33     -2.8564508E-008
          6042.62     -2.6738567E-008
          6053.91     -2.4954762E-008
          6065.20     -2.3212188E-008
          6076.48     -2.1510008E-008
          6087.77     -1.9847458E-008
          6099.06     -1.8223849E-008
          6110.35     -1.6638585E-008
          6121.64     -1.5091167E-008
          6132.93     -1.3581217E-008
          6144.22     -1.2108473E-008
          6155.51     -1.0672747E-008
          6166.80     -9.2739375E-009
          6178.09     -7.9325080E-009
          6189.38     -6.6725781E-009
          6200.66     -5.4998090E-009
          6211.95     -4.4201690E-009
          6223.24     -3.4399567E-009
          6234.53     -2.5658292E-009
          6245.82     -1.8048211E-009
          6257.11     -1.1643735E-009
          6268.40     -6.5236156E-010
          6279.69     -2.7711767E-010
          6290.98     -4.7464523E-011
          6302.27      2.7253844E-011
          6313.55      2.1501946E-011
          6324.84      1.6241199E-011
          6336.13      1.1464824E-011
          6347.42      7.1677736E-012
          6358.71      3.3467155E-012
          6370.00      1.8271711E-044
