          3480.00     -2.3059593E-004
          3491.29     -2.3127769E-004
          3502.58     -2.3118671E-004
          3513.87     -2.3041286E-004
          3525.16     -2.2903763E-004
          3536.45     -2.2713484E-004
          3547.73     -2.2477133E-004
          3559.02     -2.2200757E-004
          3570.31     -2.1889821E-004
          3581.60     -2.1549265E-004
          3592.89     -2.1183545E-004
          3604.18     -2.0796679E-004
          3615.47     -2.0392293E-004
          3626.76     -1.9973645E-004
          3638.05     -1.9543658E-004
          3649.34     -1.9104950E-004
          3660.62     -1.8659861E-004
          3671.91     -1.8210480E-004
          3683.20     -1.7758663E-004
          3694.49     -1.7306060E-004
          3705.78     -1.6854132E-004
          3717.07     -1.6404168E-004
          3728.36     -1.5957300E-004
          3739.65     -1.5514522E-004
          3750.94     -1.5076698E-004
          3762.23     -1.4644577E-004
          3773.52     -1.4218804E-004
          3784.80     -1.3799929E-004
          3796.09     -1.3388419E-004
          3807.38     -1.2984662E-004
          3818.67     -1.2588978E-004
          3829.96     -1.2201625E-004
          3841.25     -1.1822806E-004
          3852.54     -1.1452675E-004
          3863.83     -1.1091340E-004
          3875.12     -1.0738873E-004
          3886.41     -1.0395308E-004
          3897.70     -1.0060649E-004
          3908.98     -9.7348725E-005
          3920.27     -9.4179317E-005
          3931.56     -9.1097571E-005
          3942.85     -8.8102610E-005
          3954.14     -8.5193394E-005
          3965.43     -8.2368735E-005
          3976.72     -7.9627336E-005
          3988.01     -7.6967788E-005
          3999.30     -7.4388599E-005
          4010.59     -7.1888214E-005
          4021.88     -6.9465011E-005
          4033.16     -6.7117326E-005
          4044.45     -6.4843457E-005
          4055.74     -6.2641677E-005
          4067.03     -6.0510242E-005
          4078.32     -5.8447396E-005
          4089.61     -5.6451377E-005
          4100.90     -5.4520428E-005
          4112.19     -5.2652796E-005
          4123.48     -5.0846740E-005
          4134.77     -4.9100535E-005
          4146.05     -4.7412472E-005
          4157.34     -4.5780871E-005
          4168.63     -4.4204068E-005
          4179.92     -4.2680429E-005
          4191.21     -4.1208353E-005
          4202.50     -3.9786261E-005
          4213.79     -3.8412611E-005
          4225.08     -3.7085892E-005
          4236.37     -3.5804625E-005
          4247.66     -3.4567369E-005
          4258.95     -3.3372713E-005
          4270.23     -3.2219282E-005
          4281.52     -3.1105740E-005
          4292.81     -3.0030780E-005
          4304.10     -2.8993134E-005
          4315.39     -2.7991566E-005
          4326.68     -2.7024875E-005
          4337.97     -2.6091897E-005
          4349.26     -2.5191498E-005
          4360.55     -2.4322579E-005
          4371.84     -2.3484072E-005
          4383.12     -2.2674942E-005
          4394.41     -2.1894186E-005
          4405.70     -2.1140834E-005
          4416.99     -2.0413944E-005
          4428.28     -1.9712607E-005
          4439.57     -1.9035940E-005
          4450.86     -1.8383089E-005
          4462.15     -1.7753230E-005
          4473.44     -1.7145563E-005
          4484.73     -1.6559315E-005
          4496.02     -1.5993741E-005
          4507.30     -1.5448116E-005
          4518.59     -1.4921746E-005
          4529.88     -1.4413954E-005
          4541.17     -1.3924089E-005
          4552.46     -1.3451522E-005
          4563.75     -1.2995647E-005
          4575.04     -1.2555875E-005
          4586.33     -1.2131641E-005
          4597.62     -1.1722396E-005
          4608.91     -1.1327615E-005
          4620.20     -1.0946787E-005
          4631.48     -1.0579421E-005
          4642.77     -1.0225042E-005
          4654.06     -9.8831937E-006
          4665.35     -9.5534338E-006
          4676.64     -9.2353368E-006
          4687.93     -8.9284918E-006
          4699.22     -8.6325034E-006
          4710.51     -8.3469894E-006
          4721.80     -8.0715812E-006
          4733.09     -7.8059243E-006
          4744.38     -7.5496761E-006
          4755.66     -7.3025065E-006
          4766.95     -7.0640973E-006
          4778.24     -6.8341413E-006
          4789.53     -6.6123434E-006
          4800.82     -6.3984181E-006
          4812.11     -6.1920905E-006
          4823.40     -5.9930959E-006
          4834.69     -5.8011788E-006
          4845.98     -5.6160930E-006
          4857.27     -5.4376012E-006
          4868.55     -5.2654745E-006
          4879.84     -5.0994928E-006
          4891.13     -4.9394434E-006
          4902.42     -4.7851212E-006
          4913.71     -4.6363290E-006
          4925.00     -4.4928760E-006
          4936.29     -4.3545787E-006
          4947.58     -4.2212600E-006
          4958.87     -4.0927489E-006
          4970.16     -3.9688809E-006
          4981.45     -3.8494970E-006
          4992.73     -3.7344438E-006
          5004.02     -3.6235737E-006
          5015.31     -3.5167438E-006
          5026.60     -3.4138164E-006
          5037.89     -3.3146586E-006
          5049.18     -3.2191418E-006
          5060.47     -3.1271423E-006
          5071.76     -3.0385401E-006
          5083.05     -2.9532194E-006
          5094.34     -2.8710682E-006
          5105.62     -2.7919784E-006
          5116.91     -2.7158451E-006
          5128.20     -2.6425669E-006
          5139.49     -2.5720456E-006
          5150.78     -2.5041860E-006
          5162.07     -2.4388959E-006
          5173.36     -2.3760857E-006
          5184.65     -2.3156687E-006
          5195.94     -2.2575604E-006
          5207.23     -2.2016787E-006
          5218.52     -2.1479438E-006
          5229.80     -2.0962777E-006
          5241.09     -2.0466047E-006
          5252.38     -1.9988508E-006
          5263.67     -1.9529434E-006
          5274.96     -1.9088120E-006
          5286.25     -1.8663870E-006
          5297.54     -1.8256005E-006
          5308.83     -1.7863857E-006
          5320.12     -1.7486767E-006
          5331.41     -1.7124090E-006
          5342.70     -1.6775186E-006
          5353.98     -1.6439421E-006
          5365.27     -1.6116173E-006
          5376.56     -1.5804818E-006
          5387.85     -1.5504742E-006
          5399.14     -1.5215328E-006
          5410.43     -1.4935964E-006
          5421.72     -1.4666039E-006
          5433.01     -1.4404937E-006
          5444.30     -1.4152044E-006
          5455.59     -1.3906741E-006
          5466.88     -1.3668403E-006
          5478.16     -1.3436402E-006
          5489.45     -1.3210100E-006
          5500.74     -1.2988853E-006
          5512.03     -1.2772007E-006
          5523.32     -1.2558894E-006
          5534.61     -1.2348837E-006
          5545.90     -1.2141145E-006
          5557.19     -1.1935109E-006
          5568.48     -1.1730005E-006
          5579.77     -1.1525093E-006
          5591.05     -1.1319613E-006
          5602.34     -1.1112785E-006
          5613.63     -1.0903807E-006
          5624.92     -1.0691854E-006
          5636.21     -1.0476075E-006
          5647.50     -1.0255590E-006
          5658.79     -1.0029494E-006
          5670.08     -9.7968482E-007
          5681.37     -9.5566921E-007
          5692.66     -9.3080418E-007
          5703.95     -9.0586079E-007
          5715.23     -8.8164423E-007
          5726.52     -8.5810568E-007
          5737.81     -8.3519678E-007
          5749.10     -8.1286973E-007
          5760.39     -7.9107713E-007
          5771.68     -7.6977190E-007
          5782.97     -7.4890726E-007
          5794.26     -7.2843588E-007
          5805.55     -7.0830992E-007
          5816.84     -6.8848152E-007
          5828.12     -6.6890268E-007
          5839.41     -6.4952520E-007
          5850.70     -6.3030057E-007
          5861.99     -6.1117991E-007
          5873.28     -5.9211391E-007
          5884.57     -5.7305265E-007
          5895.86     -5.5394560E-007
          5907.15     -5.3474155E-007
          5918.44     -5.1538867E-007
          5929.73     -4.9583450E-007
          5941.02     -4.7602573E-007
          5952.30     -4.5590805E-007
          5963.59     -4.3542613E-007
          5974.88     -4.1482703E-007
          5986.17     -3.9440522E-007
          5997.46     -3.7417549E-007
          6008.75     -3.5415227E-007
          6020.04     -3.3434976E-007
          6031.33     -3.1478169E-007
          6042.62     -2.9546146E-007
          6053.91     -2.7640260E-007
          6065.20     -2.5761876E-007
          6076.48     -2.3912369E-007
          6087.77     -2.2093137E-007
          6099.06     -2.0305602E-007
          6110.35     -1.8551239E-007
          6121.64     -1.6831579E-007
          6132.93     -1.5148233E-007
          6144.22     -1.3502897E-007
          6155.51     -1.1897298E-007
          6166.80     -1.0333210E-007
          6178.09     -8.8334293E-008
          6189.38     -7.4240872E-008
          6200.66     -6.1121513E-008
          6211.95     -4.9048055E-008
          6223.24     -3.8094661E-008
          6234.53     -2.8338029E-008
          6245.82     -1.9857498E-008
          6257.11     -1.2735258E-008
          6268.40     -7.0565331E-009
          6279.69     -2.9097245E-009
          6290.98     -3.8663488E-010
          6302.27      4.1732308E-010
          6313.55      3.3214310E-010
          6324.84      2.5326817E-010
          6336.13      1.8064682E-010
          6347.42      1.1424163E-010
          6358.71      5.4029274E-011
          6370.00     -4.2834955E-044
