          3480.00      2.2677758E-028
          3491.29     -1.3228088E-007
          3502.58     -2.6233740E-007
          3513.87     -3.9100733E-007
          3525.16     -5.1909345E-007
          3536.45     -6.4736988E-007
          3547.73     -7.7658697E-007
          3559.02     -9.0747580E-007
          3570.31     -1.0407535E-006
          3581.60     -1.1771269E-006
          3592.89     -1.3172969E-006
          3604.18     -1.4619621E-006
          3615.47     -1.6118204E-006
          3626.76     -1.7675745E-006
          3638.05     -1.9299348E-006
          3649.34     -2.0996228E-006
          3660.62     -2.2773748E-006
          3671.91     -2.4639443E-006
          3683.20     -2.6601052E-006
          3694.49     -2.8666549E-006
          3705.78     -3.0844166E-006
          3717.07     -3.3142428E-006
          3728.36     -3.5570182E-006
          3739.65     -3.8136616E-006
          3750.94     -4.0851299E-006
          3762.23     -4.3724203E-006
          3773.52     -4.6765737E-006
          3784.80     -4.9986774E-006
          3796.09     -5.3398672E-006
          3807.38     -5.7013331E-006
          3818.67     -6.0843207E-006
          3829.96     -6.4901339E-006
          3841.25     -6.9201393E-006
          3852.54     -7.3757686E-006
          3863.83     -7.8585224E-006
          3875.12     -8.3699740E-006
          3886.41     -8.9117710E-006
          3897.70     -9.4856421E-006
          3908.98     -1.0093399E-005
          3920.27     -1.0736941E-005
          3931.56     -1.1418256E-005
          3942.85     -1.2139431E-005
          3954.14     -1.2902652E-005
          3965.43     -1.3710208E-005
          3976.72     -1.4564500E-005
          3988.01     -1.5468038E-005
          3999.30     -1.6423455E-005
          4010.59     -1.7433500E-005
          4021.88     -1.8501054E-005
          4033.16     -1.9629129E-005
          4044.45     -2.0820875E-005
          4055.74     -2.2079585E-005
          4067.03     -2.3408697E-005
          4078.32     -2.4811806E-005
          4089.61     -2.6292667E-005
          4100.90     -2.7855195E-005
          4112.19     -2.9503479E-005
          4123.48     -3.1241784E-005
          4134.77     -3.3074557E-005
          4146.05     -3.5006435E-005
          4157.34     -3.7042244E-005
          4168.63     -3.9187014E-005
          4179.92     -4.1445984E-005
          4191.21     -4.3824597E-005
          4202.50     -4.6328521E-005
          4213.79     -4.8963647E-005
          4225.08     -5.1736096E-005
          4236.37     -5.4652227E-005
          4247.66     -5.7718635E-005
          4258.95     -6.0942168E-005
          4270.23     -6.4329929E-005
          4281.52     -6.7889270E-005
          4292.81     -7.1627815E-005
          4304.10     -7.5553454E-005
          4315.39     -7.9674352E-005
          4326.68     -8.3998953E-005
          4337.97     -8.8535973E-005
          4349.26     -9.3294422E-005
          4360.55     -9.8283599E-005
          4371.84     -1.0351310E-004
          4383.12     -1.0899280E-004
          4394.41     -1.1473290E-004
          4405.70     -1.2074383E-004
          4416.99     -1.2703636E-004
          4428.28     -1.3362153E-004
          4439.57     -1.4051065E-004
          4450.86     -1.4771537E-004
          4462.15     -1.5524755E-004
          4473.44     -1.6311937E-004
          4484.73     -1.7134326E-004
          4496.02     -1.7993191E-004
          4507.30     -1.8889826E-004
          4518.59     -1.9825545E-004
          4529.88     -2.0801688E-004
          4541.17     -2.1819613E-004
          4552.46     -2.2880694E-004
          4563.75     -2.3986323E-004
          4575.04     -2.5137905E-004
          4586.33     -2.6336856E-004
          4597.62     -2.7584597E-004
          4608.91     -2.8882553E-004
          4620.20     -3.0232150E-004
          4631.48     -3.1634809E-004
          4642.77     -3.3091939E-004
          4654.06     -3.4604938E-004
          4665.35     -3.6175182E-004
          4676.64     -3.7804020E-004
          4687.93     -3.9492770E-004
          4699.22     -4.1242704E-004
          4710.51     -4.3055048E-004
          4721.80     -4.4930973E-004
          4733.09     -4.6871575E-004
          4744.38     -4.8877878E-004
          4755.66     -5.0950815E-004
          4766.95     -5.3091217E-004
          4778.24     -5.5299805E-004
          4789.53     -5.7577162E-004
          4800.82     -5.9923735E-004
          4812.11     -6.2339809E-004
          4823.40     -6.4825485E-004
          4834.69     -6.7380674E-004
          4845.98     -7.0005067E-004
          4857.27     -7.2698111E-004
          4868.55     -7.5458994E-004
          4879.84     -7.8286607E-004
          4891.13     -8.1179531E-004
          4902.42     -8.4136005E-004
          4913.71     -8.7153881E-004
          4925.00     -9.0230611E-004
          4936.29     -9.3363201E-004
          4947.58     -9.6548173E-004
          4958.87     -9.9781529E-004
          4970.16     -1.0305870E-003
          4981.45     -1.0637450E-003
          4992.73     -1.0972310E-003
          5004.02     -1.1309794E-003
          5015.31     -1.1649169E-003
          5026.60     -1.1989619E-003
          5037.89     -1.2330240E-003
          5049.18     -1.2670032E-003
          5060.47     -1.3007889E-003
          5071.76     -1.3342599E-003
          5083.05     -1.3672828E-003
          5094.34     -1.3997118E-003
          5105.62     -1.4313872E-003
          5116.91     -1.4621348E-003
          5128.20     -1.4917650E-003
          5139.49     -1.5200714E-003
          5150.78     -1.5468296E-003
          5162.07     -1.5717963E-003
          5173.36     -1.5947079E-003
          5184.65     -1.6152789E-003
          5195.94     -1.6332011E-003
          5207.23     -1.6481411E-003
          5218.52     -1.6597397E-003
          5229.80     -1.6676097E-003
          5241.09     -1.6713338E-003
          5252.38     -1.6704635E-003
          5263.67     -1.6645163E-003
          5274.96     -1.6529739E-003
          5286.25     -1.6352802E-003
          5297.54     -1.6108385E-003
          5308.83     -1.5790090E-003
          5320.12     -1.5391064E-003
          5331.41     -1.4903971E-003
          5342.70     -1.4320960E-003
          5353.98     -1.3633636E-003
          5365.27     -1.2833031E-003
          5376.56     -1.1909562E-003
          5387.85     -1.0853001E-003
          5399.14     -9.6524310E-004
          5410.43     -8.2962096E-004
          5421.72     -6.7719283E-004
          5433.01     -5.0663620E-004
          5444.30     -3.1654245E-004
          5455.59     -1.0541222E-004
          5466.88      1.2835075E-004
          5478.16      3.8644431E-004
          5489.45      6.7067373E-004
          5500.74      9.8295809E-004
          5512.03      1.3253356E-003
          5523.32      1.6999717E-003
          5534.61      2.1091660E-003
          5545.90      2.5553576E-003
          5557.19      3.0411360E-003
          5568.48      3.5692471E-003
          5579.77      4.1426076E-003
          5591.05      4.7643145E-003
          5602.34      5.4376472E-003
          5613.63      6.1660796E-003
          5624.92      6.9532890E-003
          5636.21      7.8031648E-003
          5647.50      8.7198236E-003
          5658.79      9.7076191E-003
          5670.08      1.0771155E-002
          5681.37      1.1915344E-002
          5692.66      1.3145413E-002
          5703.95      1.4154824E-002
          5715.23      1.4661250E-002
          5726.52      1.4704557E-002
          5737.81      1.4322247E-002
          5749.10      1.3549632E-002
          5760.39      1.2420003E-002
          5771.68      1.0964789E-002
          5782.97      9.2136996E-003
          5794.26      7.1947093E-003
          5805.55      4.9342843E-003
          5816.84      2.4577636E-003
          5828.12     -2.1051883E-004
          5839.41     -3.0471067E-003
          5850.70     -6.0293075E-003
          5861.99     -9.1350836E-003
          5873.28     -1.2342933E-002
          5884.57     -1.5631803E-002
          5895.86     -1.8980976E-002
          5907.15     -2.2369964E-002
          5918.44     -2.5778320E-002
          5929.73     -2.9185561E-002
          5941.02     -3.2571215E-002
          5952.30     -3.5914735E-002
          5963.59     -3.9195401E-002
          5974.88     -4.3530695E-002
          5986.17     -4.9896712E-002
          5997.46     -5.8067542E-002
          6008.75     -6.7826062E-002
          6020.04     -7.8963000E-002
          6031.33     -9.1276311E-002
          6042.62     -1.0457000E-001
          6053.91     -1.1865256E-001
          6065.20     -1.3333622E-001
          6076.48     -1.4843623E-001
          6087.77     -1.6376997E-001
          6099.06     -1.7915600E-001
          6110.35     -1.9441306E-001
          6121.64     -2.0935921E-001
          6132.93     -2.2381086E-001
          6144.22     -2.3758253E-001
          6155.51     -2.5048722E-001
          6166.80     -2.6233559E-001
          6178.09     -2.7321004E-001
          6189.38     -2.8304615E-001
          6200.66     -2.9142889E-001
          6211.95     -2.9793736E-001
          6223.24     -3.0214333E-001
          6234.53     -3.0360961E-001
          6245.82     -3.0188855E-001
          6257.11     -2.9652047E-001
          6268.40     -2.8703211E-001
          6279.69     -2.7293501E-001
          6290.98     -2.5372383E-001
          6302.27     -2.2887456E-001
          6313.55     -1.9935927E-001
          6324.84     -1.6647837E-001
          6336.13     -1.3017609E-001
          6347.42     -9.0384425E-002
          6358.71     -4.7023236E-002
          6370.00      1.4525504E-034
