          3480.00     -8.5047989E-036
          3491.29     -4.2278104E-008
          3502.58     -8.4378008E-008
          3513.87     -1.2631415E-007
          3525.16     -1.6810046E-007
          3536.45     -2.0975059E-007
          3547.73     -2.5127784E-007
          3559.02     -2.9269501E-007
          3570.31     -3.3401467E-007
          3581.60     -3.7524902E-007
          3592.89     -4.1640991E-007
          3604.18     -4.5750880E-007
          3615.47     -4.9855637E-007
          3626.76     -5.3956293E-007
          3638.05     -5.8053849E-007
          3649.34     -6.2149266E-007
          3660.62     -6.6243489E-007
          3671.91     -7.0337431E-007
          3683.20     -7.4431980E-007
          3694.49     -7.8528001E-007
          3705.78     -8.2626323E-007
          3717.07     -8.6727758E-007
          3728.36     -9.0833098E-007
          3739.65     -9.4943095E-007
          3750.94     -9.9058492E-007
          3762.23     -1.0318000E-006
          3773.52     -1.0730832E-006
          3784.80     -1.1144411E-006
          3796.09     -1.1558802E-006
          3807.38     -1.1974068E-006
          3818.67     -1.2390270E-006
          3829.96     -1.2807467E-006
          3841.25     -1.3225716E-006
          3852.54     -1.3645072E-006
          3863.83     -1.4065587E-006
          3875.12     -1.4487312E-006
          3886.41     -1.4910296E-006
          3897.70     -1.5334584E-006
          3908.98     -1.5760222E-006
          3920.27     -1.6187251E-006
          3931.56     -1.6615711E-006
          3942.85     -1.7045642E-006
          3954.14     -1.7477078E-006
          3965.43     -1.7910057E-006
          3976.72     -1.8344611E-006
          3988.01     -1.8780770E-006
          3999.30     -1.9218565E-006
          4010.59     -1.9658021E-006
          4021.88     -2.0099166E-006
          4033.16     -2.0542020E-006
          4044.45     -2.0986607E-006
          4055.74     -2.1432945E-006
          4067.03     -2.1881050E-006
          4078.32     -2.2330937E-006
          4089.61     -2.2782622E-006
          4100.90     -2.3236112E-006
          4112.19     -2.3691418E-006
          4123.48     -2.4148547E-006
          4134.77     -2.4607503E-006
          4146.05     -2.5068289E-006
          4157.34     -2.5530906E-006
          4168.63     -2.5995351E-006
          4179.92     -2.6461621E-006
          4191.21     -2.6929711E-006
          4202.50     -2.7399611E-006
          4213.79     -2.7871312E-006
          4225.08     -2.8344802E-006
          4236.37     -2.8820065E-006
          4247.66     -2.9297083E-006
          4258.95     -2.9775839E-006
          4270.23     -3.0256310E-006
          4281.52     -3.0738472E-006
          4292.81     -3.1222297E-006
          4304.10     -3.1707758E-006
          4315.39     -3.2194823E-006
          4326.68     -3.2683458E-006
          4337.97     -3.3173627E-006
          4349.26     -3.3665290E-006
          4360.55     -3.4158408E-006
          4371.84     -3.4652935E-006
          4383.12     -3.5148827E-006
          4394.41     -3.5646034E-006
          4405.70     -3.6144504E-006
          4416.99     -3.6644182E-006
          4428.28     -3.7145011E-006
          4439.57     -3.7646929E-006
          4450.86     -3.8149874E-006
          4462.15     -3.8653779E-006
          4473.44     -3.9158575E-006
          4484.73     -3.9664190E-006
          4496.02     -4.0170548E-006
          4507.30     -4.0677572E-006
          4518.59     -4.1185180E-006
          4529.88     -4.1693288E-006
          4541.17     -4.2201808E-006
          4552.46     -4.2710649E-006
          4563.75     -4.3219718E-006
          4575.04     -4.3728916E-006
          4586.33     -4.4238143E-006
          4597.62     -4.4747296E-006
          4608.91     -4.5256265E-006
          4620.20     -4.5764941E-006
          4631.48     -4.6273208E-006
          4642.77     -4.6780948E-006
          4654.06     -4.7288039E-006
          4665.35     -4.7794355E-006
          4676.64     -4.8299766E-006
          4687.93     -4.8804140E-006
          4699.22     -4.9307338E-006
          4710.51     -4.9809219E-006
          4721.80     -5.0309638E-006
          4733.09     -5.0808444E-006
          4744.38     -5.1305485E-006
          4755.66     -5.1800603E-006
          4766.95     -5.2293634E-006
          4778.24     -5.2784415E-006
          4789.53     -5.3272771E-006
          4800.82     -5.3758529E-006
          4812.11     -5.4241509E-006
          4823.40     -5.4721525E-006
          4834.69     -5.5198389E-006
          4845.98     -5.5671907E-006
          4857.27     -5.6141879E-006
          4868.55     -5.6608103E-006
          4879.84     -5.7070369E-006
          4891.13     -5.7528463E-006
          4902.42     -5.7982166E-006
          4913.71     -5.8431254E-006
          4925.00     -5.8875499E-006
          4936.29     -5.9314664E-006
          4947.58     -5.9748510E-006
          4958.87     -6.0176792E-006
          4970.16     -6.0599259E-006
          4981.45     -6.1015653E-006
          4992.73     -6.1425713E-006
          5004.02     -6.1829170E-006
          5015.31     -6.2225750E-006
          5026.60     -6.2615171E-006
          5037.89     -6.2997149E-006
          5049.18     -6.3371391E-006
          5060.47     -6.3737597E-006
          5071.76     -6.4095463E-006
          5083.05     -6.4444678E-006
          5094.34     -6.4784924E-006
          5105.62     -6.5115876E-006
          5116.91     -6.5437204E-006
          5128.20     -6.5748570E-006
          5139.49     -6.6049629E-006
          5150.78     -6.6340031E-006
          5162.07     -6.6619416E-006
          5173.36     -6.6887419E-006
          5184.65     -6.7143666E-006
          5195.94     -6.7387778E-006
          5207.23     -6.7619367E-006
          5218.52     -6.7838037E-006
          5229.80     -6.8043387E-006
          5241.09     -6.8235006E-006
          5252.38     -6.8412476E-006
          5263.67     -6.8575371E-006
          5274.96     -6.8723257E-006
          5286.25     -6.8855692E-006
          5297.54     -6.8972227E-006
          5308.83     -6.9072402E-006
          5320.12     -6.9155750E-006
          5331.41     -6.9221796E-006
          5342.70     -6.9270056E-006
          5353.98     -6.9300037E-006
          5365.27     -6.9311237E-006
          5376.56     -6.9303146E-006
          5387.85     -6.9275245E-006
          5399.14     -6.9227003E-006
          5410.43     -6.9157884E-006
          5421.72     -6.9067341E-006
          5433.01     -6.8954815E-006
          5444.30     -6.8819741E-006
          5455.59     -6.8661542E-006
          5466.88     -6.8479632E-006
          5478.16     -6.8273414E-006
          5489.45     -6.8042282E-006
          5500.74     -6.7785618E-006
          5512.03     -6.7502798E-006
          5523.32     -6.7193181E-006
          5534.61     -6.6856122E-006
          5545.90     -6.6490962E-006
          5557.19     -6.6097031E-006
          5568.48     -6.5673650E-006
          5579.77     -6.5220123E-006
          5591.05     -6.4735740E-006
          5602.34     -6.4219782E-006
          5613.63     -6.3671517E-006
          5624.92     -6.3090202E-006
          5636.21     -6.2475087E-006
          5647.50     -6.1825406E-006
          5658.79     -6.1140386E-006
          5670.08     -6.0419242E-006
          5681.37     -5.9661154E-006
          5692.66     -5.8865271E-006
          5703.95     -5.8079837E-006
          5715.23     -5.7350999E-006
          5726.52     -5.6674791E-006
          5737.81     -5.6047290E-006
          5749.10     -5.5464618E-006
          5760.39     -5.4922936E-006
          5771.68     -5.4418449E-006
          5782.97     -5.3947407E-006
          5794.26     -5.3506139E-006
          5805.55     -5.3091042E-006
          5816.84     -5.2698536E-006
          5828.12     -5.2325059E-006
          5839.41     -5.1967069E-006
          5850.70     -5.1621040E-006
          5861.99     -5.1283465E-006
          5873.28     -5.0950850E-006
          5884.57     -5.0619715E-006
          5895.86     -5.0286596E-006
          5907.15     -4.9948040E-006
          5918.44     -4.9600583E-006
          5929.73     -4.9240761E-006
          5941.02     -4.8865126E-006
          5952.30     -4.8470248E-006
          5963.59     -4.8052713E-006
          5974.88     -4.7682173E-006
          5986.17     -4.7420841E-006
          5997.46     -4.7254267E-006
          6008.75     -4.7168150E-006
          6020.04     -4.7148335E-006
          6031.33     -4.7180841E-006
          6042.62     -4.7251841E-006
          6053.91     -4.7347595E-006
          6065.20     -4.7454450E-006
          6076.48     -4.7558844E-006
          6087.77     -4.7647307E-006
          6099.06     -4.7706426E-006
          6110.35     -4.7722830E-006
          6121.64     -4.7683175E-006
          6132.93     -4.7574111E-006
          6144.22     -4.7382317E-006
          6155.51     -4.7094576E-006
          6166.80     -4.6697768E-006
          6178.09     -4.6166722E-006
          6189.38     -4.5470314E-006
          6200.66     -4.4586561E-006
          6211.95     -4.3493451E-006
          6223.24     -4.2168934E-006
          6234.53     -4.0590919E-006
          6245.82     -3.8737264E-006
          6257.11     -3.6585765E-006
          6268.40     -3.4114162E-006
          6279.69     -3.1300122E-006
          6290.98     -2.8121229E-006
          6302.27     -2.4554978E-006
          6313.55     -2.0733934E-006
          6324.84     -1.6805275E-006
          6336.13     -1.2768295E-006
          6347.42     -8.6222611E-007
          6358.71     -4.3664251E-007
          6370.00     -5.4425865E-043
