          3480.00      1.1645316E-031
          3491.29     -1.4330682E-003
          3502.58     -2.8691573E-003
          3513.87     -4.3086382E-003
          3525.16     -5.7518736E-003
          3536.45     -7.1992259E-003
          3547.73     -8.6510538E-003
          3559.02     -1.0107708E-002
          3570.31     -1.1569539E-002
          3581.60     -1.3036894E-002
          3592.89     -1.4510114E-002
          3604.18     -1.5989536E-002
          3615.47     -1.7475479E-002
          3626.76     -1.8968256E-002
          3638.05     -2.0468179E-002
          3649.34     -2.1975550E-002
          3660.62     -2.3490675E-002
          3671.91     -2.5013855E-002
          3683.20     -2.6545388E-002
          3694.49     -2.8085572E-002
          3705.78     -2.9634696E-002
          3717.07     -3.1193052E-002
          3728.36     -3.2760931E-002
          3739.65     -3.4338614E-002
          3750.94     -3.5926386E-002
          3762.23     -3.7524529E-002
          3773.52     -3.9133319E-002
          3784.80     -4.0753035E-002
          3796.09     -4.2383948E-002
          3807.38     -4.4026332E-002
          3818.67     -4.5680460E-002
          3829.96     -4.7346600E-002
          3841.25     -4.9025021E-002
          3852.54     -5.0715987E-002
          3863.83     -5.2419763E-002
          3875.12     -5.4136610E-002
          3886.41     -5.5866784E-002
          3897.70     -5.7610542E-002
          3908.98     -5.9368141E-002
          3920.27     -6.1139828E-002
          3931.56     -6.2925855E-002
          3942.85     -6.4726468E-002
          3954.14     -6.6541915E-002
          3965.43     -6.8372442E-002
          3976.72     -7.0218290E-002
          3988.01     -7.2079700E-002
          3999.30     -7.3956915E-002
          4010.59     -7.5850166E-002
          4021.88     -7.7759690E-002
          4033.16     -7.9685719E-002
          4044.45     -8.1628481E-002
          4055.74     -8.3588206E-002
          4067.03     -8.5565115E-002
          4078.32     -8.7559431E-002
          4089.61     -8.9571375E-002
          4100.90     -9.1601163E-002
          4112.19     -9.3649008E-002
          4123.48     -9.5715125E-002
          4134.77     -9.7799722E-002
          4146.05     -9.9903008E-002
          4157.34     -1.0202518E-001
          4168.63     -1.0416645E-001
          4179.92     -1.0632701E-001
          4191.21     -1.0850706E-001
          4202.50     -1.1070679E-001
          4213.79     -1.1292638E-001
          4225.08     -1.1516604E-001
          4236.37     -1.1742593E-001
          4247.66     -1.1970625E-001
          4258.95     -1.2200717E-001
          4270.23     -1.2432887E-001
          4281.52     -1.2667150E-001
          4292.81     -1.2903526E-001
          4304.10     -1.3142029E-001
          4315.39     -1.3382676E-001
          4326.68     -1.3625482E-001
          4337.97     -1.3870464E-001
          4349.26     -1.4117636E-001
          4360.55     -1.4367013E-001
          4371.84     -1.4618609E-001
          4383.12     -1.4872438E-001
          4394.41     -1.5128515E-001
          4405.70     -1.5386852E-001
          4416.99     -1.5647462E-001
          4428.28     -1.5910356E-001
          4439.57     -1.6175548E-001
          4450.86     -1.6443048E-001
          4462.15     -1.6712867E-001
          4473.44     -1.6985015E-001
          4484.73     -1.7259503E-001
          4496.02     -1.7536340E-001
          4507.30     -1.7815536E-001
          4518.59     -1.8097098E-001
          4529.88     -1.8381036E-001
          4541.17     -1.8667356E-001
          4552.46     -1.8956065E-001
          4563.75     -1.9247171E-001
          4575.04     -1.9540679E-001
          4586.33     -1.9836594E-001
          4597.62     -2.0134923E-001
          4608.91     -2.0435668E-001
          4620.20     -2.0738834E-001
          4631.48     -2.1044424E-001
          4642.77     -2.1352440E-001
          4654.06     -2.1662885E-001
          4665.35     -2.1975760E-001
          4676.64     -2.2291065E-001
          4687.93     -2.2608800E-001
          4699.22     -2.2928966E-001
          4710.51     -2.3251559E-001
          4721.80     -2.3576580E-001
          4733.09     -2.3904023E-001
          4744.38     -2.4233887E-001
          4755.66     -2.4566167E-001
          4766.95     -2.4900858E-001
          4778.24     -2.5237954E-001
          4789.53     -2.5577449E-001
          4800.82     -2.5919336E-001
          4812.11     -2.6263606E-001
          4823.40     -2.6610250E-001
          4834.69     -2.6959259E-001
          4845.98     -2.7310622E-001
          4857.27     -2.7664327E-001
          4868.55     -2.8020363E-001
          4879.84     -2.8378715E-001
          4891.13     -2.8739370E-001
          4902.42     -2.9102312E-001
          4913.71     -2.9467524E-001
          4925.00     -2.9834991E-001
          4936.29     -3.0204694E-001
          4947.58     -3.0576613E-001
          4958.87     -3.0950729E-001
          4970.16     -3.1327021E-001
          4981.45     -3.1705465E-001
          4992.73     -3.2086040E-001
          5004.02     -3.2468720E-001
          5015.31     -3.2853480E-001
          5026.60     -3.3240293E-001
          5037.89     -3.3629131E-001
          5049.18     -3.4019966E-001
          5060.47     -3.4412766E-001
          5071.76     -3.4807501E-001
          5083.05     -3.5204138E-001
          5094.34     -3.5602643E-001
          5105.62     -3.6002980E-001
          5116.91     -3.6405114E-001
          5128.20     -3.6809007E-001
          5139.49     -3.7214619E-001
          5150.78     -3.7621910E-001
          5162.07     -3.8030839E-001
          5173.36     -3.8441361E-001
          5184.65     -3.8853433E-001
          5195.94     -3.9267007E-001
          5207.23     -3.9682037E-001
          5218.52     -4.0098473E-001
          5229.80     -4.0516265E-001
          5241.09     -4.0935361E-001
          5252.38     -4.1355707E-001
          5263.67     -4.1777248E-001
          5274.96     -4.2199926E-001
          5286.25     -4.2623684E-001
          5297.54     -4.3048462E-001
          5308.83     -4.3474197E-001
          5320.12     -4.3900827E-001
          5331.41     -4.4328285E-001
          5342.70     -4.4756505E-001
          5353.98     -4.5185419E-001
          5365.27     -4.5614955E-001
          5376.56     -4.6045041E-001
          5387.85     -4.6475604E-001
          5399.14     -4.6906567E-001
          5410.43     -4.7337852E-001
          5421.72     -4.7769379E-001
          5433.01     -4.8201066E-001
          5444.30     -4.8632830E-001
          5455.59     -4.9064585E-001
          5466.88     -4.9496242E-001
          5478.16     -4.9927712E-001
          5489.45     -5.0358902E-001
          5500.74     -5.0789719E-001
          5512.03     -5.1220066E-001
          5523.32     -5.1649843E-001
          5534.61     -5.2078952E-001
          5545.90     -5.2507288E-001
          5557.19     -5.2934747E-001
          5568.48     -5.3361221E-001
          5579.77     -5.3786599E-001
          5591.05     -5.4210767E-001
          5602.34     -5.4633608E-001
          5613.63     -5.5055003E-001
          5624.92     -5.5474832E-001
          5636.21     -5.5892971E-001
          5647.50     -5.6309296E-001
          5658.79     -5.6723677E-001
          5670.08     -5.7135986E-001
          5681.37     -5.7546084E-001
          5692.66     -5.7953823E-001
          5703.95     -5.8373734E-001
          5715.23     -5.8819720E-001
          5726.52     -5.9290702E-001
          5737.81     -5.9785614E-001
          5749.10     -6.0303406E-001
          5760.39     -6.0843041E-001
          5771.68     -6.1403494E-001
          5782.97     -6.1983756E-001
          5794.26     -6.2582843E-001
          5805.55     -6.3199794E-001
          5816.84     -6.3833652E-001
          5828.12     -6.4483472E-001
          5839.41     -6.5148312E-001
          5850.70     -6.5827237E-001
          5861.99     -6.6519321E-001
          5873.28     -6.7223638E-001
          5884.57     -6.7939274E-001
          5895.86     -6.8665317E-001
          5907.15     -6.9400859E-001
          5918.44     -7.0144992E-001
          5929.73     -7.0896808E-001
          5941.02     -7.1655406E-001
          5952.30     -7.2419890E-001
          5963.59     -7.3189372E-001
          5974.88     -7.3984799E-001
          5986.17     -7.4824890E-001
          5997.46     -7.5705447E-001
          6008.75     -7.6622322E-001
          6020.04     -7.7571409E-001
          6031.33     -7.8548658E-001
          6042.62     -7.9550065E-001
          6053.91     -8.0571652E-001
          6065.20     -8.1609472E-001
          6076.48     -8.2659605E-001
          6087.77     -8.3718158E-001
          6099.06     -8.4781259E-001
          6110.35     -8.5845049E-001
          6121.64     -8.6905679E-001
          6132.93     -8.7959300E-001
          6144.22     -8.9002069E-001
          6155.51     -9.0030182E-001
          6166.80     -9.1039862E-001
          6178.09     -9.2023659E-001
          6189.38     -9.2972343E-001
          6200.66     -9.3879484E-001
          6211.95     -9.4738642E-001
          6223.24     -9.5543372E-001
          6234.53     -9.6287212E-001
          6245.82     -9.6963690E-001
          6257.11     -9.7566318E-001
          6268.40     -9.8088589E-001
          6279.69     -9.8523978E-001
          6290.98     -9.8865936E-001
          6302.27     -9.9107888E-001
          6313.55     -9.9289912E-001
          6324.84     -9.9456463E-001
          6336.13     -9.9607511E-001
          6347.42     -9.9743021E-001
          6358.71     -9.9862949E-001
          6370.00     -9.9967245E-001
