          3480.00     -1.0470201E-026
          3491.29      4.6605219E+000
          3502.58      9.3341097E+000
          3513.87      1.4021811E+001
          3525.16      1.8724650E+001
          3536.45      2.3443656E+001
          3547.73      2.8179847E+001
          3559.02      3.2934220E+001
          3570.31      3.7707774E+001
          3581.60      4.2501496E+001
          3592.89      4.7316363E+001
          3604.18      5.2153337E+001
          3615.47      5.7013324E+001
          3626.76      6.1897216E+001
          3638.05      6.6805896E+001
          3649.34      7.1740228E+001
          3660.62      7.6701083E+001
          3671.91      8.1689318E+001
          3683.20      8.6705784E+001
          3694.49      9.1751330E+001
          3705.78      9.6826783E+001
          3717.07      1.0193298E+002
          3728.36      1.0707074E+002
          3739.65      1.1224087E+002
          3750.94      1.1744419E+002
          3762.23      1.2268150E+002
          3773.52      1.2795358E+002
          3784.80      1.3326124E+002
          3796.09      1.3860523E+002
          3807.38      1.4398634E+002
          3818.67      1.4940536E+002
          3829.96      1.5486302E+002
          3841.25      1.6036011E+002
          3852.54      1.6589737E+002
          3863.83      1.7147554E+002
          3875.12      1.7709536E+002
          3886.41      1.8275756E+002
          3897.70      1.8846284E+002
          3908.98      1.9421194E+002
          3920.27      2.0000554E+002
          3931.56      2.0584435E+002
          3942.85      2.1172904E+002
          3954.14      2.1766030E+002
          3965.43      2.2363882E+002
          3976.72      2.2966525E+002
          3988.01      2.3574025E+002
          3999.30      2.4186450E+002
          4010.59      2.4803861E+002
          4021.88      2.5426324E+002
          4033.16      2.6053899E+002
          4044.45      2.6686649E+002
          4055.74      2.7324635E+002
          4067.03      2.7967914E+002
          4078.32      2.8616547E+002
          4089.61      2.9270590E+002
          4100.90      2.9930100E+002
          4112.19      3.0595132E+002
          4123.48      3.1265741E+002
          4134.77      3.1941979E+002
          4146.05      3.2623900E+002
          4157.34      3.3311553E+002
          4168.63      3.4004988E+002
          4179.92      3.4704256E+002
          4191.21      3.5409401E+002
          4202.50      3.6120471E+002
          4213.79      3.6837511E+002
          4225.08      3.7560565E+002
          4236.37      3.8289675E+002
          4247.66      3.9024882E+002
          4258.95      3.9766225E+002
          4270.23      4.0513743E+002
          4281.52      4.1267473E+002
          4292.81      4.2027450E+002
          4304.10      4.2793708E+002
          4315.39      4.3566279E+002
          4326.68      4.4345196E+002
          4337.97      4.5130486E+002
          4349.26      4.5922179E+002
          4360.55      4.6720300E+002
          4371.84      4.7524874E+002
          4383.12      4.8335925E+002
          4394.41      4.9153475E+002
          4405.70      4.9977543E+002
          4416.99      5.0808148E+002
          4428.28      5.1645303E+002
          4439.57      5.2489023E+002
          4450.86      5.3339322E+002
          4462.15      5.4196207E+002
          4473.44      5.5059687E+002
          4484.73      5.5929769E+002
          4496.02      5.6806457E+002
          4507.30      5.7689754E+002
          4518.59      5.8579658E+002
          4529.88      5.9476168E+002
          4541.17      6.0379281E+002
          4552.46      6.1288987E+002
          4563.75      6.2205280E+002
          4575.04      6.3128148E+002
          4586.33      6.4057578E+002
          4597.62      6.4993555E+002
          4608.91      6.5936059E+002
          4620.20      6.6885070E+002
          4631.48      6.7840566E+002
          4642.77      6.8802518E+002
          4654.06      6.9770900E+002
          4665.35      7.0745680E+002
          4676.64      7.1726824E+002
          4687.93      7.2714296E+002
          4699.22      7.3708054E+002
          4710.51      7.4708058E+002
          4721.80      7.5714262E+002
          4733.09      7.6726617E+002
          4744.38      7.7745071E+002
          4755.66      7.8769569E+002
          4766.95      7.9800055E+002
          4778.24      8.0836467E+002
          4789.53      8.1878740E+002
          4800.82      8.2926806E+002
          4812.11      8.3980596E+002
          4823.40      8.5040032E+002
          4834.69      8.6105039E+002
          4845.98      8.7175533E+002
          4857.27      8.8251430E+002
          4868.55      8.9332641E+002
          4879.84      9.0419071E+002
          4891.13      9.1510624E+002
          4902.42      9.2607201E+002
          4913.71      9.3708694E+002
          4925.00      9.4814996E+002
          4936.29      9.5925994E+002
          4947.58      9.7041571E+002
          4958.87      9.8161606E+002
          4970.16      9.9285971E+002
          4981.45      1.0041454E+003
          4992.73      1.0154717E+003
          5004.02      1.0268374E+003
          5015.31      1.0382408E+003
          5026.60      1.0496807E+003
          5037.89      1.0611553E+003
          5049.18      1.0726632E+003
          5060.47      1.0842027E+003
          5071.76      1.0957721E+003
          5083.05      1.1073698E+003
          5094.34      1.1189938E+003
          5105.62      1.1306424E+003
          5116.91      1.1423138E+003
          5128.20      1.1540059E+003
          5139.49      1.1657167E+003
          5150.78      1.1774443E+003
          5162.07      1.1891865E+003
          5173.36      1.2009411E+003
          5184.65      1.2127059E+003
          5195.94      1.2244787E+003
          5207.23      1.2362570E+003
          5218.52      1.2480386E+003
          5229.80      1.2598208E+003
          5241.09      1.2716013E+003
          5252.38      1.2833774E+003
          5263.67      1.2951464E+003
          5274.96      1.3069057E+003
          5286.25      1.3186524E+003
          5297.54      1.3303838E+003
          5308.83      1.3420968E+003
          5320.12      1.3537886E+003
          5331.41      1.3654559E+003
          5342.70      1.3770958E+003
          5353.98      1.3887050E+003
          5365.27      1.4002803E+003
          5376.56      1.4118182E+003
          5387.85      1.4233154E+003
          5399.14      1.4347684E+003
          5410.43      1.4461736E+003
          5421.72      1.4575273E+003
          5433.01      1.4688259E+003
          5444.30      1.4800655E+003
          5455.59      1.4912422E+003
          5466.88      1.5023520E+003
          5478.16      1.5133910E+003
          5489.45      1.5243549E+003
          5500.74      1.5352395E+003
          5512.03      1.5460405E+003
          5523.32      1.5567536E+003
          5534.61      1.5673741E+003
          5545.90      1.5778977E+003
          5557.19      1.5883195E+003
          5568.48      1.5986349E+003
          5579.77      1.6088389E+003
          5591.05      1.6189267E+003
          5602.34      1.6288931E+003
          5613.63      1.6387329E+003
          5624.92      1.6484411E+003
          5636.21      1.6580122E+003
          5647.50      1.6674409E+003
          5658.79      1.6767217E+003
          5670.08      1.6858489E+003
          5681.37      1.6948169E+003
          5692.66      1.7036199E+003
          5703.95      1.7124229E+003
          5715.23      1.7213736E+003
          5726.52      1.7304395E+003
          5737.81      1.7395888E+003
          5749.10      1.7487897E+003
          5760.39      1.7580110E+003
          5771.68      1.7672215E+003
          5782.97      1.7763907E+003
          5794.26      1.7854881E+003
          5805.55      1.7944835E+003
          5816.84      1.8033470E+003
          5828.12      1.8120484E+003
          5839.41      1.8205578E+003
          5850.70      1.8288450E+003
          5861.99      1.8368802E+003
          5873.28      1.8446333E+003
          5884.57      1.8520742E+003
          5895.86      1.8591731E+003
          5907.15      1.8658997E+003
          5918.44      1.8722241E+003
          5929.73      1.8781163E+003
          5941.02      1.8835462E+003
          5952.30      1.8884840E+003
          5963.59      1.8928998E+003
          5974.88      1.8963392E+003
          5986.17      1.8982902E+003
          5997.46      1.8986379E+003
          6008.75      1.8972676E+003
          6020.04      1.8940657E+003
          6031.33      1.8889190E+003
          6042.62      1.8817144E+003
          6053.91      1.8723390E+003
          6065.20      1.8606800E+003
          6076.48      1.8466243E+003
          6087.77      1.8300587E+003
          6099.06      1.8108697E+003
          6110.35      1.7889432E+003
          6121.64      1.7641648E+003
          6132.93      1.7364204E+003
          6144.22      1.7055964E+003
          6155.51      1.6715789E+003
          6166.80      1.6342543E+003
          6178.09      1.5924697E+003
          6189.38      1.5450284E+003
          6200.66      1.4917487E+003
          6211.95      1.4324475E+003
          6223.24      1.3669399E+003
          6234.53      1.2950393E+003
          6245.82      1.2165573E+003
          6257.11      1.1313035E+003
          6268.40      1.0390861E+003
          6279.69      9.3971090E+002
          6290.98      8.3298152E+002
          6302.27      7.1869964E+002
          6313.55      6.0034125E+002
          6324.84      4.8148163E+002
          6336.13      3.6206912E+002
          6347.42      2.4205212E+002
          6358.71      1.2137949E+002
          6370.00      2.5239920E-035
