          3480.00     -4.9327839E-030
          3491.29     -7.6120042E-006
          3502.58     -1.5256988E-005
          3513.87     -2.2952444E-005
          3525.16     -3.0715759E-005
          3536.45     -3.8564293E-005
          3547.73     -4.6515399E-005
          3559.02     -5.4586439E-005
          3570.31     -6.2794865E-005
          3581.60     -7.1158222E-005
          3592.89     -7.9694195E-005
          3604.18     -8.8420629E-005
          3615.47     -9.7355492E-005
          3626.76     -1.0651698E-004
          3638.05     -1.1592356E-004
          3649.34     -1.2559398E-004
          3660.62     -1.3554736E-004
          3671.91     -1.4580316E-004
          3683.20     -1.5638126E-004
          3694.49     -1.6730199E-004
          3705.78     -1.7858607E-004
          3717.07     -1.9025480E-004
          3728.36     -2.0232998E-004
          3739.65     -2.1483393E-004
          3750.94     -2.2778960E-004
          3762.23     -2.4122056E-004
          3773.52     -2.5515103E-004
          3784.80     -2.6960594E-004
          3796.09     -2.8461087E-004
          3807.38     -3.0019226E-004
          3818.67     -3.1637731E-004
          3829.96     -3.3319403E-004
          3841.25     -3.5067132E-004
          3852.54     -3.6883895E-004
          3863.83     -3.8772765E-004
          3875.12     -4.0736910E-004
          3886.41     -4.2779596E-004
          3897.70     -4.4904197E-004
          3908.98     -4.7114195E-004
          3920.27     -4.9413180E-004
          3931.56     -5.1804862E-004
          3942.85     -5.4293069E-004
          3954.14     -5.6881756E-004
          3965.43     -5.9575011E-004
          3976.72     -6.2377048E-004
          3988.01     -6.5292226E-004
          3999.30     -6.8325044E-004
          4010.59     -7.1480142E-004
          4021.88     -7.4762317E-004
          4033.16     -7.8176520E-004
          4044.45     -8.1727862E-004
          4055.74     -8.5421623E-004
          4067.03     -8.9263245E-004
          4078.32     -9.3258352E-004
          4089.61     -9.7412753E-004
          4100.90     -1.0173243E-003
          4112.19     -1.0622357E-003
          4123.48     -1.1089255E-003
          4134.77     -1.1574595E-003
          4146.05     -1.2079057E-003
          4157.34     -1.2603340E-003
          4168.63     -1.3148167E-003
          4179.92     -1.3714285E-003
          4191.21     -1.4302460E-003
          4202.50     -1.4913484E-003
          4213.79     -1.5548176E-003
          4225.08     -1.6207376E-003
          4236.37     -1.6891954E-003
          4247.66     -1.7602802E-003
          4258.95     -1.8340842E-003
          4270.23     -1.9107025E-003
          4281.52     -1.9902326E-003
          4292.81     -2.0727753E-003
          4304.10     -2.1584344E-003
          4315.39     -2.2473166E-003
          4326.68     -2.3395320E-003
          4337.97     -2.4351934E-003
          4349.26     -2.5344176E-003
          4360.55     -2.6373243E-003
          4371.84     -2.7440368E-003
          4383.12     -2.8546822E-003
          4394.41     -2.9693910E-003
          4405.70     -3.0882972E-003
          4416.99     -3.2115387E-003
          4428.28     -3.3392573E-003
          4439.57     -3.4715985E-003
          4450.86     -3.6087124E-003
          4462.15     -3.7507524E-003
          4473.44     -3.8978767E-003
          4484.73     -4.0502476E-003
          4496.02     -4.2080318E-003
          4507.30     -4.3714005E-003
          4518.59     -4.5405293E-003
          4529.88     -4.7155985E-003
          4541.17     -4.8967934E-003
          4552.46     -5.0843035E-003
          4563.75     -5.2783237E-003
          4575.04     -5.4790538E-003
          4586.33     -5.6866986E-003
          4597.62     -5.9014684E-003
          4608.91     -6.1235779E-003
          4620.20     -6.3532480E-003
          4631.48     -6.5907048E-003
          4642.77     -6.8361796E-003
          4654.06     -7.0899095E-003
          4665.35     -7.3521375E-003
          4676.64     -7.6231119E-003
          4687.93     -7.9030876E-003
          4699.22     -8.1923242E-003
          4710.51     -8.4910885E-003
          4721.80     -8.7996529E-003
          4733.09     -9.1182956E-003
          4744.38     -9.4473016E-003
          4755.66     -9.7869619E-003
          4766.95     -1.0137574E-002
          4778.24     -1.0499442E-002
          4789.53     -1.0872876E-002
          4800.82     -1.1258193E-002
          4812.11     -1.1655716E-002
          4823.40     -1.2065776E-002
          4834.69     -1.2488709E-002
          4845.98     -1.2924860E-002
          4857.27     -1.3374578E-002
          4868.55     -1.3838221E-002
          4879.84     -1.4316153E-002
          4891.13     -1.4808744E-002
          4902.42     -1.5316373E-002
          4913.71     -1.5839424E-002
          4925.00     -1.6378288E-002
          4936.29     -1.6933364E-002
          4947.58     -1.7505058E-002
          4958.87     -1.8093782E-002
          4970.16     -1.8699955E-002
          4981.45     -1.9324002E-002
          4992.73     -1.9966357E-002
          5004.02     -2.0627459E-002
          5015.31     -2.1307753E-002
          5026.60     -2.2007692E-002
          5037.89     -2.2727735E-002
          5049.18     -2.3468347E-002
          5060.47     -2.4230000E-002
          5071.76     -2.5013170E-002
          5083.05     -2.5818343E-002
          5094.34     -2.6646007E-002
          5105.62     -2.7496657E-002
          5116.91     -2.8370794E-002
          5128.20     -2.9268924E-002
          5139.49     -3.0191559E-002
          5150.78     -3.1139213E-002
          5162.07     -3.2112407E-002
          5173.36     -3.3111666E-002
          5184.65     -3.4137516E-002
          5195.94     -3.5190491E-002
          5207.23     -3.6271126E-002
          5218.52     -3.7379958E-002
          5229.80     -3.8517531E-002
          5241.09     -3.9684384E-002
          5252.38     -4.0881064E-002
          5263.67     -4.2108117E-002
          5274.96     -4.3366087E-002
          5286.25     -4.4655523E-002
          5297.54     -4.5976971E-002
          5308.83     -4.7330975E-002
          5320.12     -4.8718080E-002
          5331.41     -5.0138825E-002
          5342.70     -5.1593749E-002
          5353.98     -5.3083388E-002
          5365.27     -5.4608267E-002
          5376.56     -5.6168914E-002
          5387.85     -5.7765845E-002
          5399.14     -5.9399573E-002
          5410.43     -6.1070600E-002
          5421.72     -6.2779417E-002
          5433.01     -6.4526509E-002
          5444.30     -6.6312350E-002
          5455.59     -6.8137394E-002
          5466.88     -7.0002089E-002
          5478.16     -7.1906864E-002
          5489.45     -7.3852132E-002
          5500.74     -7.5838291E-002
          5512.03     -7.7865713E-002
          5523.32     -7.9934757E-002
          5534.61     -8.2045757E-002
          5545.90     -8.4199020E-002
          5557.19     -8.6394830E-002
          5568.48     -8.8633444E-002
          5579.77     -9.0915079E-002
          5591.05     -9.3239915E-002
          5602.34     -9.5608092E-002
          5613.63     -9.8019720E-002
          5624.92     -1.0047488E-001
          5636.21     -1.0297359E-001
          5647.50     -1.0551587E-001
          5658.79     -1.0810165E-001
          5670.08     -1.1073085E-001
          5681.37     -1.1340326E-001
          5692.66     -1.1611854E-001
          5703.95     -1.1921341E-001
          5715.23     -1.2300415E-001
          5726.52     -1.2746099E-001
          5737.81     -1.3255561E-001
          5749.10     -1.3826112E-001
          5760.39     -1.4455198E-001
          5771.68     -1.5140392E-001
          5782.97     -1.5879391E-001
          5794.26     -1.6670026E-001
          5805.55     -1.7510254E-001
          5816.84     -1.8398117E-001
          5828.12     -1.9331744E-001
          5839.41     -2.0309340E-001
          5850.70     -2.1329184E-001
          5861.99     -2.2389624E-001
          5873.28     -2.3489065E-001
          5884.57     -2.4625977E-001
          5895.86     -2.5798880E-001
          5907.15     -2.7006343E-001
          5918.44     -2.8246968E-001
          5929.73     -2.9519389E-001
          5941.02     -3.0822281E-001
          5952.30     -3.2154361E-001
          5963.59     -3.3514375E-001
          5974.88     -3.4985320E-001
          5986.17     -3.6640529E-001
          5997.46     -3.8464604E-001
          6008.75     -4.0442575E-001
          6020.04     -4.2559861E-001
          6031.33     -4.4802265E-001
          6042.62     -4.7155924E-001
          6053.91     -4.9607217E-001
          6065.20     -5.2142744E-001
          6076.48     -5.4749305E-001
          6087.77     -5.7413860E-001
          6099.06     -6.0123495E-001
          6110.35     -6.2865362E-001
          6121.64     -6.5626657E-001
          6132.93     -6.8394560E-001
          6144.22     -7.1156247E-001
          6155.51     -7.3898957E-001
          6166.80     -7.6609956E-001
          6178.09     -7.9281646E-001
          6189.38     -8.1897685E-001
          6200.66     -8.4432108E-001
          6211.95     -8.6858758E-001
          6223.24     -8.9151230E-001
          6234.53     -9.1282821E-001
          6245.82     -9.3226491E-001
          6257.11     -9.4954807E-001
          6268.40     -9.6439893E-001
          6279.69     -9.7653390E-001
          6290.98     -9.8566396E-001
          6302.27     -9.9149410E-001
          6313.55     -9.9512103E-001
          6324.84     -9.9784326E-001
          6336.13     -9.9966193E-001
          6347.42     -1.0005758E+000
          6358.71     -1.0005813E+000
          6370.00     -9.9967245E-001
