          3480.00     -2.3059593E-004
          3491.29     -2.3207636E-004
          3502.58     -2.3300174E-004
          3513.87     -2.3342554E-004
          3525.16     -2.3339622E-004
          3536.45     -2.3295792E-004
          3547.73     -2.3215157E-004
          3559.02     -2.3101462E-004
          3570.31     -2.2958130E-004
          3581.60     -2.2788284E-004
          3592.89     -2.2594772E-004
          3604.18     -2.2380183E-004
          3615.47     -2.2147054E-004
          3626.76     -2.1897728E-004
          3638.05     -2.1634169E-004
          3649.34     -2.1358148E-004
          3660.62     -2.1071252E-004
          3671.91     -2.0774899E-004
          3683.20     -2.0470349E-004
          3694.49     -2.0158714E-004
          3705.78     -1.9840967E-004
          3717.07     -1.9517951E-004
          3728.36     -1.9190385E-004
          3739.65     -1.8859867E-004
          3750.94     -1.8527995E-004
          3762.23     -1.8195330E-004
          3773.52     -1.7862342E-004
          3784.80     -1.7529419E-004
          3796.09     -1.7196868E-004
          3807.38     -1.6864922E-004
          3818.67     -1.6533740E-004
          3829.96     -1.6203416E-004
          3841.25     -1.5873976E-004
          3852.54     -1.5545388E-004
          3863.83     -1.5219426E-004
          3875.12     -1.4897981E-004
          3886.41     -1.4581117E-004
          3897.70     -1.4268857E-004
          3908.98     -1.3961190E-004
          3920.27     -1.3658070E-004
          3931.56     -1.3359418E-004
          3942.85     -1.3065124E-004
          3954.14     -1.2775255E-004
          3965.43     -1.2489869E-004
          3976.72     -1.2208796E-004
          3988.01     -1.1931840E-004
          3999.30     -1.1658782E-004
          4010.59     -1.1389380E-004
          4021.88     -1.1123366E-004
          4033.16     -1.0860931E-004
          4044.45     -1.0602280E-004
          4055.74     -1.0347139E-004
          4067.03     -1.0095215E-004
          4078.32     -9.8461960E-005
          4089.61     -9.5997503E-005
          4100.90     -9.3557794E-005
          4112.19     -9.1141852E-005
          4123.48     -8.8746113E-005
          4134.77     -8.6366839E-005
          4146.05     -8.4010650E-005
          4157.34     -8.1684873E-005
          4168.63     -7.9391137E-005
          4179.92     -7.7131341E-005
          4191.21     -7.4906433E-005
          4202.50     -7.2724389E-005
          4213.79     -7.0590363E-005
          4225.08     -6.8504653E-005
          4236.37     -6.6467686E-005
          4247.66     -6.4478273E-005
          4258.95     -6.2537147E-005
          4270.23     -6.0645213E-005
          4281.52     -5.8801555E-005
          4292.81     -5.7007711E-005
          4304.10     -5.5265452E-005
          4315.39     -5.3574256E-005
          4326.68     -5.1933647E-005
          4337.97     -5.0345790E-005
          4349.26     -4.8813116E-005
          4360.55     -4.7335798E-005
          4371.84     -4.5914101E-005
          4383.12     -4.4544601E-005
          4394.41     -4.3223675E-005
          4405.70     -4.1951231E-005
          4416.99     -4.0726790E-005
          4428.28     -3.9549912E-005
          4439.57     -3.8420651E-005
          4450.86     -3.7338703E-005
          4462.15     -3.6303804E-005
          4473.44     -3.5314119E-005
          4484.73     -3.4367737E-005
          4496.02     -3.3460832E-005
          4507.30     -3.2586766E-005
          4518.59     -3.1742605E-005
          4529.88     -3.0926229E-005
          4541.17     -3.0134929E-005
          4552.46     -2.9368122E-005
          4563.75     -2.8625858E-005
          4575.04     -2.7907621E-005
          4586.33     -2.7212688E-005
          4597.62     -2.6540404E-005
          4608.91     -2.5889883E-005
          4620.20     -2.5260493E-005
          4631.48     -2.4652247E-005
          4642.77     -2.4064627E-005
          4654.06     -2.3496814E-005
          4665.35     -2.2948585E-005
          4676.64     -2.2420202E-005
          4687.93     -2.1911769E-005
          4699.22     -2.1422962E-005
          4710.51     -2.0953395E-005
          4721.80     -2.0502679E-005
          4733.09     -2.0070032E-005
          4744.38     -1.9654246E-005
          4755.66     -1.9254297E-005
          4766.95     -1.8869620E-005
          4778.24     -1.8499685E-005
          4789.53     -1.8143669E-005
          4800.82     -1.7800982E-005
          4812.11     -1.7471165E-005
          4823.40     -1.7153759E-005
          4834.69     -1.6848300E-005
          4845.98     -1.6554317E-005
          4857.27     -1.6271279E-005
          4868.55     -1.5998643E-005
          4879.84     -1.5736111E-005
          4891.13     -1.5483239E-005
          4902.42     -1.5239581E-005
          4913.71     -1.5004515E-005
          4925.00     -1.4777179E-005
          4936.29     -1.4557012E-005
          4947.58     -1.4343626E-005
          4958.87     -1.4136628E-005
          4970.16     -1.3935673E-005
          4981.45     -1.3740336E-005
          4992.73     -1.3550187E-005
          5004.02     -1.3364862E-005
          5015.31     -1.3183984E-005
          5026.60     -1.3007167E-005
          5037.89     -1.2834034E-005
          5049.18     -1.2664454E-005
          5060.47     -1.2498303E-005
          5071.76     -1.2335149E-005
          5083.05     -1.2174534E-005
          5094.34     -1.2016050E-005
          5105.62     -1.1859408E-005
          5116.91     -1.1704383E-005
          5128.20     -1.1550463E-005
          5139.49     -1.1397047E-005
          5150.78     -1.1243569E-005
          5162.07     -1.1089415E-005
          5173.36     -1.0934055E-005
          5184.65     -1.0777068E-005
          5195.94     -1.0618020E-005
          5207.23     -1.0456581E-005
          5218.52     -1.0292404E-005
          5229.80     -1.0125059E-005
          5241.09     -9.9540961E-006
          5252.38     -9.7791754E-006
          5263.67     -9.6003065E-006
          5274.96     -9.4172300E-006
          5286.25     -9.2296132E-006
          5297.54     -9.0371114E-006
          5308.83     -8.8394644E-006
          5320.12     -8.6364021E-006
          5331.41     -8.4277998E-006
          5342.70     -8.2140366E-006
          5353.98     -7.9952147E-006
          5365.27     -7.7715277E-006
          5376.56     -7.5429008E-006
          5387.85     -7.3099453E-006
          5399.14     -7.0733367E-006
          5410.43     -6.8338484E-006
          5421.72     -6.5938008E-006
          5433.01     -6.3543312E-006
          5444.30     -6.1159442E-006
          5455.59     -5.8798897E-006
          5466.88     -5.6476020E-006
          5478.16     -5.4204659E-006
          5489.45     -5.1995810E-006
          5500.74     -4.9857546E-006
          5512.03     -4.7793721E-006
          5523.32     -4.5813862E-006
          5534.61     -4.3928363E-006
          5545.90     -4.2136075E-006
          5557.19     -4.0434208E-006
          5568.48     -3.8824924E-006
          5579.77     -3.7309414E-006
          5591.05     -3.5885806E-006
          5602.34     -3.4545700E-006
          5613.63     -3.3279054E-006
          5624.92     -3.2084056E-006
          5636.21     -3.0955052E-006
          5647.50     -2.9884506E-006
          5658.79     -2.8868627E-006
          5670.08     -2.7904816E-006
          5681.37     -2.6989249E-006
          5692.66     -2.6115256E-006
          5703.95     -2.5279463E-006
          5715.23     -2.4479485E-006
          5726.52     -2.3712703E-006
          5737.81     -2.2976600E-006
          5749.10     -2.2270107E-006
          5760.39     -2.1591873E-006
          5771.68     -2.0939792E-006
          5782.97     -2.0310970E-006
          5794.26     -1.9703059E-006
          5805.55     -1.9114500E-006
          5816.84     -1.8542980E-006
          5828.12     -1.7987549E-006
          5839.41     -1.7447572E-006
          5850.70     -1.6922411E-006
          5861.99     -1.6410818E-006
          5873.28     -1.5911508E-006
          5884.57     -1.5422954E-006
          5895.86     -1.4943572E-006
          5907.15     -1.4472974E-006
          5918.44     -1.4010724E-006
          5929.73     -1.3556394E-006
          5941.02     -1.3109681E-006
          5952.30     -1.2670295E-006
          5963.59     -1.2238266E-006
          5974.88     -1.1813657E-006
          5986.17     -1.1396356E-006
          5997.46     -1.0986276E-006
          6008.75     -1.0583143E-006
          6020.04     -1.0186950E-006
          6031.33     -9.7977017E-007
          6042.62     -9.4151561E-007
          6053.91     -9.0392129E-007
          6065.20     -8.6697862E-007
          6076.48     -8.3065448E-007
          6087.77     -7.9490015E-007
          6099.06     -7.5967765E-007
          6110.35     -7.2494878E-007
          6121.64     -6.9067481E-007
          6132.93     -6.5682414E-007
          6144.22     -6.2336551E-007
          6155.51     -5.9027613E-007
          6166.80     -5.5753134E-007
          6178.09     -5.2510627E-007
          6189.38     -4.9297755E-007
          6200.66     -4.6112166E-007
          6211.95     -4.2951535E-007
          6223.24     -3.9813697E-007
          6234.53     -3.6696540E-007
          6245.82     -3.3597904E-007
          6257.11     -3.0515657E-007
          6268.40     -2.7447480E-007
          6279.69     -2.4390347E-007
          6290.98     -2.1340895E-007
          6302.27     -1.8296305E-007
          6313.55     -1.5254218E-007
          6324.84     -1.2212339E-007
          6336.13     -9.1683232E-008
          6347.42     -6.1198218E-008
          6358.71     -3.0644923E-008
          6370.00      0.0000000E+000
