          3480.00      4.1007674E-034
          3491.29     -4.3427144E-013
          3502.58     -8.0401619E-013
          3513.87     -1.1156483E-012
          3525.16     -1.3747421E-012
          3536.45     -1.5862740E-012
          3547.73     -1.7548150E-012
          3559.02     -1.8844181E-012
          3570.31     -1.9786648E-012
          3581.60     -2.0407064E-012
          3592.89     -2.0733014E-012
          3604.18     -2.0788460E-012
          3615.47     -2.0600607E-012
          3626.76     -2.0193071E-012
          3638.05     -1.9579853E-012
          3649.34     -1.8772434E-012
          3660.62     -1.7779945E-012
          3671.91     -1.6609320E-012
          3683.20     -1.5265429E-012
          3694.49     -1.3751185E-012
          3705.78     -1.2067651E-012
          3717.07     -1.0214106E-012
          3728.36     -8.1881194E-013
          3739.65     -6.0581102E-013
          3750.94     -3.8855611E-013
          3762.23     -1.6561960E-013
          3773.52      6.4458667E-014
          3784.80      3.0317890E-013
          3796.09      5.5208752E-013
          3807.38      8.1278256E-013
          3818.67      1.0869202E-012
          3829.96      1.3762241E-012
          3841.25      1.6824950E-012
          3852.54      2.0076174E-012
          3863.83      2.3208367E-012
          3875.12      2.5940205E-012
          3886.41      2.8327186E-012
          3897.70      3.0420734E-012
          3908.98      3.2268629E-012
          3920.27      3.3915410E-012
          3931.56      3.5402752E-012
          3942.85      3.6769805E-012
          3954.14      3.7984125E-012
          3965.43      3.9016762E-012
          3976.72      3.9908310E-012
          3988.01      4.0696890E-012
          3999.30      4.1418447E-012
          4010.59      4.2107033E-012
          4021.88      4.2795064E-012
          4033.16      4.3210219E-012
          4044.45      4.3102542E-012
          4055.74      4.2532685E-012
          4067.03      4.1556073E-012
          4078.32      4.0223370E-012
          4089.61      3.8580919E-012
          4100.90      3.6389370E-012
          4112.19      3.3427338E-012
          4123.48      2.9759544E-012
          4134.77      2.5443755E-012
          4146.05      1.8741841E-012
          4157.34      8.0451516E-013
          4168.63     -7.3448622E-013
          4179.92     -2.8085952E-012
          4191.21     -5.4757234E-012
          4202.50     -8.9697877E-012
          4213.79     -1.3427908E-011
          4225.08     -1.8859508E-011
          4236.37     -2.5276606E-011
          4247.66     -3.2644508E-011
          4258.95     -4.1009026E-011
          4270.23     -5.0416263E-011
          4281.52     -6.0842156E-011
          4292.81     -7.2387972E-011
          4304.10     -8.5151704E-011
          4315.39     -9.9115090E-011
          4326.68     -1.1426717E-010
          4337.97     -1.3077636E-010
          4349.26     -1.4880413E-010
          4360.55     -1.6835325E-010
          4371.84     -1.8943404E-010
          4383.12     -2.1173072E-010
          4394.41     -2.3496040E-010
          4405.70     -2.5917879E-010
          4416.99     -2.8439404E-010
          4428.28     -3.1062176E-010
          4439.57     -3.3793403E-010
          4450.86     -3.6634393E-010
          4462.15     -3.9587249E-010
          4473.44     -4.2626204E-010
          4484.73     -4.5728267E-010
          4496.02     -4.8827919E-010
          4507.30     -5.1808865E-010
          4518.59     -5.4639047E-010
          4529.88     -5.7297809E-010
          4541.17     -5.9751478E-010
          4552.46     -6.2027477E-010
          4563.75     -6.4169160E-010
          4575.04     -6.6197125E-010
          4586.33     -6.8122247E-010
          4597.62     -6.9956402E-010
          4608.91     -7.1697491E-010
          4620.20     -7.3357214E-010
          4631.48     -7.4980061E-010
          4642.77     -7.6573158E-010
          4654.06     -7.8125352E-010
          4665.35     -7.9666461E-010
          4676.64     -8.1261910E-010
          4687.93     -8.2958139E-010
          4699.22     -8.4761988E-010
          4710.51     -8.6672220E-010
          4721.80     -8.8685800E-010
          4733.09     -9.0749931E-010
          4744.38     -9.2760395E-010
          4755.66     -9.4637338E-010
          4766.95     -9.6365176E-010
          4778.24     -9.7926679E-010
          4789.53     -9.9253087E-010
          4800.82     -1.0031879E-009
          4812.11     -1.0111594E-009
          4823.40     -1.0163665E-009
          4834.69     -1.0186341E-009
          4845.98     -1.0177910E-009
          4857.27     -1.0133894E-009
          4868.55     -1.0049991E-009
          4879.84     -9.9287802E-010
          4891.13     -9.7672766E-010
          4902.42     -9.5625533E-010
          4913.71     -9.3032937E-010
          4925.00     -8.9681329E-010
          4936.29     -8.5499133E-010
          4947.58     -8.0491024E-010
          4958.87     -7.4658694E-010
          4970.16     -6.8027875E-010
          4981.45     -6.0569439E-010
          4992.73     -5.2252935E-010
          5004.02     -4.3095483E-010
          5015.31     -3.3102612E-010
          5026.60     -2.2276171E-010
          5037.89     -1.0630008E-010
          5049.18      1.5399576E-011
          5060.47      1.3946579E-010
          5071.76      2.6669887E-010
          5083.05      3.9806522E-010
          5094.34      5.3371940E-010
          5105.62      6.7160239E-010
          5116.91      8.0841556E-010
          5128.20      9.4635906E-010
          5139.49      1.0889581E-009
          5150.78      1.2390213E-009
          5162.07      1.4001315E-009
          5173.36      1.5732842E-009
          5184.65      1.7553407E-009
          5195.94      1.9433851E-009
          5207.23      2.1286420E-009
          5218.52      2.3028605E-009
          5229.80      2.4594839E-009
          5241.09      2.5923185E-009
          5252.38      2.6837812E-009
          5263.67      2.6863093E-009
          5274.96      2.5736099E-009
          5286.25      2.3155750E-009
          5297.54      1.8836241E-009
          5308.83      1.2186708E-009
          5320.12      2.6483302E-010
          5331.41     -1.1041246E-009
          5342.70     -3.1564624E-009
          5353.98     -6.1118927E-009
          5365.27     -1.0290579E-008
          5376.56     -1.5894725E-008
          5387.85     -2.3698276E-008
          5399.14     -3.4416963E-008
          5410.43     -4.9068759E-008
          5421.72     -6.9905144E-008
          5433.01     -9.7866485E-008
          5444.30     -1.3325222E-007
          5455.59     -1.7695143E-007
          5466.88     -2.2983813E-007
          5478.16     -2.9250432E-007
          5489.45     -3.6508280E-007
          5500.74     -4.4731382E-007
          5512.03     -5.3852788E-007
          5523.32     -6.3847834E-007
          5534.61     -7.4686852E-007
          5545.90     -8.6254670E-007
          5557.19     -9.8437506E-007
          5568.48     -1.1116230E-006
          5579.77     -1.2435326E-006
          5591.05     -1.3792273E-006
          5602.34     -1.5175717E-006
          5613.63     -1.6575264E-006
          5624.92     -1.7986264E-006
          5636.21     -1.9402102E-006
          5647.50     -2.0816336E-006
          5658.79     -2.2225122E-006
          5670.08     -2.3625952E-006
          5681.37     -2.5015164E-006
          5692.66     -2.6387536E-006
          5703.95     -2.7740781E-006
          5715.23     -2.9073454E-006
          5726.52     -3.0383816E-006
          5737.81     -3.1670206E-006
          5749.10     -3.2932710E-006
          5760.39     -3.4170590E-006
          5771.68     -3.5382063E-006
          5782.97     -3.6563679E-006
          5794.26     -3.7713330E-006
          5805.55     -3.8829823E-006
          5816.84     -3.9910373E-006
          5828.12     -4.0955126E-006
          5839.41     -4.1964549E-006
          5850.70     -4.2938904E-006
          5861.99     -4.3876062E-006
          5873.28     -4.4773843E-006
          5884.57     -4.5628485E-006
          5895.86     -4.6436245E-006
          5907.15     -4.7197794E-006
          5918.44     -4.7913159E-006
          5929.73     -4.8582038E-006
          5941.02     -4.9204453E-006
          5952.30     -4.9780071E-006
          5963.59     -5.0310308E-006
          5974.88     -5.0796082E-006
          5986.17     -5.1236854E-006
          5997.46     -5.1631669E-006
          6008.75     -5.1977825E-006
          6020.04     -5.2274483E-006
          6031.33     -5.2520348E-006
          6042.62     -5.2711563E-006
          6053.91     -5.2845250E-006
          6065.20     -5.2918084E-006
          6076.48     -5.2923781E-006
          6087.77     -5.2854139E-006
          6099.06     -5.2701993E-006
          6110.35     -5.2459649E-006
          6121.64     -5.2119123E-006
          6132.93     -5.1672724E-006
          6144.22     -5.1112374E-006
          6155.51     -5.0430723E-006
          6166.80     -4.9619623E-006
          6178.09     -4.8670450E-006
          6189.38     -4.7574345E-006
          6200.66     -4.6321784E-006
          6211.95     -4.4902610E-006
          6223.24     -4.3306246E-006
          6234.53     -4.1521407E-006
          6245.82     -3.9535948E-006
          6257.11     -3.7336970E-006
          6268.40     -3.4910329E-006
          6279.69     -3.2239667E-006
          6290.98     -2.9307506E-006
          6302.27     -2.6097158E-006
          6313.55     -2.2592182E-006
          6324.84     -1.8775213E-006
          6336.13     -1.4627710E-006
          6347.42     -1.0130025E-006
          6358.71     -5.2614144E-007
          6370.00      0.0000000E+000
