          3480.00      1.1240979E-032
          3491.29      3.2816671E-014
          3502.58      6.8155038E-014
          3513.87      1.0605928E-013
          3525.16      1.4660943E-013
          3536.45      1.8992291E-013
          3547.73      2.3615177E-013
          3559.02      2.8547982E-013
          3570.31      3.3812228E-013
          3581.60      3.9432537E-013
          3592.89      4.5436645E-013
          3604.18      5.1855433E-013
          3615.47      5.8723859E-013
          3626.76      6.6079803E-013
          3638.05      7.3963525E-013
          3649.34      8.2418864E-013
          3660.62      9.1493440E-013
          3671.91      1.0123881E-012
          3683.20      1.1171067E-012
          3694.49      1.2296912E-012
          3705.78      1.3507885E-012
          3717.07      1.4810951E-012
          3728.36      1.6213594E-012
          3739.65      1.7725213E-012
          3750.94      1.9355531E-012
          3762.23      2.1113428E-012
          3773.52      2.3008487E-012
          3784.80      2.5051031E-012
          3796.09      2.7252161E-012
          3807.38      2.9623809E-012
          3818.67      3.2178781E-012
          3829.96      3.4930804E-012
          3841.25      3.7894595E-012
          3852.54      4.1085908E-012
          3863.83      4.4527211E-012
          3875.12      4.8241141E-012
          3886.41      5.2245562E-012
          3897.70      5.6559799E-012
          3908.98      6.1204683E-012
          3920.27      6.6202610E-012
          3931.56      7.1577635E-012
          3942.85      7.7355537E-012
          3954.14      8.3564795E-012
          3965.43      9.0235609E-012
          3976.72      9.7399192E-012
          3988.01      1.0508890E-011
          3999.30      1.1334031E-011
          4010.59      1.2219132E-011
          4021.88      1.3168233E-011
          4033.16      1.4185857E-011
          4044.45      1.5276734E-011
          4055.74      1.6445617E-011
          4067.03      1.7697566E-011
          4078.32      1.9037959E-011
          4089.61      2.0472511E-011
          4100.90      2.2007327E-011
          4112.19      2.3648833E-011
          4123.48      2.5403764E-011
          4134.77      2.7279252E-011
          4146.05      2.9282339E-011
          4157.34      3.1420232E-011
          4168.63      3.3700472E-011
          4179.92      3.6130934E-011
          4191.21      3.8719703E-011
          4202.50      4.1473546E-011
          4213.79      4.4400150E-011
          4225.08      4.7508615E-011
          4236.37      5.0808455E-011
          4247.66      5.4310248E-011
          4258.95      5.8023743E-011
          4270.23      6.1959118E-011
          4281.52      6.6128249E-011
          4292.81      7.0540765E-011
          4304.10      7.5206723E-011
          4315.39      8.0139262E-011
          4326.68      8.5351905E-011
          4337.97      9.0853292E-011
          4349.26      9.6652516E-011
          4360.55      1.0276379E-010
          4371.84      1.0920153E-010
          4383.12      1.1599328E-010
          4394.41      1.2316640E-010
          4405.70      1.3073591E-010
          4416.99      1.3871955E-010
          4428.28      1.4713522E-010
          4439.57      1.5599876E-010
          4450.86      1.6532949E-010
          4462.15      1.7514676E-010
          4473.44      1.8548676E-010
          4484.73      1.9638490E-010
          4496.02      2.0790601E-010
          4507.30      2.2015026E-010
          4518.59      2.3316612E-010
          4529.88      2.4699809E-010
          4541.17      2.6170152E-010
          4552.46      2.7728773E-010
          4563.75      2.9375611E-010
          4575.04      3.1112401E-010
          4586.33      3.2941681E-010
          4597.62      3.4865899E-010
          4608.91      3.6888781E-010
          4620.20      3.9012692E-010
          4631.48      4.1236755E-010
          4642.77      4.3563713E-010
          4654.06      4.5998010E-010
          4665.35      4.8539591E-010
          4676.64      5.1184145E-010
          4687.93      5.3929169E-010
          4699.22      5.6776357E-010
          4710.51      5.9728063E-010
          4721.80      6.2786508E-010
          4733.09      6.5960171E-010
          4744.38      6.9264223E-010
          4755.66      7.2710460E-010
          4766.95      7.6301336E-010
          4778.24      8.0039352E-010
          4789.53      8.3934387E-010
          4800.82      8.7989117E-010
          4812.11      9.2203017E-010
          4823.40      9.6574678E-010
          4834.69      1.0110375E-009
          4845.98      1.0578870E-009
          4857.27      1.1063237E-009
          4868.55      1.1563593E-009
          4879.84      1.2078633E-009
          4891.13      1.2608011E-009
          4902.42      1.3151186E-009
          4913.71      1.3709268E-009
          4925.00      1.4285352E-009
          4936.29      1.4879279E-009
          4947.58      1.5489016E-009
          4958.87      1.6112334E-009
          4970.16      1.6746154E-009
          4981.45      1.7388436E-009
          4992.73      1.8036814E-009
          5004.02      1.8687341E-009
          5015.31      1.9335951E-009
          5026.60      1.9978204E-009
          5037.89      2.0608815E-009
          5049.18      2.1213764E-009
          5060.47      2.1778665E-009
          5071.76      2.2299173E-009
          5083.05      2.2770661E-009
          5094.34      2.3185200E-009
          5105.62      2.3526762E-009
          5116.91      2.3774225E-009
          5128.20      2.3923858E-009
          5139.49      2.3975158E-009
          5150.78      2.3924368E-009
          5162.07      2.3769277E-009
          5173.36      2.3497038E-009
          5184.65      2.3077647E-009
          5195.94      2.2480447E-009
          5207.23      2.1648924E-009
          5218.52      2.0526922E-009
          5229.80      1.9061614E-009
          5241.09      1.7199479E-009
          5252.38      1.4833091E-009
          5263.67      1.1718415E-009
          5274.96      7.7021483E-010
          5286.25      2.6038673E-010
          5297.54     -3.7533954E-010
          5308.83     -1.1705260E-009
          5320.12     -2.1575768E-009
          5331.41     -3.4059777E-009
          5342.70     -5.0579301E-009
          5353.98     -7.2331137E-009
          5365.27     -1.0106840E-008
          5376.56     -1.3793921E-008
          5387.85     -1.8722202E-008
          5399.14     -2.5286692E-008
          5410.43     -3.4059248E-008
          5421.72     -4.6290472E-008
          5433.01     -6.2505495E-008
          5444.30     -8.2885425E-008
          5455.59     -1.0794711E-007
          5466.88     -1.3820743E-007
          5478.16     -1.7402849E-007
          5489.45     -2.1551820E-007
          5500.74     -2.6256491E-007
          5512.03     -3.1482638E-007
          5523.32     -3.7223159E-007
          5534.61     -4.3468166E-007
          5545.90     -5.0154928E-007
          5557.19     -5.7222453E-007
          5568.48     -6.4636758E-007
          5579.77     -7.2361743E-007
          5591.05     -8.0352503E-007
          5602.34     -8.8542583E-007
          5613.63     -9.6870698E-007
          5624.92     -1.0531982E-006
          5636.21     -1.1385310E-006
          5647.50     -1.2243307E-006
          5658.79     -1.3104277E-006
          5670.08     -1.3967643E-006
          5681.37     -1.4831489E-006
          5692.66     -1.5692128E-006
          5703.95     -1.6548620E-006
          5715.23     -1.7400741E-006
          5726.52     -1.8247848E-006
          5737.81     -1.9089266E-006
          5749.10     -1.9926106E-006
          5760.39     -2.0758551E-006
          5771.68     -2.1585596E-006
          5782.97     -2.2404354E-006
          5794.26     -2.3213300E-006
          5805.55     -2.4011845E-006
          5816.84     -2.4797611E-006
          5828.12     -2.5571413E-006
          5839.41     -2.6334409E-006
          5850.70     -2.7087529E-006
          5861.99     -2.7829035E-006
          5873.28     -2.8557129E-006
          5884.57     -2.9268207E-006
          5895.86     -2.9958688E-006
          5907.15     -3.0629934E-006
          5918.44     -3.1282574E-006
          5929.73     -3.1916863E-006
          5941.02     -3.2533417E-006
          5952.30     -3.3132441E-006
          5963.59     -3.3716160E-006
          5974.88     -3.4286204E-006
          5986.17     -3.4842535E-006
          5997.46     -3.5384625E-006
          6008.75     -3.5909905E-006
          6020.04     -3.6418020E-006
          6031.33     -3.6908045E-006
          6042.62     -3.7376006E-006
          6053.91     -3.7819111E-006
          6065.20     -3.8234002E-006
          6076.48     -3.8613715E-006
          6087.77     -3.8948923E-006
          6099.06     -3.9231579E-006
          6110.35     -3.9452905E-006
          6121.64     -3.9603739E-006
          6132.93     -3.9675204E-006
          6144.22     -3.9657873E-006
          6155.51     -3.9543148E-006
          6166.80     -3.9321289E-006
          6178.09     -3.8981813E-006
          6189.38     -3.8513792E-006
          6200.66     -3.7905272E-006
          6211.95     -3.7143289E-006
          6223.24     -3.6214144E-006
          6234.53     -3.5102970E-006
          6245.82     -3.3793515E-006
          6257.11     -3.2268248E-006
          6268.40     -3.0507632E-006
          6279.69     -2.8488708E-006
          6290.98     -2.6186660E-006
          6302.27     -2.3577545E-006
          6313.55     -2.0637462E-006
          6324.84     -1.7340758E-006
          6336.13     -1.3659633E-006
          6347.42     -9.5641898E-007
          6358.71     -5.0223961E-007
          6370.00      0.0000000E+000
