          3480.00      1.3581542E-037
          3491.29     -1.0335747E-008
          3502.58     -2.0482067E-008
          3513.87     -3.0446390E-008
          3525.16     -4.0235624E-008
          3536.45     -4.9856469E-008
          3547.73     -5.9315545E-008
          3559.02     -6.8619156E-008
          3570.31     -7.7773352E-008
          3581.60     -8.6783903E-008
          3592.89     -9.5656317E-008
          3604.18     -1.0439582E-007
          3615.47     -1.1300812E-007
          3626.76     -1.2149855E-007
          3638.05     -1.2987131E-007
          3649.34     -1.3813040E-007
          3660.62     -1.4627958E-007
          3671.91     -1.5432242E-007
          3683.20     -1.6226227E-007
          3694.49     -1.7010230E-007
          3705.78     -1.7784546E-007
          3717.07     -1.8549453E-007
          3728.36     -1.9305209E-007
          3739.65     -2.0052823E-007
          3750.94     -2.0793235E-007
          3762.23     -2.1526581E-007
          3773.52     -2.2252977E-007
          3784.80     -2.2972528E-007
          3796.09     -2.3685320E-007
          3807.38     -2.4391429E-007
          3818.67     -2.5090917E-007
          3829.96     -2.5783831E-007
          3841.25     -2.6470205E-007
          3852.54     -2.7150057E-007
          3863.83     -2.7825816E-007
          3875.12     -2.8499779E-007
          3886.41     -2.9171750E-007
          3897.70     -2.9841525E-007
          3908.98     -3.0508891E-007
          3920.27     -3.1173626E-007
          3931.56     -3.1835499E-007
          3942.85     -3.2494271E-007
          3954.14     -3.3150069E-007
          3965.43     -3.3802995E-007
          3976.72     -3.4452758E-007
          3988.01     -3.5099059E-007
          3999.30     -3.5741589E-007
          4010.59     -3.6380027E-007
          4021.88     -3.7014044E-007
          4033.16     -3.7644499E-007
          4044.45     -3.8272189E-007
          4055.74     -3.8896677E-007
          4067.03     -3.9517518E-007
          4078.32     -4.0134261E-007
          4089.61     -4.0746440E-007
          4100.90     -4.1354429E-007
          4112.19     -4.1958556E-007
          4123.48     -4.2558276E-007
          4134.77     -4.3153034E-007
          4146.05     -4.3746734E-007
          4157.34     -4.4343089E-007
          4168.63     -4.4943373E-007
          4179.92     -4.5548770E-007
          4191.21     -4.6160082E-007
          4202.50     -4.6781669E-007
          4213.79     -4.7415929E-007
          4225.08     -4.8062528E-007
          4236.37     -4.8721099E-007
          4247.66     -4.9390294E-007
          4258.95     -5.0069987E-007
          4270.23     -5.0760004E-007
          4281.52     -5.1458936E-007
          4292.81     -5.2167071E-007
          4304.10     -5.2884629E-007
          4315.39     -5.3610106E-007
          4326.68     -5.4342001E-007
          4337.97     -5.5080832E-007
          4349.26     -5.5827035E-007
          4360.55     -5.6579114E-007
          4371.84     -5.7335573E-007
          4383.12     -5.8091698E-007
          4394.41     -5.8842901E-007
          4405.70     -5.9587741E-007
          4416.99     -6.0324348E-007
          4428.28     -6.1050859E-007
          4439.57     -6.1765829E-007
          4450.86     -6.2467364E-007
          4462.15     -6.3153574E-007
          4473.44     -6.3820834E-007
          4484.73     -6.4465596E-007
          4496.02     -6.5082105E-007
          4507.30     -6.5661804E-007
          4518.59     -6.6200723E-007
          4529.88     -6.6695761E-007
          4541.17     -6.7143226E-007
          4552.46     -6.7542222E-007
          4563.75     -6.7892598E-007
          4575.04     -6.8193298E-007
          4586.33     -6.8442909E-007
          4597.62     -6.8640068E-007
          4608.91     -6.8782958E-007
          4620.20     -6.8870194E-007
          4631.48     -6.8901421E-007
          4642.77     -6.8875177E-007
          4654.06     -6.8789423E-007
          4665.35     -6.8643236E-007
          4676.64     -6.8436582E-007
          4687.93     -6.8168920E-007
          4699.22     -6.7838690E-007
          4710.51     -6.7444100E-007
          4721.80     -6.6983280E-007
          4733.09     -6.6453306E-007
          4744.38     -6.5850183E-007
          4755.66     -6.5170403E-007
          4766.95     -6.4411656E-007
          4778.24     -6.3571637E-007
          4789.53     -6.2647150E-007
          4800.82     -6.1635685E-007
          4812.11     -6.0535039E-007
          4823.40     -5.9342976E-007
          4834.69     -5.8057135E-007
          4845.98     -5.6675118E-007
          4857.27     -5.5194196E-007
          4868.55     -5.3611606E-007
          4879.84     -5.1925421E-007
          4891.13     -5.0133063E-007
          4902.42     -4.8231911E-007
          4913.71     -4.6218509E-007
          4925.00     -4.4088356E-007
          4936.29     -4.1838321E-007
          4947.58     -3.9466005E-007
          4958.87     -3.6968946E-007
          4970.16     -3.4344870E-007
          4981.45     -3.1591038E-007
          4992.73     -2.8704652E-007
          5004.02     -2.5683254E-007
          5015.31     -2.2524255E-007
          5026.60     -1.9224999E-007
          5037.89     -1.5782866E-007
          5049.18     -1.2196878E-007
          5060.47     -8.4659937E-008
          5071.76     -4.5869520E-008
          5083.05     -5.5631670E-009
          5094.34      3.6289639E-008
          5105.62      7.9709412E-008
          5116.91      1.2471135E-007
          5128.20      1.7133663E-007
          5139.49      2.1963376E-007
          5150.78      2.6964789E-007
          5162.07      3.2142827E-007
          5173.36      3.7501442E-007
          5184.65      4.3043134E-007
          5195.94      4.8770536E-007
          5207.23      5.4684527E-007
          5218.52      6.0786169E-007
          5229.80      6.7077354E-007
          5241.09      7.3560122E-007
          5252.38      8.0233672E-007
          5263.67      8.7089292E-007
          5274.96      9.4123996E-007
          5286.25      1.0133460E-006
          5297.54      1.0871827E-006
          5308.83      1.1626605E-006
          5320.12      1.2396956E-006
          5331.41      1.3180663E-006
          5342.70      1.3972543E-006
          5353.98      1.4768470E-006
          5365.27      1.5562433E-006
          5376.56      1.6350709E-006
          5387.85      1.7118860E-006
          5399.14      1.7853146E-006
          5410.43      1.8534274E-006
          5421.72      1.9118975E-006
          5433.01      1.9587514E-006
          5444.30      1.9932027E-006
          5455.59      2.0133038E-006
          5466.88      2.0170615E-006
          5478.16      2.0029354E-006
          5489.45      1.9702128E-006
          5500.74      1.9189176E-006
          5512.03      1.8498967E-006
          5523.32      1.7632043E-006
          5534.61      1.6589464E-006
          5545.90      1.5389399E-006
          5557.19      1.4050989E-006
          5568.48      1.2586188E-006
          5579.77      1.1007759E-006
          5591.05      9.3311564E-007
          5602.34      7.5768158E-007
          5613.63      5.7644594E-007
          5624.92      3.9048083E-007
          5636.21      2.0107328E-007
          5647.50      9.5238549E-009
          5658.79     -1.8326122E-007
          5670.08     -3.7652438E-007
          5681.37     -5.6947997E-007
          5692.66     -7.6124440E-007
          5703.95     -9.5120626E-007
          5715.23     -1.1388544E-006
          5726.52     -1.3237029E-006
          5737.81     -1.5053087E-006
          5749.10     -1.6833239E-006
          5760.39     -1.8574018E-006
          5771.68     -2.0271859E-006
          5782.97     -2.1923114E-006
          5794.26     -2.3524827E-006
          5805.55     -2.5074599E-006
          5816.84     -2.6569894E-006
          5828.12     -2.8008888E-006
          5839.41     -2.9389899E-006
          5850.70     -3.0711271E-006
          5861.99     -3.1971074E-006
          5873.28     -3.3167479E-006
          5884.57     -3.4298560E-006
          5895.86     -3.5362529E-006
          5907.15     -3.6358238E-006
          5918.44     -3.7284446E-006
          5929.73     -3.8139860E-006
          5941.02     -3.8923247E-006
          5952.30     -3.9633346E-006
          5963.59     -4.0269101E-006
          5974.88     -4.0829366E-006
          5986.17     -4.1312807E-006
          5997.46     -4.1718028E-006
          6008.75     -4.2043448E-006
          6020.04     -4.2288180E-006
          6031.33     -4.2449863E-006
          6042.62     -4.2527345E-006
          6053.91     -4.2519100E-006
          6065.20     -4.2423546E-006
          6076.48     -4.2238832E-006
          6087.77     -4.1962976E-006
          6099.06     -4.1594145E-006
          6110.35     -4.1130484E-006
          6121.64     -4.0570138E-006
          6132.93     -3.9911263E-006
          6144.22     -3.9151980E-006
          6155.51     -3.8290507E-006
          6166.80     -3.7325033E-006
          6178.09     -3.6253760E-006
          6189.38     -3.5074930E-006
          6200.66     -3.3786753E-006
          6211.95     -3.2387399E-006
          6223.24     -3.0875015E-006
          6234.53     -2.9247705E-006
          6245.82     -2.7503513E-006
          6257.11     -2.5640442E-006
          6268.40     -2.3656421E-006
          6279.69     -2.1549256E-006
          6290.98     -1.9316728E-006
          6302.27     -1.6956723E-006
          6313.55     -1.4467163E-006
          6324.84     -1.1845933E-006
          6336.13     -9.0908525E-007
          6347.42     -6.1996925E-007
          6358.71     -3.1701833E-007
          6370.00     -1.1952581E-043
