          3480.00      0.0000000E+000
          3491.29     -4.0438530E-001
          3502.58     -4.3774744E-001
          3513.87     -4.7229498E-001
          3525.16     -5.0808315E-001
          3536.45     -5.4517169E-001
          3547.73     -5.8362516E-001
          3559.02     -6.2351347E-001
          3570.31     -6.6491265E-001
          3581.60     -7.0790544E-001
          3592.89     -7.5258211E-001
          3604.18     -7.9904176E-001
          3615.47     -8.4739384E-001
          3626.76     -8.9775936E-001
          3638.05     -9.5027160E-001
          3649.34     -1.0050776E+000
          3660.62     -1.0623403E+000
          3671.91     -1.1222404E+000
          3683.20     -1.1849788E+000
          3694.49     -1.2507795E+000
          3705.78     -1.3198930E+000
          3717.07     -1.3925997E+000
          3728.36     -1.4692154E+000
          3739.65     -1.5500957E+000
          3750.94     -1.6356430E+000
          3762.23     -1.7263142E+000
          3773.52     -1.8226298E+000
          3784.80     -1.9251854E+000
          3796.09     -2.0346652E+000
          3807.38     -2.1518586E+000
          3818.67     -2.2776813E+000
          3829.96     -2.4132007E+000
          3841.25     -2.5596699E+000
          3852.54     -2.7185683E+000
          3863.83     -2.8916552E+000
          3875.12     -3.0810391E+000
          3886.41     -3.2892674E+000
          3897.70     -3.5194481E+000
          3908.98     -3.7754117E+000
          3920.27     -4.0619325E+000
          3931.56     -4.3850401E+000
          3942.85     -4.7524589E+000
          3954.14     -5.1742471E+000
          3965.43     -5.6637501E+000
          3976.72     -6.2390614E+000
          3988.01     -6.9253445E+000
          3999.30     -7.7586568E+000
          4010.59     -8.7925565E+000
          4021.88     -1.0110193E+001
          4033.16     -1.1848013E+001
          4044.45     -1.4246610E+001
          4055.74     -1.7773528E+001
          4067.03     -2.3473419E+001
          4078.32     -3.4255964E+001
          4089.61     -6.2412915E+001
          4100.90     -3.2464577E+002
          4112.19     -1.0367583E+002
          4123.48     -4.5115317E+001
          4134.77     -2.8994331E+001
          4146.05     -2.1446834E+001
          4157.34     -1.7068832E+001
          4168.63     -1.4209438E+001
          4179.92     -1.2194699E+001
          4191.21     -1.0698089E+001
          4202.50     -9.5421837E+000
          4213.79     -8.6222796E+000
          4225.08     -7.8725970E+000
          4236.37     -7.2497308E+000
          4247.66     -6.7238836E+000
          4258.95     -6.2739186E+000
          4270.23     -5.8844271E+000
          4281.52     -5.5439119E+000
          4292.81     -5.2436185E+000
          4304.10     -4.9767645E+000
          4315.39     -4.7380131E+000
          4326.68     -4.5231075E+000
          4337.97     -4.3286113E+000
          4349.26     -4.1517191E+000
          4360.55     -3.9901183E+000
          4371.84     -3.8418866E+000
          4383.12     -3.7054112E+000
          4394.41     -3.5793292E+000
          4405.70     -3.4624809E+000
          4416.99     -3.3538738E+000
          4428.28     -3.2526532E+000
          4439.57     -3.1580791E+000
          4450.86     -3.0695077E+000
          4462.15     -2.9863762E+000
          4473.44     -2.9081902E+000
          4484.73     -2.8345139E+000
          4496.02     -2.7649615E+000
          4507.30     -2.6991902E+000
          4518.59     -2.6368947E+000
          4529.88     -2.5778014E+000
          4541.17     -2.5216653E+000
          4552.46     -2.4682657E+000
          4563.75     -2.4174037E+000
          4575.04     -2.3688991E+000
          4586.33     -2.3225888E+000
          4597.62     -2.2783242E+000
          4608.91     -2.2359701E+000
          4620.20     -2.1954030E+000
          4631.48     -2.1565100E+000
          4642.77     -2.1191875E+000
          4654.06     -2.0833402E+000
          4665.35     -2.0488807E+000
          4676.64     -2.0157282E+000
          4687.93     -1.9838083E+000
          4699.22     -1.9530520E+000
          4710.51     -1.9233954E+000
          4721.80     -1.8947795E+000
          4733.09     -1.8671491E+000
          4744.38     -1.8404532E+000
          4755.66     -1.8146441E+000
          4766.95     -1.7896773E+000
          4778.24     -1.7655114E+000
          4789.53     -1.7421075E+000
          4800.82     -1.7194294E+000
          4812.11     -1.6974431E+000
          4823.40     -1.6761166E+000
          4834.69     -1.6554200E+000
          4845.98     -1.6353252E+000
          4857.27     -1.6158056E+000
          4868.55     -1.5968363E+000
          4879.84     -1.5783938E+000
          4891.13     -1.5604559E+000
          4902.42     -1.5430016E+000
          4913.71     -1.5260112E+000
          4925.00     -1.5094659E+000
          4936.29     -1.4933480E+000
          4947.58     -1.4776408E+000
          4958.87     -1.4623283E+000
          4970.16     -1.4473956E+000
          4981.45     -1.4328281E+000
          4992.73     -1.4186124E+000
          5004.02     -1.4047355E+000
          5015.31     -1.3911851E+000
          5026.60     -1.3779494E+000
          5037.89     -1.3650175E+000
          5049.18     -1.3523785E+000
          5060.47     -1.3400224E+000
          5071.76     -1.3279395E+000
          5083.05     -1.3161205E+000
          5094.34     -1.3045568E+000
          5105.62     -1.2932398E+000
          5116.91     -1.2821616E+000
          5128.20     -1.2713143E+000
          5139.49     -1.2606907E+000
          5150.78     -1.2502837E+000
          5162.07     -1.2400866E+000
          5173.36     -1.2300928E+000
          5184.65     -1.2202961E+000
          5195.94     -1.2106906E+000
          5207.23     -1.2012706E+000
          5218.52     -1.1920305E+000
          5229.80     -1.1829651E+000
          5241.09     -1.1740694E+000
          5252.38     -1.1653385E+000
          5263.67     -1.1567676E+000
          5274.96     -1.1483523E+000
          5286.25     -1.1400882E+000
          5297.54     -1.1319713E+000
          5308.83     -1.1239973E+000
          5320.12     -1.1161626E+000
          5331.41     -1.1084633E+000
          5342.70     -1.1008958E+000
          5353.98     -1.0934567E+000
          5365.27     -1.0861427E+000
          5376.56     -1.0789504E+000
          5387.85     -1.0718768E+000
          5399.14     -1.0649189E+000
          5410.43     -1.0580737E+000
          5421.72     -1.0513385E+000
          5433.01     -1.0447105E+000
          5444.30     -1.0381871E+000
          5455.59     -1.0317658E+000
          5466.88     -1.0254441E+000
          5478.16     -1.0192196E+000
          5489.45     -1.0130900E+000
          5500.74     -1.0070531E+000
          5512.03     -1.0011067E+000
          5523.32     -9.9524876E-001
          5534.61     -9.8947724E-001
          5545.90     -9.8379019E-001
          5557.19     -9.7818570E-001
          5568.48     -9.7266192E-001
          5579.77     -9.6721705E-001
          5591.05     -9.6184930E-001
          5602.34     -9.5655696E-001
          5613.63     -9.5133838E-001
          5624.92     -9.4619196E-001
          5636.21     -9.4111618E-001
          5647.50     -9.3610956E-001
          5658.79     -9.3117067E-001
          5670.08     -9.2629812E-001
          5681.37     -9.2149045E-001
          5692.66     -9.1674617E-001
          5703.95     -9.1206391E-001
          5715.23     -9.0744240E-001
          5726.52     -9.0288049E-001
          5737.81     -1.0141345E+000
          5749.10     -1.5954577E+000
          5760.39     -2.2699645E+001
          5771.68     -1.3177346E+000
          5782.97     -5.5924335E-001
          5794.26     -3.2694292E-001
          5805.55     -2.1765192E-001
          5816.84     -1.5551856E-001
          5828.12     -1.1611160E-001
          5839.41     -8.9250961E-002
          5850.70     -6.9977640E-002
          5861.99     -5.5605245E-002
          5873.28     -4.4561304E-002
          5884.57     -3.5869123E-002
          5895.86     -2.8892929E-002
          5907.15     -2.3202773E-002
          5918.44     -1.8498565E-002
          5929.73     -1.4565153E-002
          5941.02     -1.1244642E-002
          5952.30     -8.4188470E-003
          5963.59     -5.9977793E-003
          5974.88     -3.9118717E-003
          5986.17     -2.1066299E-003
          5997.46     -5.3885315E-004
          6008.75      8.2608281E-004
          6020.04      2.0161814E-003
          6031.33      3.0543012E-003
          6042.62      3.9592236E-003
          6053.91      4.7464416E-003
          6065.20      5.4288040E-003
          6076.48      6.0170120E-003
          6087.77      6.5200027E-003
          6099.06      6.9452416E-003
          6110.35      7.2989547E-003
          6121.64      7.5863170E-003
          6132.93      7.8115929E-003
          6144.22      7.9782692E-003
          6155.51      8.0891753E-003
          6166.80      8.1465510E-003
          6178.09      8.1521038E-003
          6189.38      8.1070474E-003
          6200.66      8.0121143E-003
          6211.95      7.8675721E-003
          6223.24      7.6732348E-003
          6234.53      7.4284653E-003
          6245.82      7.1321668E-003
          6257.11      6.7827638E-003
          6268.40      6.3781746E-003
          6279.69      5.9157674E-003
          6290.98      5.3923060E-003
          6302.27      4.8038763E-003
          6313.55      4.1457948E-003
          6324.84      3.4124960E-003
          6336.13      2.6202658E-003
          6347.42      1.7885767E-003
          6358.71      9.1576914E-004
          6370.00      0.0000000E+000
