          3480.00      0.0000000E+000
          3491.29     -4.2696796E-001
          3502.58     -4.7457605E-001
          3513.87     -5.2272584E-001
          3525.16     -5.7133069E-001
          3536.45     -6.2030443E-001
          3547.73     -6.6956275E-001
          3559.02     -7.1902457E-001
          3570.31     -7.6861377E-001
          3581.60     -8.1826037E-001
          3592.89     -8.6790182E-001
          3604.18     -9.1748445E-001
          3615.47     -9.6696489E-001
          3626.76     -1.0163108E+000
          3638.05     -1.0655003E+000
          3649.34     -1.1145226E+000
          3660.62     -1.1633776E+000
          3671.91     -1.2120759E+000
          3683.20     -1.2606386E+000
          3694.49     -1.3090966E+000
          3705.78     -1.3574902E+000
          3717.07     -1.4058689E+000
          3728.36     -1.4542903E+000
          3739.65     -1.5028197E+000
          3750.94     -1.5515298E+000
          3762.23     -1.6004997E+000
          3773.52     -1.6498150E+000
          3784.80     -1.6995670E+000
          3796.09     -1.7498524E+000
          3807.38     -1.8007732E+000
          3818.67     -1.8524362E+000
          3829.96     -1.9049535E+000
          3841.25     -1.9584423E+000
          3852.54     -2.0130257E+000
          3863.83     -2.0688325E+000
          3875.12     -2.1259978E+000
          3886.41     -2.1846637E+000
          3897.70     -2.2449796E+000
          3908.98     -2.3071036E+000
          3920.27     -2.3712028E+000
          3931.56     -2.4374551E+000
          3942.85     -2.5060498E+000
          3954.14     -2.5771892E+000
          3965.43     -2.6510902E+000
          3976.72     -2.7279859E+000
          3988.01     -2.8081290E+000
          3999.30     -2.8917937E+000
          4010.59     -2.9792784E+000
          4021.88     -3.0709097E+000
          4033.16     -3.1670460E+000
          4044.45     -3.2680817E+000
          4055.74     -3.3744532E+000
          4067.03     -3.4866440E+000
          4078.32     -3.6051932E+000
          4089.61     -3.7307030E+000
          4100.90     -3.8638492E+000
          4112.19     -4.0053935E+000
          4123.48     -4.1561979E+000
          4134.77     -4.3172420E+000
          4146.05     -4.4896449E+000
          4157.34     -4.6746901E+000
          4168.63     -4.8738592E+000
          4179.92     -5.0888707E+000
          4191.21     -5.3217293E+000
          4202.50     -5.5747903E+000
          4213.79     -5.8508385E+000
          4225.08     -6.1531920E+000
          4236.37     -6.4858366E+000
          4247.66     -6.8536022E+000
          4258.95     -7.2624008E+000
          4270.23     -7.7195477E+000
          4281.52     -8.2342015E+000
          4292.81     -8.8179883E+000
          4304.10     -9.4858901E+000
          4315.39     -1.0257552E+001
          4326.68     -1.1159248E+001
          4337.97     -1.2226936E+001
          4349.26     -1.3511176E+001
          4360.55     -1.5085377E+001
          4371.84     -1.7060321E+001
          4383.12     -1.9611467E+001
          4394.41     -2.3034243E+001
          4405.70     -2.7867656E+001
          4416.99     -3.5210523E+001
          4428.28     -4.7703067E+001
          4439.57     -7.3689766E+001
          4450.86     -1.6071798E+002
          4462.15     -9.2368280E+002
          4473.44     -1.1984147E+002
          4484.73     -6.4251856E+001
          4496.02     -4.3972623E+001
          4507.30     -3.3469478E+001
          4518.59     -2.7046063E+001
          4529.88     -2.2711807E+001
          4541.17     -1.9589966E+001
          4552.46     -1.7234183E+001
          4563.75     -1.5393254E+001
          4575.04     -1.3914986E+001
          4586.33     -1.2701792E+001
          4597.62     -1.1688214E+001
          4608.91     -1.0828710E+001
          4620.20     -1.0090612E+001
          4631.48     -9.4498755E+000
          4642.77     -8.8884162E+000
          4654.06     -8.3923649E+000
          4665.35     -7.9509100E+000
          4676.64     -7.5554985E+000
          4687.93     -7.1992749E+000
          4699.22     -6.8766811E+000
          4710.51     -6.5831622E+000
          4721.80     -6.3149501E+000
          4733.09     -6.0689017E+000
          4744.38     -5.8423732E+000
          4755.66     -5.6331253E+000
          4766.95     -5.4392487E+000
          4778.24     -5.2591052E+000
          4789.53     -5.0912820E+000
          4800.82     -4.9345532E+000
          4812.11     -4.7878504E+000
          4823.40     -4.6502384E+000
          4834.69     -4.5208945E+000
          4845.98     -4.3990926E+000
          4857.27     -4.2841891E+000
          4868.55     -4.1756113E+000
          4879.84     -4.0728488E+000
          4891.13     -3.9754443E+000
          4902.42     -3.8829871E+000
          4913.71     -3.7951080E+000
          4925.00     -3.7114733E+000
          4936.29     -3.6317810E+000
          4947.58     -3.5557571E+000
          4958.87     -3.4831525E+000
          4970.16     -3.4137403E+000
          4981.45     -3.3473130E+000
          4992.73     -3.2836808E+000
          5004.02     -3.2226698E+000
          5015.31     -3.1641200E+000
          5026.60     -3.1078842E+000
          5037.89     -3.0538268E+000
          5049.18     -3.0018226E+000
          5060.47     -2.9517559E+000
          5071.76     -2.9035194E+000
          5083.05     -2.8570137E+000
          5094.34     -2.8121464E+000
          5105.62     -2.7688317E+000
          5116.91     -2.7269897E+000
          5128.20     -2.6865457E+000
          5139.49     -2.6474302E+000
          5150.78     -2.6095781E+000
          5162.07     -2.5729285E+000
          5173.36     -2.5374244E+000
          5184.65     -2.5030123E+000
          5195.94     -2.4696420E+000
          5207.23     -2.4372664E+000
          5218.52     -2.4058411E+000
          5229.80     -2.3753245E+000
          5241.09     -2.3456772E+000
          5252.38     -2.3168622E+000
          5263.67     -2.2888445E+000
          5274.96     -2.2615910E+000
          5286.25     -2.2350706E+000
          5297.54     -2.2092536E+000
          5308.83     -2.1841121E+000
          5320.12     -2.1596195E+000
          5331.41     -2.1357507E+000
          5342.70     -2.1124818E+000
          5353.98     -2.0897903E+000
          5365.27     -2.0676545E+000
          5376.56     -2.0460541E+000
          5387.85     -2.0249696E+000
          5399.14     -2.0043824E+000
          5410.43     -1.9842749E+000
          5421.72     -1.9646303E+000
          5433.01     -1.9454327E+000
          5444.30     -1.9266666E+000
          5455.59     -1.9083174E+000
          5466.88     -1.8903713E+000
          5478.16     -1.8728148E+000
          5489.45     -1.8556353E+000
          5500.74     -1.8388204E+000
          5512.03     -1.8223587E+000
          5523.32     -1.8062388E+000
          5534.61     -1.7904501E+000
          5545.90     -1.7749824E+000
          5557.19     -1.7598259E+000
          5568.48     -1.7449710E+000
          5579.77     -1.7304087E+000
          5591.05     -1.7161301E+000
          5602.34     -1.7021266E+000
          5613.63     -1.6883902E+000
          5624.92     -1.6749132E+000
          5636.21     -1.6616884E+000
          5647.50     -1.6487087E+000
          5658.79     -1.6359675E+000
          5670.08     -1.6234582E+000
          5681.37     -1.6111741E+000
          5692.66     -1.5991084E+000
          5703.95     -1.5872550E+000
          5715.23     -1.5756083E+000
          5726.52     -1.5641634E+000
          5737.81     -3.4489513E+000
          5749.10     -1.3833990E+000
          5760.39     -4.1564828E-001
          5771.68     -2.0593680E-001
          5782.97     -1.2083582E-001
          5794.26     -7.6748830E-002
          5805.55     -5.0581838E-002
          5816.84     -3.3625404E-002
          5828.12     -2.1939374E-002
          5839.41     -1.3510413E-002
          5850.70     -7.2150160E-003
          5861.99     -2.3827548E-003
          5873.28      1.4081497E-003
          5884.57      4.4346847E-003
          5895.86      6.8853068E-003
          5907.15      8.8921111E-003
          5918.44      1.0550047E-002
          5929.73      1.1928881E-002
          5941.02      1.3080881E-002
          5952.30      1.4045856E-002
          5963.59      1.4854550E-002
          5974.88      1.5531004E-002
          5986.17      1.6094211E-002
          5997.46      1.6559318E-002
          6008.75      1.6938504E-002
          6020.04      1.7241611E-002
          6031.33      1.7476646E-002
          6042.62      1.7650127E-002
          6053.91      1.7767336E-002
          6065.20      1.7832542E-002
          6076.48      1.7849170E-002
          6087.77      1.7819927E-002
          6099.06      1.7746900E-002
          6110.35      1.7631622E-002
          6121.64      1.7475136E-002
          6132.93      1.7278025E-002
          6144.22      1.7040460E-002
          6155.51      1.6762234E-002
          6166.80      1.6442768E-002
          6178.09      1.6081116E-002
          6189.38      1.5675942E-002
          6200.66      1.5225491E-002
          6211.95      1.4727550E-002
          6223.24      1.4179410E-002
          6234.53      1.3577820E-002
          6245.82      1.2918914E-002
          6257.11      1.2198128E-002
          6268.40      1.1410101E-002
          6279.69      1.0548533E-002
          6290.98      9.6060278E-003
          6302.27      8.5738767E-003
          6313.55      7.4417982E-003
          6324.84      6.1976072E-003
          6336.13      4.8363153E-003
          6347.42      3.3564485E-003
          6358.71      1.7482106E-003
          6370.00      0.0000000E+000
