          3480.00      0.0000000E+000
          3491.29     -3.1455930E-001
          3502.58     -3.3619072E-001
          3513.87     -3.5851799E-001
          3525.16     -3.8157501E-001
          3536.45     -4.0539835E-001
          3547.73     -4.3002739E-001
          3559.02     -4.5550459E-001
          3570.31     -4.8187592E-001
          3581.60     -5.0919107E-001
          3592.89     -5.3750396E-001
          3604.18     -5.6687339E-001
          3615.47     -5.9736385E-001
          3626.76     -6.2904610E-001
          3638.05     -6.6199733E-001
          3649.34     -6.9630190E-001
          3660.62     -7.3205236E-001
          3671.91     -7.6935034E-001
          3683.20     -8.0830772E-001
          3694.49     -8.4904795E-001
          3705.78     -8.9170745E-001
          3717.07     -9.3643755E-001
          3728.36     -9.8340641E-001
          3739.65     -1.0328013E+000
          3750.94     -1.0848316E+000
          3762.23     -1.1397320E+000
          3773.52     -1.1977663E+000
          3784.80     -1.2592322E+000
          3796.09     -1.3244666E+000
          3807.38     -1.3938524E+000
          3818.67     -1.4678264E+000
          3829.96     -1.5468892E+000
          3841.25     -1.6316173E+000
          3852.54     -1.7226781E+000
          3863.83     -1.8208483E+000
          3875.12     -1.9270373E+000
          3886.41     -2.0423163E+000
          3897.70     -2.1679568E+000
          3908.98     -2.3054787E+000
          3920.27     -2.4567140E+000
          3931.56     -2.6238920E+000
          3942.85     -2.8097522E+000
          3954.14     -3.0176990E+000
          3965.43     -3.2520163E+000
          3976.72     -3.5181705E+000
          3988.01     -3.8232509E+000
          3999.30     -4.1766183E+000
          4010.59     -4.5908938E+000
          4021.88     -5.0835152E+000
          4033.16     -5.6792749E+000
          4044.45     -6.4146554E+000
          4055.74     -7.3456397E+000
          4067.03     -8.5627461E+000
          4078.32     -1.0222523E+001
          4089.61     -1.2621181E+001
          4100.90     -1.6395029E+001
          4112.19     -2.3205155E+001
          4123.48     -3.9190805E+001
          4134.77     -1.2125794E+002
          4146.05     -1.1458142E+002
          4157.34     -3.9340201E+001
          4168.63     -2.3900202E+001
          4179.92     -1.7240561E+001
          4191.21     -1.3528834E+001
          4202.50     -1.1161829E+001
          4213.79     -9.5204723E+000
          4225.08     -8.3151463E+000
          4236.37     -7.3922636E+000
          4247.66     -6.6627962E+000
          4258.95     -6.0715770E+000
          4270.23     -5.5826003E+000
          4281.52     -5.1713685E+000
          4292.81     -4.8206325E+000
          4304.10     -4.5178968E+000
          4315.39     -4.2538868E+000
          4326.68     -4.0215741E+000
          4337.97     -3.8155355E+000
          4349.26     -3.6315190E+000
          4360.55     -3.4661438E+000
          4371.84     -3.3166893E+000
          4383.12     -3.1809399E+000
          4394.41     -3.0570733E+000
          4405.70     -2.9435770E+000
          4416.99     -2.8391851E+000
          4428.28     -2.7428304E+000
          4439.57     -2.6536065E+000
          4450.86     -2.5707385E+000
          4462.15     -2.4935605E+000
          4473.44     -2.4214968E+000
          4484.73     -2.3540468E+000
          4496.02     -2.2907737E+000
          4507.30     -2.2312942E+000
          4518.59     -2.1752708E+000
          4529.88     -2.1224051E+000
          4541.17     -2.0724322E+000
          4552.46     -2.0251163E+000
          4563.75     -1.9802464E+000
          4575.04     -1.9376338E+000
          4586.33     -1.8971085E+000
          4597.62     -1.8585174E+000
          4608.91     -1.8217222E+000
          4620.20     -1.7865975E+000
          4631.48     -1.7530293E+000
          4642.77     -1.7209139E+000
          4654.06     -1.6901567E+000
          4665.35     -1.6606713E+000
          4676.64     -1.6323783E+000
          4687.93     -1.6052049E+000
          4699.22     -1.5790844E+000
          4710.51     -1.5539550E+000
          4721.80     -1.5297599E+000
          4733.09     -1.5064465E+000
          4744.38     -1.4839662E+000
          4755.66     -1.4622739E+000
          4766.95     -1.4413278E+000
          4778.24     -1.4210888E+000
          4789.53     -1.4015208E+000
          4800.82     -1.3825899E+000
          4812.11     -1.3642648E+000
          4823.40     -1.3465158E+000
          4834.69     -1.3293155E+000
          4845.98     -1.3126380E+000
          4857.27     -1.2964592E+000
          4868.55     -1.2807563E+000
          4879.84     -1.2655081E+000
          4891.13     -1.2506943E+000
          4902.42     -1.2362962E+000
          4913.71     -1.2222960E+000
          4925.00     -1.2086768E+000
          4936.29     -1.1954229E+000
          4947.58     -1.1825192E+000
          4958.87     -1.1699516E+000
          4970.16     -1.1577068E+000
          4981.45     -1.1457720E+000
          4992.73     -1.1341353E+000
          5004.02     -1.1227853E+000
          5015.31     -1.1117111E+000
          5026.60     -1.1009025E+000
          5037.89     -1.0903497E+000
          5049.18     -1.0800434E+000
          5060.47     -1.0699748E+000
          5071.76     -1.0601355E+000
          5083.05     -1.0505175E+000
          5094.34     -1.0411131E+000
          5105.62     -1.0319151E+000
          5116.91     -1.0229165E+000
          5128.20     -1.0141107E+000
          5139.49     -1.0054913E+000
          5150.78     -9.9705230E-001
          5162.07     -9.8878785E-001
          5173.36     -9.8069239E-001
          5184.65     -9.7276064E-001
          5195.94     -9.6498749E-001
          5207.23     -9.5736806E-001
          5218.52     -9.4989767E-001
          5229.80     -9.4257184E-001
          5241.09     -9.3538626E-001
          5252.38     -9.2833679E-001
          5263.67     -9.2141947E-001
          5274.96     -9.1463049E-001
          5286.25     -9.0796617E-001
          5297.54     -9.0142299E-001
          5308.83     -8.9499755E-001
          5320.12     -8.8868659E-001
          5331.41     -8.8248696E-001
          5342.70     -8.7639564E-001
          5353.98     -8.7040970E-001
          5365.27     -8.6452634E-001
          5376.56     -8.5874284E-001
          5387.85     -8.5305660E-001
          5399.14     -8.4746508E-001
          5410.43     -8.4196585E-001
          5421.72     -8.3655656E-001
          5433.01     -8.3123495E-001
          5444.30     -8.2599882E-001
          5455.59     -8.2084605E-001
          5466.88     -8.1577459E-001
          5478.16     -8.1078246E-001
          5489.45     -8.0586775E-001
          5500.74     -8.0102859E-001
          5512.03     -7.9626319E-001
          5523.32     -7.9156984E-001
          5534.61     -7.8694682E-001
          5545.90     -7.8239254E-001
          5557.19     -7.7790541E-001
          5568.48     -7.7348389E-001
          5579.77     -7.6912651E-001
          5591.05     -7.6483179E-001
          5602.34     -7.6059833E-001
          5613.63     -7.5642476E-001
          5624.92     -7.5230977E-001
          5636.21     -7.4825210E-001
          5647.50     -7.4425050E-001
          5658.79     -7.4030381E-001
          5670.08     -7.3641087E-001
          5681.37     -7.3257049E-001
          5692.66     -7.2878149E-001
          5703.95     -7.2504276E-001
          5715.23     -7.2135324E-001
          5726.52     -7.1771196E-001
          5737.81     -7.6424063E-001
          5749.10     -9.5177528E-001
          5760.39     -1.5860043E+000
          5771.68     -1.8964801E+001
          5782.97     -1.4642551E+000
          5794.26     -6.3243277E-001
          5805.55     -3.7721634E-001
          5816.84     -2.5603896E-001
          5828.12     -1.8645533E-001
          5839.41     -1.4190124E-001
          5850.70     -1.1126665E-001
          5861.99     -8.9111540E-002
          5873.28     -7.2471901E-002
          5884.57     -5.9602341E-002
          5895.86     -4.9412402E-002
          5907.15     -4.1188221E-002
          5918.44     -3.4444448E-002
          5929.73     -2.8840541E-002
          5941.02     -2.4131065E-002
          5952.30     -2.0135095E-002
          5963.59     -1.6716647E-002
          5974.88     -1.3771754E-002
          5986.17     -1.1219744E-002
          5997.46     -8.9971799E-003
          6008.75     -7.0535678E-003
          6020.04     -5.3483031E-003
          6031.33     -3.8483985E-003
          6042.62     -2.5268458E-003
          6053.91     -1.3614088E-003
          6065.20     -3.3365736E-004
          6076.48      5.7177295E-004
          6087.77      1.3677484E-003
          6099.06      2.0650753E-003
          6110.35      2.6728428E-003
          6121.64      3.1987019E-003
          6132.93      3.6490771E-003
          6144.22      4.0293581E-003
          6155.51      4.3440710E-003
          6166.80      4.5969848E-003
          6178.09      4.7912010E-003
          6189.38      4.9292217E-003
          6200.66      5.0129861E-003
          6211.95      5.0439089E-003
          6223.24      5.0229137E-003
          6234.53      4.9504549E-003
          6245.82      4.8265299E-003
          6257.11      4.6506804E-003
          6268.40      4.4219849E-003
          6279.69      4.1390405E-003
          6290.98      3.7999334E-003
          6302.27      3.4021964E-003
          6313.55      2.9427539E-003
          6324.84      2.4178515E-003
          6336.13      1.8477135E-003
          6347.42      1.2550857E-003
          6358.71      6.3939278E-004
          6370.00      0.0000000E+000
