          3480.00     -2.3059593E-004
          3491.29     -2.3144594E-004
          3502.58     -2.3186656E-004
          3513.87     -2.3189449E-004
          3525.16     -2.3156383E-004
          3536.45     -2.3090625E-004
          3547.73     -2.2995116E-004
          3559.02     -2.2872590E-004
          3570.31     -2.2725581E-004
          3581.60     -2.2556445E-004
          3592.89     -2.2367365E-004
          3604.18     -2.2160369E-004
          3615.47     -2.1937339E-004
          3626.76     -2.1700020E-004
          3638.05     -2.1450026E-004
          3649.34     -2.1188854E-004
          3660.62     -2.0917884E-004
          3671.91     -2.0638392E-004
          3683.20     -2.0351557E-004
          3694.49     -2.0058466E-004
          3705.78     -1.9760122E-004
          3717.07     -1.9457449E-004
          3728.36     -1.9151295E-004
          3739.65     -1.8842444E-004
          3750.94     -1.8531612E-004
          3762.23     -1.8219458E-004
          3773.52     -1.7906586E-004
          3784.80     -1.7593546E-004
          3796.09     -1.7280844E-004
          3807.38     -1.6968939E-004
          3818.67     -1.6658249E-004
          3829.96     -1.6349154E-004
          3841.25     -1.6041999E-004
          3852.54     -1.5737094E-004
          3863.83     -1.5434722E-004
          3875.12     -1.5135134E-004
          3886.41     -1.4838559E-004
          3897.70     -1.4545198E-004
          3908.98     -1.4255230E-004
          3920.27     -1.3968817E-004
          3931.56     -1.3686096E-004
          3942.85     -1.3407191E-004
          3954.14     -1.3132206E-004
          3965.43     -1.2861231E-004
          3976.72     -1.2594342E-004
          3988.01     -1.2331602E-004
          3999.30     -1.2073061E-004
          4010.59     -1.1818760E-004
          4021.88     -1.1568730E-004
          4033.16     -1.1322991E-004
          4044.45     -1.1081556E-004
          4055.74     -1.0844429E-004
          4067.03     -1.0611609E-004
          4078.32     -1.0383087E-004
          4089.61     -1.0158849E-004
          4100.90     -9.9388746E-005
          4112.19     -9.7231395E-005
          4123.48     -9.5116147E-005
          4134.77     -9.3042673E-005
          4146.05     -9.1010606E-005
          4157.34     -8.9019552E-005
          4168.63     -8.7069085E-005
          4179.92     -8.5158752E-005
          4191.21     -8.3288083E-005
          4202.50     -8.1456584E-005
          4213.79     -7.9663746E-005
          4225.08     -7.7909042E-005
          4236.37     -7.6191933E-005
          4247.66     -7.4511875E-005
          4258.95     -7.2868307E-005
          4270.23     -7.1260664E-005
          4281.52     -6.9688379E-005
          4292.81     -6.8150874E-005
          4304.10     -6.6647572E-005
          4315.39     -6.5177893E-005
          4326.68     -6.3741255E-005
          4337.97     -6.2337078E-005
          4349.26     -6.0964783E-005
          4360.55     -5.9623790E-005
          4371.84     -5.8313523E-005
          4383.12     -5.7033409E-005
          4394.41     -5.5782880E-005
          4405.70     -5.4561372E-005
          4416.99     -5.3368328E-005
          4428.28     -5.2203197E-005
          4439.57     -5.1065433E-005
          4450.86     -4.9954495E-005
          4462.15     -4.8869850E-005
          4473.44     -4.7810972E-005
          4484.73     -4.6777340E-005
          4496.02     -4.5768443E-005
          4507.30     -4.4783774E-005
          4518.59     -4.3822838E-005
          4529.88     -4.2885144E-005
          4541.17     -4.1970210E-005
          4552.46     -4.1077563E-005
          4563.75     -4.0206735E-005
          4575.04     -3.9357270E-005
          4586.33     -3.8528716E-005
          4597.62     -3.7720631E-005
          4608.91     -3.6932582E-005
          4620.20     -3.6164142E-005
          4631.48     -3.5414892E-005
          4642.77     -3.4684423E-005
          4654.06     -3.3972331E-005
          4665.35     -3.3278223E-005
          4676.64     -3.2601710E-005
          4687.93     -3.1942412E-005
          4699.22     -3.1299960E-005
          4710.51     -3.0673987E-005
          4721.80     -3.0064135E-005
          4733.09     -2.9470055E-005
          4744.38     -2.8891403E-005
          4755.66     -2.8327843E-005
          4766.95     -2.7779046E-005
          4778.24     -2.7244687E-005
          4789.53     -2.6724452E-005
          4800.82     -2.6218029E-005
          4812.11     -2.5725114E-005
          4823.40     -2.5245411E-005
          4834.69     -2.4778626E-005
          4845.98     -2.4324474E-005
          4857.27     -2.3882674E-005
          4868.55     -2.3452950E-005
          4879.84     -2.3035033E-005
          4891.13     -2.2628659E-005
          4902.42     -2.2233567E-005
          4913.71     -2.1849504E-005
          4925.00     -2.1476217E-005
          4936.29     -2.1113462E-005
          4947.58     -2.0760996E-005
          4958.87     -2.0418582E-005
          4970.16     -2.0085988E-005
          4981.45     -1.9762982E-005
          4992.73     -1.9449339E-005
          5004.02     -1.9144836E-005
          5015.31     -1.8849255E-005
          5026.60     -1.8562378E-005
          5037.89     -1.8283993E-005
          5049.18     -1.8013888E-005
          5060.47     -1.7751857E-005
          5071.76     -1.7497693E-005
          5083.05     -1.7251193E-005
          5094.34     -1.7012157E-005
          5105.62     -1.6780384E-005
          5116.91     -1.6555677E-005
          5128.20     -1.6337839E-005
          5139.49     -1.6126675E-005
          5150.78     -1.5921993E-005
          5162.07     -1.5723599E-005
          5173.36     -1.5531300E-005
          5184.65     -1.5344906E-005
          5195.94     -1.5164226E-005
          5207.23     -1.4989068E-005
          5218.52     -1.4819242E-005
          5229.80     -1.4654556E-005
          5241.09     -1.4494819E-005
          5252.38     -1.4339839E-005
          5263.67     -1.4189422E-005
          5274.96     -1.4043376E-005
          5286.25     -1.3901504E-005
          5297.54     -1.3763610E-005
          5308.83     -1.3629495E-005
          5320.12     -1.3498959E-005
          5331.41     -1.3371801E-005
          5342.70     -1.3247815E-005
          5353.98     -1.3126794E-005
          5365.27     -1.3008529E-005
          5376.56     -1.2892806E-005
          5387.85     -1.2779409E-005
          5399.14     -1.2668118E-005
          5410.43     -1.2558710E-005
          5421.72     -1.2450958E-005
          5433.01     -1.2344629E-005
          5444.30     -1.2239487E-005
          5455.59     -1.2135292E-005
          5466.88     -1.2031798E-005
          5478.16     -1.1928752E-005
          5489.45     -1.1825898E-005
          5500.74     -1.1722974E-005
          5512.03     -1.1619710E-005
          5523.32     -1.1515831E-005
          5534.61     -1.1411054E-005
          5545.90     -1.1305091E-005
          5557.19     -1.1197644E-005
          5568.48     -1.1088409E-005
          5579.77     -1.0977074E-005
          5591.05     -1.0863320E-005
          5602.34     -1.0746819E-005
          5613.63     -1.0627235E-005
          5624.92     -1.0504222E-005
          5636.21     -1.0377426E-005
          5647.50     -1.0246482E-005
          5658.79     -1.0111015E-005
          5670.08     -9.9706398E-006
          5681.37     -9.8249666E-006
          5692.66     -9.6736006E-006
          5703.95     -9.5161386E-006
          5715.23     -9.3521682E-006
          5726.52     -9.1812685E-006
          5737.81     -9.0036467E-006
          5749.10     -8.8201162E-006
          5760.39     -8.6311455E-006
          5771.68     -8.4371860E-006
          5782.97     -8.2386735E-006
          5794.26     -8.0360214E-006
          5805.55     -7.8296247E-006
          5816.84     -7.6198684E-006
          5828.12     -7.4071282E-006
          5839.41     -7.1917710E-006
          5850.70     -6.9741559E-006
          5861.99     -6.7546346E-006
          5873.28     -6.5335528E-006
          5884.57     -6.3112493E-006
          5895.86     -6.0880577E-006
          5907.15     -5.8643074E-006
          5918.44     -5.6403252E-006
          5929.73     -5.4164366E-006
          5941.02     -5.1929621E-006
          5952.30     -4.9702182E-006
          5963.59     -4.7485179E-006
          5974.88     -4.5281711E-006
          5986.17     -4.3094860E-006
          5997.46     -4.0927688E-006
          6008.75     -3.8783231E-006
          6020.04     -3.6664502E-006
          6031.33     -3.4574469E-006
          6042.62     -3.2516066E-006
          6053.91     -3.0492241E-006
          6065.20     -2.8505953E-006
          6076.48     -2.6560169E-006
          6087.77     -2.4657873E-006
          6099.06     -2.2802074E-006
          6110.35     -2.0995822E-006
          6121.64     -1.9242223E-006
          6132.93     -1.7544454E-006
          6144.22     -1.5905765E-006
          6155.51     -1.4329422E-006
          6166.80     -1.2818722E-006
          6178.09     -1.1376996E-006
          6189.38     -1.0007609E-006
          6200.66     -8.7140022E-007
          6211.95     -7.4997090E-007
          6223.24     -6.3683593E-007
          6234.53     -5.3236863E-007
          6245.82     -4.3695254E-007
          6257.11     -3.5098217E-007
          6268.40     -2.7486359E-007
          6279.69     -2.0901437E-007
          6290.98     -1.5386443E-007
          6302.27     -1.0985662E-007
          6313.55     -7.7447179E-008
          6324.84     -5.7106236E-008
          6336.13     -4.2938320E-008
          6347.42     -2.8712722E-008
          6358.71     -1.4407330E-008
          6370.00     -1.3986570E-042
