          3480.00     -2.3059593E-004
          3491.29     -2.3094548E-004
          3502.58     -2.2990655E-004
          3513.87     -2.2770052E-004
          3525.16     -2.2452115E-004
          3536.45     -2.2053769E-004
          3547.73     -2.1589777E-004
          3559.02     -2.1072994E-004
          3570.31     -2.0514583E-004
          3581.60     -1.9924225E-004
          3592.89     -1.9310283E-004
          3604.18     -1.8679973E-004
          3615.47     -1.8039494E-004
          3626.76     -1.7394148E-004
          3638.05     -1.6748442E-004
          3649.34     -1.6106184E-004
          3660.62     -1.5470571E-004
          3671.91     -1.4844264E-004
          3683.20     -1.4229456E-004
          3694.49     -1.3627933E-004
          3705.78     -1.3041127E-004
          3717.07     -1.2470160E-004
          3728.36     -1.1915890E-004
          3739.65     -1.1378943E-004
          3750.94     -1.0859747E-004
          3762.23     -1.0358561E-004
          3773.52     -9.8754967E-005
          3784.80     -9.4105450E-005
          3796.09     -8.9635921E-005
          3807.38     -8.5344357E-005
          3818.67     -8.1228004E-005
          3829.96     -7.7283531E-005
          3841.25     -7.3507111E-005
          3852.54     -6.9894537E-005
          3863.83     -6.6441304E-005
          3875.12     -6.3142673E-005
          3886.41     -5.9993751E-005
          3897.70     -5.6989526E-005
          3908.98     -5.4124921E-005
          3920.27     -5.1394840E-005
          3931.56     -4.8794191E-005
          3942.85     -4.6317919E-005
          3954.14     -4.3961027E-005
          3965.43     -4.1718597E-005
          3976.72     -3.9585812E-005
          3988.01     -3.7557961E-005
          3999.30     -3.5630452E-005
          4010.59     -3.3798832E-005
          4021.88     -3.2058773E-005
          4033.16     -3.0406093E-005
          4044.45     -2.8836747E-005
          4055.74     -2.7346836E-005
          4067.03     -2.5932609E-005
          4078.32     -2.4590452E-005
          4089.61     -2.3316896E-005
          4100.90     -2.2108616E-005
          4112.19     -2.0962419E-005
          4123.48     -1.9875251E-005
          4134.77     -1.8844189E-005
          4146.05     -1.7866439E-005
          4157.34     -1.6939333E-005
          4168.63     -1.6060322E-005
          4179.92     -1.5226975E-005
          4191.21     -1.4436976E-005
          4202.50     -1.3688116E-005
          4213.79     -1.2978290E-005
          4225.08     -1.2305498E-005
          4236.37     -1.1667831E-005
          4247.66     -1.1063481E-005
          4258.95     -1.0490721E-005
          4270.23     -9.9479143E-006
          4281.52     -9.4335051E-006
          4292.81     -8.9460144E-006
          4304.10     -8.4840382E-006
          4315.39     -8.0462435E-006
          4326.68     -7.6313647E-006
          4337.97     -7.2382021E-006
          4349.26     -6.8656161E-006
          4360.55     -6.5125259E-006
          4371.84     -6.1779069E-006
          4383.12     -5.8607867E-006
          4394.41     -5.5602443E-006
          4405.70     -5.2754068E-006
          4416.99     -5.0054464E-006
          4428.28     -4.7495796E-006
          4439.57     -4.5070630E-006
          4450.86     -4.2771923E-006
          4462.15     -4.0593010E-006
          4473.44     -3.8527569E-006
          4484.73     -3.6569613E-006
          4496.02     -3.4713473E-006
          4507.30     -3.2953778E-006
          4518.59     -3.1285445E-006
          4529.88     -2.9703655E-006
          4541.17     -2.8203846E-006
          4552.46     -2.6781701E-006
          4563.75     -2.5433129E-006
          4575.04     -2.4154257E-006
          4586.33     -2.2941417E-006
          4597.62     -2.1791138E-006
          4608.91     -2.0700133E-006
          4620.20     -1.9665289E-006
          4631.48     -1.8683657E-006
          4642.77     -1.7752450E-006
          4654.06     -1.6869025E-006
          4665.35     -1.6030880E-006
          4676.64     -1.5235647E-006
          4687.93     -1.4481084E-006
          4699.22     -1.3765069E-006
          4710.51     -1.3085590E-006
          4721.80     -1.2440745E-006
          4733.09     -1.1828732E-006
          4744.38     -1.1247844E-006
          4755.66     -1.0696465E-006
          4766.95     -1.0173066E-006
          4778.24     -9.6761959E-007
          4789.53     -9.2044846E-007
          4800.82     -8.7566319E-007
          4812.11     -8.3314067E-007
          4823.40     -7.9276443E-007
          4834.69     -7.5442404E-007
          4845.98     -7.1801496E-007
          4857.27     -6.8343814E-007
          4868.55     -6.5059978E-007
          4879.84     -6.1941108E-007
          4891.13     -5.8978783E-007
          4902.42     -5.6165029E-007
          4913.71     -5.3492295E-007
          4925.00     -5.0953422E-007
          4936.29     -4.8541630E-007
          4947.58     -4.6250492E-007
          4958.87     -4.4073918E-007
          4970.16     -4.2006142E-007
          4981.45     -4.0041696E-007
          4992.73     -3.8175395E-007
          5004.02     -3.6402332E-007
          5015.31     -3.4717852E-007
          5026.60     -3.3117541E-007
          5037.89     -3.1597219E-007
          5049.18     -3.0152918E-007
          5060.47     -2.8780883E-007
          5071.76     -2.7477546E-007
          5083.05     -2.6239528E-007
          5094.34     -2.5063623E-007
          5105.62     -2.3946792E-007
          5116.91     -2.2886148E-007
          5128.20     -2.1878955E-007
          5139.49     -2.0922616E-007
          5150.78     -2.0014669E-007
          5162.07     -1.9152774E-007
          5173.36     -1.8334708E-007
          5184.65     -1.7558366E-007
          5195.94     -1.6821743E-007
          5207.23     -1.6122934E-007
          5218.52     -1.5460132E-007
          5229.80     -1.4831615E-007
          5241.09     -1.4235746E-007
          5252.38     -1.3670968E-007
          5263.67     -1.3135796E-007
          5274.96     -1.2628817E-007
          5286.25     -1.2148682E-007
          5297.54     -1.1694104E-007
          5308.83     -1.1263854E-007
          5320.12     -1.0856755E-007
          5331.41     -1.0471683E-007
          5342.70     -1.0107559E-007
          5353.98     -9.7633459E-008
          5365.27     -9.4380494E-008
          5376.56     -9.1307096E-008
          5387.85     -8.8404011E-008
          5399.14     -8.5662288E-008
          5410.43     -8.3073250E-008
          5421.72     -8.0628473E-008
          5433.01     -7.8319744E-008
          5444.30     -7.6139037E-008
          5455.59     -7.4078495E-008
          5466.88     -7.2130388E-008
          5478.16     -7.0287091E-008
          5489.45     -6.8541056E-008
          5500.74     -6.6884784E-008
          5512.03     -6.5310797E-008
          5523.32     -6.3811607E-008
          5534.61     -6.2379686E-008
          5545.90     -6.1007448E-008
          5557.19     -5.9687202E-008
          5568.48     -5.8411134E-008
          5579.77     -5.7171279E-008
          5591.05     -5.5959489E-008
          5602.34     -5.4767405E-008
          5613.63     -5.3586412E-008
          5624.92     -5.2407612E-008
          5636.21     -5.1221788E-008
          5647.50     -5.0019368E-008
          5658.79     -4.8790382E-008
          5670.08     -4.7524432E-008
          5681.37     -4.6210690E-008
          5692.66     -4.4837892E-008
          5703.95     -4.3394279E-008
          5715.23     -4.1867560E-008
          5726.52     -4.0244876E-008
          5737.81     -3.8596689E-008
          5749.10     -3.7001255E-008
          5760.39     -3.5456969E-008
          5771.68     -3.3962247E-008
          5782.97     -3.2515526E-008
          5794.26     -3.1115224E-008
          5805.55     -2.9759759E-008
          5816.84     -2.8447601E-008
          5828.12     -2.7177268E-008
          5839.41     -2.5947332E-008
          5850.70     -2.4756417E-008
          5861.99     -2.3603198E-008
          5873.28     -2.2486404E-008
          5884.57     -2.1404818E-008
          5895.86     -2.0357274E-008
          5907.15     -1.9342662E-008
          5918.44     -1.8359936E-008
          5929.73     -1.7408114E-008
          5941.02     -1.6486262E-008
          5952.30     -1.5593495E-008
          5963.59     -1.4728982E-008
          5974.88     -1.3891941E-008
          5986.17     -1.3081646E-008
          5997.46     -1.2297427E-008
          6008.75     -1.1538661E-008
          6020.04     -1.0804778E-008
          6031.33     -1.0095253E-008
          6042.62     -9.4096051E-009
          6053.91     -8.7474163E-009
          6065.20     -8.1083298E-009
          6076.48     -7.4920489E-009
          6087.77     -6.8983397E-009
          6099.06     -6.3270334E-009
          6110.35     -5.7780334E-009
          6121.64     -5.2513173E-009
          6132.93     -4.7469456E-009
          6144.22     -4.2650599E-009
          6155.51     -3.8058692E-009
          6166.80     -3.3696550E-009
          6178.09     -2.9567736E-009
          6189.38     -2.5676583E-009
          6200.66     -2.2028344E-009
          6211.95     -1.8629252E-009
          6223.24     -1.5486563E-009
          6234.53     -1.2608599E-009
          6245.82     -1.0004777E-009
          6257.11     -7.6856618E-010
          6268.40     -5.6630191E-010
          6279.69     -3.9498524E-010
          6290.98     -2.5604703E-010
          6302.27     -1.5105488E-010
          6313.55     -8.1719316E-011
          6324.84     -4.9900477E-011
          6336.13     -3.7513272E-011
          6347.42     -2.5111348E-011
          6358.71     -1.2628921E-011
          6370.00      0.0000000E+000
