          3480.00     -3.1632449E-038
          3491.29      5.6724094E-009
          3502.58      1.1745319E-008
          3513.87      1.8215704E-008
          3525.16      2.5080802E-008
          3536.45      3.2338144E-008
          3547.73      3.9985529E-008
          3559.02      4.8020995E-008
          3570.31      5.6442851E-008
          3581.60      6.5249647E-008
          3592.89      7.4440172E-008
          3604.18      8.4013458E-008
          3615.47      9.3968751E-008
          3626.76      1.0430555E-007
          3638.05      1.1502357E-007
          3649.34      1.2612270E-007
          3660.62      1.3760308E-007
          3671.91      1.4946504E-007
          3683.20      1.6170910E-007
          3694.49      1.7433599E-007
          3705.78      1.8734659E-007
          3717.07      2.0074200E-007
          3728.36      2.1452352E-007
          3739.65      2.2869256E-007
          3750.94      2.4325077E-007
          3762.23      2.5819994E-007
          3773.52      2.7354206E-007
          3784.80      2.8927925E-007
          3796.09      3.0541380E-007
          3807.38      3.2194817E-007
          3818.67      3.3888499E-007
          3829.96      3.5622701E-007
          3841.25      3.7397716E-007
          3852.54      3.9213852E-007
          3863.83      4.1071432E-007
          3875.12      4.2970793E-007
          3886.41      4.4912285E-007
          3897.70      4.6896275E-007
          3908.98      4.8923144E-007
          3920.27      5.0993284E-007
          3931.56      5.3107104E-007
          3942.85      5.5265026E-007
          3954.14      5.7467485E-007
          3965.43      5.9714932E-007
          3976.72      6.2007825E-007
          3988.01      6.4346641E-007
          3999.30      6.6731872E-007
          4010.59      6.9164014E-007
          4021.88      7.1643585E-007
          4033.16      7.4171111E-007
          4044.45      7.6747132E-007
          4055.74      7.9372203E-007
          4067.03      8.2046887E-007
          4078.32      8.4771762E-007
          4089.61      8.7547422E-007
          4100.90      9.0374464E-007
          4112.19      9.3253508E-007
          4123.48      9.6185180E-007
          4134.77      9.9170122E-007
          4146.05      1.0220899E-006
          4157.34      1.0530244E-006
          4168.63      1.0845115E-006
          4179.92      1.1165582E-006
          4191.21      1.1491714E-006
          4202.50      1.1823583E-006
          4213.79      1.2161261E-006
          4225.08      1.2504823E-006
          4236.37      1.2854343E-006
          4247.66      1.3209898E-006
          4258.95      1.3571565E-006
          4270.23      1.3939423E-006
          4281.52      1.4313552E-006
          4292.81      1.4694033E-006
          4304.10      1.5080948E-006
          4315.39      1.5474382E-006
          4326.68      1.5874419E-006
          4337.97      1.6281145E-006
          4349.26      1.6694647E-006
          4360.55      1.7115015E-006
          4371.84      1.7542338E-006
          4383.12      1.7976707E-006
          4394.41      1.8418215E-006
          4405.70      1.8866955E-006
          4416.99      1.9323022E-006
          4428.28      1.9786513E-006
          4439.57      2.0257524E-006
          4450.86      2.0736156E-006
          4462.15      2.1222506E-006
          4473.44      2.1716678E-006
          4484.73      2.2218774E-006
          4496.02      2.2728897E-006
          4507.30      2.3247153E-006
          4518.59      2.3773648E-006
          4529.88      2.4308491E-006
          4541.17      2.4851791E-006
          4552.46      2.5403657E-006
          4563.75      2.5964203E-006
          4575.04      2.6533541E-006
          4586.33      2.7111786E-006
          4597.62      2.7699054E-006
          4608.91      2.8295463E-006
          4620.20      2.8901130E-006
          4631.48      2.9516177E-006
          4642.77      3.0140725E-006
          4654.06      3.0774897E-006
          4665.35      3.1418816E-006
          4676.64      3.2072610E-006
          4687.93      3.2736406E-006
          4699.22      3.3410331E-006
          4710.51      3.4094516E-006
          4721.80      3.4789094E-006
          4733.09      3.5494196E-006
          4744.38      3.6209958E-006
          4755.66      3.6936515E-006
          4766.95      3.7674005E-006
          4778.24      3.8422568E-006
          4789.53      3.9182343E-006
          4800.82      3.9953473E-006
          4812.11      4.0736102E-006
          4823.40      4.1530374E-006
          4834.69      4.2336437E-006
          4845.98      4.3154439E-006
          4857.27      4.3984530E-006
          4868.55      4.4826862E-006
          4879.84      4.5681587E-006
          4891.13      4.6548860E-006
          4902.42      4.7428839E-006
          4913.71      4.8321680E-006
          4925.00      4.9227543E-006
          4936.29      5.0146590E-006
          4947.58      5.1078984E-006
          4958.87      5.2024891E-006
          4970.16      5.2984474E-006
          4981.45      5.3957904E-006
          4992.73      5.4945351E-006
          5004.02      5.5946984E-006
          5015.31      5.6962977E-006
          5026.60      5.7993507E-006
          5037.89      5.9038750E-006
          5049.18      6.0098884E-006
          5060.47      6.1174090E-006
          5071.76      6.2264549E-006
          5083.05      6.3370447E-006
          5094.34      6.4491968E-006
          5105.62      6.5629301E-006
          5116.91      6.6782634E-006
          5128.20      6.7952160E-006
          5139.49      6.9138073E-006
          5150.78      7.0340566E-006
          5162.07      7.1559838E-006
          5173.36      7.2796087E-006
          5184.65      7.4049514E-006
          5195.94      7.5320321E-006
          5207.23      7.6608715E-006
          5218.52      7.7914902E-006
          5229.80      7.9239091E-006
          5241.09      8.0581492E-006
          5252.38      8.1942318E-006
          5263.67      8.3321786E-006
          5274.96      8.4720110E-006
          5286.25      8.6137511E-006
          5297.54      8.7574209E-006
          5308.83      8.9030427E-006
          5320.12      9.0506393E-006
          5331.41      9.2002331E-006
          5342.70      9.3518471E-006
          5353.98      9.5055048E-006
          5365.27      9.6612291E-006
          5376.56      9.8190439E-006
          5387.85      9.9789729E-006
          5399.14      1.0141040E-005
          5410.43      1.0305270E-005
          5421.72      1.0471687E-005
          5433.01      1.0640316E-005
          5444.30      1.0811181E-005
          5455.59      1.0984309E-005
          5466.88      1.1159723E-005
          5478.16      1.1337451E-005
          5489.45      1.1517517E-005
          5500.74      1.1699948E-005
          5512.03      1.1884770E-005
          5523.32      1.2072010E-005
          5534.61      1.2261694E-005
          5545.90      1.2453850E-005
          5557.19      1.2648505E-005
          5568.48      1.2845686E-005
          5579.77      1.3045422E-005
          5591.05      1.3247739E-005
          5602.34      1.3452667E-005
          5613.63      1.3660234E-005
          5624.92      1.3870469E-005
          5636.21      1.4083400E-005
          5647.50      1.4299057E-005
          5658.79      1.4517469E-005
          5670.08      1.4738667E-005
          5681.37      1.4962679E-005
          5692.66      1.5189537E-005
          5703.95      1.5419270E-005
          5715.23      1.5651909E-005
          5726.52      1.5887485E-005
          5737.81      1.6096341E-005
          5749.10      1.6250358E-005
          5760.39      1.6351851E-005
          5771.68      1.6403104E-005
          5782.97      1.6406375E-005
          5794.26      1.6363883E-005
          5805.55      1.6277815E-005
          5816.84      1.6150341E-005
          5828.12      1.5983611E-005
          5839.41      1.5779760E-005
          5850.70      1.5540906E-005
          5861.99      1.5269148E-005
          5873.28      1.4966574E-005
          5884.57      1.4635254E-005
          5895.86      1.4277243E-005
          5907.15      1.3894583E-005
          5918.44      1.3489310E-005
          5929.73      1.3063450E-005
          5941.02      1.2619012E-005
          5952.30      1.2157985E-005
          5963.59      1.1682347E-005
          5974.88      1.1194053E-005
          5986.17      1.0695048E-005
          5997.46      1.0187261E-005
          6008.75      9.6726006E-006
          6020.04      9.1529578E-006
          6031.33      8.6301943E-006
          6042.62      8.1061462E-006
          6053.91      7.5826400E-006
          6065.20      7.0614903E-006
          6076.48      6.5444982E-006
          6087.77      6.0334516E-006
          6099.06      5.5301284E-006
          6110.35      5.0363023E-006
          6121.64      4.5537446E-006
          6132.93      4.0842335E-006
          6144.22      3.6295493E-006
          6155.51      3.1914544E-006
          6166.80      2.7716952E-006
          6178.09      2.3720010E-006
          6189.38      1.9940835E-006
          6200.66      1.6396525E-006
          6211.95      1.3104216E-006
          6223.24      1.0081081E-006
          6234.53      7.3443476E-007
          6245.82      4.9112859E-007
          6257.11      2.7992186E-007
          6268.40      1.0255310E-007
          6279.69     -3.9234231E-008
          6290.98     -1.4369021E-007
          6302.27     -2.0905729E-007
          6313.55     -2.3356983E-007
          6324.84     -2.1545387E-007
          6336.13     -1.7195654E-007
          6347.42     -1.2153068E-007
          6358.71     -6.4203514E-008
          6370.00      4.7897618E-039
