          3480.00     -1.1710821E-035
          3491.29      3.0636791E-010
          3502.58      6.4284585E-010
          3513.87      1.0089599E-009
          3525.16      1.4043304E-009
          3536.45      1.8286707E-009
          3547.73      2.2817819E-009
          3559.02      2.7635488E-009
          3570.31      3.2739392E-009
          3581.60      3.8129996E-009
          3592.89      4.3808531E-009
          3604.18      4.9776975E-009
          3615.47      5.6038012E-009
          3626.76      6.2595050E-009
          3638.05      6.9452194E-009
          3649.34      7.6614214E-009
          3660.62      8.4086570E-009
          3671.91      9.1875377E-009
          3683.20      9.9987403E-009
          3694.49      1.0843007E-008
          3705.78      1.1721140E-008
          3717.07      1.2634011E-008
          3728.36      1.3582550E-008
          3739.65      1.4567752E-008
          3750.94      1.5590676E-008
          3762.23      1.6652441E-008
          3773.52      1.7754233E-008
          3784.80      1.8897300E-008
          3796.09      2.0082952E-008
          3807.38      2.1312566E-008
          3818.67      2.2587586E-008
          3829.96      2.3909517E-008
          3841.25      2.5279934E-008
          3852.54      2.6700479E-008
          3863.83      2.8172864E-008
          3875.12      2.9698868E-008
          3886.41      3.1280342E-008
          3897.70      3.2919210E-008
          3908.98      3.4617471E-008
          3920.27      3.6377194E-008
          3931.56      3.8200529E-008
          3942.85      4.0089703E-008
          3954.14      4.2047023E-008
          3965.43      4.4074880E-008
          3976.72      4.6175742E-008
          3988.01      4.8352170E-008
          3999.30      5.0606810E-008
          4010.59      5.2942393E-008
          4021.88      5.5361749E-008
          4033.16      5.7867798E-008
          4044.45      6.0463558E-008
          4055.74      6.3152148E-008
          4067.03      6.5936781E-008
          4078.32      6.8820782E-008
          4089.61      7.1807583E-008
          4100.90      7.4900717E-008
          4112.19      7.8103837E-008
          4123.48      8.1420712E-008
          4134.77      8.4855225E-008
          4146.05      8.8411387E-008
          4157.34      9.2093323E-008
          4168.63      9.5905297E-008
          4179.92      9.9851704E-008
          4191.21      1.0393706E-007
          4202.50      1.0816605E-007
          4213.79      1.1254346E-007
          4225.08      1.1707426E-007
          4236.37      1.2176355E-007
          4247.66      1.2661659E-007
          4258.95      1.3163880E-007
          4270.23      1.3683575E-007
          4281.52      1.4221320E-007
          4292.81      1.4777707E-007
          4304.10      1.5353345E-007
          4315.39      1.5948861E-007
          4326.68      1.6564902E-007
          4337.97      1.7202133E-007
          4349.26      1.7861239E-007
          4360.55      1.8542924E-007
          4371.84      1.9247915E-007
          4383.12      1.9976957E-007
          4394.41      2.0730818E-007
          4405.70      2.1510291E-007
          4416.99      2.2316188E-007
          4428.28      2.3149345E-007
          4439.57      2.4010624E-007
          4450.86      2.4900911E-007
          4462.15      2.5821116E-007
          4473.44      2.6772177E-007
          4484.73      2.7755058E-007
          4496.02      2.8770749E-007
          4507.30      2.9820270E-007
          4518.59      3.0904669E-007
          4529.88      3.2025022E-007
          4541.17      3.3182440E-007
          4552.46      3.4378058E-007
          4563.75      3.5613049E-007
          4575.04      3.6888616E-007
          4586.33      3.8205995E-007
          4597.62      3.9566459E-007
          4608.91      4.0971313E-007
          4620.20      4.2421899E-007
          4631.48      4.3919600E-007
          4642.77      4.5465828E-007
          4654.06      4.7062042E-007
          4665.35      4.8709739E-007
          4676.64      5.0410455E-007
          4687.93      5.2165770E-007
          4699.22      5.3977303E-007
          4710.51      5.5846721E-007
          4721.80      5.7775737E-007
          4733.09      5.9766104E-007
          4744.38      6.1819627E-007
          4755.66      6.3938160E-007
          4766.95      6.6123604E-007
          4778.24      6.8377914E-007
          4789.53      7.0703091E-007
          4800.82      7.3101196E-007
          4812.11      7.5574342E-007
          4823.40      7.8124695E-007
          4834.69      8.0754483E-007
          4845.98      8.3465990E-007
          4857.27      8.6261560E-007
          4868.55      8.9143603E-007
          4879.84      9.2114582E-007
          4891.13      9.5177034E-007
          4902.42      9.8333559E-007
          4913.71      1.0158682E-006
          4925.00      1.0493956E-006
          4936.29      1.0839457E-006
          4947.58      1.1195475E-006
          4958.87      1.1562304E-006
          4970.16      1.1940247E-006
          4981.45      1.2329615E-006
          4992.73      1.2730727E-006
          5004.02      1.3143909E-006
          5015.31      1.3569495E-006
          5026.60      1.4007831E-006
          5037.89      1.4459267E-006
          5049.18      1.4924166E-006
          5060.47      1.5402897E-006
          5071.76      1.5895839E-006
          5083.05      1.6403383E-006
          5094.34      1.6925926E-006
          5105.62      1.7463878E-006
          5116.91      1.8017657E-006
          5128.20      1.8587693E-006
          5139.49      1.9174426E-006
          5150.78      1.9778306E-006
          5162.07      2.0399797E-006
          5173.36      2.1039371E-006
          5184.65      2.1697513E-006
          5195.94      2.2374720E-006
          5207.23      2.3071503E-006
          5218.52      2.3788381E-006
          5229.80      2.4525891E-006
          5241.09      2.5284578E-006
          5252.38      2.6065003E-006
          5263.67      2.6867742E-006
          5274.96      2.7693382E-006
          5286.25      2.8542524E-006
          5297.54      2.9415787E-006
          5308.83      3.0313801E-006
          5320.12      3.1237214E-006
          5331.41      3.2186687E-006
          5342.70      3.3162898E-006
          5353.98      3.4166542E-006
          5365.27      3.5198329E-006
          5376.56      3.6258986E-006
          5387.85      3.7349259E-006
          5399.14      3.8469909E-006
          5410.43      3.9621718E-006
          5421.72      4.0805482E-006
          5433.01      4.2022020E-006
          5444.30      4.3272169E-006
          5455.59      4.4556782E-006
          5466.88      4.5876737E-006
          5478.16      4.7232931E-006
          5489.45      4.8626279E-006
          5500.74      5.0057722E-006
          5512.03      5.1528217E-006
          5523.32      5.3038747E-006
          5534.61      5.4590319E-006
          5545.90      5.6183958E-006
          5557.19      5.7820716E-006
          5568.48      5.9501669E-006
          5579.77      6.1227916E-006
          5591.05      6.3000586E-006
          5602.34      6.4820824E-006
          5613.63      6.6689810E-006
          5624.92      6.8608749E-006
          5636.21      7.0578868E-006
          5647.50      7.2601426E-006
          5658.79      7.4677711E-006
          5670.08      7.6809038E-006
          5681.37      7.8996754E-006
          5692.66      8.1242231E-006
          5703.95      8.3546877E-006
          5715.23      8.5912131E-006
          5726.52      8.8339460E-006
          5737.81      9.0425282E-006
          5749.10      9.1792610E-006
          5760.39      9.2481922E-006
          5771.68      9.2532518E-006
          5782.97      9.1982572E-006
          5794.26      9.0869081E-006
          5805.55      8.9228004E-006
          5816.84      8.7094504E-006
          5828.12      8.4502998E-006
          5839.41      8.1487213E-006
          5850.70      7.8080223E-006
          5861.99      7.4314494E-006
          5873.28      7.0221940E-006
          5884.57      6.5833945E-006
          5895.86      6.1181410E-006
          5907.15      5.6294810E-006
          5918.44      5.1204293E-006
          5929.73      4.5939694E-006
          5941.02      4.0530440E-006
          5952.30      3.5005574E-006
          5963.59      2.9393807E-006
          5974.88      2.3723539E-006
          5986.17      1.8022923E-006
          5997.46      1.2319870E-006
          6008.75      6.6420167E-007
          6020.04      1.0167672E-007
          6031.33     -4.5288042E-007
          6042.62     -9.9678757E-007
          6053.91     -1.5273649E-006
          6065.20     -2.0419346E-006
          6076.48     -2.5378203E-006
          6087.77     -3.0123441E-006
          6099.06     -3.4628191E-006
          6110.35     -3.8865400E-006
          6121.64     -4.2807785E-006
          6132.93     -4.6427706E-006
          6144.22     -4.9697227E-006
          6155.51     -5.2588341E-006
          6166.80     -5.5072913E-006
          6178.09     -5.7122667E-006
          6189.38     -5.8709139E-006
          6200.66     -5.9803446E-006
          6211.95     -6.0376199E-006
          6223.24     -6.0397470E-006
          6234.53     -5.9836762E-006
          6245.82     -5.8662986E-006
          6257.11     -5.6844427E-006
          6268.40     -5.4348727E-006
          6279.69     -5.1142846E-006
          6290.98     -4.7193035E-006
          6302.27     -4.2464795E-006
          6313.55     -3.6922839E-006
          6324.84     -3.0531085E-006
          6336.13     -2.3503119E-006
          6347.42     -1.6074604E-006
          6358.71     -8.2416586E-007
          6370.00     -5.8828462E-039
