          3480.00     -8.6920572E-033
          3491.29      8.1174949E-013
          3502.58      1.7566780E-012
          3513.87      2.8315803E-012
          3525.16      4.0346679E-012
          3536.45      5.3654954E-012
          3547.73      6.8248927E-012
          3559.02      8.4149064E-012
          3570.31      1.0138765E-011
          3581.60      1.2000843E-011
          3592.89      1.4006636E-011
          3604.18      1.6162755E-011
          3615.47      1.8476909E-011
          3626.76      2.0957923E-011
          3638.05      2.3615753E-011
          3649.34      2.6461488E-011
          3660.62      2.9507398E-011
          3671.91      3.2766952E-011
          3683.20      3.6254866E-011
          3694.49      3.9987150E-011
          3705.78      4.3981147E-011
          3717.07      4.8255622E-011
          3728.36      5.2830811E-011
          3739.65      5.7728490E-011
          3750.94      6.2972080E-011
          3762.23      6.8586721E-011
          3773.52      7.4599372E-011
          3784.80      8.1038925E-011
          3796.09      8.7936291E-011
          3807.38      9.5324563E-011
          3818.67      1.0323912E-010
          3829.96      1.1171777E-010
          3841.25      1.2080090E-010
          3852.54      1.3053164E-010
          3863.83      1.4095603E-010
          3875.12      1.5212322E-010
          3886.41      1.6408560E-010
          3897.70      1.7689911E-010
          3908.98      1.9062336E-010
          3920.27      2.0532189E-010
          3931.56      2.2106246E-010
          3942.85      2.3791725E-010
          3954.14      2.5596318E-010
          3965.43      2.7528219E-010
          3976.72      2.9596150E-010
          3988.01      3.1809403E-010
          3999.30      3.4177873E-010
          4010.59      3.6712084E-010
          4021.88      3.9423244E-010
          4033.16      4.2323277E-010
          4044.45      4.5424869E-010
          4055.74      4.8741516E-010
          4067.03      5.2287565E-010
          4078.32      5.6078280E-010
          4089.61      6.0129889E-010
          4100.90      6.4459635E-010
          4112.19      6.9085852E-010
          4123.48      7.4028022E-010
          4134.77      7.9306843E-010
          4146.05      8.4944309E-010
          4157.34      9.0963765E-010
          4168.63      9.7390021E-010
          4179.92      1.0424942E-009
          4191.21      1.1156990E-009
          4202.50      1.1938116E-009
          4213.79      1.2771469E-009
          4225.08      1.3660392E-009
          4236.37      1.4608432E-009
          4247.66      1.5619349E-009
          4258.95      1.6697134E-009
          4270.23      1.7846019E-009
          4281.52      1.9070490E-009
          4292.81      2.0375302E-009
          4304.10      2.1765500E-009
          4315.39      2.3246425E-009
          4326.68      2.4823742E-009
          4337.97      2.6503447E-009
          4349.26      2.8291897E-009
          4360.55      3.0195826E-009
          4371.84      3.2222358E-009
          4383.12      3.4379045E-009
          4394.41      3.6673878E-009
          4405.70      3.9115318E-009
          4416.99      4.1712320E-009
          4428.28      4.4474357E-009
          4439.57      4.7411457E-009
          4450.86      5.0534231E-009
          4462.15      5.3853893E-009
          4473.44      5.7382315E-009
          4484.73      6.1132045E-009
          4496.02      6.5116355E-009
          4507.30      6.9349275E-009
          4518.59      7.3845629E-009
          4529.88      7.8621092E-009
          4541.17      8.3692232E-009
          4552.46      8.9076541E-009
          4563.75      9.4792511E-009
          4575.04      1.0085967E-008
          4586.33      1.0729865E-008
          4597.62      1.1413124E-008
          4608.91      1.2138042E-008
          4620.20      1.2907049E-008
          4631.48      1.3722709E-008
          4642.77      1.4587726E-008
          4654.06      1.5504955E-008
          4665.35      1.6477410E-008
          4676.64      1.7508270E-008
          4687.93      1.8600888E-008
          4699.22      1.9758801E-008
          4710.51      2.0985740E-008
          4721.80      2.2285639E-008
          4733.09      2.3662644E-008
          4744.38      2.5121129E-008
          4755.66      2.6665703E-008
          4766.95      2.8301225E-008
          4778.24      3.0032815E-008
          4789.53      3.1865867E-008
          4800.82      3.3806065E-008
          4812.11      3.5859398E-008
          4823.40      3.8032172E-008
          4834.69      4.0331029E-008
          4845.98      4.2762966E-008
          4857.27      4.5335348E-008
          4868.55      4.8055933E-008
          4879.84      5.0932879E-008
          4891.13      5.3974780E-008
          4902.42      5.7190684E-008
          4913.71      6.0590101E-008
          4925.00      6.4183046E-008
          4936.29      6.7980054E-008
          4947.58      7.1992207E-008
          4958.87      7.6231164E-008
          4970.16      8.0709177E-008
          4981.45      8.5439141E-008
          4992.73      9.0434615E-008
          5004.02      9.5709840E-008
          5015.31      1.0127980E-007
          5026.60      1.0716025E-007
          5037.89      1.1336772E-007
          5049.18      1.1991963E-007
          5060.47      1.2683422E-007
          5071.76      1.3413071E-007
          5083.05      1.4182928E-007
          5094.34      1.4995108E-007
          5105.62      1.5851839E-007
          5116.91      1.6755457E-007
          5128.20      1.7708415E-007
          5139.49      1.8713291E-007
          5150.78      1.9772788E-007
          5162.07      2.0889746E-007
          5173.36      2.2067147E-007
          5184.65      2.3308114E-007
          5195.94      2.4615933E-007
          5207.23      2.5994046E-007
          5218.52      2.7446068E-007
          5229.80      2.8975789E-007
          5241.09      3.0587182E-007
          5252.38      3.2284421E-007
          5263.67      3.4071879E-007
          5274.96      3.5954140E-007
          5286.25      3.7936014E-007
          5297.54      4.0022542E-007
          5308.83      4.2219010E-007
          5320.12      4.4530960E-007
          5331.41      4.6964193E-007
          5342.70      4.9524798E-007
          5353.98      5.2219152E-007
          5365.27      5.5053932E-007
          5376.56      5.8036141E-007
          5387.85      6.1173111E-007
          5399.14      6.4472523E-007
          5410.43      6.7942425E-007
          5421.72      7.1591237E-007
          5433.01      7.5427784E-007
          5444.30      7.9461307E-007
          5455.59      8.3701473E-007
          5466.88      8.8158408E-007
          5478.16      9.2842714E-007
          5489.45      9.7765483E-007
          5500.74      1.0293833E-006
          5512.03      1.0837340E-006
          5523.32      1.1408340E-006
          5534.61      1.2008165E-006
          5545.90      1.2638205E-006
          5557.19      1.3299917E-006
          5568.48      1.3994822E-006
          5579.77      1.4724515E-006
          5591.05      1.5490661E-006
          5602.34      1.6295000E-006
          5613.63      1.7139355E-006
          5624.92      1.8025630E-006
          5636.21      1.8955815E-006
          5647.50      1.9931991E-006
          5658.79      2.0956333E-006
          5670.08      2.2031114E-006
          5681.37      2.3158711E-006
          5692.66      2.4341605E-006
          5703.95      2.5582390E-006
          5715.23      2.6883778E-006
          5726.52      2.8248597E-006
          5737.81      2.9260316E-006
          5749.10      2.9539572E-006
          5760.39      2.9142261E-006
          5771.68      2.8120780E-006
          5782.97      2.6524273E-006
          5794.26      2.4398785E-006
          5805.55      2.1787616E-006
          5816.84      1.8731772E-006
          5828.12      1.5270169E-006
          5839.41      1.1439833E-006
          5850.70      7.2760838E-007
          5861.99      2.8127055E-007
          5873.28     -1.9178674E-007
          5884.57     -6.8844125E-007
          5895.86     -1.2056752E-006
          5907.15     -1.7405584E-006
          5918.44     -2.2902289E-006
          5929.73     -2.8518809E-006
          5941.02     -3.4227656E-006
          5952.30     -4.0001788E-006
          5963.59     -4.5814459E-006
          5974.88     -5.1639107E-006
          5986.17     -5.7449202E-006
          5997.46     -6.3218151E-006
          6008.75     -6.8919249E-006
          6020.04     -7.4525544E-006
          6031.33     -8.0009844E-006
          6042.62     -8.5344547E-006
          6053.91     -9.0501306E-006
          6065.20     -9.5450937E-006
          6076.48     -1.0016333E-005
          6087.77     -1.0460730E-005
          6099.06     -1.0875045E-005
          6110.35     -1.1255893E-005
          6121.64     -1.1599731E-005
          6132.93     -1.1902835E-005
          6144.22     -1.2161299E-005
          6155.51     -1.2371050E-005
          6166.80     -1.2527828E-005
          6178.09     -1.2627179E-005
          6189.38     -1.2664428E-005
          6200.66     -1.2634643E-005
          6211.95     -1.2532607E-005
          6223.24     -1.2352805E-005
          6234.53     -1.2089401E-005
          6245.82     -1.1736223E-005
          6257.11     -1.1286746E-005
          6268.40     -1.0734068E-005
          6279.69     -1.0070893E-005
          6290.98     -9.2895056E-006
          6302.27     -8.3817503E-006
          6313.55     -7.3390037E-006
          6324.84     -6.1521561E-006
          6336.13     -4.8224107E-006
          6347.42     -3.3557112E-006
          6358.71     -1.7493166E-006
          6370.00      5.6637520E-039
