          3480.00     -3.6099669E-030
          3491.29     -2.5737796E-007
          3502.58     -4.9984527E-007
          3513.87     -7.2837953E-007
          3525.16     -9.4388422E-007
          3536.45     -1.1471941E-006
          3547.73     -1.3390782E-006
          3559.02     -1.5202433E-006
          3570.31     -1.6913380E-006
          3581.60     -1.8529549E-006
          3592.89     -2.0056338E-006
          3604.18     -2.1498630E-006
          3615.47     -2.2860797E-006
          3626.76     -2.4146730E-006
          3638.05     -2.5359876E-006
          3649.34     -2.6503251E-006
          3660.62     -2.7579459E-006
          3671.91     -2.8590701E-006
          3683.20     -2.9538790E-006
          3694.49     -3.0425161E-006
          3705.78     -3.1250877E-006
          3717.07     -3.2016639E-006
          3728.36     -3.2722792E-006
          3739.65     -3.3369327E-006
          3750.94     -3.3955888E-006
          3762.23     -3.4481774E-006
          3773.52     -3.4945938E-006
          3784.80     -3.5346990E-006
          3796.09     -3.5683192E-006
          3807.38     -3.5952470E-006
          3818.67     -3.6152404E-006
          3829.96     -3.6280221E-006
          3841.25     -3.6332790E-006
          3852.54     -3.6306618E-006
          3863.83     -3.6197838E-006
          3875.12     -3.6002208E-006
          3886.41     -3.5715098E-006
          3897.70     -3.5331481E-006
          3908.98     -3.4845925E-006
          3920.27     -3.4252579E-006
          3931.56     -3.3545162E-006
          3942.85     -3.2716951E-006
          3954.14     -3.1760770E-006
          3965.43     -3.0668982E-006
          3976.72     -2.9433466E-006
          3988.01     -2.8045593E-006
          3999.30     -2.6496212E-006
          4010.59     -2.4775633E-006
          4021.88     -2.2873602E-006
          4033.16     -2.0779283E-006
          4044.45     -1.8481235E-006
          4055.74     -1.5967388E-006
          4067.03     -1.3225027E-006
          4078.32     -1.0240753E-006
          4089.61     -7.0004647E-007
          4100.90     -3.4893365E-007
          4112.19      3.0822322E-008
          4123.48      4.4085930E-007
          4134.77      8.8289721E-007
          4146.05      1.3587418E-006
          4157.34      1.8702862E-006
          4168.63      2.4195171E-006
          4179.92      3.0085173E-006
          4191.21      3.6394677E-006
          4202.50      4.3146546E-006
          4213.79      5.0364712E-006
          4225.08      5.8074234E-006
          4236.37      6.6301339E-006
          4247.66      7.5073446E-006
          4258.95      8.4419257E-006
          4270.23      9.4368788E-006
          4281.52      1.0495339E-005
          4292.81      1.1620584E-005
          4304.10      1.2816040E-005
          4315.39      1.4085284E-005
          4326.68      1.5432053E-005
          4337.97      1.6860245E-005
          4349.26      1.8373934E-005
          4360.55      1.9977368E-005
          4371.84      2.1674976E-005
          4383.12      2.3471379E-005
          4394.41      2.5371400E-005
          4405.70      2.7380071E-005
          4416.99      2.9502640E-005
          4428.28      3.1744571E-005
          4439.57      3.4111565E-005
          4450.86      3.6609561E-005
          4462.15      3.9244741E-005
          4473.44      4.2023550E-005
          4484.73      4.4952699E-005
          4496.02      4.8039176E-005
          4507.30      5.1290257E-005
          4518.59      5.4713509E-005
          4529.88      5.8316814E-005
          4541.17      6.2108378E-005
          4552.46      6.6096724E-005
          4563.75      7.0290731E-005
          4575.04      7.4699628E-005
          4586.33      7.9333015E-005
          4597.62      8.4200877E-005
          4608.91      8.9313581E-005
          4620.20      9.4681919E-005
          4631.48      1.0031711E-004
          4642.77      1.0623078E-004
          4654.06      1.1243506E-004
          4665.35      1.1894250E-004
          4676.64      1.2576618E-004
          4687.93      1.3291968E-004
          4699.22      1.4041705E-004
          4710.51      1.4827295E-004
          4721.80      1.5650257E-004
          4733.09      1.6512165E-004
          4744.38      1.7414658E-004
          4755.66      1.8359432E-004
          4766.95      1.9348251E-004
          4778.24      2.0382943E-004
          4789.53      2.1465405E-004
          4800.82      2.2597603E-004
          4812.11      2.3781579E-004
          4823.40      2.5019449E-004
          4834.69      2.6313406E-004
          4845.98      2.7665725E-004
          4857.27      2.9078766E-004
          4868.55      3.0554974E-004
          4879.84      3.2096880E-004
          4891.13      3.3707112E-004
          4902.42      3.5388391E-004
          4913.71      3.7143534E-004
          4925.00      3.8975462E-004
          4936.29      4.0887199E-004
          4947.58      4.2881880E-004
          4958.87      4.4962749E-004
          4970.16      4.7133163E-004
          4981.45      4.9396603E-004
          4992.73      5.1756670E-004
          5004.02      5.4217090E-004
          5015.31      5.6781723E-004
          5026.60      5.9454563E-004
          5037.89      6.2239743E-004
          5049.18      6.5141542E-004
          5060.47      6.8164380E-004
          5071.76      7.1312837E-004
          5083.05      7.4591651E-004
          5094.34      7.8005713E-004
          5105.62      8.1560092E-004
          5116.91      8.5260025E-004
          5128.20      8.9110928E-004
          5139.49      9.3118405E-004
          5150.78      9.7288238E-004
          5162.07      1.0162642E-003
          5173.36      1.0613913E-003
          5184.65      1.1083276E-003
          5195.94      1.1571393E-003
          5207.23      1.2078945E-003
          5218.52      1.2606639E-003
          5229.80      1.3155203E-003
          5241.09      1.3725391E-003
          5252.38      1.4317979E-003
          5263.67      1.4933772E-003
          5274.96      1.5573599E-003
          5286.25      1.6238316E-003
          5297.54      1.6928808E-003
          5308.83      1.7645989E-003
          5320.12      1.8390803E-003
          5331.41      1.9164222E-003
          5342.70      1.9967251E-003
          5353.98      2.0800929E-003
          5365.27      2.1666325E-003
          5376.56      2.2564543E-003
          5387.85      2.3496725E-003
          5399.14      2.4464046E-003
          5410.43      2.5467721E-003
          5421.72      2.6509001E-003
          5433.01      2.7589176E-003
          5444.30      2.8709582E-003
          5455.59      2.9871589E-003
          5466.88      3.1076616E-003
          5478.16      3.2326124E-003
          5489.45      3.3621620E-003
          5500.74      3.4964658E-003
          5512.03      3.6356838E-003
          5523.32      3.7799813E-003
          5534.61      3.9295285E-003
          5545.90      4.0845007E-003
          5557.19      4.2450787E-003
          5568.48      4.4114489E-003
          5579.77      4.5838035E-003
          5591.05      4.7623407E-003
          5602.34      4.9472643E-003
          5613.63      5.1387847E-003
          5624.92      5.3371187E-003
          5636.21      5.5424888E-003
          5647.50      5.7551247E-003
          5658.79      5.9752630E-003
          5670.08      6.2031469E-003
          5681.37      6.4390283E-003
          5692.66      6.6831666E-003
          5703.95      6.9358289E-003
          5715.23      7.1972897E-003
          5726.52      7.4678303E-003
          5737.81      6.6581563E-003
          5749.10      3.7545638E-003
          5760.39     -1.1324757E-003
          5771.68     -7.8966129E-003
          5782.97     -1.6435429E-002
          5794.26     -2.6650519E-002
          5805.55     -3.8447048E-002
          5816.84     -5.1733008E-002
          5828.12     -6.6419073E-002
          5839.41     -8.2418390E-002
          5850.70     -9.9646424E-002
          5861.99     -1.1802081E-001
          5873.28     -1.3746116E-001
          5884.57     -1.5788894E-001
          5895.86     -1.7922739E-001
          5907.15     -2.0140120E-001
          5918.44     -2.2433635E-001
          5929.73     -2.4795995E-001
          5941.02     -2.7220053E-001
          5952.30     -2.9698788E-001
          5963.59     -3.2225291E-001
          5974.88     -3.4792761E-001
          5986.17     -3.7394477E-001
          5997.46     -4.0023798E-001
          6008.75     -4.2674171E-001
          6020.04     -4.5339114E-001
          6031.33     -4.8012241E-001
          6042.62     -5.0687239E-001
          6053.91     -5.3357798E-001
          6065.20     -5.6017618E-001
          6076.48     -5.8660396E-001
          6087.77     -6.1279820E-001
          6099.06     -6.3869546E-001
          6110.35     -6.6423169E-001
          6121.64     -6.8934210E-001
          6132.93     -7.1396081E-001
          6144.22     -7.3802093E-001
          6155.51     -7.6145525E-001
          6166.80     -7.8419601E-001
          6178.09     -8.0617478E-001
          6189.38     -8.2732243E-001
          6200.66     -8.4756836E-001
          6211.95     -8.6684029E-001
          6223.24     -8.8506417E-001
          6234.53     -9.0216398E-001
          6245.82     -9.1806174E-001
          6257.11     -9.3267737E-001
          6268.40     -9.4592854E-001
          6279.69     -9.5773065E-001
          6290.98     -9.6799667E-001
          6302.27     -9.7663699E-001
          6313.55     -9.8355929E-001
          6324.84     -9.8866849E-001
          6336.13     -9.9248335E-001
          6347.42     -9.9558868E-001
          6358.71     -9.9798526E-001
          6370.00     -9.9967245E-001
