          3480.00     -4.2781863E-028
          3491.29     -1.9011952E-009
          3502.58     -3.7015730E-009
          3513.87     -5.4169509E-009
          3525.16     -7.0618782E-009
          3536.45     -8.6497772E-009
          3547.73     -1.0193059E-008
          3559.02     -1.1703224E-008
          3570.31     -1.3190975E-008
          3581.60     -1.4666288E-008
          3592.89     -1.6138502E-008
          3604.18     -1.7616379E-008
          3615.47     -1.9108147E-008
          3626.76     -2.0621569E-008
          3638.05     -2.2164003E-008
          3649.34     -2.3742441E-008
          3660.62     -2.5363559E-008
          3671.91     -2.7033745E-008
          3683.20     -2.8759127E-008
          3694.49     -3.0545606E-008
          3705.78     -3.2398867E-008
          3717.07     -3.4324409E-008
          3728.36     -3.6327553E-008
          3739.65     -3.8413448E-008
          3750.94     -4.0587089E-008
          3762.23     -4.2853315E-008
          3773.52     -4.5216809E-008
          3784.80     -4.7682100E-008
          3796.09     -5.0253546E-008
          3807.38     -5.2935349E-008
          3818.67     -5.5731538E-008
          3829.96     -5.8645929E-008
          3841.25     -6.1682130E-008
          3852.54     -6.4843499E-008
          3863.83     -6.8133124E-008
          3875.12     -7.1553793E-008
          3886.41     -7.5107944E-008
          3897.70     -7.8797642E-008
          3908.98     -8.2624530E-008
          3920.27     -8.6589759E-008
          3931.56     -9.0693958E-008
          3942.85     -9.4937156E-008
          3954.14     -9.9318732E-008
          3965.43     -1.0383735E-007
          3976.72     -1.0849084E-007
          3988.01     -1.1327614E-007
          3999.30     -1.1818918E-007
          4010.59     -1.2322475E-007
          4021.88     -1.2837643E-007
          4033.16     -1.3363644E-007
          4044.45     -1.3899550E-007
          4055.74     -1.4444270E-007
          4067.03     -1.4996530E-007
          4078.32     -1.5554861E-007
          4089.61     -1.6117575E-007
          4100.90     -1.6682750E-007
          4112.19     -1.7248205E-007
          4123.48     -1.7811476E-007
          4134.77     -1.8369792E-007
          4146.05     -1.8920050E-007
          4157.34     -1.9458779E-007
          4168.63     -1.9982115E-007
          4179.92     -2.0485766E-007
          4191.21     -2.0964970E-007
          4202.50     -2.1414466E-007
          4213.79     -2.1828442E-007
          4225.08     -2.2200497E-007
          4236.37     -2.2523589E-007
          4247.66     -2.2789984E-007
          4258.95     -2.2991203E-007
          4270.23     -2.3117959E-007
          4281.52     -2.3160095E-007
          4292.81     -2.3106519E-007
          4304.10     -2.2945130E-007
          4315.39     -2.2662741E-007
          4326.68     -2.2244994E-007
          4337.97     -2.1676277E-007
          4349.26     -2.0939624E-007
          4360.55     -2.0016619E-007
          4371.84     -1.8887310E-007
          4383.12     -1.7530072E-007
          4394.41     -1.5921459E-007
          4405.70     -1.4036098E-007
          4416.99     -1.1846549E-007
          4428.28     -9.3231646E-008
          4439.57     -6.4339266E-008
          4450.86     -3.1442798E-008
          4462.15      5.8303447E-009
          4473.44      4.7881848E-008
          4484.73      9.5144399E-008
          4496.02      1.4808385E-007
          4507.30      2.0720153E-007
          4518.59      2.7303650E-007
          4529.88      3.4616836E-007
          4541.17      4.2721988E-007
          4552.46      5.1685965E-007
          4563.75      6.1580553E-007
          4575.04      7.2482767E-007
          4586.33      8.4475206E-007
          4597.62      9.7646429E-007
          4608.91      1.1209130E-006
          4620.20      1.2791146E-006
          4631.48      1.4521576E-006
          4642.77      1.6412063E-006
          4654.06      1.8475071E-006
          4665.35      2.0723929E-006
          4676.64      2.3172884E-006
          4687.93      2.5837168E-006
          4699.22      2.8733047E-006
          4710.51      3.1877900E-006
          4721.80      3.5290283E-006
          4733.09      3.8989991E-006
          4744.38      4.2998156E-006
          4755.66      4.7337314E-006
          4766.95      5.2031494E-006
          4778.24      5.7106319E-006
          4789.53      6.2589079E-006
          4800.82      6.8508863E-006
          4812.11      7.4896652E-006
          4823.40      8.1785420E-006
          4834.69      8.9210282E-006
          4845.98      9.7208602E-006
          4857.27      1.0582013E-005
          4868.55      1.1508717E-005
          4879.84      1.2505467E-005
          4891.13      1.3577043E-005
          4902.42      1.4728527E-005
          4913.71      1.5965316E-005
          4925.00      1.7293144E-005
          4936.29      1.8718103E-005
          4947.58      2.0246660E-005
          4958.87      2.1885680E-005
          4970.16      2.3642447E-005
          4981.45      2.5524693E-005
          4992.73      2.7540621E-005
          5004.02      2.9698927E-005
          5015.31      3.2008836E-005
          5026.60      3.4480127E-005
          5037.89      3.7123165E-005
          5049.18      3.9948936E-005
          5060.47      4.2969074E-005
          5071.76      4.6195905E-005
          5083.05      4.9642489E-005
          5094.34      5.3322641E-005
          5105.62      5.7250998E-005
          5116.91      6.1443047E-005
          5128.20      6.5915178E-005
          5139.49      7.0684735E-005
          5150.78      7.5770054E-005
          5162.07      8.1190539E-005
          5173.36      8.6966712E-005
          5184.65      9.3120252E-005
          5195.94      9.9674091E-005
          5207.23      1.0665246E-004
          5218.52      1.1408096E-004
          5229.80      1.2198665E-004
          5241.09      1.3039808E-004
          5252.38      1.3934544E-004
          5263.67      1.4886061E-004
          5274.96      1.5897719E-004
          5286.25      1.6973071E-004
          5297.54      1.8115865E-004
          5308.83      1.9330056E-004
          5320.12      2.0619817E-004
          5331.41      2.1989548E-004
          5342.70      2.3443892E-004
          5353.98      2.4987746E-004
          5365.27      2.6626271E-004
          5376.56      2.8364909E-004
          5387.85      3.0209396E-004
          5399.14      3.2165779E-004
          5410.43      3.4240428E-004
          5421.72      3.6440053E-004
          5433.01      3.8771725E-004
          5444.30      4.1242893E-004
          5455.59      4.3861397E-004
          5466.88      4.6635496E-004
          5478.16      4.9573886E-004
          5489.45      5.2685718E-004
          5500.74      5.5980629E-004
          5512.03      5.9468750E-004
          5523.32      6.3160749E-004
          5534.61      6.7067852E-004
          5545.90      7.1201857E-004
          5557.19      7.5575182E-004
          5568.48      8.0200883E-004
          5579.77      8.5092695E-004
          5591.05      9.0265070E-004
          5602.34      9.5733183E-004
          5613.63      1.0151299E-003
          5624.92      1.0762127E-003
          5636.21      1.1407562E-003
          5647.50      1.2089455E-003
          5658.79      1.2809749E-003
          5670.08      1.3570484E-003
          5681.37      1.4373809E-003
          5692.66      1.5221984E-003
          5703.95      1.6117378E-003
          5715.23      1.7062475E-003
          5726.52      1.8059875E-003
          5737.81      8.4838296E-004
          5749.10     -2.1352893E-003
          5760.39     -7.0112788E-003
          5771.68     -1.3655052E-002
          5782.97     -2.1950669E-002
          5794.26     -3.1790431E-002
          5805.55     -4.3073990E-002
          5816.84     -5.5707201E-002
          5828.12     -6.9601661E-002
          5839.41     -8.4674189E-002
          5850.70     -1.0084639E-001
          5861.99     -1.1804426E-001
          5873.28     -1.3619769E-001
          5884.57     -1.5524017E-001
          5895.86     -1.7510841E-001
          5907.15     -1.9574186E-001
          5918.44     -2.1708232E-001
          5929.73     -2.3907362E-001
          5941.02     -2.6166169E-001
          5952.30     -2.8479422E-001
          5963.59     -3.0842036E-001
          5974.88     -3.3249045E-001
          5986.17     -3.5695568E-001
          5997.46     -3.8176781E-001
          6008.75     -4.0687918E-001
          6020.04     -4.3224232E-001
          6031.33     -4.5781003E-001
          6042.62     -4.8353502E-001
          6053.91     -5.0936900E-001
          6065.20     -5.3526261E-001
          6076.48     -5.6116514E-001
          6087.77     -5.8702425E-001
          6099.06     -6.1278558E-001
          6110.35     -6.3839232E-001
          6121.64     -6.6378483E-001
          6132.93     -6.8890015E-001
          6144.22     -7.1367195E-001
          6155.51     -7.3803105E-001
          6166.80     -7.6190502E-001
          6178.09     -7.8521780E-001
          6189.38     -8.0788939E-001
          6200.66     -8.2983480E-001
          6211.95     -8.5096349E-001
          6223.24     -8.7117901E-001
          6234.53     -8.9037857E-001
          6245.82     -9.0845276E-001
          6257.11     -9.2528505E-001
          6268.40     -9.4075135E-001
          6279.69     -9.5471968E-001
          6290.98     -9.6704958E-001
          6302.27     -9.7759160E-001
          6313.55     -9.8618683E-001
          6324.84     -9.9266629E-001
          6336.13     -9.9712491E-001
          6347.42     -9.9978029E-001
          6358.71     -1.0006326E+000
          6370.00     -9.9967245E-001
