0 0.280615384615 1.97014925373 0.142434 9.34449
1 0.280711541353 1.97039953961 0.142464 9.34769
2 0.280756445088 1.97078684859 0.142459 9.34919
3 0.28075336149 1.97130666926 0.14242 9.34909
3 0.28075336149 1.97130666926 0.14242 9.34909
4 0.280705556227 1.9719544902 0.142349 9.3475
5 0.280616294966 1.97272580001 0.142248 9.34452
6 0.280484430829 1.97361608728 0.142117 9.34013
7 0.280310450064 1.97462084058 0.141957 9.33434
8 0.280100313469 1.97573554851 0.14177 9.32734
9 0.279859982185 1.97695569965 0.141561 9.31934
10 0.279595417351 1.97827678259 0.141333 9.31053
11 0.27931258011 1.97969428592 0.141089 9.30111
12 0.2790174316 1.98120369823 0.140832 9.29128
13 0.278715932963 1.9828005081 0.140567 9.28124
14 0.27841404534 1.98448020412 0.140296 9.27119
15 0.278117729872 1.98623827487 0.140022 9.26132
15 0.278117729872 1.98623827487 0.140022 9.26132
16 0.277832947698 1.98807020895 0.13975 9.25184
17 0.27756565996 1.98997149495 0.139482 9.24294
18 0.277321827798 1.99193762144 0.139222 9.23482
19 0.277107412353 1.99396407702 0.138973 9.22768
20 0.276928374765 1.99604635028 0.138738 9.22171
21 0.27677326718 1.9981799298 0.138513 9.21655
22 0.276627538527 2.00036030416 0.138289 9.2117
23 0.276496079009 2.00258296197 0.13807 9.20732
24.4 0.276345357954 2.00584746743 0.13777 9.2023
24.4 0.276345357954 2.00584746743 0.13777 9.2023
25 0.276295610495 2.00739319075 0.137639 9.20064
26 0.276236423057 2.01017456048 0.137419 9.19867
27 0.276211147873 2.01320182873 0.1372 9.19783
28 0.276224695721 2.01646281469 0.136985 9.19828
29 0.27628197738 2.01994533756 0.136777 9.20019
30 0.276387903631 2.02363721651 0.13658 9.20372
31 0.276547385252 2.02752627073 0.136396 9.20903
32 0.276765333023 2.0316003194 0.13623 9.21629
33 0.277046657724 2.03584718172 0.136084 9.22565
34 0.277396270134 2.04025467687 0.135962 9.2373
35 0.277819081033 2.04481062404 0.135865 9.25138
40 0.280847884165 2.0695666268 0.135704 9.35223
45 0.284590729907 2.10483100123 0.135208 9.47687
50 0.287953332817 2.15184120728 0.133817 9.58885
60 0.293341761182 2.28168220397 0.128564 9.76828
70 0.298418032393 2.34817039966 0.127085 9.93732
80 0.303052783971 2.39812085223 0.126371 10.0917
80 0.303052783971 2.39812085223 0.126371 10.0917
90 0.305525695955 2.43756826145 0.12534 10.174
100 0.303190195867 2.46727979943 0.122884 10.0962
110 0.296208984522 2.47071659308 0.119888 9.86376
120 0.287204073267 2.43667600654 0.117867 9.5639
130 0.276433026399 2.3663029647 0.116821 9.20522
140 0.263411224028 2.27387585866 0.115842 8.77159
150 0.246798740055 2.16422054331 0.114036 8.2184
160 0.224583452111 2.02053167726 0.111151 7.47863
170 0.202505822452 1.84831814205 0.109562 6.74344
180 0.186906797883 1.71486687226 0.108992 6.224
190 0.165471789139 1.49295507904 0.110835 5.51021
200 0.143737118191 1.33575093284 0.107608 4.78645
210 0.128750781788 1.22760656379 0.10488 4.2874
220 0.11679376855 1.1313434517 0.103235 3.88923
220 0.11679376855 1.1313434517 0.103235 3.88923
230 0.106507759988 1.03733159702 0.102675 3.54671
240 0.0975499155371 0.945236704907 0.103202 3.24841
250 0.0894075210475 0.872449264792 0.102479 2.97727
260 0.0826146167002 0.825555377528 0.100072 2.75107
270 0.0777066912364 0.795690510767 0.0976594 2.58763
280 0.0744292445305 0.776643655771 0.0958345 2.47849
290 0.0719989034714 0.762203803804 0.0944615 2.39756
300 0.070356221344 0.747008237332 0.094184 2.34286
310 0.069443310677 0.732729109446 0.0947735 2.31246
320 0.0691304476412 0.723380576804 0.0955658 2.30204
330 0.0689330376769 0.72024004306 0.0957084 2.29547
340 0.0689815346612 0.720408738825 0.0957533 2.29709
350 0.0695319471783 0.723904906374 0.0960512 2.31541
360 0.0707811784755 0.730943399797 0.0968354 2.35701
370 0.0723907063362 0.742714200539 0.0974678 2.41061
380 0.0741371007248 0.757730027258 0.097841 2.46877
390 0.0758709700803 0.773735770681 0.098058 2.5265
400 0.0774429228416 0.788476321538 0.0982185 2.57885
400 0.0774429228416 0.788476321538 0.0982185 2.57885
410 0.0788713581295 0.799696570558 0.0986266 2.62642
420 0.0799971888628 0.803033676103 0.0996187 2.66391
430 0.0803247050118 0.795103971138 0.101024 2.67481
440 0.0797645788453 0.781566177431 0.102057 2.65616
450 0.0786497064661 0.763768914053 0.102976 2.61904
460 0.0773316615985 0.742539154809 0.104145 2.57514
470 0.0760520913464 0.712947356692 0.106673 2.53253
480 0.0742664482425 0.678923444871 0.109389 2.47307
490 0.0721787950582 0.650598522294 0.110942 2.40355
500 0.0702022105166 0.631899411953 0.111097 2.33773
510 0.0687497733406 0.621886634372 0.11055 2.28937
520 0.0684465589205 0.623710146482 0.109741 2.27927
530 0.0707707478458 0.632240929117 0.111936 2.35667
540 0.07437679963 0.6432754407 0.115622 2.47675
550 0.0773619859652 0.65705741088 0.11774 2.57615
560 0.0792742480156 0.671701199367 0.11802 2.63983
570 0.0808429836479 0.682466522875 0.118457 2.69207
580 0.08113462643 0.679673072992 0.119373 2.70178
590 0.0792312844063 0.647926882225 0.122284 2.6384
600 0.0751139545199 0.597934132434 0.125622 2.50129
600 0.0751139545199 0.597934132434 0.125622 2.50129
610 0.0697973912794 0.544989281238 0.128071 2.32425
620 0.0640584579018 0.494464062526 0.129551 2.13315
630 0.0581061507759 0.444245428627 0.130797 1.93493
640 0.0522908794769 0.401357535397 0.130285 1.74129
650 0.0472222562387 0.382948142286 0.123312 1.5725
660 0.0470140726488 0.381954983853 0.123088 1.56557
670 0.0477569558178 0.380415044914 0.125539 1.59031
670 0.0477569558178 0.380415044914 0.125539 1.59031
685.3 0.0493347603775 0.37735702197 0.130738 1.64285
735.3 0.0543454045839 0.402329215528 0.135077 1.8097
771 0.0576354254337 0.426117196489 0.135257 1.91926
771 0.0576354254337 0.426117196489 0.135257 1.91926
785.3 0.0588939177614 0.434081037294 0.135675 1.96117
835.3 0.0630808556028 0.45776869249 0.137801 2.10059
885.3 0.0655221261731 0.473253682259 0.13845 2.18189
935.3 0.0642136300689 0.477239228187 0.134552 2.13831
985.3 0.061664723907 0.470007912941 0.131199 2.05344
1035.3 0.0578566428399 0.456600685389 0.126712 1.92663
1085.3 0.0527924269749 0.439439680632 0.120136 1.75799
1135.3 0.0482890967929 0.422018766608 0.114424 1.60803
1185.3 0.044012570001 0.404861417618 0.10871 1.46562
1235.3 0.0401897682297 0.387831660011 0.103627 1.33832
1285.3 0.0370973554398 0.373871715663 0.0992248 1.23534
1335.3 0.0343029601643 0.365166110789 0.093938 1.14229
1385.3 0.0316080624717 0.357809689504 0.0883376 1.05255
1435.3 0.0289431779338 0.348065904619 0.0831543 0.963808
1485.3 0.0264228051945 0.337572043697 0.0782731 0.879879
1535.3 0.0242822283121 0.329279927997 0.0737434 0.808598
1585.3 0.0227056730035 0.324630970494 0.069943 0.756099
1635.3 0.0214982079453 0.322338754617 0.0666945 0.71589
1685.3 0.0204867268191 0.32155913653 0.0637106 0.682208
1735.3 0.0196261500291 0.322310790374 0.060892 0.653551
1785.3 0.0188630530816 0.32358798851 0.0582934 0.62814
1835.3 0.0181533984525 0.326572777067 0.0555876 0.604508
1885.3 0.0176257336192 0.333552042486 0.0528425 0.586937
1935.3 0.0175054254455 0.346284666499 0.0505521 0.582931
1985.3 0.0183151752902 0.360301757346 0.0508329 0.609895
2035.3 0.0202907168538 0.371590896376 0.054605 0.675681
2085.3 0.0227529317833 0.382721264585 0.0594504 0.757673
2135.3 0.0255040756525 0.394310636671 0.0646802 0.849286
2185.3 0.028583200092 0.406326347778 0.0703454 0.951821
2235.3 0.0320123378563 0.418393229658 0.0765126 1.06601
2285.3 0.0362821514338 0.430034661504 0.0843703 1.2082
2335.3 0.041569820076 0.440697866572 0.0943273 1.38428
2385.3 0.048380124627 0.451179889158 0.10723 1.61106
2435.3 0.0565229629661 0.462591224796 0.122188 1.88221
2485.3 0.0656950789129 0.476871037013 0.137763 2.18765
2535.3 0.0763547209146 0.493806942256 0.154625 2.54261
2585.3 0.0882099158581 0.515634150545 0.171071 2.93739
2635.3 0.100915493933 0.539400133269 0.187088 3.36049
2685.3 0.114091228157 0.558850094717 0.204154 3.79924
2735.3 0.127970703083 0.57313221925 0.223283 4.26142
2741 0.129577954057 0.574661001537 0.225486 4.31495
2741 0.129577954057 0.574661001537 0.225486 4.31495
2785.3 0.142859240834 0.587468782335 0.243178 4.75721
2835.3 0.160330561893 0.608040345028 0.263684 5.33901
2885.3 0.179305059312 0.642559551484 0.279048 5.97086
2891 0.180119938742 0.647168377888 0.27832 5.99799
