          3480.00      0.0000000E+000
          3491.29     -1.5223394E-001
          3502.58     -1.5478019E-001
          3513.87     -1.5706581E-001
          3525.16     -1.5911213E-001
          3536.45     -1.6093712E-001
          3547.73     -1.6255576E-001
          3559.02     -1.6398038E-001
          3570.31     -1.6522087E-001
          3581.60     -1.6628483E-001
          3592.89     -1.6755812E-001
          3604.18     -1.6929871E-001
          3615.47     -1.7136696E-001
          3626.76     -1.7366447E-001
          3638.05     -1.7611963E-001
          3649.34     -1.7867851E-001
          3660.62     -1.8129933E-001
          3671.91     -1.8394896E-001
          3683.20     -1.8660077E-001
          3694.49     -1.8923306E-001
          3705.78     -1.9182808E-001
          3717.07     -1.9437133E-001
          3728.36     -1.9702323E-001
          3739.65     -1.9991849E-001
          3750.94     -2.0301162E-001
          3762.23     -2.0626201E-001
          3773.52     -2.0963525E-001
          3784.80     -2.1310190E-001
          3796.09     -2.1676705E-001
          3807.38     -2.2072573E-001
          3818.67     -2.2493996E-001
          3829.96     -2.2937422E-001
          3841.25     -2.3399780E-001
          3852.54     -2.3878382E-001
          3863.83     -2.4370856E-001
          3875.12     -2.4875100E-001
          3886.41     -2.5389239E-001
          3897.70     -2.5911610E-001
          3908.98     -2.6440733E-001
          3920.27     -2.6975299E-001
          3931.56     -2.7514160E-001
          3942.85     -2.8056316E-001
          3954.14     -2.8600908E-001
          3965.43     -2.9147207E-001
          3976.72     -2.9694608E-001
          3988.01     -3.0242624E-001
          3999.30     -3.0790876E-001
          4010.59     -3.1355564E-001
          4021.88     -3.1951879E-001
          4033.16     -3.2577729E-001
          4044.45     -3.3230352E-001
          4055.74     -3.3907374E-001
          4067.03     -3.4606752E-001
          4078.32     -3.5326734E-001
          4089.61     -3.6065822E-001
          4100.90     -3.6822746E-001
          4112.19     -3.7596445E-001
          4123.48     -3.8386051E-001
          4134.77     -3.9190871E-001
          4146.05     -4.0021431E-001
          4157.34     -4.0888233E-001
          4168.63     -4.1790302E-001
          4179.92     -4.2725870E-001
          4191.21     -4.3693495E-001
          4202.50     -4.4692025E-001
          4213.79     -4.5720580E-001
          4225.08     -4.6778527E-001
          4236.37     -4.7865468E-001
          4247.66     -4.8981227E-001
          4258.95     -5.0125846E-001
          4270.23     -5.1299577E-001
          4281.52     -5.2502292E-001
          4292.81     -5.3733086E-001
          4304.10     -5.4991521E-001
          4315.39     -5.6277785E-001
          4326.68     -5.7592265E-001
          4337.97     -5.8935544E-001
          4349.26     -6.0308405E-001
          4360.55     -6.1711827E-001
          4371.84     -6.3146984E-001
          4383.12     -6.4615254E-001
          4394.41     -6.6118213E-001
          4405.70     -6.7657646E-001
          4416.99     -6.9253230E-001
          4428.28     -7.0932952E-001
          4439.57     -7.2707332E-001
          4450.86     -7.4579154E-001
          4462.15     -7.6551979E-001
          4473.44     -7.8630182E-001
          4484.73     -8.0818978E-001
          4496.02     -8.3124480E-001
          4507.30     -8.5553766E-001
          4518.59     -8.8114962E-001
          4529.88     -9.0817359E-001
          4541.17     -9.3671543E-001
          4552.46     -9.6691305E-001
          4563.75     -1.0003540E+000
          4575.04     -1.0397351E+000
          4586.33     -1.0865959E+000
          4597.62     -1.1417743E+000
          4608.91     -1.2064364E+000
          4620.20     -1.2821613E+000
          4631.48     -1.3710723E+000
          4642.77     -1.4760367E+000
          4654.06     -1.6009773E+000
          4665.35     -1.7513640E+000
          4676.64     -1.9350213E+000
          4687.93     -2.1635115E+000
          4699.22     -2.4618017E+000
          4710.51     -2.8814617E+000
          4721.80     -3.5155742E+000
          4733.09     -4.5651221E+000
          4744.38     -6.6048132E+000
          4755.66     -1.2198721E+001
          4766.95     -8.9548041E+001
          4778.24     -1.6480352E+001
          4789.53     -7.5036255E+000
          4800.82     -4.8459590E+000
          4812.11     -3.5748029E+000
          4823.40     -2.8310281E+000
          4834.69     -2.3351032E+000
          4845.98     -1.9707221E+000
          4857.27     -1.6907650E+000
          4868.55     -1.4718413E+000
          4879.84     -1.2977189E+000
          4891.13     -1.1570379E+000
          4902.42     -1.0417378E+000
          4913.71     -9.4600873E-001
          4925.00     -8.6559481E-001
          4936.29     -7.9605382E-001
          4947.58     -7.3333063E-001
          4958.87     -6.7622084E-001
          4970.16     -6.2487346E-001
          4981.45     -5.7903613E-001
          4992.73     -5.3826165E-001
          5004.02     -5.0203100E-001
          5015.31     -4.6982134E-001
          5026.60     -4.4114109E-001
          5037.89     -4.1554521E-001
          5049.18     -3.9263972E-001
          5060.47     -3.7208051E-001
          5071.76     -3.5321382E-001
          5083.05     -3.3508748E-001
          5094.34     -3.1746945E-001
          5105.62     -3.0066924E-001
          5116.91     -2.8485957E-001
          5128.20     -2.7011730E-001
          5139.49     -2.5645522E-001
          5150.78     -2.4384544E-001
          5162.07     -2.3223584E-001
          5173.36     -2.2156131E-001
          5184.65     -2.1175124E-001
          5195.94     -2.0273418E-001
          5207.23     -1.9444083E-001
          5218.52     -1.8668331E-001
          5229.80     -1.7907257E-001
          5241.09     -1.7148274E-001
          5252.38     -1.6406416E-001
          5263.67     -1.5691750E-001
          5274.96     -1.5010540E-001
          5286.25     -1.4366226E-001
          5297.54     -1.3760221E-001
          5308.83     -1.3192534E-001
          5320.12     -1.2662230E-001
          5331.41     -1.2167775E-001
          5342.70     -1.1707275E-001
          5353.98     -1.1268875E-001
          5365.27     -1.0811417E-001
          5376.56     -1.0319676E-001
          5387.85     -9.8146313E-002
          5399.14     -9.3117458E-002
          5410.43     -8.8218102E-002
          5421.72     -8.3519045E-002
          5433.01     -7.9062929E-002
          5444.30     -7.4871868E-002
          5455.59     -7.0953533E-002
          5466.88     -6.7305770E-002
          5478.16     -6.3920048E-002
          5489.45     -6.0783920E-002
          5500.74     -5.7882760E-002
          5512.03     -5.5200971E-002
          5523.32     -5.2722767E-002
          5534.61     -5.0432702E-002
          5545.90     -4.8271190E-002
          5557.19     -4.5895266E-002
          5568.48     -4.3144274E-002
          5579.77     -4.0194717E-002
          5591.05     -3.7181880E-002
          5602.34     -3.4203200E-002
          5613.63     -3.1324599E-002
          5624.92     -2.8587496E-002
          5636.21     -2.6015194E-002
          5647.50     -2.3618155E-002
          5658.79     -2.1398108E-002
          5670.08     -1.9351090E-002
          5681.37     -1.7469742E-002
          5692.66     -1.5722705E-002
          5703.95     -1.3841773E-002
          5715.23     -1.1706862E-002
          5726.52     -9.4715553E-003
          5737.81     -7.2455412E-003
          5749.10     -5.1009341E-003
          5760.39     -3.0811179E-003
          5771.68     -1.2157298E-003
          5782.97      4.6736748E-004
          5794.26      1.9664526E-003
          5805.55      3.3013209E-003
          5816.84      4.4898338E-003
          5828.12      5.5479008E-003
          5839.41      6.4895706E-003
          5850.70      7.3271849E-003
          5861.99      8.0715529E-003
          5873.28      8.7321232E-003
          5884.57      9.3176369E-003
          5895.86      9.8416335E-003
          5907.15      1.0313751E-002
          5918.44      1.0736286E-002
          5929.73      1.1111618E-002
          5941.02      1.1442130E-002
          5952.30      1.1730141E-002
          5963.59      1.1978706E-002
          5974.88      1.2208733E-002
          5986.17      1.2433602E-002
          5997.46      1.2646493E-002
          6008.75      1.2842115E-002
          6020.04      1.3016423E-002
          6031.33      1.3166378E-002
          6042.62      1.3289711E-002
          6053.91      1.3384725E-002
          6065.20      1.3450688E-002
          6076.48      1.3510472E-002
          6087.77      1.3577468E-002
          6099.06      1.3638870E-002
          6110.35      1.3684002E-002
          6121.64      1.3703972E-002
          6132.93      1.3691295E-002
          6144.22      1.3639527E-002
          6155.51      1.3541498E-002
          6166.80      1.3392488E-002
          6178.09      1.3190212E-002
          6189.38      1.2932069E-002
          6200.66      1.2615001E-002
          6211.95      1.2235369E-002
          6223.24      1.1788902E-002
          6234.53      1.1278149E-002
          6245.82      1.0708204E-002
          6257.11      1.0077554E-002
          6268.40      9.3839991E-003
          6279.69      8.6246502E-003
          6290.98      7.7994414E-003
          6302.27      6.9090428E-003
          6313.55      5.9507039E-003
          6324.84      4.9210823E-003
          6336.13      3.8161998E-003
          6347.42      2.6313912E-003
          6358.71      1.3612875E-003
          6370.00      0.0000000E+000
