          3480.00      0.0000000E+000
          3491.29     -2.3714337E+002
          3502.58     -2.4041495E+002
          3513.87     -2.4305634E+002
          3525.16     -2.4506833E+002
          3536.45     -2.4644907E+002
          3547.73     -2.4719389E+002
          3559.02     -2.4729530E+002
          3570.31     -2.4674279E+002
          3581.60     -2.4552264E+002
          3592.89     -2.4442064E+002
          3604.18     -2.4404108E+002
          3615.47     -2.4416622E+002
          3626.76     -2.4464268E+002
          3638.05     -2.4535993E+002
          3649.34     -2.4623593E+002
          3660.62     -2.4720829E+002
          3671.91     -2.4822852E+002
          3683.20     -2.4925814E+002
          3694.49     -2.5026611E+002
          3705.78     -2.5122702E+002
          3717.07     -2.5211972E+002
          3728.36     -2.5309962E+002
          3739.65     -2.5430632E+002
          3750.94     -2.5570170E+002
          3762.23     -2.5725102E+002
          3773.52     -2.5892471E+002
          3784.80     -2.6069727E+002
          3796.09     -2.6265126E+002
          3807.38     -2.6486507E+002
          3818.67     -2.6731147E+002
          3829.96     -2.6996447E+002
          3841.25     -2.7280130E+002
          3852.54     -2.7580181E+002
          3863.83     -2.7894805E+002
          3875.12     -2.8222390E+002
          3886.41     -2.8561473E+002
          3897.70     -2.8910724E+002
          3908.98     -2.9268919E+002
          3920.27     -2.9634924E+002
          3931.56     -3.0007690E+002
          3942.85     -3.0386231E+002
          3954.14     -3.0769622E+002
          3965.43     -3.1156990E+002
          3976.72     -3.1547502E+002
          3988.01     -3.1940369E+002
          3999.30     -3.2334839E+002
          4010.59     -3.2742940E+002
          4021.88     -3.3177073E+002
          4033.16     -3.3636746E+002
          4044.45     -3.4120784E+002
          4055.74     -3.4628131E+002
          4067.03     -3.5157834E+002
          4078.32     -3.5709030E+002
          4089.61     -3.6280929E+002
          4100.90     -3.6872807E+002
          4112.19     -3.7483994E+002
          4123.48     -3.8113869E+002
          4134.77     -3.8761852E+002
          4146.05     -3.9438690E+002
          4157.34     -4.0156397E+002
          4168.63     -4.0915860E+002
          4179.92     -4.1716963E+002
          4191.21     -4.2559737E+002
          4202.50     -4.3444350E+002
          4213.79     -4.4371103E+002
          4225.08     -4.5340417E+002
          4236.37     -4.6352831E+002
          4247.66     -4.7408996E+002
          4258.95     -4.8509677E+002
          4270.23     -4.9655745E+002
          4281.52     -5.0860912E+002
          4292.81     -5.2141387E+002
          4304.10     -5.3501464E+002
          4315.39     -5.4944340E+002
          4326.68     -5.6473654E+002
          4337.97     -5.8093506E+002
          4349.26     -5.9808501E+002
          4360.55     -6.1623789E+002
          4371.84     -6.3545108E+002
          4383.12     -6.5578851E+002
          4394.41     -6.7732133E+002
          4405.70     -7.0012870E+002
          4416.99     -7.2421431E+002
          4428.28     -7.4953957E+002
          4439.57     -7.7614659E+002
          4450.86     -8.0412164E+002
          4462.15     -8.3355940E+002
          4473.44     -8.6456419E+002
          4484.73     -8.9725103E+002
          4496.02     -9.3174708E+002
          4507.30     -9.6819328E+002
          4518.59     -1.0067461E+003
          4529.88     -1.0475798E+003
          4541.17     -1.0908893E+003
          4552.46     -1.1368863E+003
          4563.75     -1.1853201E+003
          4575.04     -1.2355250E+003
          4586.33     -1.2872098E+003
          4597.62     -1.3403885E+003
          4608.91     -1.3950737E+003
          4620.20     -1.4512767E+003
          4631.48     -1.5090071E+003
          4642.77     -1.5682728E+003
          4654.06     -1.6290805E+003
          4665.35     -1.6914348E+003
          4676.64     -1.7553389E+003
          4687.93     -1.8207945E+003
          4699.22     -1.8870264E+003
          4710.51     -1.9524957E+003
          4721.80     -2.0162712E+003
          4733.09     -2.0780077E+003
          4744.38     -2.1373758E+003
          4755.66     -2.1940671E+003
          4766.95     -2.2478005E+003
          4778.24     -2.2983261E+003
          4789.53     -2.3454299E+003
          4800.82     -2.3889366E+003
          4812.11     -2.4287113E+003
          4823.40     -2.4646607E+003
          4834.69     -2.4953965E+003
          4845.98     -2.5182845E+003
          4857.27     -2.5321921E+003
          4868.55     -2.5374857E+003
          4879.84     -2.5346801E+003
          4891.13     -2.5244051E+003
          4902.42     -2.5073720E+003
          4913.71     -2.4843407E+003
          4925.00     -2.4560896E+003
          4936.29     -2.4220058E+003
          4947.58     -2.3801092E+003
          4958.87     -2.3303250E+003
          4970.16     -2.2743634E+003
          4981.45     -2.2138171E+003
          4992.73     -2.1501175E+003
          5004.02     -2.0845112E+003
          5015.31     -2.0180529E+003
          5026.60     -1.9516122E+003
          5037.89     -1.8858865E+003
          5049.18     -1.8214201E+003
          5060.47     -1.7586244E+003
          5071.76     -1.6970097E+003
          5083.05     -1.6350663E+003
          5094.34     -1.5725330E+003
          5105.62     -1.5103700E+003
          5116.91     -1.4493192E+003
          5128.20     -1.3899327E+003
          5139.49     -1.3326024E+003
          5150.78     -1.2775897E+003
          5162.07     -1.2250513E+003
          5173.36     -1.1750630E+003
          5184.65     -1.1276388E+003
          5195.94     -1.0827471E+003
          5207.23     -1.0403234E+003
          5218.52     -1.0000049E+003
          5229.80     -9.6093238E+002
          5241.09     -9.2276007E+002
          5252.38     -8.8575619E+002
          5263.67     -8.5010725E+002
          5274.96     -8.1593362E+002
          5286.25     -7.8330304E+002
          5297.54     -7.5224255E+002
          5308.83     -7.2274826E+002
          5320.12     -6.9479339E+002
          5331.41     -6.6833485E+002
          5342.70     -6.4331814E+002
          5353.98     -6.1948973E+002
          5365.27     -5.9601015E+002
          5376.56     -5.7248180E+002
          5387.85     -5.4920938E+002
          5399.14     -5.2642684E+002
          5410.43     -5.0430714E+002
          5421.72     -4.8297230E+002
          5433.01     -4.6250267E+002
          5444.30     -4.4294546E+002
          5455.59     -4.2432211E+002
          5466.88     -4.0663427E+002
          5478.16     -3.8986894E+002
          5489.45     -3.7400250E+002
          5500.74     -3.5900393E+002
          5512.03     -3.4483738E+002
          5523.32     -3.3146401E+002
          5534.61     -3.1884350E+002
          5545.90     -3.0685779E+002
          5557.19     -2.9489982E+002
          5568.48     -2.8262635E+002
          5579.77     -2.7026167E+002
          5591.05     -2.5798528E+002
          5602.34     -2.4593615E+002
          5613.63     -2.3421790E+002
          5624.92     -2.2290449E+002
          5636.21     -2.1204559E+002
          5647.50     -2.0167141E+002
          5658.79     -1.9179696E+002
          5670.08     -1.8242564E+002
          5681.37     -1.7355257E+002
          5692.66     -1.6512487E+002
          5703.95     -1.5663537E+002
          5715.23     -1.4779938E+002
          5726.52     -1.3884659E+002
          5737.81     -1.2995674E+002
          5749.10     -1.2126446E+002
          5760.39     -1.1286627E+002
          5771.68     -1.0484351E+002
          5782.97     -9.7284042E+001
          5794.26     -9.0220687E+001
          5805.55     -8.3630946E+001
          5816.84     -7.7489504E+001
          5828.12     -7.1769694E+001
          5839.41     -6.6444571E+001
          5850.70     -6.1487634E+001
          5861.99     -5.6873302E+001
          5873.28     -5.2577237E+001
          5884.57     -4.8575602E+001
          5895.86     -4.4835871E+001
          5907.15     -4.1331926E+001
          5918.44     -3.8050592E+001
          5929.73     -3.4978999E+001
          5941.02     -3.2104686E+001
          5952.30     -2.9415710E+001
          5963.59     -2.6899655E+001
          5974.88     -2.4523268E+001
          5986.17     -2.2263028E+001
          5997.46     -2.0120071E+001
          6008.75     -1.8094120E+001
          6020.04     -1.6182659E+001
          6031.33     -1.4385900E+001
          6042.62     -1.2699868E+001
          6053.91     -1.1121464E+001
          6065.20     -9.6469969E+000
          6076.48     -8.2587378E+000
          6087.77     -6.9470215E+000
          6099.06     -5.7186606E+000
          6110.35     -4.5788522E+000
          6121.64     -3.5315259E+000
          6132.93     -2.5796641E+000
          6144.22     -1.7254892E+000
          6155.51     -9.6740585E-001
          6166.80     -3.0226244E-001
          6178.09      2.7052731E-001
          6189.38      7.5145864E-001
          6200.66      1.1408303E+000
          6211.95      1.4386807E+000
          6223.24      1.6449788E+000
          6234.53      1.7781903E+000
          6245.82      1.8578066E+000
          6257.11      1.8850442E+000
          6268.40      1.8609037E+000
          6279.69      1.7862369E+000
          6290.98      1.6698031E+000
          6302.27      1.5206871E+000
          6313.55      1.3400188E+000
          6324.84      1.1288130E+000
          6336.13      8.8797868E-001
          6347.42      6.1832830E-001
          6358.71      3.2169943E-001
          6370.00      0.0000000E+000
