          3480.00     -2.3059593E-004
          3491.29     -2.1603777E-004
          3502.58     -2.0107272E-004
          3513.87     -1.8603417E-004
          3525.16     -1.7125175E-004
          3536.45     -1.5705338E-004
          3547.73     -1.4376729E-004
          3559.02     -1.3172412E-004
          3570.31     -1.2125873E-004
          3581.60     -1.1271221E-004
          3592.89     -1.0534531E-004
          3604.18     -9.8200766E-005
          3615.47     -9.1299629E-005
          3626.76     -8.4665879E-005
          3638.05     -7.8324246E-005
          3649.34     -7.2300403E-005
          3660.62     -6.6621098E-005
          3671.91     -6.1314341E-005
          3683.20     -5.6409575E-005
          3694.49     -5.1937832E-005
          3705.78     -4.7931926E-005
          3717.07     -4.4426599E-005
          3728.36     -4.1284313E-005
          3739.65     -3.8344806E-005
          3750.94     -3.5611894E-005
          3762.23     -3.3092722E-005
          3773.52     -3.0795295E-005
          3784.80     -2.8728512E-005
          3796.09     -2.6822131E-005
          3807.38     -2.4996553E-005
          3818.67     -2.3248255E-005
          3829.96     -2.1575652E-005
          3841.25     -1.9977425E-005
          3852.54     -1.8452529E-005
          3863.83     -1.7000189E-005
          3875.12     -1.5619902E-005
          3886.41     -1.4311443E-005
          3897.70     -1.3074861E-005
          3908.98     -1.1910485E-005
          3920.27     -1.0818933E-005
          3931.56     -9.8011119E-006
          3942.85     -8.8582233E-006
          3954.14     -7.9917724E-006
          3965.43     -7.2035738E-006
          3976.72     -6.4957641E-006
          3988.01     -5.8708072E-006
          3999.30     -5.3315069E-006
          4010.59     -4.8527562E-006
          4021.88     -4.4056677E-006
          4033.16     -3.9884065E-006
          4044.45     -3.6008144E-006
          4055.74     -3.2428503E-006
          4067.03     -2.9145924E-006
          4078.32     -2.6162362E-006
          4089.61     -2.3480964E-006
          4100.90     -2.1106088E-006
          4112.19     -1.9043305E-006
          4123.48     -1.7299423E-006
          4134.77     -1.5882507E-006
          4146.05     -1.4688998E-006
          4157.34     -1.3598635E-006
          4168.63     -1.2600216E-006
          4179.92     -1.1692959E-006
          4191.21     -1.0876424E-006
          4202.50     -1.0150503E-006
          4213.79     -9.5154223E-007
          4225.08     -8.9717443E-007
          4236.37     -8.5203650E-007
          4247.66     -8.1625181E-007
          4258.95     -7.8997749E-007
          4270.23     -7.7340494E-007
          4281.52     -7.6228920E-007
          4292.81     -7.5176026E-007
          4304.10     -7.4130931E-007
          4315.39     -7.3087678E-007
          4326.68     -7.2040089E-007
          4337.97     -7.0981760E-007
          4349.26     -6.9906032E-007
          4360.55     -6.8805977E-007
          4371.84     -6.7674379E-007
          4383.12     -6.6503712E-007
          4394.41     -6.5286126E-007
          4405.70     -6.4013423E-007
          4416.99     -6.2713840E-007
          4428.28     -6.1431786E-007
          4439.57     -6.0175958E-007
          4450.86     -5.8940154E-007
          4462.15     -5.7718095E-007
          4473.44     -5.6503401E-007
          4484.73     -5.5289579E-007
          4496.02     -5.4070002E-007
          4507.30     -5.2837893E-007
          4518.59     -5.1586309E-007
          4529.88     -5.0308116E-007
          4541.17     -4.8995975E-007
          4552.46     -4.7642847E-007
          4563.75     -4.6275280E-007
          4575.04     -4.4941168E-007
          4586.33     -4.3655975E-007
          4597.62     -4.2414836E-007
          4608.91     -4.1212947E-007
          4620.20     -4.0045543E-007
          4631.48     -3.8907889E-007
          4642.77     -3.7795272E-007
          4654.06     -3.6702981E-007
          4665.35     -3.5626298E-007
          4676.64     -3.4560485E-007
          4687.93     -3.3500773E-007
          4699.22     -3.2455272E-007
          4710.51     -3.1441900E-007
          4721.80     -3.0466226E-007
          4733.09     -2.9524656E-007
          4744.38     -2.8613641E-007
          4755.66     -2.7729681E-007
          4766.95     -2.6869308E-007
          4778.24     -2.6029077E-007
          4789.53     -2.5205565E-007
          4800.82     -2.4395352E-007
          4812.11     -2.3595017E-007
          4823.40     -2.2801133E-007
          4834.69     -2.2017615E-007
          4845.98     -2.1255351E-007
          4857.27     -2.0518212E-007
          4868.55     -1.9803472E-007
          4879.84     -1.9108441E-007
          4891.13     -1.8430454E-007
          4902.42     -1.7766870E-007
          4913.71     -1.7115065E-007
          4925.00     -1.6472421E-007
          4936.29     -1.5841440E-007
          4947.58     -1.5230756E-007
          4958.87     -1.4644169E-007
          4970.16     -1.4079651E-007
          4981.45     -1.3535214E-007
          4992.73     -1.3008911E-007
          5004.02     -1.2498827E-007
          5015.31     -1.2003077E-007
          5026.60     -1.1519801E-007
          5037.89     -1.1047156E-007
          5049.18     -1.0583316E-007
          5060.47     -1.0126467E-007
          5071.76     -9.6779628E-008
          5083.05     -9.2441603E-008
          5094.34     -8.8284592E-008
          5105.62     -8.4294497E-008
          5116.91     -8.0457577E-008
          5128.20     -7.6760414E-008
          5139.49     -7.3189872E-008
          5150.78     -6.9733084E-008
          5162.07     -6.6377399E-008
          5173.36     -6.3110365E-008
          5184.65     -5.9919709E-008
          5195.94     -5.6793288E-008
          5207.23     -5.3719075E-008
          5218.52     -5.0700065E-008
          5229.80     -4.7771501E-008
          5241.09     -4.4954750E-008
          5252.38     -4.2239949E-008
          5263.67     -3.9617462E-008
          5274.96     -3.7077862E-008
          5286.25     -3.4611898E-008
          5297.54     -3.2210481E-008
          5308.83     -2.9864665E-008
          5320.12     -2.7565623E-008
          5331.41     -2.5304636E-008
          5342.70     -2.3073060E-008
          5353.98     -2.0873328E-008
          5365.27     -1.8744611E-008
          5376.56     -1.6716022E-008
          5387.85     -1.4780792E-008
          5399.14     -1.2932383E-008
          5410.43     -1.1164465E-008
          5421.72     -9.4709085E-009
          5433.01     -7.8457646E-009
          5444.30     -6.2832526E-009
          5455.59     -4.7777539E-009
          5466.88     -3.3237904E-009
          5478.16     -1.9160182E-009
          5489.45     -5.4921388E-010
          5500.74      7.8173732E-010
          5512.03      2.0818482E-009
          5523.32      3.3560472E-009
          5534.61      4.6091849E-009
          5545.90      5.8418419E-009
          5557.19      7.0286629E-009
          5568.48      8.1482413E-009
          5579.77      9.2047824E-009
          5591.05      1.0202321E-008
          5602.34      1.1144732E-008
          5613.63      1.2035745E-008
          5624.92      1.2878946E-008
          5636.21      1.3677792E-008
          5647.50      1.4435613E-008
          5658.79      1.5155622E-008
          5670.08      1.5840924E-008
          5681.37      1.6494495E-008
          5692.66      1.7116880E-008
          5703.95      1.7683840E-008
          5715.23      1.8174146E-008
          5726.52      1.8591528E-008
          5737.81      1.8939515E-008
          5749.10      1.9221446E-008
          5760.39      1.9440516E-008
          5771.68      1.9601054E-008
          5782.97      1.9710425E-008
          5794.26      1.9774287E-008
          5805.55      1.9794745E-008
          5816.84      1.9773784E-008
          5828.12      1.9713276E-008
          5839.41      1.9614985E-008
          5850.70      1.9480571E-008
          5861.99      1.9311596E-008
          5873.28      1.9109524E-008
          5884.57      1.8875618E-008
          5895.86      1.8609665E-008
          5907.15      1.8311705E-008
          5918.44      1.7983206E-008
          5929.73      1.7625554E-008
          5941.02      1.7240052E-008
          5952.30      1.6827922E-008
          5963.59      1.6390131E-008
          5974.88      1.5923708E-008
          5986.17      1.5426861E-008
          5997.46      1.4902137E-008
          6008.75      1.4351995E-008
          6020.04      1.3778807E-008
          6031.33      1.3184864E-008
          6042.62      1.2572375E-008
          6053.91      1.1943495E-008
          6065.20      1.1300273E-008
          6076.48      1.0643343E-008
          6087.77      9.9764636E-009
          6099.06      9.3063044E-009
          6110.35      8.6395002E-009
          6121.64      7.9826635E-009
          6132.93      7.3424015E-009
          6144.22      6.7252515E-009
          6155.51      6.1333239E-009
          6166.80      5.5674861E-009
          6178.09      5.0323456E-009
          6189.38      4.5325290E-009
          6200.66      4.0727136E-009
          6211.95      3.6576432E-009
          6223.24      3.2918920E-009
          6234.53      2.9606096E-009
          6245.82      2.6466154E-009
          6257.11      2.3509251E-009
          6268.40      2.0745866E-009
          6279.69      1.8186249E-009
          6290.98      1.5757203E-009
          6302.27      1.3377573E-009
          6313.55      1.1045666E-009
          6324.84      8.7598912E-010
          6336.13      6.5187350E-010
          6347.42      4.3207692E-010
          6358.71      2.1528155E-010
          6370.00      3.4173568E-043
