          3480.00     -2.3059593E-004
          3491.29     -2.1473926E-004
          3502.58     -1.9813954E-004
          3513.87     -1.8126512E-004
          3525.16     -1.6457482E-004
          3536.45     -1.4852286E-004
          3547.73     -1.3356374E-004
          3559.02     -1.2015701E-004
          3570.31     -1.0877179E-004
          3581.60     -9.9891479E-005
          3592.89     -9.2549850E-005
          3604.18     -8.5461043E-005
          3615.47     -7.8643855E-005
          3626.76     -7.2120892E-005
          3638.05     -6.5915880E-005
          3649.34     -6.0054007E-005
          3660.62     -5.4562224E-005
          3671.91     -4.9469600E-005
          3683.20     -4.4807651E-005
          3694.49     -4.0610681E-005
          3705.78     -3.6916141E-005
          3717.07     -3.3764971E-005
          3728.36     -3.1005489E-005
          3739.65     -2.8456970E-005
          3750.94     -2.6121655E-005
          3762.23     -2.4005890E-005
          3773.52     -2.2117440E-005
          3784.80     -2.0465574E-005
          3796.09     -1.8976164E-005
          3807.38     -1.7564051E-005
          3818.67     -1.6224110E-005
          3829.96     -1.4953298E-005
          3841.25     -1.3748915E-005
          3852.54     -1.2608611E-005
          3863.83     -1.1530377E-005
          3875.12     -1.0512542E-005
          3886.41     -9.5537770E-006
          3897.70     -8.6530891E-006
          3908.98     -7.8098282E-006
          3920.27     -7.0236928E-006
          3931.56     -6.2947312E-006
          3942.85     -5.6233519E-006
          3954.14     -5.0103318E-006
          3965.43     -4.4568264E-006
          3976.72     -3.9643856E-006
          3988.01     -3.5349655E-006
          3999.30     -3.1709460E-006
          4010.59     -2.8527562E-006
          4021.88     -2.5574302E-006
          4033.16     -2.2831847E-006
          4044.45     -2.0295637E-006
          4055.74     -1.7962411E-006
          4067.03     -1.5830206E-006
          4078.32     -1.3898343E-006
          4089.61     -1.2167443E-006
          4100.90     -1.0639441E-006
          4112.19     -9.3175982E-007
          4123.48     -8.2065311E-007
          4134.77     -7.3122430E-007
          4146.05     -6.5663225E-007
          4157.34     -5.8879684E-007
          4168.63     -5.2688104E-007
          4179.92     -4.7074160E-007
          4191.21     -4.2027101E-007
          4202.50     -3.7539658E-007
          4213.79     -3.3608034E-007
          4225.08     -3.0231885E-007
          4236.37     -2.7414311E-007
          4247.66     -2.5161885E-007
          4258.95     -2.3484671E-007
          4270.23     -2.2396281E-007
          4281.52     -2.1653293E-007
          4292.81     -2.0973178E-007
          4304.10     -2.0325561E-007
          4315.39     -1.9705957E-007
          4326.68     -1.9109883E-007
          4337.97     -1.8532839E-007
          4349.26     -1.7970287E-007
          4360.55     -1.7417624E-007
          4371.84     -1.6870162E-007
          4383.12     -1.6323108E-007
          4394.41     -1.5771534E-007
          4405.70     -1.5210363E-007
          4416.99     -1.4651980E-007
          4428.28     -1.4116661E-007
          4439.57     -1.3607837E-007
          4450.86     -1.3122040E-007
          4462.15     -1.2655840E-007
          4473.44     -1.2205828E-007
          4484.73     -1.1768599E-007
          4496.02     -1.1340741E-007
          4507.30     -1.0918811E-007
          4518.59     -1.0499326E-007
          4529.88     -1.0078741E-007
          4541.17     -9.6534354E-008
          4552.46     -9.2199044E-008
          4563.75     -8.7874333E-008
          4575.04     -8.3734454E-008
          4586.33     -7.9832165E-008
          4597.62     -7.6145309E-008
          4608.91     -7.2652465E-008
          4620.20     -6.9332827E-008
          4631.48     -6.6166115E-008
          4642.77     -6.3132498E-008
          4654.06     -6.0212481E-008
          4665.35     -5.7386829E-008
          4676.64     -5.4636483E-008
          4687.93     -5.1942465E-008
          4699.22     -4.9326110E-008
          4710.51     -4.6839466E-008
          4721.80     -4.4496913E-008
          4733.09     -4.2285237E-008
          4744.38     -4.0191674E-008
          4755.66     -3.8203866E-008
          4766.95     -3.6309801E-008
          4778.24     -3.4497761E-008
          4789.53     -3.2756272E-008
          4800.82     -3.1074053E-008
          4812.11     -2.9439964E-008
          4823.40     -2.7842968E-008
          4834.69     -2.6290918E-008
          4845.98     -2.4809480E-008
          4857.27     -2.3406781E-008
          4868.55     -2.2074635E-008
          4879.84     -2.0805109E-008
          4891.13     -1.9590481E-008
          4902.42     -1.8423209E-008
          4913.71     -1.7295906E-008
          4925.00     -1.6201304E-008
          4936.29     -1.5143329E-008
          4947.58     -1.4139147E-008
          4958.87     -1.3195721E-008
          4970.16     -1.2307805E-008
          4981.45     -1.1470369E-008
          4992.73     -1.0678579E-008
          5004.02     -9.9277766E-009
          5015.31     -9.2134588E-009
          5026.60     -8.5312598E-009
          5037.89     -7.8769333E-009
          5049.18     -7.2463345E-009
          5060.47     -6.6354055E-009
          5071.76     -6.0456051E-009
          5083.05     -5.4869269E-009
          5094.34     -4.9644173E-009
          5105.62     -4.4751428E-009
          5116.91     -4.0163091E-009
          5128.20     -3.5852490E-009
          5139.49     -3.1794110E-009
          5150.78     -2.7963508E-009
          5162.07     -2.4337187E-009
          5173.36     -2.0892519E-009
          5184.65     -1.7607657E-009
          5195.94     -1.4461432E-009
          5207.23     -1.1433283E-009
          5218.52     -8.5225795E-010
          5229.80     -5.7699102E-010
          5241.09     -3.1985128E-010
          5252.38     -7.9280911E-011
          5263.67      1.4620219E-010
          5274.96      3.5800988E-010
          5286.25      5.5749058E-010
          5297.54      7.4593382E-010
          5308.83      9.2457550E-010
          5320.12      1.0946029E-009
          5331.41      1.2571587E-009
          5342.70      1.4133465E-009
          5353.98      1.5632526E-009
          5365.27      1.7038221E-009
          5376.56      1.8328653E-009
          5387.85      1.9511913E-009
          5399.14      2.0595549E-009
          5410.43      2.1586604E-009
          5421.72      2.2491634E-009
          5433.01      2.3316743E-009
          5444.30      2.4067605E-009
          5455.59      2.4749486E-009
          5466.88      2.5367267E-009
          5478.16      2.5925466E-009
          5489.45      2.6428252E-009
          5500.74      2.6879465E-009
          5512.03      2.7282632E-009
          5523.32      2.7640983E-009
          5534.61      2.7957463E-009
          5545.90      2.8233475E-009
          5557.19      2.8463799E-009
          5568.48      2.8644665E-009
          5579.77      2.8778641E-009
          5591.05      2.8868008E-009
          5602.34      2.8914768E-009
          5613.63      2.8920660E-009
          5624.92      2.8887162E-009
          5636.21      2.8815504E-009
          5647.50      2.8706673E-009
          5658.79      2.8561419E-009
          5670.08      2.8380260E-009
          5681.37      2.8163493E-009
          5692.66      2.7911548E-009
          5703.95      2.7629248E-009
          5715.23      2.7322727E-009
          5726.52      2.6994358E-009
          5737.81      2.6646324E-009
          5749.10      2.6280633E-009
          5760.39      2.5899107E-009
          5771.68      2.5502745E-009
          5782.97      2.5090410E-009
          5794.26      2.4661051E-009
          5805.55      2.4215157E-009
          5816.84      2.3753086E-009
          5828.12      2.3275067E-009
          5839.41      2.2781202E-009
          5850.70      2.2271476E-009
          5861.99      2.1745751E-009
          5873.28      2.1203775E-009
          5884.57      2.0645281E-009
          5895.86      2.0071155E-009
          5907.15      1.9482357E-009
          5918.44      1.8878645E-009
          5929.73      1.8259680E-009
          5941.02      1.7625026E-009
          5952.30      1.6974145E-009
          5963.59      1.6306549E-009
          5974.88      1.5624483E-009
          5986.17      1.4931178E-009
          5997.46      1.4227596E-009
          6008.75      1.3514618E-009
          6020.04      1.2793046E-009
          6031.33      1.2063600E-009
          6042.62      1.1326924E-009
          6053.91      1.0583610E-009
          6065.20      9.8343375E-010
          6076.48      9.0863495E-010
          6087.77      8.3500460E-010
          6099.06      7.6309309E-010
          6110.35      6.9345260E-010
          6121.64      6.2663920E-010
          6132.93      5.6321516E-010
          6144.22      5.0373919E-010
          6155.51      4.4812083E-010
          6166.80      3.9615241E-010
          6178.09      3.4821928E-010
          6189.38      3.0471560E-010
          6200.66      2.6604777E-010
          6211.95      2.3263639E-010
          6223.24      2.0488924E-010
          6234.53      1.8101908E-010
          6245.82      1.5901970E-010
          6257.11      1.3897018E-010
          6268.40      1.2095537E-010
          6279.69      1.0506011E-010
          6290.98      9.0493993E-011
          6302.27      7.6394351E-011
          6313.55      6.2739834E-011
          6324.84      4.9510456E-011
          6336.13      3.6687474E-011
          6347.42      2.4253357E-011
          6358.71      1.2073879E-011
          6370.00     -1.0489797E-044
