          3480.00      4.4529925E-027
          3491.29      6.1754771E-009
          3502.58      1.2739274E-008
          3513.87      1.9644315E-008
          3525.16      2.6848020E-008
          3536.45      3.4311176E-008
          3547.73      4.1996816E-008
          3559.02      4.9869141E-008
          3570.31      5.7892536E-008
          3581.60      6.6030533E-008
          3592.89      7.4404540E-008
          3604.18      8.3210556E-008
          3615.47      9.2523996E-008
          3626.76      1.0242228E-007
          3638.05      1.1298549E-007
          3649.34      1.2429696E-007
          3660.62      1.3644394E-007
          3671.91      1.4951820E-007
          3683.20      1.6361665E-007
          3694.49      1.7884205E-007
          3705.78      1.9530360E-007
          3717.07      2.1311774E-007
          3728.36      2.3229951E-007
          3739.65      2.5288357E-007
          3750.94      2.7502811E-007
          3762.23      2.9890125E-007
          3773.52      3.2467993E-007
          3784.80      3.5255116E-007
          3796.09      3.8257824E-007
          3807.38      4.1484311E-007
          3818.67      4.4957901E-007
          3829.96      4.8703486E-007
          3841.25      5.2747315E-007
          3852.54      5.7117144E-007
          3863.83      6.1842415E-007
          3875.12      6.6954441E-007
          3886.41      7.2486566E-007
          3897.70      7.8474394E-007
          3908.98      8.4955973E-007
          3920.27      9.1971995E-007
          3931.56      9.9566049E-007
          3942.85      1.0778484E-006
          3954.14      1.1667843E-006
          3965.43      1.2630055E-006
          3976.72      1.3670881E-006
          3988.01      1.4796504E-006
          3999.30      1.6013563E-006
          4010.59      1.7325517E-006
          4021.88      1.8736447E-006
          4033.16      2.0254793E-006
          4044.45      2.1889782E-006
          4055.74      2.3651210E-006
          4067.03      2.5549489E-006
          4078.32      2.7595709E-006
          4089.61      2.9801692E-006
          4100.90      3.2180045E-006
          4112.19      3.4744236E-006
          4123.48      3.7508650E-006
          4134.77      4.0488666E-006
          4146.05      4.3696114E-006
          4157.34      4.7143888E-006
          4168.63      5.0850920E-006
          4179.92      5.4837883E-006
          4191.21      5.9126756E-006
          4202.50      6.3740945E-006
          4213.79      6.8705387E-006
          4225.08      7.4046666E-006
          4236.37      7.9793146E-006
          4247.66      8.5975078E-006
          4258.95      9.2624771E-006
          4270.23      9.9776723E-006
          4281.52      1.0746484E-005
          4292.81      1.1572575E-005
          4304.10      1.2460194E-005
          4315.39      1.3413899E-005
          4326.68      1.4438548E-005
          4337.97      1.5539324E-005
          4349.26      1.6721752E-005
          4360.55      1.7991731E-005
          4371.84      1.9355548E-005
          4383.12      2.0819917E-005
          4394.41      2.2391999E-005
          4405.70      2.4079437E-005
          4416.99      2.5889751E-005
          4428.28      2.7830683E-005
          4439.57      2.9911186E-005
          4450.86      3.2141131E-005
          4462.15      3.4531024E-005
          4473.44      3.7092061E-005
          4484.73      3.9836165E-005
          4496.02      4.2776037E-005
          4507.30      4.5925205E-005
          4518.59      4.9298073E-005
          4529.88      5.2909989E-005
          4541.17      5.6777299E-005
          4552.46      6.0917308E-005
          4563.75      6.5340998E-005
          4575.04      7.0055691E-005
          4586.33      7.5077641E-005
          4597.62      8.0429529E-005
          4608.91      8.6135236E-005
          4620.20      9.2219968E-005
          4631.48      9.8710340E-005
          4642.77      1.0563446E-004
          4654.06      1.1302207E-004
          4665.35      1.2090463E-004
          4676.64      1.2931544E-004
          4687.93      1.3828979E-004
          4699.22      1.4785070E-004
          4710.51      1.5801243E-004
          4721.80      1.6880673E-004
          4733.09      1.8027957E-004
          4744.38      1.9247919E-004
          4755.66      2.0545627E-004
          4766.95      2.1926411E-004
          4778.24      2.3395883E-004
          4789.53      2.4959953E-004
          4800.82      2.6624857E-004
          4812.11      2.8397174E-004
          4823.40      3.0283845E-004
          4834.69      3.2288027E-004
          4845.98      3.4409182E-004
          4857.27      3.6651736E-004
          4868.55      3.9024952E-004
          4879.84      4.1538457E-004
          4891.13      4.4202286E-004
          4902.42      4.7026916E-004
          4913.71      5.0023292E-004
          4925.00      5.3202880E-004
          4936.29      5.6568358E-004
          4947.58      6.0111316E-004
          4958.87      6.3834354E-004
          4970.16      6.7753179E-004
          4981.45      7.1883924E-004
          4992.73      7.6243197E-004
          5004.02      8.0848140E-004
          5015.31      8.5716505E-004
          5026.60      9.0866707E-004
          5037.89      9.6317889E-004
          5049.18      1.0208999E-003
          5060.47      1.0820380E-003
          5071.76      1.1465467E-003
          5083.05      1.2139437E-003
          5094.34      1.2840599E-003
          5105.62      1.3572101E-003
          5116.91      1.4337116E-003
          5128.20      1.5138854E-003
          5139.49      1.5980575E-003
          5150.78      1.6865599E-003
          5162.07      1.7797325E-003
          5173.36      1.8779236E-003
          5184.65      1.9814916E-003
          5195.94      2.0908059E-003
          5207.23      2.2062487E-003
          5218.52      2.3275811E-003
          5229.80      2.4530755E-003
          5241.09      2.5817858E-003
          5252.38      2.7143674E-003
          5263.67      2.8514671E-003
          5274.96      2.9937250E-003
          5286.25      3.1417789E-003
          5297.54      3.2962659E-003
          5308.83      3.4578256E-003
          5320.12      3.6271025E-003
          5331.41      3.8047482E-003
          5342.70      3.9914242E-003
          5353.98      4.1854367E-003
          5365.27      4.3761767E-003
          5376.56      4.5562035E-003
          5387.85      4.7274496E-003
          5399.14      4.8917318E-003
          5410.43      5.0507623E-003
          5421.72      5.2061588E-003
          5433.01      5.3594551E-003
          5444.30      5.5121097E-003
          5455.59      5.6655141E-003
          5466.88      5.8210016E-003
          5478.16      5.9798541E-003
          5489.45      6.1433096E-003
          5500.74      6.3125686E-003
          5512.03      6.4888000E-003
          5523.32      6.6731481E-003
          5534.61      6.8667379E-003
          5545.90      7.0614840E-003
          5557.19      7.1808483E-003
          5568.48      7.1637610E-003
          5579.77      7.0206544E-003
          5591.05      6.7611028E-003
          5602.34      6.3938817E-003
          5613.63      5.9270278E-003
          5624.92      5.3678991E-003
          5636.21      4.7232311E-003
          5647.50      3.9991858E-003
          5658.79      3.2014016E-003
          5670.08      2.3350386E-003
          5681.37      1.4049020E-003
          5692.66      3.9153673E-004
          5703.95     -1.0247108E-003
          5715.23     -3.1039261E-003
          5726.52     -5.7896206E-003
          5737.81     -9.0293299E-003
          5749.10     -1.2774247E-002
          5760.39     -1.6978315E-002
          5771.68     -2.1578621E-002
          5782.97     -2.6464868E-002
          5794.26     -3.1559799E-002
          5805.55     -3.6846112E-002
          5816.84     -4.2307345E-002
          5828.12     -4.7927751E-002
          5839.41     -5.3692143E-002
          5850.70     -5.9585761E-002
          5861.99     -6.5594148E-002
          5873.28     -7.1703000E-002
          5884.57     -7.7903029E-002
          5895.86     -8.4252819E-002
          5907.15     -9.0795376E-002
          5918.44     -9.7500155E-002
          5929.73     -1.0433680E-001
          5941.02     -1.1127511E-001
          5952.30     -1.1828487E-001
          5963.59     -1.2535181E-001
          5974.88     -1.3283912E-001
          5986.17     -1.4103691E-001
          5997.46     -1.4983006E-001
          6008.75     -1.5910668E-001
          6020.04     -1.6875736E-001
          6031.33     -1.7867480E-001
          6042.62     -1.8875301E-001
          6053.91     -1.9888612E-001
          6065.20     -2.0898857E-001
          6076.48     -2.1993508E-001
          6087.77     -2.3238229E-001
          6099.06     -2.4592972E-001
          6110.35     -2.6018242E-001
          6121.64     -2.7474869E-001
          6132.93     -2.8923777E-001
          6144.22     -3.0325513E-001
          6155.51     -3.1622394E-001
          6166.80     -3.2765852E-001
          6178.09     -3.3729432E-001
          6189.38     -3.4485737E-001
          6200.66     -3.5006173E-001
          6211.95     -3.5260767E-001
          6223.24     -3.5217900E-001
          6234.53     -3.4842353E-001
          6245.82     -3.4117329E-001
          6257.11     -3.3036300E-001
          6268.40     -3.1590786E-001
          6279.69     -2.9770271E-001
          6290.98     -2.7553886E-001
          6302.27     -2.4925847E-001
          6313.55     -2.1880174E-001
          6324.84     -1.8408759E-001
          6336.13     -1.4501345E-001
          6347.42     -1.0145517E-001
          6358.71     -5.3192679E-002
          6370.00     -1.5055690E-050
