          3480.00      1.1751755E-037
          3491.29     -3.7925927E-008
          3502.58     -7.5263793E-008
          3513.87     -1.1179907E-007
          3525.16     -1.4731813E-007
          3536.45     -1.8160827E-007
          3547.73     -2.1445757E-007
          3559.02     -2.4565467E-007
          3570.31     -2.7498882E-007
          3581.60     -3.0224970E-007
          3592.89     -3.2797722E-007
          3604.18     -3.5283149E-007
          3615.47     -3.7678168E-007
          3626.76     -3.9979501E-007
          3638.05     -4.2183857E-007
          3649.34     -4.4287925E-007
          3660.62     -4.6288392E-007
          3671.91     -4.8181923E-007
          3683.20     -4.9965173E-007
          3694.49     -5.1634780E-007
          3705.78     -5.3187361E-007
          3717.07     -5.4619523E-007
          3728.36     -5.5945410E-007
          3739.65     -5.7180886E-007
          3750.94     -5.8324985E-007
          3762.23     -5.9376455E-007
          3773.52     -6.0334023E-007
          3784.80     -6.1196394E-007
          3796.09     -6.1971196E-007
          3807.38     -6.2666898E-007
          3818.67     -6.3283346E-007
          3829.96     -6.3820170E-007
          3841.25     -6.4276977E-007
          3852.54     -6.4653357E-007
          3863.83     -6.4948876E-007
          3875.12     -6.5163081E-007
          3886.41     -6.5295496E-007
          3897.70     -6.5345628E-007
          3908.98     -6.5312961E-007
          3920.27     -6.5196961E-007
          3931.56     -6.4997073E-007
          3942.85     -6.4712724E-007
          3954.14     -6.4343320E-007
          3965.43     -6.3888253E-007
          3976.72     -6.3346894E-007
          3988.01     -6.2718595E-007
          3999.30     -6.2002687E-007
          4010.59     -6.1202673E-007
          4021.88     -6.0322595E-007
          4033.16     -5.9362473E-007
          4044.45     -5.8322083E-007
          4055.74     -5.7201183E-007
          4067.03     -5.5999513E-007
          4078.32     -5.4716797E-007
          4089.61     -5.3352738E-007
          4100.90     -5.1907027E-007
          4112.19     -5.0379334E-007
          4123.48     -4.8769313E-007
          4134.77     -4.7076603E-007
          4146.05     -4.5301650E-007
          4157.34     -4.3445088E-007
          4168.63     -4.1506791E-007
          4179.92     -3.9486571E-007
          4191.21     -3.7384232E-007
          4202.50     -3.5199556E-007
          4213.79     -3.2932310E-007
          4225.08     -3.0582248E-007
          4236.37     -2.8149104E-007
          4247.66     -2.5632607E-007
          4258.95     -2.3032461E-007
          4270.23     -2.0348358E-007
          4281.52     -1.7578731E-007
          4292.81     -1.4721875E-007
          4304.10     -1.1777364E-007
          4315.39     -8.7449435E-008
          4326.68     -5.6243403E-008
          4337.97     -2.4152753E-008
          4349.26      8.8255284E-009
          4360.55      4.2694600E-008
          4371.84      7.7457661E-008
          4383.12      1.1311814E-007
          4394.41      1.4967957E-007
          4405.70      1.8714564E-007
          4416.99      2.2550743E-007
          4428.28      2.6475036E-007
          4439.57      3.0487297E-007
          4450.86      3.4587974E-007
          4462.15      3.8777511E-007
          4473.44      4.3056378E-007
          4484.73      4.7425052E-007
          4496.02      5.1884022E-007
          4507.30      5.6433793E-007
          4518.59      6.1074868E-007
          4529.88      6.5807774E-007
          4541.17      7.0633050E-007
          4552.46      7.5551175E-007
          4563.75      8.0558448E-007
          4575.04      8.5648481E-007
          4586.33      9.0819132E-007
          4597.62      9.6071067E-007
          4608.91      1.0140494E-006
          4620.20      1.0682144E-006
          4631.48      1.1232125E-006
          4642.77      1.1790505E-006
          4654.06      1.2357355E-006
          4665.35      1.2932744E-006
          4676.64      1.3516746E-006
          4687.93      1.4109432E-006
          4699.22      1.4710527E-006
          4710.51      1.5319494E-006
          4721.80      1.5936147E-006
          4733.09      1.6560566E-006
          4744.38      1.7192836E-006
          4755.66      1.7833039E-006
          4766.95      1.8481260E-006
          4778.24      1.9137583E-006
          4789.53      1.9802094E-006
          4800.82      2.0474877E-006
          4812.11      2.1156021E-006
          4823.40      2.1845610E-006
          4834.69      2.2543319E-006
          4845.98      2.3248421E-006
          4857.27      2.3960609E-006
          4868.55      2.4679984E-006
          4879.84      2.5406645E-006
          4891.13      2.6140694E-006
          4902.42      2.6882233E-006
          4913.71      2.7631362E-006
          4925.00      2.8388183E-006
          4936.29      2.9152291E-006
          4947.58      2.9922657E-006
          4958.87      3.0698769E-006
          4970.16      3.1480746E-006
          4981.45      3.2268710E-006
          4992.73      3.3062783E-006
          5004.02      3.3863084E-006
          5015.31      3.4669735E-006
          5026.60      3.5482857E-006
          5037.89      3.6302573E-006
          5049.18      3.7129002E-006
          5060.47      3.7962266E-006
          5071.76      3.8801834E-006
          5083.05      3.9646101E-006
          5094.34      4.0494127E-006
          5105.62      4.1346068E-006
          5116.91      4.2202078E-006
          5128.20      4.3062311E-006
          5139.49      4.3926920E-006
          5150.78      4.4796057E-006
          5162.07      4.5669876E-006
          5173.36      4.6548529E-006
          5184.65      4.7432168E-006
          5195.94      4.8320945E-006
          5207.23      4.9215013E-006
          5218.52      5.0113822E-006
          5229.80      5.1015225E-006
          5241.09      5.1917802E-006
          5252.38      5.2821757E-006
          5263.67      5.3727295E-006
          5274.96      5.4634614E-006
          5286.25      5.5543920E-006
          5297.54      5.6455411E-006
          5308.83      5.7369289E-006
          5320.12      5.8285754E-006
          5331.41      5.9205004E-006
          5342.70      6.0127239E-006
          5353.98      6.1051361E-006
          5365.27      6.1971560E-006
          5376.56      6.2883422E-006
          5387.85      6.3787309E-006
          5399.14      6.4683584E-006
          5410.43      6.5572605E-006
          5421.72      6.6454730E-006
          5433.01      6.7330314E-006
          5444.30      6.8199713E-006
          5455.59      6.9063276E-006
          5466.88      6.9921356E-006
          5478.16      7.0774301E-006
          5489.45      7.1622459E-006
          5500.74      7.2466178E-006
          5512.03      7.3305800E-006
          5523.32      7.4141669E-006
          5534.61      7.4974127E-006
          5545.90      7.5801453E-006
          5557.19      7.6607233E-006
          5568.48      7.7377519E-006
          5579.77      7.8113286E-006
          5591.05      7.8815506E-006
          5602.34      7.9485148E-006
          5613.63      8.0123174E-006
          5624.92      8.0730544E-006
          5636.21      8.1308209E-006
          5647.50      8.1857120E-006
          5658.79      8.2378219E-006
          5670.08      8.2872447E-006
          5681.37      8.3340766E-006
          5692.66      8.3780724E-006
          5703.95      8.4148501E-006
          5715.23      8.4405187E-006
          5726.52      8.4554042E-006
          5737.81      8.4598298E-006
          5749.10      8.4541167E-006
          5760.39      8.4385912E-006
          5771.68      8.4138615E-006
          5782.97      8.3812653E-006
          5794.26      8.3418112E-006
          5805.55      8.2957335E-006
          5816.84      8.2432650E-006
          5828.12      8.1846371E-006
          5839.41      8.1200797E-006
          5850.70      8.0498213E-006
          5861.99      7.9740890E-006
          5873.28      7.8931090E-006
          5884.57      7.8070671E-006
          5895.86      7.7156525E-006
          5907.15      7.6186209E-006
          5918.44      7.5162394E-006
          5929.73      7.4087768E-006
          5941.02      7.2964996E-006
          5952.30      7.1796722E-006
          5963.59      7.0584771E-006
          5974.88      6.9313386E-006
          5986.17      6.7968902E-006
          5997.46      6.6555882E-006
          6008.75      6.5078847E-006
          6020.04      6.3542277E-006
          6031.33      6.1950567E-006
          6042.62      6.0308038E-006
          6053.91      5.8618984E-006
          6065.20      5.6886978E-006
          6076.48      5.5085543E-006
          6087.77      5.3192538E-006
          6099.06      5.1217680E-006
          6110.35      4.9170646E-006
          6121.64      4.7061077E-006
          6132.93      4.4898632E-006
          6144.22      4.2693065E-006
          6155.51      4.0459150E-006
          6166.80      3.8209906E-006
          6178.09      3.5952338E-006
          6189.38      3.3693339E-006
          6200.66      3.1439768E-006
          6211.95      2.9198472E-006
          6223.24      2.6976260E-006
          6234.53      2.4775181E-006
          6245.82      2.2594007E-006
          6257.11      2.0434582E-006
          6268.40      1.8298758E-006
          6279.69      1.6188350E-006
          6290.98      1.4100370E-006
          6302.27      1.2030709E-006
          6313.55      9.9794774E-007
          6324.84      7.9467969E-007
          6336.13      5.9327833E-007
          6347.42      3.9375575E-007
          6358.71      1.9603123E-007
          6370.00      0.0000000E+000
