          3480.00     -7.9132600E-039
          3491.29     -2.8241248E-008
          3502.58     -5.6026076E-008
          3513.87     -8.3183730E-008
          3525.16     -1.0954426E-007
          3536.45     -1.3493858E-007
          3547.73     -1.5919837E-007
          3559.02     -1.8215588E-007
          3570.31     -2.0364406E-007
          3581.60     -2.2349637E-007
          3592.89     -2.4215260E-007
          3604.18     -2.6014517E-007
          3615.47     -2.7744604E-007
          3626.76     -2.9402566E-007
          3638.05     -3.0985451E-007
          3649.34     -3.2490305E-007
          3660.62     -3.3914182E-007
          3671.91     -3.5254136E-007
          3683.20     -3.6507219E-007
          3694.49     -3.7670488E-007
          3705.78     -3.8740994E-007
          3717.07     -3.9715791E-007
          3728.36     -4.0607695E-007
          3739.65     -4.1430899E-007
          3750.94     -4.2184412E-007
          3762.23     -4.2866993E-007
          3773.52     -4.3477396E-007
          3784.80     -4.4014367E-007
          3796.09     -4.4485258E-007
          3807.38     -4.4898128E-007
          3818.67     -4.5252682E-007
          3829.96     -4.5548427E-007
          3841.25     -4.5784860E-007
          3852.54     -4.5961471E-007
          3863.83     -4.6077742E-007
          3875.12     -4.6133146E-007
          3886.41     -4.6127149E-007
          3897.70     -4.6059210E-007
          3908.98     -4.5928779E-007
          3920.27     -4.5735300E-007
          3931.56     -4.5478206E-007
          3942.85     -4.5156925E-007
          3954.14     -4.4770878E-007
          3965.43     -4.4319480E-007
          3976.72     -4.3802139E-007
          3988.01     -4.3218254E-007
          3999.30     -4.2567216E-007
          4010.59     -4.1854256E-007
          4021.88     -4.1085198E-007
          4033.16     -4.0260164E-007
          4044.45     -3.9378926E-007
          4055.74     -3.8441252E-007
          4067.03     -3.7446904E-007
          4078.32     -3.6395635E-007
          4089.61     -3.5287191E-007
          4100.90     -3.4121313E-007
          4112.19     -3.2897734E-007
          4123.48     -3.1616180E-007
          4134.77     -3.0276372E-007
          4146.05     -2.8880620E-007
          4157.34     -2.7431587E-007
          4168.63     -2.5929399E-007
          4179.92     -2.4373944E-007
          4191.21     -2.2765110E-007
          4202.50     -2.1102777E-007
          4213.79     -1.9386817E-007
          4225.08     -1.7617098E-007
          4236.37     -1.5793482E-007
          4247.66     -1.3915828E-007
          4258.95     -1.1983986E-007
          4270.23     -9.9978000E-008
          4281.52     -7.9576323E-008
          4292.81     -5.8639187E-008
          4304.10     -3.7166051E-008
          4315.39     -1.5156060E-008
          4326.68      7.3917140E-009
          4337.97      3.0478188E-008
          4349.26      5.4104389E-008
          4360.55      7.8271395E-008
          4371.84      1.0298025E-007
          4383.12      1.2823213E-007
          4394.41      1.5402821E-007
          4405.70      1.8036976E-007
          4416.99      2.0725290E-007
          4428.28      2.3467147E-007
          4439.57      2.6262463E-007
          4450.86      2.9111402E-007
          4462.15      3.2014124E-007
          4473.44      3.4970799E-007
          4484.73      3.7981600E-007
          4496.02      4.1046704E-007
          4507.30      4.4166292E-007
          4518.59      4.7340544E-007
          4529.88      5.0569650E-007
          4541.17      5.3853804E-007
          4552.46      5.7193169E-007
          4563.75      6.0585899E-007
          4575.04      6.4028854E-007
          4586.33      6.7520940E-007
          4597.62      7.1062423E-007
          4608.91      7.4653557E-007
          4620.20      7.8294611E-007
          4631.48      8.1985858E-007
          4642.77      8.5727559E-007
          4654.06      8.9519992E-007
          4665.35      9.3363433E-007
          4676.64      9.7258158E-007
          4687.93      1.0120445E-006
          4699.22      1.0520084E-006
          4710.51      1.0924453E-006
          4721.80      1.1333449E-006
          4733.09      1.1747105E-006
          4744.38      1.2165455E-006
          4755.66      1.2588533E-006
          4766.95      1.3016372E-006
          4778.24      1.3449009E-006
          4789.53      1.3886475E-006
          4800.82      1.4328806E-006
          4812.11      1.4776038E-006
          4823.40      1.5228203E-006
          4834.69      1.5685123E-006
          4845.98      1.6146406E-006
          4857.27      1.6611884E-006
          4868.55      1.7081598E-006
          4879.84      1.7555590E-006
          4891.13      1.8033903E-006
          4902.42      1.8516578E-006
          4913.71      1.9003657E-006
          4925.00      1.9495184E-006
          4936.29      1.9990932E-006
          4947.58      2.0490344E-006
          4958.87      2.0993137E-006
          4970.16      2.1499362E-006
          4981.45      2.2009072E-006
          4992.73      2.2522321E-006
          5004.02      2.3039160E-006
          5015.31      2.3559642E-006
          5026.60      2.4083820E-006
          5037.89      2.4611746E-006
          5049.18      2.5143472E-006
          5060.47      2.5679051E-006
          5071.76      2.6218185E-006
          5083.05      2.6759998E-006
          5094.34      2.7303974E-006
          5105.62      2.7850182E-006
          5116.91      2.8398692E-006
          5128.20      2.8949573E-006
          5139.49      2.9502895E-006
          5150.78      3.0058725E-006
          5162.07      3.0617133E-006
          5173.36      3.1178188E-006
          5184.65      3.1741957E-006
          5195.94      3.2308510E-006
          5207.23      3.2877916E-006
          5218.52      3.3449863E-006
          5229.80      3.4023176E-006
          5241.09      3.4597072E-006
          5252.38      3.5171644E-006
          5263.67      3.5746989E-006
          5274.96      3.6323199E-006
          5286.25      3.6900368E-006
          5297.54      3.7478591E-006
          5308.83      3.8057960E-006
          5320.12      3.8638569E-006
          5331.41      3.9220510E-006
          5342.70      3.9803877E-006
          5353.98      4.0388059E-006
          5365.27      4.0969886E-006
          5376.56      4.1546941E-006
          5387.85      4.2119400E-006
          5399.14      4.2687435E-006
          5410.43      4.3251221E-006
          5421.72      4.3810927E-006
          5433.01      4.4366726E-006
          5444.30      4.4918790E-006
          5455.59      4.5467287E-006
          5466.88      4.6012389E-006
          5478.16      4.6554264E-006
          5489.45      4.7093081E-006
          5500.74      4.7629009E-006
          5512.03      4.8162214E-006
          5523.32      4.8692864E-006
          5534.61      4.9221126E-006
          5545.90      4.9746040E-006
          5557.19      5.0258638E-006
          5568.48      5.0751267E-006
          5579.77      5.1224399E-006
          5591.05      5.1678508E-006
          5602.34      5.2114068E-006
          5613.63      5.2531547E-006
          5624.92      5.2931416E-006
          5636.21      5.3314141E-006
          5647.50      5.3680187E-006
          5658.79      5.4030019E-006
          5670.08      5.4364100E-006
          5681.37      5.4682905E-006
          5692.66      5.4985024E-006
          5703.95      5.5246096E-006
          5715.23      5.5444369E-006
          5726.52      5.5581428E-006
          5737.81      5.5658847E-006
          5749.10      5.5678194E-006
          5760.39      5.5641070E-006
          5771.68      5.5550676E-006
          5782.97      5.5414357E-006
          5794.26      5.5237638E-006
          5805.55      5.5021674E-006
          5816.84      5.4767614E-006
          5828.12      5.4476601E-006
          5839.41      5.4149772E-006
          5850.70      5.3788259E-006
          5861.99      5.3393187E-006
          5873.28      5.2965677E-006
          5884.57      5.2506619E-006
          5895.86      5.2013994E-006
          5907.15      5.1486139E-006
          5918.44      5.0924377E-006
          5929.73      5.0330041E-006
          5941.02      4.9704455E-006
          5952.30      4.9048934E-006
          5963.59      4.8364298E-006
          5974.88      4.7640650E-006
          5986.17      4.6869194E-006
          5997.46      4.6052162E-006
          6008.75      4.5191768E-006
          6020.04      4.4290205E-006
          6031.33      4.3349628E-006
          6042.62      4.2372147E-006
          6053.91      4.1359863E-006
          6065.20      4.0314396E-006
          6076.48      3.9216584E-006
          6087.77      3.8049460E-006
          6099.06      3.6817691E-006
          6110.35      3.5525924E-006
          6121.64      3.4178792E-006
          6132.93      3.2780941E-006
          6144.22      3.1337122E-006
          6155.51      2.9857153E-006
          6166.80      2.8349976E-006
          6178.09      2.6818976E-006
          6189.38      2.5267472E-006
          6200.66      2.3698762E-006
          6211.95      2.2116138E-006
          6223.24      2.0522946E-006
          6234.53      1.8925780E-006
          6245.82      1.7329602E-006
          6257.11      1.5735323E-006
          6268.40      1.4143860E-006
          6279.69      1.2556119E-006
          6290.98      1.0972466E-006
          6302.27      9.3927212E-007
          6313.55      7.8169688E-007
          6324.84      6.2452966E-007
          6336.13      4.6777890E-007
          6347.42      3.1145317E-007
          6358.71      1.5553615E-007
          6370.00      3.5671073E-039
