          3480.00      1.2694109E-033
          3491.29     -2.4345044E-003
          3502.58     -4.8555694E-003
          3513.87     -7.2500070E-003
          3525.16     -9.6046982E-003
          3536.45     -1.1906601E-002
          3547.73     -1.4142740E-002
          3559.02     -1.6300197E-002
          3570.31     -1.8366116E-002
          3581.60     -2.0327695E-002
          3592.89     -2.2220057E-002
          3604.18     -2.4085395E-002
          3615.47     -2.5921481E-002
          3626.76     -2.7725968E-002
          3638.05     -2.9496520E-002
          3649.34     -3.1230803E-002
          3660.62     -3.2926501E-002
          3671.91     -3.4581302E-002
          3683.20     -3.6192905E-002
          3694.49     -3.7759015E-002
          3705.78     -3.9277342E-002
          3717.07     -4.0745609E-002
          3728.36     -4.2174861E-002
          3739.65     -4.3577229E-002
          3750.94     -4.4951975E-002
          3762.23     -4.6298152E-002
          3773.52     -4.7614815E-002
          3784.80     -4.8901021E-002
          3796.09     -5.0163393E-002
          3807.38     -5.1409131E-002
          3818.67     -5.2638074E-002
          3829.96     -5.3849888E-002
          3841.25     -5.5044237E-002
          3852.54     -5.6220787E-002
          3863.83     -5.7379201E-002
          3875.12     -5.8519143E-002
          3886.41     -5.9640270E-002
          3897.70     -6.0742245E-002
          3908.98     -6.1824727E-002
          3920.27     -6.2887373E-002
          3931.56     -6.3929839E-002
          3942.85     -6.4951781E-002
          3954.14     -6.5952856E-002
          3965.43     -6.6932723E-002
          3976.72     -6.7891039E-002
          3988.01     -6.8827459E-002
          3999.30     -6.9741640E-002
          4010.59     -7.0639213E-002
          4021.88     -7.1526371E-002
          4033.16     -7.2403439E-002
          4044.45     -7.3270387E-002
          4055.74     -7.4127184E-002
          4067.03     -7.4973796E-002
          4078.32     -7.5810191E-002
          4089.61     -7.6636333E-002
          4100.90     -7.7452185E-002
          4112.19     -7.8257710E-002
          4123.48     -7.9052867E-002
          4134.77     -7.9837618E-002
          4146.05     -8.0615045E-002
          4157.34     -8.1388619E-002
          4168.63     -8.2158738E-002
          4179.92     -8.2925511E-002
          4191.21     -8.3689043E-002
          4202.50     -8.4449442E-002
          4213.79     -8.5206812E-002
          4225.08     -8.5961258E-002
          4236.37     -8.6712882E-002
          4247.66     -8.7461786E-002
          4258.95     -8.8208071E-002
          4270.23     -8.8951836E-002
          4281.52     -8.9694465E-002
          4292.81     -9.0437507E-002
          4304.10     -9.1181251E-002
          4315.39     -9.1925863E-002
          4326.68     -9.2671506E-002
          4337.97     -9.3418345E-002
          4349.26     -9.4166541E-002
          4360.55     -9.4916257E-002
          4371.84     -9.5667658E-002
          4383.12     -9.6420910E-002
          4394.41     -9.7176171E-002
          4405.70     -9.7933601E-002
          4416.99     -9.8693432E-002
          4428.28     -9.9455928E-002
          4439.57     -1.0022127E-001
          4450.86     -1.0098961E-001
          4462.15     -1.0176109E-001
          4473.44     -1.0253584E-001
          4484.73     -1.0331402E-001
          4496.02     -1.0409576E-001
          4507.30     -1.0488120E-001
          4518.59     -1.0567049E-001
          4529.88     -1.0646377E-001
          4541.17     -1.0726116E-001
          4552.46     -1.0806283E-001
          4563.75     -1.0886954E-001
          4575.04     -1.0968242E-001
          4586.33     -1.1050202E-001
          4597.62     -1.1132843E-001
          4608.91     -1.1216177E-001
          4620.20     -1.1300215E-001
          4631.48     -1.1384968E-001
          4642.77     -1.1470446E-001
          4654.06     -1.1556661E-001
          4665.35     -1.1643622E-001
          4676.64     -1.1731342E-001
          4687.93     -1.1819831E-001
          4699.22     -1.1909159E-001
          4710.51     -1.1999441E-001
          4721.80     -1.2090733E-001
          4733.09     -1.2183044E-001
          4744.38     -1.2276381E-001
          4755.66     -1.2370753E-001
          4766.95     -1.2466170E-001
          4778.24     -1.2562638E-001
          4789.53     -1.2660167E-001
          4800.82     -1.2758766E-001
          4812.11     -1.2858442E-001
          4823.40     -1.2959205E-001
          4834.69     -1.3061141E-001
          4845.98     -1.3164413E-001
          4857.27     -1.3269103E-001
          4868.55     -1.3375217E-001
          4879.84     -1.3482761E-001
          4891.13     -1.3591740E-001
          4902.42     -1.3702160E-001
          4913.71     -1.3814026E-001
          4925.00     -1.3927345E-001
          4936.29     -1.4042221E-001
          4947.58     -1.4158887E-001
          4958.87     -1.4277469E-001
          4970.16     -1.4397969E-001
          4981.45     -1.4520389E-001
          4992.73     -1.4644730E-001
          5004.02     -1.4770994E-001
          5015.31     -1.4899183E-001
          5026.60     -1.5029298E-001
          5037.89     -1.5161340E-001
          5049.18     -1.5295312E-001
          5060.47     -1.5431214E-001
          5071.76     -1.5569185E-001
          5083.05     -1.5709584E-001
          5094.34     -1.5852633E-001
          5105.62     -1.5998327E-001
          5116.91     -1.6146661E-001
          5128.20     -1.6297630E-001
          5139.49     -1.6451229E-001
          5150.78     -1.6607453E-001
          5162.07     -1.6766299E-001
          5173.36     -1.6927760E-001
          5184.65     -1.7091832E-001
          5195.94     -1.7258511E-001
          5207.23     -1.7427792E-001
          5218.52     -1.7599820E-001
          5229.80     -1.7775082E-001
          5241.09     -1.7953910E-001
          5252.38     -1.8136289E-001
          5263.67     -1.8322205E-001
          5274.96     -1.8511642E-001
          5286.25     -1.8704588E-001
          5297.54     -1.8901027E-001
          5308.83     -1.9100946E-001
          5320.12     -1.9304330E-001
          5331.41     -1.9511164E-001
          5342.70     -1.9721436E-001
          5353.98     -1.9935413E-001
          5365.27     -2.0154388E-001
          5376.56     -2.0379355E-001
          5387.85     -2.0610269E-001
          5399.14     -2.0847087E-001
          5410.43     -2.1089763E-001
          5421.72     -2.1338253E-001
          5433.01     -2.1592514E-001
          5444.30     -2.1852502E-001
          5455.59     -2.2118172E-001
          5466.88     -2.2389482E-001
          5478.16     -2.2666387E-001
          5489.45     -2.2948845E-001
          5500.74     -2.3236811E-001
          5512.03     -2.3530243E-001
          5523.32     -2.3829099E-001
          5534.61     -2.4133334E-001
          5545.90     -2.4443365E-001
          5557.19     -2.4762874E-001
          5568.48     -2.5095017E-001
          5579.77     -2.5439637E-001
          5591.05     -2.5796575E-001
          5602.34     -2.6165670E-001
          5613.63     -2.6546765E-001
          5624.92     -2.6939700E-001
          5636.21     -2.7344318E-001
          5647.50     -2.7760461E-001
          5658.79     -2.8187970E-001
          5670.08     -2.8626691E-001
          5681.37     -2.9076448E-001
          5692.66     -2.9537840E-001
          5703.95     -3.0021018E-001
          5715.23     -3.0535086E-001
          5726.52     -3.1079451E-001
          5737.81     -3.1653526E-001
          5749.10     -3.2256723E-001
          5760.39     -3.2888439E-001
          5771.68     -3.3547394E-001
          5782.97     -3.4230544E-001
          5794.26     -3.4935616E-001
          5805.55     -3.5662192E-001
          5816.84     -3.6409854E-001
          5828.12     -3.7178188E-001
          5839.41     -3.7966782E-001
          5850.70     -3.8775223E-001
          5861.99     -3.9603103E-001
          5873.28     -4.0450012E-001
          5884.57     -4.1315643E-001
          5895.86     -4.2200959E-001
          5907.15     -4.3106774E-001
          5918.44     -4.4032601E-001
          5929.73     -4.4977944E-001
          5941.02     -4.5942309E-001
          5952.30     -4.6925205E-001
          5963.59     -4.7926360E-001
          5974.88     -4.8950344E-001
          5986.17     -5.0001282E-001
          5997.46     -5.1078344E-001
          6008.75     -5.2180705E-001
          6020.04     -5.3307549E-001
          6031.33     -5.4458079E-001
          6042.62     -5.5631520E-001
          6053.91     -5.6827100E-001
          6065.20     -5.8044278E-001
          6076.48     -5.9292734E-001
          6087.77     -6.0581296E-001
          6099.06     -6.1908275E-001
          6110.35     -6.3271985E-001
          6121.64     -6.4670746E-001
          6132.93     -6.6102861E-001
          6144.22     -6.7566570E-001
          6155.51     -6.9057154E-001
          6166.80     -7.0570238E-001
          6178.09     -7.2104583E-001
          6189.38     -7.3658989E-001
          6200.66     -7.5232267E-001
          6211.95     -7.6823229E-001
          6223.24     -7.8430639E-001
          6234.53     -8.0049767E-001
          6245.82     -8.1676508E-001
          6257.11     -8.3310537E-001
          6268.40     -8.4951522E-001
          6279.69     -8.6599134E-001
          6290.98     -8.8252505E-001
          6302.27     -8.9910969E-001
          6313.55     -9.1574500E-001
          6324.84     -9.3243067E-001
          6336.13     -9.4916645E-001
          6347.42     -9.6595207E-001
          6358.71     -9.8278733E-001
          6370.00     -9.9967245E-001
