          3480.00      2.1825962E-028
          3491.29      2.9147500E-008
          3502.58      5.8575779E-008
          3513.87      8.8219177E-008
          3525.16      1.1801195E-007
          3536.45      1.4788692E-007
          3547.73      1.7777390E-007
          3559.02      2.0759814E-007
          3570.31      2.3727895E-007
          3581.60      2.6672812E-007
          3592.89      2.9574325E-007
          3604.18      3.2436957E-007
          3615.47      3.5287496E-007
          3626.76      3.8151774E-007
          3638.05      4.1054645E-007
          3649.34      4.4020171E-007
          3660.62      4.7071823E-007
          3671.91      5.0232635E-007
          3683.20      5.3525377E-007
          3694.49      5.6972704E-007
          3705.78      6.0597292E-007
          3717.07      6.4422004E-007
          3728.36      6.8371084E-007
          3739.65      7.2373544E-007
          3750.94      7.6459736E-007
          3762.23      8.0660869E-007
          3773.52      8.5007301E-007
          3784.80      8.9528760E-007
          3796.09      9.4153462E-007
          3807.38      9.8811552E-007
          3818.67      1.0353539E-006
          3829.96      1.0835847E-006
          3841.25      1.1331285E-006
          3852.54      1.1842932E-006
          3863.83      1.2373766E-006
          3875.12      1.2926674E-006
          3886.41      1.3504478E-006
          3897.70      1.4109944E-006
          3908.98      1.4745800E-006
          3920.27      1.5414745E-006
          3931.56      1.6119469E-006
          3942.85      1.6862657E-006
          3954.14      1.7647005E-006
          3965.43      1.8475226E-006
          3976.72      1.9350064E-006
          3988.01      2.0274297E-006
          3999.30      2.1250752E-006
          4010.59      2.2261031E-006
          4021.88      2.3286903E-006
          4033.16      2.4332095E-006
          4044.45      2.5401560E-006
          4055.74      2.6500009E-006
          4067.03      2.7631937E-006
          4078.32      2.8801647E-006
          4089.61      3.0013268E-006
          4100.90      3.1270769E-006
          4112.19      3.2577983E-006
          4123.48      3.3938610E-006
          4134.77      3.5356235E-006
          4146.05      3.6813034E-006
          4157.34      3.8290465E-006
          4168.63      3.9791953E-006
          4179.92      4.1322834E-006
          4191.21      4.2888050E-006
          4202.50      4.4492177E-006
          4213.79      4.6139437E-006
          4225.08      4.7833712E-006
          4236.37      4.9578562E-006
          4247.66      5.1377221E-006
          4258.95      5.3232615E-006
          4270.23      5.5147360E-006
          4281.52      5.7115056E-006
          4292.81      5.9129929E-006
          4304.10      6.1195398E-006
          4315.39      6.3315076E-006
          4326.68      6.5492147E-006
          4337.97      6.7729356E-006
          4349.26      7.0029021E-006
          4360.55      7.2393021E-006
          4371.84      7.4822782E-006
          4383.12      7.7319279E-006
          4394.41      7.9883005E-006
          4405.70      8.2513967E-006
          4416.99      8.5184167E-006
          4428.28      8.7851595E-006
          4439.57      9.0500867E-006
          4450.86      9.3128907E-006
          4462.15      9.5731451E-006
          4473.44      9.8303017E-006
          4484.73      1.0083685E-005
          4496.02      1.0332487E-005
          4507.30      1.0575759E-005
          4518.59      1.0812408E-005
          4529.88      1.1041185E-005
          4541.17      1.1260679E-005
          4552.46      1.1468992E-005
          4563.75      1.1638507E-005
          4575.04      1.1724713E-005
          4586.33      1.1708942E-005
          4597.62      1.1589679E-005
          4608.91      1.1364662E-005
          4620.20      1.1030875E-005
          4631.48      1.0584546E-005
          4642.77      1.0021128E-005
          4654.06      9.3352878E-006
          4665.35      8.5208867E-006
          4676.64      7.5709576E-006
          4687.93      6.4776784E-006
          4699.22      5.1904954E-006
          4710.51      3.6255301E-006
          4721.80      1.7416877E-006
          4733.09     -4.6908704E-007
          4744.38     -3.0167169E-006
          4755.66     -5.9130054E-006
          4766.95     -9.1716666E-006
          4778.24     -1.2808364E-005
          4789.53     -1.6840741E-005
          4800.82     -2.1288490E-005
          4812.11     -2.6173406E-005
          4823.40     -3.1519434E-005
          4834.69     -3.7456929E-005
          4845.98     -4.4221044E-005
          4857.27     -5.1938428E-005
          4868.55     -6.0630228E-005
          4879.84     -7.0322344E-005
          4891.13     -8.1045498E-005
          4902.42     -9.2835267E-005
          4913.71     -1.0573212E-004
          4925.00     -1.1978154E-004
          4936.29     -1.3524373E-004
          4947.58     -1.5264634E-004
          4958.87     -1.7229427E-004
          4970.16     -1.9422154E-004
          4981.45     -2.1847256E-004
          4992.73     -2.4510212E-004
          5004.02     -2.7417535E-004
          5015.31     -3.0576783E-004
          5026.60     -3.3996572E-004
          5037.89     -3.7686581E-004
          5049.18     -4.1657579E-004
          5060.47     -4.5921432E-004
          5071.76     -5.0542411E-004
          5083.05     -5.5672532E-004
          5094.34     -6.1407477E-004
          5105.62     -6.7753217E-004
          5116.91     -7.4718267E-004
          5128.20     -8.2313675E-004
          5139.49     -9.0553014E-004
          5150.78     -9.9452353E-004
          5162.07     -1.0903030E-003
          5173.36     -1.1930801E-003
          5184.65     -1.3030916E-003
          5195.94     -1.4206005E-003
          5207.23     -1.5458961E-003
          5218.52     -1.6803599E-003
          5229.80     -1.8279153E-003
          5241.09     -1.9912654E-003
          5252.38     -2.1705118E-003
          5263.67     -2.3658169E-003
          5274.96     -2.5774031E-003
          5286.25     -2.8055523E-003
          5297.54     -3.0506059E-003
          5308.83     -3.3129639E-003
          5320.12     -3.5930858E-003
          5331.41     -3.8914893E-003
          5342.70     -4.2087528E-003
          5353.98     -4.5490145E-003
          5365.27     -4.9296006E-003
          5376.56     -5.3634377E-003
          5387.85     -5.8498399E-003
          5399.14     -6.3883235E-003
          5410.43     -6.9786003E-003
          5421.72     -7.6205706E-003
          5433.01     -8.3143208E-003
          5444.30     -9.0601182E-003
          5455.59     -9.8584044E-003
          5466.88     -1.0709797E-002
          5478.16     -1.1615082E-002
          5489.45     -1.2575217E-002
          5500.74     -1.3591328E-002
          5512.03     -1.4664701E-002
          5523.32     -1.5796795E-002
          5534.61     -1.6989234E-002
          5545.90     -1.8255152E-002
          5557.19     -1.9691716E-002
          5568.48     -2.1378272E-002
          5579.77     -2.3307090E-002
          5591.05     -2.5471332E-002
          5602.34     -2.7865011E-002
          5613.63     -3.0482968E-002
          5624.92     -3.3320826E-002
          5636.21     -3.6374945E-002
          5647.50     -3.9642408E-002
          5658.79     -4.3120978E-002
          5670.08     -4.6809070E-002
          5681.37     -5.0705627E-002
          5692.66     -5.4836420E-002
          5703.95     -5.9554334E-002
          5715.23     -6.5152136E-002
          5726.52     -7.1579756E-002
          5737.81     -7.8790564E-002
          5749.10     -8.6741123E-002
          5760.39     -9.5390362E-002
          5771.68     -1.0467874E-001
          5782.97     -1.1449591E-001
          5794.26     -1.2476511E-001
          5805.55     -1.3547249E-001
          5816.84     -1.4660536E-001
          5828.12     -1.5815219E-001
          5839.41     -1.7010241E-001
          5850.70     -1.8244639E-001
          5861.99     -1.9517534E-001
          5873.28     -2.0828117E-001
          5884.57     -2.2176097E-001
          5895.86     -2.3567236E-001
          5907.15     -2.5006010E-001
          5918.44     -2.6490470E-001
          5929.73     -2.8018743E-001
          5941.02     -2.9589034E-001
          5952.30     -3.1199620E-001
          5963.59     -3.2850156E-001
          5974.88     -3.4570841E-001
          5986.17     -3.6386010E-001
          5997.46     -3.8287306E-001
          6008.75     -4.0266638E-001
          6020.04     -4.2316148E-001
          6031.33     -4.4428201E-001
          6042.62     -4.6595334E-001
          6053.91     -4.8810171E-001
          6065.20     -5.1066901E-001
          6076.48     -5.3427937E-001
          6087.77     -5.5939315E-001
          6099.06     -5.8571558E-001
          6110.35     -6.1295528E-001
          6121.64     -6.4082316E-001
          6132.93     -6.6903112E-001
          6144.22     -6.9728971E-001
          6155.51     -7.2521945E-001
          6166.80     -7.5250868E-001
          6178.09     -7.7896832E-001
          6189.38     -8.0440564E-001
          6200.66     -8.2862255E-001
          6211.95     -8.5141452E-001
          6223.24     -8.7257146E-001
          6234.53     -8.9204950E-001
          6245.82     -9.0993788E-001
          6257.11     -9.2621651E-001
          6268.40     -9.4085724E-001
          6279.69     -9.5382421E-001
          6290.98     -9.6513451E-001
          6302.27     -9.7484582E-001
          6313.55     -9.8297153E-001
          6324.84     -9.8951711E-001
          6336.13     -9.9448021E-001
          6347.42     -9.9785067E-001
          6358.71     -9.9959247E-001
          6370.00     -9.9967245E-001
