          3480.00     -1.4026486E-021
          3491.29     -1.8987933E-004
          3502.58     -3.8080894E-004
          3513.87     -5.7262295E-004
          3525.16     -7.6513922E-004
          3536.45     -9.5814792E-004
          3547.73     -1.1513983E-003
          3559.02     -1.3445854E-003
          3570.31     -1.5373378E-003
          3581.60     -1.7292028E-003
          3592.89     -1.9167920E-003
          3604.18     -2.0988364E-003
          3615.47     -2.2778682E-003
          3626.76     -2.4562808E-003
          3638.05     -2.6363293E-003
          3649.34     -2.8201552E-003
          3660.62     -3.0098104E-003
          3671.91     -3.2072774E-003
          3683.20     -3.4144893E-003
          3694.49     -3.6333478E-003
          3705.78     -3.8657399E-003
          3717.07     -4.1135546E-003
          3728.36     -4.3689783E-003
          3739.65     -4.6247520E-003
          3750.94     -4.8835654E-003
          3762.23     -5.1481219E-003
          3773.52     -5.4209748E-003
          3784.80     -5.7045524E-003
          3796.09     -5.9913160E-003
          3807.38     -6.2739912E-003
          3818.67     -6.5552456E-003
          3829.96     -6.8377428E-003
          3841.25     -7.1238903E-003
          3852.54     -7.4158621E-003
          3863.83     -7.7156181E-003
          3875.12     -8.0249221E-003
          3886.41     -8.3453535E-003
          3897.70     -8.6783208E-003
          3908.98     -9.0250690E-003
          3920.27     -9.3866845E-003
          3931.56     -9.7641010E-003
          3942.85     -1.0158099E-002
          3954.14     -1.0569307E-002
          3965.43     -1.0998197E-002
          3976.72     -1.1445077E-002
          3988.01     -1.1910087E-002
          3999.30     -1.2393189E-002
          4010.59     -1.2878310E-002
          4021.88     -1.3350072E-002
          4033.16     -1.3809555E-002
          4044.45     -1.4258377E-002
          4055.74     -1.4697595E-002
          4067.03     -1.5127710E-002
          4078.32     -1.5548670E-002
          4089.61     -1.5959864E-002
          4100.90     -1.6360108E-002
          4112.19     -1.6747632E-002
          4123.48     -1.7120056E-002
          4134.77     -1.7474363E-002
          4146.05     -1.7802737E-002
          4157.34     -1.8098196E-002
          4168.63     -1.8358079E-002
          4179.92     -1.8579083E-002
          4191.21     -1.8757018E-002
          4202.50     -1.8886763E-002
          4213.79     -1.8962229E-002
          4225.08     -1.8976300E-002
          4236.37     -1.8920774E-002
          4247.66     -1.8786296E-002
          4258.95     -1.8562275E-002
          4270.23     -1.8236801E-002
          4281.52     -1.7845218E-002
          4292.81     -1.7429568E-002
          4304.10     -1.6982374E-002
          4315.39     -1.6487367E-002
          4326.68     -1.5927475E-002
          4337.97     -1.5284684E-002
          4349.26     -1.4539881E-002
          4360.55     -1.3672703E-002
          4371.84     -1.2661376E-002
          4383.12     -1.1482535E-002
          4394.41     -1.0111055E-002
          4405.70     -8.5198635E-003
          4416.99     -6.5633651E-003
          4428.28     -4.0416387E-003
          4439.57     -8.6974254E-004
          4450.86      2.9875243E-003
          4462.15      7.5714272E-003
          4473.44      1.2929544E-002
          4484.73      1.9116017E-002
          4496.02      2.6191866E-002
          4507.30      3.4225335E-002
          4518.59      4.3292260E-002
          4529.88      5.3476535E-002
          4541.17      6.4870578E-002
          4552.46      7.7586598E-002
          4563.75      9.2613783E-002
          4575.04      1.1149478E-001
          4586.33      1.3487785E-001
          4597.62      1.6283677E-001
          4608.91      1.9548094E-001
          4620.20      2.3295554E-001
          4631.48      2.7544181E-001
          4642.77      3.2315736E-001
          4654.06      3.7635710E-001
          4665.35      4.3533400E-001
          4676.64      5.0042025E-001
          4687.93      5.7198866E-001
          4699.22      6.5187599E-001
          4710.51      7.4303448E-001
          4721.80      8.4693891E-001
          4733.09      9.6394985E-001
          4744.38      1.0945162E+000
          4755.66      1.2391754E+000
          4766.95      1.3985554E+000
          4778.24      1.5733760E+000
          4789.53      1.7644507E+000
          4800.82      1.9726906E+000
          4812.11      2.1991072E+000
          4823.40      2.4448150E+000
          4834.69      2.7147988E+000
          4845.98      3.0177998E+000
          4857.27      3.3585724E+000
          4868.55      3.7380683E+000
          4879.84      4.1574728E+000
          4891.13      4.6182081E+000
          4902.42      5.1219351E+000
          4913.71      5.6705553E+000
          4925.00      6.2662184E+000
          4936.29      6.9192566E+000
          4947.58      7.6500803E+000
          4958.87      8.4704924E+000
          4970.16      9.3820313E+000
          4981.45      1.0386765E+001
          4992.73      1.1487286E+001
          5004.02      1.2686711E+001
          5015.31      1.3988687E+001
          5026.60      1.5397397E+001
          5037.89      1.6917564E+001
          5049.18      1.8554469E+001
          5060.47      2.0313954E+001
          5071.76      2.2223293E+001
          5083.05      2.4345381E+001
          5094.34      2.6719589E+001
          5105.62      2.9348634E+001
          5116.91      3.2236612E+001
          5128.20      3.5388976E+001
          5139.49      3.8812538E+001
          5150.78      4.2515446E+001
          5162.07      4.6507212E+001
          5173.36      5.0798710E+001
          5184.65      5.5402179E+001
          5195.94      6.0331272E+001
          5207.23      6.5601063E+001
          5218.52      7.1274880E+001
          5229.80      7.7527804E+001
          5241.09      8.4479508E+001
          5252.38      9.2134659E+001
          5263.67      1.0050144E+002
          5274.96      1.0959148E+002
          5286.25      1.1941983E+002
          5297.54      1.3000492E+002
          5308.83      1.4136857E+002
          5320.12      1.5353596E+002
          5331.41      1.6653565E+002
          5342.70      1.8039963E+002
          5353.98      1.9532769E+002
          5365.27      2.1213931E+002
          5376.56      2.3143667E+002
          5387.85      2.5317783E+002
          5399.14      2.7733336E+002
          5410.43      3.0388588E+002
          5421.72      3.3282951E+002
          5433.01      3.6416963E+002
          5444.30      3.9792250E+002
          5455.59      4.3411486E+002
          5466.88      4.7278385E+002
          5478.16      5.1397675E+002
          5489.45      5.5775084E+002
          5500.74      6.0417331E+002
          5512.03      6.5332106E+002
          5523.32      7.0528089E+002
          5534.61      7.6014939E+002
          5545.90      8.1861304E+002
          5557.19      8.8566131E+002
          5568.48      9.6529522E+002
          5579.77      1.0570235E+003
          5591.05      1.1604152E+003
          5602.34      1.2750965E+003
          5613.63      1.4007476E+003
          5624.92      1.5370995E+003
          5636.21      1.6839306E+003
          5647.50      1.8410645E+003
          5658.79      2.0083674E+003
          5670.08      2.1857454E+003
          5681.37      2.3731376E+003
          5692.66      2.5718873E+003
          5703.95      2.8003964E+003
          5715.23      3.0734738E+003
          5726.52      3.3878410E+003
          5737.81      3.7404521E+003
          5749.10      4.1284722E+003
          5760.39      4.5492282E+003
          5771.68      4.9991795E+003
          5782.97      5.4723911E+003
          5794.26      5.9647635E+003
          5805.55      6.4753431E+003
          5816.84      7.0032286E+003
          5828.12      7.5475646E+003
          5839.41      8.1075316E+003
          5850.70      8.6823376E+003
          5861.99      9.2712110E+003
          5873.28      9.8733906E+003
          5884.57      1.0488338E+004
          5895.86      1.1118417E+004
          5907.15      1.1765167E+004
          5918.44      1.2426888E+004
          5929.73      1.3101880E+004
          5941.02      1.3788439E+004
          5952.30      1.4484849E+004
          5963.59      1.5189966E+004
          5974.88      1.5916110E+004
          5986.17      1.6671905E+004
          5997.46      1.7450910E+004
          6008.75      1.8246754E+004
          6020.04      1.9053109E+004
          6031.33      1.9863658E+004
          6042.62      2.0672048E+004
          6053.91      2.1471829E+004
          6065.20      2.2256821E+004
          6076.48      2.3036202E+004
          6087.77      2.3808845E+004
          6099.06      2.4552958E+004
          6110.35      2.5246549E+004
          6121.64      2.5867311E+004
          6132.93      2.6392526E+004
          6144.22      2.6799149E+004
          6155.51      2.7074117E+004
          6166.80      2.7207738E+004
          6178.09      2.7181245E+004
          6189.38      2.6975060E+004
          6200.66      2.6568653E+004
          6211.95      2.5940437E+004
          6223.24      2.5068537E+004
          6234.53      2.4002005E+004
          6245.82      2.2795794E+004
          6257.11      2.1435920E+004
          6268.40      1.9907605E+004
          6279.69      1.8195571E+004
          6290.98      1.6342325E+004
          6302.27      1.4391484E+004
          6313.55      1.2328574E+004
          6324.84      1.0138588E+004
          6336.13      7.8059149E+003
          6347.42      5.3143117E+003
          6358.71      2.7003338E+003
          6370.00     -3.6245729E-033
