          3480.00     -1.0626819E-031
          3491.29      7.2840673E-006
          3502.58      1.4638883E-005
          3513.87      2.1954330E-005
          3525.16      2.9120758E-005
          3536.45      3.6028741E-005
          3547.73      4.2568773E-005
          3559.02      4.8630976E-005
          3570.31      5.4104867E-005
          3581.60      5.8879067E-005
          3592.89      6.3238753E-005
          3604.18      6.7532826E-005
          3615.47      7.1744158E-005
          3626.76      7.5854488E-005
          3638.05      7.9845326E-005
          3649.34      8.3697903E-005
          3660.62      8.7393146E-005
          3671.91      9.0911626E-005
          3683.20      9.4233516E-005
          3694.49      9.7338559E-005
          3705.78      1.0020601E-004
          3717.07      1.0281461E-004
          3728.36      1.0526397E-004
          3739.65      1.0766194E-004
          3750.94      1.0999824E-004
          3762.23      1.1226037E-004
          3773.52      1.1443564E-004
          3784.80      1.1651112E-004
          3796.09      1.1855857E-004
          3807.38      1.2065425E-004
          3818.67      1.2279074E-004
          3829.96      1.2495849E-004
          3841.25      1.2714791E-004
          3852.54      1.2934936E-004
          3863.83      1.3155315E-004
          3875.12      1.3374947E-004
          3886.41      1.3592841E-004
          3897.70      1.3807993E-004
          3908.98      1.4019382E-004
          3920.27      1.4225971E-004
          3931.56      1.4426704E-004
          3942.85      1.4620503E-004
          3954.14      1.4806266E-004
          3965.43      1.4982867E-004
          3976.72      1.5149150E-004
          3988.01      1.5303930E-004
          3999.30      1.5445992E-004
          4010.59      1.5589679E-004
          4021.88      1.5750288E-004
          4033.16      1.5927505E-004
          4044.45      1.6120012E-004
          4055.74      1.6326505E-004
          4067.03      1.6545698E-004
          4078.32      1.6776316E-004
          4089.61      1.7017093E-004
          4100.90      1.7266769E-004
          4112.19      1.7524088E-004
          4123.48      1.7787798E-004
          4134.77      1.8056642E-004
          4146.05      1.8347273E-004
          4157.34      1.8678119E-004
          4168.63      1.9049656E-004
          4179.92      1.9460493E-004
          4191.21      1.9909291E-004
          4202.50      2.0394761E-004
          4213.79      2.0915663E-004
          4225.08      2.1470798E-004
          4236.37      2.2059008E-004
          4247.66      2.2679173E-004
          4258.95      2.3330209E-004
          4270.23      2.4011065E-004
          4281.52      2.4744028E-004
          4292.81      2.5554179E-004
          4304.10      2.6443255E-004
          4315.39      2.7410134E-004
          4326.68      2.8453798E-004
          4337.97      2.9573322E-004
          4349.26      3.0767882E-004
          4360.55      3.2036741E-004
          4371.84      3.3379250E-004
          4383.12      3.4794845E-004
          4394.41      3.6283049E-004
          4405.70      3.7843463E-004
          4416.99      3.9460525E-004
          4428.28      4.1111935E-004
          4439.57      4.2790771E-004
          4450.86      4.4497047E-004
          4462.15      4.6230779E-004
          4473.44      4.7991989E-004
          4484.73      4.9780702E-004
          4496.02      5.1596945E-004
          4507.30      5.3440747E-004
          4518.59      5.5312133E-004
          4529.88      5.7211132E-004
          4541.17      5.9137771E-004
          4552.46      6.1091312E-004
          4563.75      6.3013749E-004
          4575.04      6.4810310E-004
          4586.33      6.6444200E-004
          4597.62      6.7916829E-004
          4608.91      6.9229333E-004
          4620.20      7.0382589E-004
          4631.48      7.1377209E-004
          4642.77      7.2213550E-004
          4654.06      7.2891711E-004
          4665.35      7.3411542E-004
          4676.64      7.3772638E-004
          4687.93      7.3974348E-004
          4699.22      7.3959950E-004
          4710.51      7.3629721E-004
          4721.80      7.2940740E-004
          4733.09      7.1893797E-004
          4744.38      7.0489188E-004
          4755.66      6.8726716E-004
          4766.95      6.6605702E-004
          4778.24      6.4124980E-004
          4789.53      6.1282920E-004
          4800.82      5.8077409E-004
          4812.11      5.4505867E-004
          4823.40      5.0565256E-004
          4834.69      4.6167917E-004
          4845.98      4.1143779E-004
          4857.27      3.5409181E-004
          4868.55      2.8964465E-004
          4879.84      2.1809134E-004
          4891.13      1.3941825E-004
          4902.42      5.3603321E-005
          4913.71     -3.9383568E-005
          4925.00     -1.3958101E-004
          4936.29     -2.4826968E-004
          4947.58     -3.6826752E-004
          4958.87     -5.0111262E-004
          4970.16     -6.4677541E-004
          4981.45     -8.0524098E-004
          4992.73     -9.7650860E-004
          5004.02     -1.1605910E-003
          5015.31     -1.3575149E-003
          5026.60     -1.5673206E-003
          5037.89     -1.7900618E-003
          5049.18     -2.0258057E-003
          5060.47     -2.2746321E-003
          5071.76     -2.5386510E-003
          5083.05     -2.8233464E-003
          5094.34     -3.1320713E-003
          5105.62     -3.4647336E-003
          5116.91     -3.8212653E-003
          5128.20     -4.2016226E-003
          5139.49     -4.6057854E-003
          5150.78     -5.0337558E-003
          5162.07     -5.4855598E-003
          5173.36     -5.9612460E-003
          5184.65     -6.4608841E-003
          5195.94     -6.9845668E-003
          5207.23     -7.5324087E-003
          5218.52     -8.1073381E-003
          5229.80     -8.7187787E-003
          5241.09     -9.3731253E-003
          5252.38     -1.0070141E-002
          5263.67     -1.0809627E-002
          5274.96     -1.1591425E-002
          5286.25     -1.2415413E-002
          5297.54     -1.3281508E-002
          5308.83     -1.4189664E-002
          5320.12     -1.5139870E-002
          5331.41     -1.6132150E-002
          5342.70     -1.7166566E-002
          5353.98     -1.8249690E-002
          5365.27     -1.9411992E-002
          5376.56     -2.0676518E-002
          5387.85     -2.2041858E-002
          5399.14     -2.3506693E-002
          5410.43     -2.5069795E-002
          5421.72     -2.6730015E-002
          5433.01     -2.8486297E-002
          5444.30     -3.0337665E-002
          5455.59     -3.2283217E-002
          5466.88     -3.4322133E-002
          5478.16     -3.6453670E-002
          5489.45     -3.8677155E-002
          5500.74     -4.0991994E-002
          5512.03     -4.3397655E-002
          5523.32     -4.5893681E-002
          5534.61     -4.8479685E-002
          5545.90     -5.1168570E-002
          5557.19     -5.4068863E-002
          5568.48     -5.7271246E-002
          5579.77     -6.0768268E-002
          5591.05     -6.4552720E-002
          5602.34     -6.8617626E-002
          5613.63     -7.2956260E-002
          5624.92     -7.7562129E-002
          5636.21     -8.2428949E-002
          5647.50     -8.7550662E-002
          5658.79     -9.2921414E-002
          5670.08     -9.8535548E-002
          5681.37     -1.0438743E-001
          5692.66     -1.1049517E-001
          5703.95     -1.1716395E-001
          5715.23     -1.2465639E-001
          5726.52     -1.3293827E-001
          5737.81     -1.4197631E-001
          5749.10     -1.5173807E-001
          5760.39     -1.6219140E-001
          5771.68     -1.7328644E-001
          5782.97     -1.8492744E-001
          5794.26     -1.9704317E-001
          5805.55     -2.0961398E-001
          5816.84     -2.2262062E-001
          5828.12     -2.3604425E-001
          5839.41     -2.4986637E-001
          5850.70     -2.6406880E-001
          5861.99     -2.7863374E-001
          5873.28     -2.9354360E-001
          5884.57     -3.0878370E-001
          5895.86     -3.2437245E-001
          5907.15     -3.4032193E-001
          5918.44     -3.5660934E-001
          5929.73     -3.7321203E-001
          5941.02     -3.9010767E-001
          5952.30     -4.0727427E-001
          5963.59     -4.2469552E-001
          5974.88     -4.4247395E-001
          5986.17     -4.6068827E-001
          5997.46     -4.7928931E-001
          6008.75     -4.9822860E-001
          6020.04     -5.1745828E-001
          6031.33     -5.3693134E-001
          6042.62     -5.5660147E-001
          6053.91     -5.7642265E-001
          6065.20     -5.9635269E-001
          6076.48     -6.1649079E-001
          6087.77     -6.3687881E-001
          6099.06     -6.5739031E-001
          6110.35     -6.7789924E-001
          6121.64     -6.9827986E-001
          6132.93     -7.1840644E-001
          6144.22     -7.3815384E-001
          6155.51     -7.5743383E-001
          6166.80     -7.7618116E-001
          6178.09     -7.9430656E-001
          6189.38     -8.1172098E-001
          6200.66     -8.2833494E-001
          6211.95     -8.4405833E-001
          6223.24     -8.5880363E-001
          6234.53     -8.7275446E-001
          6245.82     -8.8613835E-001
          6257.11     -8.9893472E-001
          6268.40     -9.1112241E-001
          6279.69     -9.2268052E-001
          6290.98     -9.3371288E-001
          6302.27     -9.4433843E-001
          6313.55     -9.5455863E-001
          6324.84     -9.6437448E-001
          6336.13     -9.7378657E-001
          6347.42     -9.8279504E-001
          6358.71     -9.9141696E-001
          6370.00     -9.9967245E-001
