          3480.00      6.8422781E-027
          3491.29      1.9440444E-009
          3502.58      3.9121234E-009
          3513.87      5.9063280E-009
          3525.16      7.9287966E-009
          3536.45      9.9816368E-009
          3547.73      1.2066831E-008
          3559.02      1.4186144E-008
          3570.31      1.6341038E-008
          3581.60      1.8532575E-008
          3592.89      2.0714309E-008
          3604.18      2.2861877E-008
          3615.47      2.5007884E-008
          3626.76      2.7183690E-008
          3638.05      2.9419437E-008
          3649.34      3.1744394E-008
          3660.62      3.4187291E-008
          3671.91      3.6776624E-008
          3683.20      3.9540947E-008
          3694.49      4.2509155E-008
          3705.78      4.5710749E-008
          3717.07      4.9176113E-008
          3728.36      5.2806282E-008
          3739.65      5.6510013E-008
          3750.94      6.0330155E-008
          3762.23      6.4310655E-008
          3773.52      6.8494413E-008
          3784.80      7.2923713E-008
          3796.09      7.7498132E-008
          3807.38      8.2121815E-008
          3818.67      8.6843505E-008
          3829.96      9.1713251E-008
          3841.25      9.6778811E-008
          3852.54      1.0208610E-007
          3863.83      1.0767963E-007
          3875.12      1.1360288E-007
          3886.41      1.1989861E-007
          3897.70      1.2660928E-007
          3908.98      1.3377728E-007
          3920.27      1.4144522E-007
          3931.56      1.4965620E-007
          3942.85      1.5845407E-007
          3954.14      1.6788362E-007
          3965.43      1.7799086E-007
          3976.72      1.8882313E-007
          3988.01      2.0042941E-007
          3999.30      2.1286041E-007
          4010.59      2.2580462E-007
          4021.88      2.3896175E-007
          4033.16      2.5241120E-007
          4044.45      2.6625323E-007
          4055.74      2.8058295E-007
          4067.03      2.9549099E-007
          4078.32      3.1106417E-007
          4089.61      3.2738611E-007
          4100.90      3.4453762E-007
          4112.19      3.6259728E-007
          4123.48      3.8164174E-007
          4134.77      4.0174606E-007
          4146.05      4.2252696E-007
          4157.34      4.4359281E-007
          4168.63      4.6502662E-007
          4179.92      4.8695304E-007
          4191.21      5.0948651E-007
          4202.50      5.3273208E-007
          4213.79      5.5678597E-007
          4225.08      5.8173608E-007
          4236.37      6.0766234E-007
          4247.66      6.3463690E-007
          4258.95      6.6272441E-007
          4270.23      6.9198196E-007
          4281.52      7.2217012E-007
          4292.81      7.5306213E-007
          4304.10      7.8473646E-007
          4315.39      8.1728705E-007
          4326.68      8.5079413E-007
          4337.97      8.8532426E-007
          4349.26      9.2093044E-007
          4360.55      9.5765191E-007
          4371.84      9.9551358E-007
          4383.12      1.0345258E-006
          4394.41      1.0746835E-006
          4405.70      1.1159654E-006
          4416.99      1.1577053E-006
          4428.28      1.1989025E-006
          4439.57      1.2391535E-006
          4450.86      1.2783288E-006
          4462.15      1.3162566E-006
          4473.44      1.3527221E-006
          4484.73      1.3874635E-006
          4496.02      1.4201706E-006
          4507.30      1.4504803E-006
          4518.59      1.4779738E-006
          4529.88      1.5021723E-006
          4541.17      1.5225323E-006
          4552.46      1.5383512E-006
          4563.75      1.5414687E-006
          4575.04      1.5188387E-006
          4586.33      1.4649060E-006
          4597.62      1.3790355E-006
          4608.91      1.2602710E-006
          4620.20      1.1073310E-006
          4631.48      9.1860298E-007
          4642.77      6.9213633E-007
          4654.06      4.2563092E-007
          4665.35      1.1642541E-007
          4676.64     -2.3851764E-007
          4687.93     -6.4262910E-007
          4699.22     -1.1139158E-006
          4710.51     -1.6817391E-006
          4721.80     -2.3609331E-006
          4733.09     -3.1552191E-006
          4744.38     -4.0692447E-006
          4755.66     -5.1085983E-006
          4766.95     -6.2798307E-006
          4778.24     -7.5904839E-006
          4789.53     -9.0491194E-006
          4800.82     -1.0665364E-005
          4812.11     -1.2449951E-005
          4823.40     -1.4414766E-005
          4834.69     -1.6614280E-005
          4845.98     -1.9144847E-005
          4857.27     -2.2059434E-005
          4868.55     -2.5369183E-005
          4879.84     -2.9087987E-005
          4891.13     -3.3232538E-005
          4902.42     -3.7822368E-005
          4913.71     -4.2879896E-005
          4925.00     -4.8430534E-005
          4936.29     -5.4595193E-005
          4947.58     -6.1613553E-005
          4958.87     -6.9625959E-005
          4970.16     -7.8653094E-005
          4981.45     -8.8722288E-005
          4992.73     -9.9867521E-005
          5004.02     -1.1212943E-004
          5015.31     -1.2555546E-004
          5026.60     -1.4019993E-004
          5037.89     -1.5612421E-004
          5049.18     -1.7339694E-004
          5060.47     -1.9209416E-004
          5071.76     -2.1256048E-004
          5083.05     -2.3558996E-004
          5094.34     -2.6168517E-004
          5105.62     -2.9088986E-004
          5116.91     -3.2326653E-004
          5128.20     -3.5889624E-004
          5139.49     -3.9787873E-004
          5150.78     -4.4033230E-004
          5162.07     -4.8639420E-004
          5173.36     -5.3622081E-004
          5184.65     -5.8998784E-004
          5195.94     -6.4789107E-004
          5207.23     -7.1014667E-004
          5218.52     -7.7761950E-004
          5229.80     -8.5268441E-004
          5241.09     -9.3698083E-004
          5252.38     -1.0306045E-003
          5263.67     -1.1337028E-003
          5274.96     -1.2464739E-003
          5286.25     -1.3691671E-003
          5297.54     -1.5020822E-003
          5308.83     -1.6455697E-003
          5320.12     -1.8000317E-003
          5331.41     -1.9659214E-003
          5342.70     -2.1437453E-003
          5353.98     -2.3364065E-003
          5365.27     -2.5556985E-003
          5376.56     -2.8103533E-003
          5387.85     -3.0999046E-003
          5399.14     -3.4240815E-003
          5410.43     -3.7828026E-003
          5421.72     -4.1761688E-003
          5433.01     -4.6044601E-003
          5444.30     -5.0681313E-003
          5455.59     -5.5678072E-003
          5466.88     -6.1042827E-003
          5478.16     -6.6785196E-003
          5489.45     -7.2916466E-003
          5500.74     -7.9449596E-003
          5512.03     -8.6399199E-003
          5523.32     -9.3781588E-003
          5534.61     -1.0161478E-002
          5545.90     -1.1000951E-002
          5557.19     -1.1975556E-002
          5568.48     -1.3149144E-002
          5579.77     -1.4514993E-002
          5591.05     -1.6067426E-002
          5602.34     -1.7801759E-002
          5613.63     -1.9714259E-002
          5624.92     -2.1802091E-002
          5636.21     -2.4063269E-002
          5647.50     -2.6496632E-002
          5658.79     -2.9101797E-002
          5670.08     -3.1879134E-002
          5681.37     -3.4829656E-002
          5692.66     -3.7978684E-002
          5703.95     -4.1648931E-002
          5715.23     -4.6104501E-002
          5726.52     -5.1296580E-002
          5737.81     -5.7180717E-002
          5749.10     -6.3716467E-002
          5760.39     -7.0866524E-002
          5771.68     -7.8577334E-002
          5782.97     -8.6748901E-002
          5794.26     -9.5314410E-002
          5805.55     -1.0426688E-001
          5816.84     -1.1360066E-001
          5828.12     -1.2331141E-001
          5839.41     -1.3339587E-001
          5850.70     -1.4385185E-001
          5861.99     -1.5467810E-001
          5873.28     -1.6587414E-001
          5884.57     -1.7744523E-001
          5895.86     -1.8946449E-001
          5907.15     -2.0199040E-001
          5918.44     -2.1500949E-001
          5929.73     -2.2850930E-001
          5941.02     -2.4247846E-001
          5952.30     -2.5690648E-001
          5963.59     -2.7179967E-001
          5974.88     -2.8753886E-001
          5986.17     -3.0443367E-001
          5997.46     -3.2239384E-001
          6008.75     -3.4133349E-001
          6020.04     -3.6117046E-001
          6031.33     -3.8182598E-001
          6042.62     -4.0322395E-001
          6053.91     -4.2528978E-001
          6065.20     -4.4797053E-001
          6076.48     -4.7216510E-001
          6087.77     -4.9855817E-001
          6099.06     -5.2679013E-001
          6110.35     -5.5650863E-001
          6121.64     -5.8736644E-001
          6132.93     -6.1901925E-001
          6144.22     -6.5112107E-001
          6155.51     -6.8314771E-001
          6166.80     -7.1466752E-001
          6178.09     -7.4546993E-001
          6189.38     -7.7533766E-001
          6200.66     -8.0404415E-001
          6211.95     -8.3135196E-001
          6223.24     -8.5701024E-001
          6234.53     -8.8073543E-001
          6245.82     -9.0242951E-001
          6257.11     -9.2209933E-001
          6268.40     -9.3973582E-001
          6279.69     -9.5531340E-001
          6290.98     -9.6870781E-001
          6302.27     -9.7984901E-001
          6313.55     -9.8876816E-001
          6324.84     -9.9547955E-001
          6336.13     -9.9998079E-001
          6347.42     -1.0022529E+000
          6358.71     -1.0021867E+000
          6370.00     -9.9967245E-001
