          3480.00      0.0000000E+000
          3491.29      3.5440151E-002
          3502.58      3.5099377E-002
          3513.87      3.4778074E-002
          3525.16      3.4475525E-002
          3536.45      3.4190956E-002
          3547.73      3.3923551E-002
          3559.02      3.3672457E-002
          3570.31      3.3436796E-002
          3581.60      3.3215674E-002
          3592.89      3.3008188E-002
          3604.18      3.2813439E-002
          3615.47      3.2630534E-002
          3626.76      3.2458593E-002
          3638.05      3.2296763E-002
          3649.34      3.2144220E-002
          3660.62      3.2000173E-002
          3671.91      3.1863873E-002
          3683.20      3.1734606E-002
          3694.49      3.1611705E-002
          3705.78      3.1494543E-002
          3717.07      3.1382534E-002
          3728.36      3.1275138E-002
          3739.65      3.1171854E-002
          3750.94      3.1072221E-002
          3762.23      3.0975816E-002
          3773.52      3.0882252E-002
          3784.80      3.0791178E-002
          3796.09      3.0702273E-002
          3807.38      3.0615247E-002
          3818.67      3.0529838E-002
          3829.96      3.0445809E-002
          3841.25      3.0362949E-002
          3852.54      3.0281063E-002
          3863.83      3.0199981E-002
          3875.12      3.0119545E-002
          3886.41      3.0039617E-002
          3897.70      2.9960072E-002
          3908.98      2.9880798E-002
          3920.27      2.9801694E-002
          3931.56      2.9722669E-002
          3942.85      2.9643643E-002
          3954.14      2.9564543E-002
          3965.43      2.9485306E-002
          3976.72      2.9405872E-002
          3988.01      2.9326191E-002
          3999.30      2.9246214E-002
          4010.59      2.9165898E-002
          4021.88      2.9085204E-002
          4033.16      2.9004096E-002
          4044.45      2.8922541E-002
          4055.74      2.8840510E-002
          4067.03      2.8757974E-002
          4078.32      2.8674907E-002
          4089.61      2.8591285E-002
          4100.90      2.8507085E-002
          4112.19      2.8422286E-002
          4123.48      2.8336867E-002
          4134.77      2.8250810E-002
          4146.05      2.8164095E-002
          4157.34      2.8076704E-002
          4168.63      2.7988621E-002
          4179.92      2.7899828E-002
          4191.21      2.7810308E-002
          4202.50      2.7720046E-002
          4213.79      2.7629026E-002
          4225.08      2.7537231E-002
          4236.37      2.7444645E-002
          4247.66      2.7351253E-002
          4258.95      2.7257039E-002
          4270.23      2.7161987E-002
          4281.52      2.7066081E-002
          4292.81      2.6969304E-002
          4304.10      2.6871641E-002
          4315.39      2.6773074E-002
          4326.68      2.6673588E-002
          4337.97      2.6573165E-002
          4349.26      2.6471788E-002
          4360.55      2.6369440E-002
          4371.84      2.6266104E-002
          4383.12      2.6161763E-002
          4394.41      2.6056398E-002
          4405.70      2.5949991E-002
          4416.99      2.5842521E-002
          4428.28      2.5733969E-002
          4439.57      2.5624315E-002
          4450.86      2.5513537E-002
          4462.15      2.5401616E-002
          4473.44      2.5288529E-002
          4484.73      2.5174254E-002
          4496.02      2.5058771E-002
          4507.30      2.4942055E-002
          4518.59      2.4824084E-002
          4529.88      2.4704834E-002
          4541.17      2.4584280E-002
          4552.46      2.4462398E-002
          4563.75      2.4339163E-002
          4575.04      2.4214547E-002
          4586.33      2.4088526E-002
          4597.62      2.3961071E-002
          4608.91      2.3832155E-002
          4620.20      2.3701749E-002
          4631.48      2.3569823E-002
          4642.77      2.3436348E-002
          4654.06      2.3301292E-002
          4665.35      2.3164623E-002
          4676.64      2.3026310E-002
          4687.93      2.2886318E-002
          4699.22      2.2744613E-002
          4710.51      2.2601161E-002
          4721.80      2.2455924E-002
          4733.09      2.2308866E-002
          4744.38      2.2159949E-002
          4755.66      2.2009133E-002
          4766.95      2.1856379E-002
          4778.24      2.1701644E-002
          4789.53      2.1544886E-002
          4800.82      2.1386062E-002
          4812.11      2.1225126E-002
          4823.40      2.1062033E-002
          4834.69      2.0896734E-002
          4845.98      2.0729181E-002
          4857.27      2.0559324E-002
          4868.55      2.0387110E-002
          4879.84      2.0212486E-002
          4891.13      2.0035396E-002
          4902.42      1.9855785E-002
          4913.71      1.9673593E-002
          4925.00      1.9488761E-002
          4936.29      1.9301227E-002
          4947.58      1.9110926E-002
          4958.87      1.8917793E-002
          4970.16      1.8721761E-002
          4981.45      1.8522760E-002
          4992.73      1.8320716E-002
          5004.02      1.8115556E-002
          5015.31      1.7907202E-002
          5026.60      1.7695576E-002
          5037.89      1.7480593E-002
          5049.18      1.7262171E-002
          5060.47      1.7040220E-002
          5071.76      1.6814651E-002
          5083.05      1.6585369E-002
          5094.34      1.6352279E-002
          5105.62      1.6115280E-002
          5116.91      1.5874268E-002
          5128.20      1.5629137E-002
          5139.49      1.5379776E-002
          5150.78      1.5126069E-002
          5162.07      1.4867897E-002
          5173.36      1.4605136E-002
          5184.65      1.4337660E-002
          5195.94      1.4065333E-002
          5207.23      1.3788020E-002
          5218.52      1.3505577E-002
          5229.80      1.3217855E-002
          5241.09      1.2924702E-002
          5252.38      1.2625956E-002
          5263.67      1.2321452E-002
          5274.96      1.2011017E-002
          5286.25      1.1694472E-002
          5297.54      1.1371630E-002
          5308.83      1.1042295E-002
          5320.12      1.0706265E-002
          5331.41      1.0363330E-002
          5342.70      1.0013268E-002
          5353.98      9.6558501E-003
          5365.27      9.2908378E-003
          5376.56      8.9179815E-003
          5387.85      8.5370206E-003
          5399.14      8.1476830E-003
          5410.43      7.7496840E-003
          5421.72      7.3427271E-003
          5433.01      6.9265012E-003
          5444.30      6.5006804E-003
          5455.59      6.0649247E-003
          5466.88      5.6188760E-003
          5478.16      5.1621599E-003
          5489.45      4.6943837E-003
          5500.74      4.2151352E-003
          5512.03      3.7239830E-003
          5523.32      3.2204726E-003
          5534.61      2.7041263E-003
          5545.90      2.1744432E-003
          5557.19      1.6308944E-003
          5568.48      1.0729237E-003
          5579.77      4.9993798E-004
          5591.05     -8.8694227E-005
          5602.34     -6.9363432E-004
          5613.63     -1.3155781E-003
          5624.92     -1.9552572E-003
          5636.21     -2.6134403E-003
          5647.50     -3.2909401E-003
          5658.79     -3.9886140E-003
          5670.08     -4.7073694E-003
          5681.37     -5.4482166E-003
          5692.66     -6.2122541E-003
          5703.95     -6.1558666E-003
          5715.23     -4.7421197E-003
          5726.52     -2.4923650E-003
          5737.81      1.3282570E-004
          5749.10      2.8113496E-003
          5760.39      5.3546208E-003
          5771.68      7.6712357E-003
          5782.97      9.7300737E-003
          5794.26      1.1533251E-002
          5805.55      1.3098892E-002
          5816.84      1.4451246E-002
          5828.12      1.5615588E-002
          5839.41      1.6615741E-002
          5850.70      1.7473059E-002
          5861.99      1.8206155E-002
          5873.28      1.8830988E-002
          5884.57      1.9361126E-002
          5895.86      1.9808039E-002
          5907.15      2.0181399E-002
          5918.44      2.0489337E-002
          5929.73      2.0738695E-002
          5941.02      2.0935242E-002
          5952.30      2.1083840E-002
          5963.59      2.1188584E-002
          5974.88      2.1252910E-002
          5986.17      2.1279695E-002
          5997.46      2.1271332E-002
          6008.75      2.1229806E-002
          6020.04      2.1156740E-002
          6031.33      2.1053449E-002
          6042.62      2.0920968E-002
          6053.91      2.0760065E-002
          6065.20      2.0571263E-002
          6076.48      2.0354863E-002
          6087.77      2.0110955E-002
          6099.06      1.9839423E-002
          6110.35      1.9539949E-002
          6121.64      1.9212008E-002
          6132.93      1.8854863E-002
          6144.22      1.8467569E-002
          6155.51      1.8048983E-002
          6166.80      1.7597749E-002
          6178.09      1.7112282E-002
          6189.38      1.6590745E-002
          6200.66      1.6030999E-002
          6211.95      1.5430575E-002
          6223.24      1.4786627E-002
          6234.53      1.4095889E-002
          6245.82      1.3354615E-002
          6257.11      1.2558514E-002
          6268.40      1.1702662E-002
          6279.69      1.0781399E-002
          6290.98      9.7882029E-003
          6302.27      8.7155345E-003
          6313.55      7.5546423E-003
          6324.84      6.2953293E-003
          6336.13      4.9256479E-003
          6347.42      3.4315236E-003
          6358.71      1.7962777E-003
          6370.00      0.0000000E+000
