          3480.00     -2.3059593E-004
          3491.29     -2.3147365E-004
          3502.58     -2.3198003E-004
          3513.87     -2.3214450E-004
          3525.16     -2.3199458E-004
          3536.45     -2.3155592E-004
          3547.73     -2.3085249E-004
          3559.02     -2.2990665E-004
          3570.31     -2.2873928E-004
          3581.60     -2.2736983E-004
          3592.89     -2.2581648E-004
          3604.18     -2.2409617E-004
          3615.47     -2.2222472E-004
          3626.76     -2.2021690E-004
          3638.05     -2.1808642E-004
          3649.34     -2.1584609E-004
          3660.62     -2.1350779E-004
          3671.91     -2.1108256E-004
          3683.20     -2.0858069E-004
          3694.49     -2.0601170E-004
          3705.78     -2.0338446E-004
          3717.07     -2.0070718E-004
          3728.36     -1.9798747E-004
          3739.65     -1.9523238E-004
          3750.94     -1.9244845E-004
          3762.23     -1.8964171E-004
          3773.52     -1.8681775E-004
          3784.80     -1.8398171E-004
          3796.09     -1.8113834E-004
          3807.38     -1.7829203E-004
          3818.67     -1.7544677E-004
          3829.96     -1.7260628E-004
          3841.25     -1.6977394E-004
          3852.54     -1.6695285E-004
          3863.83     -1.6414586E-004
          3875.12     -1.6135555E-004
          3886.41     -1.5858430E-004
          3897.70     -1.5583425E-004
          3908.98     -1.5310735E-004
          3920.27     -1.5040535E-004
          3931.56     -1.4772986E-004
          3942.85     -1.4508228E-004
          3954.14     -1.4246389E-004
          3965.43     -1.3987582E-004
          3976.72     -1.3731906E-004
          3988.01     -1.3479449E-004
          3999.30     -1.3230288E-004
          4010.59     -1.2984488E-004
          4021.88     -1.2742106E-004
          4033.16     -1.2503189E-004
          4044.45     -1.2267777E-004
          4055.74     -1.2035900E-004
          4067.03     -1.1807584E-004
          4078.32     -1.1582847E-004
          4089.61     -1.1361699E-004
          4100.90     -1.1144148E-004
          4112.19     -1.0930194E-004
          4123.48     -1.0719834E-004
          4134.77     -1.0513061E-004
          4146.05     -1.0309861E-004
          4157.34     -1.0110220E-004
          4168.63     -9.9141187E-005
          4179.92     -9.7215352E-005
          4191.21     -9.5324452E-005
          4202.50     -9.3468214E-005
          4213.79     -9.1646345E-005
          4225.08     -8.9858530E-005
          4236.37     -8.8104435E-005
          4247.66     -8.6383715E-005
          4258.95     -8.4696005E-005
          4270.23     -8.3040928E-005
          4281.52     -8.1418099E-005
          4292.81     -7.9827120E-005
          4304.10     -7.8267585E-005
          4315.39     -7.6739080E-005
          4326.68     -7.5241184E-005
          4337.97     -7.3773475E-005
          4349.26     -7.2335523E-005
          4360.55     -7.0926894E-005
          4371.84     -6.9547153E-005
          4383.12     -6.8195859E-005
          4394.41     -6.6872577E-005
          4405.70     -6.5576868E-005
          4416.99     -6.4308296E-005
          4428.28     -6.3066425E-005
          4439.57     -6.1850822E-005
          4450.86     -6.0661051E-005
          4462.15     -5.9496684E-005
          4473.44     -5.8357292E-005
          4484.73     -5.7242450E-005
          4496.02     -5.6151736E-005
          4507.30     -5.5084730E-005
          4518.59     -5.4041020E-005
          4529.88     -5.3020193E-005
          4541.17     -5.2021842E-005
          4552.46     -5.1045567E-005
          4563.75     -5.0090969E-005
          4575.04     -4.9157654E-005
          4586.33     -4.8245235E-005
          4597.62     -4.7353327E-005
          4608.91     -4.6481552E-005
          4620.20     -4.5629536E-005
          4631.48     -4.4796911E-005
          4642.77     -4.3983313E-005
          4654.06     -4.3188384E-005
          4665.35     -4.2411771E-005
          4676.64     -4.1653125E-005
          4687.93     -4.0912102E-005
          4699.22     -4.0188366E-005
          4710.51     -3.9481583E-005
          4721.80     -3.8791425E-005
          4733.09     -3.8117569E-005
          4744.38     -3.7459698E-005
          4755.66     -3.6817496E-005
          4766.95     -3.6190657E-005
          4778.24     -3.5578875E-005
          4789.53     -3.4981851E-005
          4800.82     -3.4399292E-005
          4812.11     -3.3830904E-005
          4823.40     -3.3276404E-005
          4834.69     -3.2735509E-005
          4845.98     -3.2207940E-005
          4857.27     -3.1693424E-005
          4868.55     -3.1191690E-005
          4879.84     -3.0702473E-005
          4891.13     -3.0225509E-005
          4902.42     -2.9760540E-005
          4913.71     -2.9307310E-005
          4925.00     -2.8865566E-005
          4936.29     -2.8435059E-005
          4947.58     -2.8015541E-005
          4958.87     -2.7606770E-005
          4970.16     -2.7208503E-005
          4981.45     -2.6820502E-005
          4992.73     -2.6442532E-005
          5004.02     -2.6074357E-005
          5015.31     -2.5715747E-005
          5026.60     -2.5366471E-005
          5037.89     -2.5026301E-005
          5049.18     -2.4695010E-005
          5060.47     -2.4372375E-005
          5071.76     -2.4058170E-005
          5083.05     -2.3752174E-005
          5094.34     -2.3454164E-005
          5105.62     -2.3163919E-005
          5116.91     -2.2881220E-005
          5128.20     -2.2605846E-005
          5139.49     -2.2337578E-005
          5150.78     -2.2076197E-005
          5162.07     -2.1821482E-005
          5173.36     -2.1573214E-005
          5184.65     -2.1331174E-005
          5195.94     -2.1095139E-005
          5207.23     -2.0864890E-005
          5218.52     -2.0640202E-005
          5229.80     -2.0420852E-005
          5241.09     -2.0206616E-005
          5252.38     -1.9997265E-005
          5263.67     -1.9792573E-005
          5274.96     -1.9592307E-005
          5286.25     -1.9396235E-005
          5297.54     -1.9204122E-005
          5308.83     -1.9015730E-005
          5320.12     -1.8830819E-005
          5331.41     -1.8649144E-005
          5342.70     -1.8470459E-005
          5353.98     -1.8294513E-005
          5365.27     -1.8121052E-005
          5376.56     -1.7949818E-005
          5387.85     -1.7780547E-005
          5399.14     -1.7612974E-005
          5410.43     -1.7446826E-005
          5421.72     -1.7281827E-005
          5433.01     -1.7117695E-005
          5444.30     -1.6954142E-005
          5455.59     -1.6790876E-005
          5466.88     -1.6627598E-005
          5478.16     -1.6464002E-005
          5489.45     -1.6299777E-005
          5500.74     -1.6134604E-005
          5512.03     -1.5968157E-005
          5523.32     -1.5800103E-005
          5534.61     -1.5630101E-005
          5545.90     -1.5457802E-005
          5557.19     -1.5282850E-005
          5568.48     -1.5104877E-005
          5579.77     -1.4923511E-005
          5591.05     -1.4738369E-005
          5602.34     -1.4549060E-005
          5613.63     -1.4355185E-005
          5624.92     -1.4156332E-005
          5636.21     -1.3952081E-005
          5647.50     -1.3742002E-005
          5658.79     -1.3525651E-005
          5670.08     -1.3302577E-005
          5681.37     -1.3072321E-005
          5692.66     -1.2834428E-005
          5703.95     -1.2593167E-005
          5715.23     -1.2353140E-005
          5726.52     -1.2114368E-005
          5737.81     -1.1876872E-005
          5749.10     -1.1640666E-005
          5760.39     -1.1405764E-005
          5771.68     -1.1172175E-005
          5782.97     -1.0939902E-005
          5794.26     -1.0708941E-005
          5805.55     -1.0479276E-005
          5816.84     -1.0250890E-005
          5828.12     -1.0023764E-005
          5839.41     -9.7978775E-006
          5850.70     -9.5732094E-006
          5861.99     -9.3497365E-006
          5873.28     -9.1274350E-006
          5884.57     -8.9062793E-006
          5895.86     -8.6862429E-006
          5907.15     -8.4672984E-006
          5918.44     -8.2494199E-006
          5929.73     -8.0325828E-006
          5941.02     -7.8167616E-006
          5952.30     -7.6019290E-006
          5963.59     -7.3880573E-006
          5974.88     -7.1751174E-006
          5986.17     -6.9630803E-006
          5997.46     -6.7519169E-006
          6008.75     -6.5415965E-006
          6020.04     -6.3320874E-006
          6031.33     -6.1233538E-006
          6042.62     -5.9153556E-006
          6053.91     -5.7080528E-006
          6065.20     -5.5014042E-006
          6076.48     -5.2953671E-006
          6087.77     -5.0898970E-006
          6099.06     -4.8849479E-006
          6110.35     -4.6804735E-006
          6121.64     -4.4764280E-006
          6132.93     -4.2727686E-006
          6144.22     -4.0694555E-006
          6155.51     -3.8664468E-006
          6166.80     -3.6636984E-006
          6178.09     -3.4611638E-006
          6189.38     -3.2587913E-006
          6200.66     -3.0565285E-006
          6211.95     -2.8543229E-006
          6223.24     -2.6521218E-006
          6234.53     -2.4498730E-006
          6245.82     -2.2475241E-006
          6257.11     -2.0450222E-006
          6268.40     -1.8423154E-006
          6279.69     -1.6393507E-006
          6290.98     -1.4360752E-006
          6302.27     -1.2324358E-006
          6313.55     -1.0283797E-006
          6324.84     -8.2385418E-007
          6336.13     -6.1880620E-007
          6347.42     -4.1318270E-007
          6358.71     -2.0693141E-007
          6370.00     -1.9998662E-041
