          3480.00      5.9397386E-025
          3491.29      1.5420199E+002
          3502.58      3.0897080E+002
          3513.87      4.6445310E+002
          3525.16      6.2079423E+002
          3536.45      7.7813914E+002
          3547.73      9.3663212E+002
          3559.02      1.0964165E+003
          3570.31      1.2576356E+003
          3581.60      1.4204322E+003
          3592.89      1.5849490E+003
          3604.18      1.7513284E+003
          3615.47      1.9197110E+003
          3626.76      2.0902376E+003
          3638.05      2.2630490E+003
          3649.34      2.4382860E+003
          3660.62      2.6160905E+003
          3671.91      2.7966043E+003
          3683.20      2.9799704E+003
          3694.49      3.1663320E+003
          3705.78      3.3558332E+003
          3717.07      3.5486190E+003
          3728.36      3.7448354E+003
          3739.65      3.9446291E+003
          3750.94      4.1481481E+003
          3762.23      4.3555414E+003
          3773.52      4.5669594E+003
          3784.80      4.7825537E+003
          3796.09      5.0024769E+003
          3807.38      5.2268834E+003
          3818.67      5.4559297E+003
          3829.96      5.6897728E+003
          3841.25      5.9285722E+003
          3852.54      6.1724886E+003
          3863.83      6.4216843E+003
          3875.12      6.6763238E+003
          3886.41      6.9365723E+003
          3897.70      7.2025979E+003
          3908.98      7.4745704E+003
          3920.27      7.7526606E+003
          3931.56      8.0370422E+003
          3942.85      8.3278906E+003
          3954.14      8.6253834E+003
          3965.43      8.9297007E+003
          3976.72      9.2410240E+003
          3988.01      9.5595379E+003
          3999.30      9.8854290E+003
          4010.59      1.0218885E+004
          4021.88      1.0560098E+004
          4033.16      1.0909259E+004
          4044.45      1.1266565E+004
          4055.74      1.1632214E+004
          4067.03      1.2006404E+004
          4078.32      1.2389339E+004
          4089.61      1.2781222E+004
          4100.90      1.3182261E+004
          4112.19      1.3592666E+004
          4123.48      1.4012647E+004
          4134.77      1.4442419E+004
          4146.05      1.4882199E+004
          4157.34      1.5332206E+004
          4168.63      1.5792660E+004
          4179.92      1.6263787E+004
          4191.21      1.6745810E+004
          4202.50      1.7238960E+004
          4213.79      1.7743467E+004
          4225.08      1.8259565E+004
          4236.37      1.8787488E+004
          4247.66      1.9327475E+004
          4258.95      1.9879766E+004
          4270.23      2.0444603E+004
          4281.52      2.1022231E+004
          4292.81      2.1612896E+004
          4304.10      2.2216846E+004
          4315.39      2.2834335E+004
          4326.68      2.3465614E+004
          4337.97      2.4110937E+004
          4349.26      2.4770563E+004
          4360.55      2.5444751E+004
          4371.84      2.6133761E+004
          4383.12      2.6837857E+004
          4394.41      2.7557303E+004
          4405.70      2.8292366E+004
          4416.99      2.9043312E+004
          4428.28      2.9810408E+004
          4439.57      3.0593926E+004
          4450.86      3.1394138E+004
          4462.15      3.2211314E+004
          4473.44      3.3045728E+004
          4484.73      3.3897655E+004
          4496.02      3.4767370E+004
          4507.30      3.5655149E+004
          4518.59      3.6561268E+004
          4529.88      3.7486003E+004
          4541.17      3.8429634E+004
          4552.46      3.9392434E+004
          4563.75      4.0374683E+004
          4575.04      4.1376657E+004
          4586.33      4.2398633E+004
          4597.62      4.3440889E+004
          4608.91      4.4503696E+004
          4620.20      4.5587332E+004
          4631.48      4.6692069E+004
          4642.77      4.7818178E+004
          4654.06      4.8965930E+004
          4665.35      5.0135593E+004
          4676.64      5.1327434E+004
          4687.93      5.2541717E+004
          4699.22      5.3778701E+004
          4710.51      5.5038647E+004
          4721.80      5.6321809E+004
          4733.09      5.7628439E+004
          4744.38      5.8958785E+004
          4755.66      6.0313090E+004
          4766.95      6.1691596E+004
          4778.24      6.3094537E+004
          4789.53      6.4522140E+004
          4800.82      6.5974633E+004
          4812.11      6.7452233E+004
          4823.40      6.8955151E+004
          4834.69      7.0483594E+004
          4845.98      7.2037761E+004
          4857.27      7.3617842E+004
          4868.55      7.5224022E+004
          4879.84      7.6856472E+004
          4891.13      7.8515360E+004
          4902.42      8.0200844E+004
          4913.71      8.1913067E+004
          4925.00      8.3652167E+004
          4936.29      8.5418270E+004
          4947.58      8.7211490E+004
          4958.87      8.9031930E+004
          4970.16      9.0879677E+004
          4981.45      9.2754809E+004
          4992.73      9.4657390E+004
          5004.02      9.6587464E+004
          5015.31      9.8545067E+004
          5026.60      1.0053021E+005
          5037.89      1.0254291E+005
          5049.18      1.0458313E+005
          5060.47      1.0665084E+005
          5071.76      1.0874599E+005
          5083.05      1.1086851E+005
          5094.34      1.1301830E+005
          5105.62      1.1519525E+005
          5116.91      1.1739923E+005
          5128.20      1.1963007E+005
          5139.49      1.2188759E+005
          5150.78      1.2417158E+005
          5162.07      1.2648181E+005
          5173.36      1.2881803E+005
          5184.65      1.3117993E+005
          5195.94      1.3356721E+005
          5207.23      1.3597952E+005
          5218.52      1.3841648E+005
          5229.80      1.4087769E+005
          5241.09      1.4336270E+005
          5252.38      1.4587104E+005
          5263.67      1.4840220E+005
          5274.96      1.5095562E+005
          5286.25      1.5353073E+005
          5297.54      1.5612690E+005
          5308.83      1.5874346E+005
          5320.12      1.6137971E+005
          5331.41      1.6403489E+005
          5342.70      1.6670822E+005
          5353.98      1.6939884E+005
          5365.27      1.7210587E+005
          5376.56      1.7482838E+005
          5387.85      1.7756536E+005
          5399.14      1.8031579E+005
          5410.43      1.8307857E+005
          5421.72      1.8585254E+005
          5433.01      1.8863650E+005
          5444.30      1.9142917E+005
          5455.59      1.9422924E+005
          5466.88      1.9703530E+005
          5478.16      1.9984590E+005
          5489.45      2.0265951E+005
          5500.74      2.0547455E+005
          5512.03      2.0828934E+005
          5523.32      2.1110216E+005
          5534.61      2.1391119E+005
          5545.90      2.1671454E+005
          5557.19      2.1951025E+005
          5568.48      2.2229626E+005
          5579.77      2.2507044E+005
          5591.05      2.2783056E+005
          5602.34      2.3057428E+005
          5613.63      2.3329922E+005
          5624.92      2.3600287E+005
          5636.21      2.3868265E+005
          5647.50      2.4133588E+005
          5658.79      2.4395978E+005
          5670.08      2.4655150E+005
          5681.37      2.4910800E+005
          5692.66      2.5162614E+005
          5703.95      2.5446875E+005
          5715.23      2.5796607E+005
          5726.52      2.6206679E+005
          5737.81      2.6672059E+005
          5749.10      2.7187811E+005
          5760.39      2.7749089E+005
          5771.68      2.8351134E+005
          5782.97      2.8989270E+005
          5794.26      2.9658911E+005
          5805.55      3.0355547E+005
          5816.84      3.1074700E+005
          5828.12      3.1811927E+005
          5839.41      3.2562810E+005
          5850.70      3.3322955E+005
          5861.99      3.4087984E+005
          5873.28      3.4853534E+005
          5884.57      3.5615249E+005
          5895.86      3.6368781E+005
          5907.15      3.7109780E+005
          5918.44      3.7833888E+005
          5929.73      3.8536743E+005
          5941.02      3.9213985E+005
          5952.30      3.9861257E+005
          5963.59      4.0474197E+005
          5974.88      4.1048439E+005
          5986.17      4.1579607E+005
          5997.46      4.2063317E+005
          6008.75      4.2495178E+005
          6020.04      4.2870788E+005
          6031.33      4.3185734E+005
          6042.62      4.3435577E+005
          6053.91      4.3615836E+005
          6065.20      4.3721986E+005
          6076.48      4.3749452E+005
          6087.77      4.3693603E+005
          6099.06      4.3549740E+005
          6110.35      4.3313092E+005
          6121.64      4.2978813E+005
          6132.93      4.2541990E+005
          6144.22      4.1997656E+005
          6155.51      4.1340782E+005
          6166.80      4.0566275E+005
          6178.09      3.9668957E+005
          6189.38      3.8643539E+005
          6200.66      3.7484618E+005
          6211.95      3.6186667E+005
          6223.24      3.4744035E+005
          6234.53      3.3150946E+005
          6245.82      3.1401488E+005
          6257.11      2.9489610E+005
          6268.40      2.7409129E+005
          6279.69      2.5153707E+005
          6290.98      2.2716854E+005
          6302.27      2.0091927E+005
          6313.55      1.7272118E+005
          6324.84      1.4250463E+005
          6336.13      1.1019822E+005
          6347.42      7.5728800E+004
          6358.71      3.9021590E+004
          6370.00      1.2954870E-035
