          3480.00      0.0000000E+000
          3491.29     -9.9544242E-001
          3502.58     -9.9492832E-001
          3513.87     -9.9447643E-001
          3525.16     -9.9407622E-001
          3536.45     -9.9371942E-001
          3547.73     -9.9339940E-001
          3559.02     -9.9311082E-001
          3570.31     -9.9284928E-001
          3581.60     -9.9261119E-001
          3592.89     -9.9239351E-001
          3604.18     -9.9219373E-001
          3615.47     -9.9200970E-001
          3626.76     -9.9183960E-001
          3638.05     -9.9168185E-001
          3649.34     -9.9153511E-001
          3660.62     -9.9139821E-001
          3671.91     -9.9127014E-001
          3683.20     -9.9114999E-001
          3694.49     -9.9103700E-001
          3705.78     -9.9093047E-001
          3717.07     -9.9082980E-001
          3728.36     -9.9073444E-001
          3739.65     -9.9064391E-001
          3750.94     -9.9055778E-001
          3762.23     -9.9047567E-001
          3773.52     -9.9039723E-001
          3784.80     -9.9032216E-001
          3796.09     -9.9025016E-001
          3807.38     -9.9018100E-001
          3818.67     -9.9011443E-001
          3829.96     -9.9005026E-001
          3841.25     -9.8998830E-001
          3852.54     -9.8992837E-001
          3863.83     -9.8987032E-001
          3875.12     -9.8981402E-001
          3886.41     -9.8975932E-001
          3897.70     -9.8970612E-001
          3908.98     -9.8965430E-001
          3920.27     -9.8960377E-001
          3931.56     -9.8955443E-001
          3942.85     -9.8950621E-001
          3954.14     -9.8945904E-001
          3965.43     -9.8941283E-001
          3976.72     -9.8936753E-001
          3988.01     -9.8932307E-001
          3999.30     -9.8927942E-001
          4010.59     -9.8923651E-001
          4021.88     -9.8919430E-001
          4033.16     -9.8915275E-001
          4044.45     -9.8911183E-001
          4055.74     -9.8907149E-001
          4067.03     -9.8903170E-001
          4078.32     -9.8899244E-001
          4089.61     -9.8895367E-001
          4100.90     -9.8891537E-001
          4112.19     -9.8887752E-001
          4123.48     -9.8884009E-001
          4134.77     -9.8880307E-001
          4146.05     -9.8876643E-001
          4157.34     -9.8873016E-001
          4168.63     -9.8869424E-001
          4179.92     -9.8865865E-001
          4191.21     -9.8862340E-001
          4202.50     -9.8858844E-001
          4213.79     -9.8855379E-001
          4225.08     -9.8851943E-001
          4236.37     -9.8848534E-001
          4247.66     -9.8845151E-001
          4258.95     -9.8841795E-001
          4270.23     -9.8838463E-001
          4281.52     -9.8835155E-001
          4292.81     -9.8831871E-001
          4304.10     -9.8828609E-001
          4315.39     -9.8825369E-001
          4326.68     -9.8822151E-001
          4337.97     -9.8818953E-001
          4349.26     -9.8815775E-001
          4360.55     -9.8812617E-001
          4371.84     -9.8809479E-001
          4383.12     -9.8806359E-001
          4394.41     -9.8803257E-001
          4405.70     -9.8800173E-001
          4416.99     -9.8797107E-001
          4428.28     -9.8794058E-001
          4439.57     -9.8791026E-001
          4450.86     -9.8788010E-001
          4462.15     -9.8785010E-001
          4473.44     -9.8782026E-001
          4484.73     -9.8779057E-001
          4496.02     -9.8776103E-001
          4507.30     -9.8773165E-001
          4518.59     -9.8770241E-001
          4529.88     -9.8767331E-001
          4541.17     -9.8764435E-001
          4552.46     -9.8761554E-001
          4563.75     -9.8758686E-001
          4575.04     -9.8755831E-001
          4586.33     -9.8752990E-001
          4597.62     -9.8750162E-001
          4608.91     -9.8747346E-001
          4620.20     -9.8744543E-001
          4631.48     -9.8741753E-001
          4642.77     -9.8738975E-001
          4654.06     -9.8736209E-001
          4665.35     -9.8733455E-001
          4676.64     -9.8730712E-001
          4687.93     -9.8727982E-001
          4699.22     -9.8725262E-001
          4710.51     -9.8722554E-001
          4721.80     -9.8719857E-001
          4733.09     -9.8717171E-001
          4744.38     -9.8714496E-001
          4755.66     -9.8711832E-001
          4766.95     -9.8709178E-001
          4778.24     -9.8706534E-001
          4789.53     -9.8703901E-001
          4800.82     -9.8701278E-001
          4812.11     -9.8698665E-001
          4823.40     -9.8696062E-001
          4834.69     -9.8693469E-001
          4845.98     -9.8690885E-001
          4857.27     -9.8688311E-001
          4868.55     -9.8685746E-001
          4879.84     -9.8683190E-001
          4891.13     -9.8680644E-001
          4902.42     -9.8678107E-001
          4913.71     -9.8675579E-001
          4925.00     -9.8673059E-001
          4936.29     -9.8670549E-001
          4947.58     -9.8668047E-001
          4958.87     -9.8665554E-001
          4970.16     -9.8663069E-001
          4981.45     -9.8660592E-001
          4992.73     -9.8658124E-001
          5004.02     -9.8655664E-001
          5015.31     -9.8653212E-001
          5026.60     -9.8650768E-001
          5037.89     -9.8648332E-001
          5049.18     -9.8645904E-001
          5060.47     -9.8644429E-001
          5071.76     -9.8644629E-001
          5083.05     -9.8646201E-001
          5094.34     -9.8648877E-001
          5105.62     -9.8652423E-001
          5116.91     -9.8656636E-001
          5128.20     -9.8661336E-001
          5139.49     -9.8666370E-001
          5150.78     -9.8671603E-001
          5162.07     -9.8676919E-001
          5173.36     -9.8682221E-001
          5184.65     -9.8687422E-001
          5195.94     -9.8692452E-001
          5207.23     -9.8697250E-001
          5218.52     -9.8701765E-001
          5229.80     -9.8705957E-001
          5241.09     -9.8709791E-001
          5252.38     -9.8713240E-001
          5263.67     -9.8716285E-001
          5274.96     -9.8718909E-001
          5286.25     -9.8721100E-001
          5297.54     -9.8722853E-001
          5308.83     -9.8724164E-001
          5320.12     -9.8725031E-001
          5331.41     -9.8725456E-001
          5342.70     -9.8725445E-001
          5353.98     -9.8725001E-001
          5365.27     -9.8724133E-001
          5376.56     -9.8722850E-001
          5387.85     -9.8721161E-001
          5399.14     -9.8719076E-001
          5410.43     -9.8716627E-001
          5421.72     -9.8713874E-001
          5433.01     -9.8710864E-001
          5444.30     -9.8707642E-001
          5455.59     -9.8704245E-001
          5466.88     -9.8700709E-001
          5478.16     -9.8697062E-001
          5489.45     -9.8693331E-001
          5500.74     -9.8689539E-001
          5512.03     -9.8685707E-001
          5523.32     -9.8681853E-001
          5534.61     -9.8677992E-001
          5545.90     -9.8674138E-001
          5557.19     -9.8670302E-001
          5568.48     -9.8666494E-001
          5579.77     -9.8662723E-001
          5591.05     -9.8658995E-001
          5602.34     -9.8655318E-001
          5613.63     -9.8651695E-001
          5624.92     -9.8648132E-001
          5636.21     -9.8644630E-001
          5647.50     -9.8641194E-001
          5658.79     -9.8637824E-001
          5670.08     -9.8634522E-001
          5681.37     -9.8631289E-001
          5692.66     -9.8628125E-001
          5703.95     -9.8625031E-001
          5715.23     -9.8622006E-001
          5726.52     -9.8619049E-001
          5737.81     -9.8616161E-001
          5749.10     -9.8613339E-001
          5760.39     -9.8610583E-001
          5771.68     -9.8607893E-001
          5782.97     -9.8605265E-001
          5794.26     -9.8602699E-001
          5805.55     -9.8600194E-001
          5816.84     -9.8597749E-001
          5828.12     -9.8595360E-001
          5839.41     -9.8593028E-001
          5850.70     -9.8590749E-001
          5861.99     -9.8588524E-001
          5873.28     -9.8586349E-001
          5884.57     -9.8584224E-001
          5895.86     -9.8582147E-001
          5907.15     -9.8580116E-001
          5918.44     -9.8578129E-001
          5929.73     -9.8576186E-001
          5941.02     -9.8574284E-001
          5952.30     -9.8572422E-001
          5963.59     -9.8570599E-001
          5974.88     -9.8568813E-001
          5986.17     -9.8567063E-001
          5997.46     -9.8565347E-001
          6008.75     -9.8563665E-001
          6020.04     -9.8562015E-001
          6031.33     -9.8560395E-001
          6042.62     -9.8558806E-001
          6053.91     -9.8557245E-001
          6065.20     -9.8555712E-001
          6076.48     -9.8554205E-001
          6087.77     -9.8552724E-001
          6099.06     -1.1537567E+000
          6110.35     -2.2513567E+000
          6121.64     -4.2626334E+000
          6132.93     -8.5795022E-001
          6144.22     -4.2436380E-001
          6155.51     -2.6137841E-001
          6166.80     -1.7846043E-001
          6178.09     -1.2934005E-001
          6189.38     -9.7394633E-002
          6200.66     -7.5256092E-002
          6211.95     -5.9189231E-002
          6223.24     -4.7113496E-002
          6234.53     -3.7785857E-002
          6245.82     -3.0422089E-002
          6257.11     -2.4505424E-002
          6268.40     -1.9682982E-002
          6279.69     -1.5706499E-002
          6290.98     -1.2396888E-002
          6302.27     -9.6221742E-003
          6313.55     -7.2833019E-003
          6324.84     -5.3047492E-003
          6336.13     -3.6281515E-003
          6347.42     -2.2079011E-003
          6358.71     -1.0080369E-003
          6370.00      0.0000000E+000
