          3480.00     -2.3059593E-004
          3491.29     -2.3155395E-004
          3502.58     -2.3219513E-004
          3513.87     -2.3254269E-004
          3525.16     -2.3261843E-004
          3536.45     -2.3244279E-004
          3547.73     -2.3203495E-004
          3559.02     -2.3141289E-004
          3570.31     -2.3059350E-004
          3581.60     -2.2959260E-004
          3592.89     -2.2842503E-004
          3604.18     -2.2710472E-004
          3615.47     -2.2564475E-004
          3626.76     -2.2405736E-004
          3638.05     -2.2235405E-004
          3649.34     -2.2054555E-004
          3660.62     -2.1864192E-004
          3671.91     -2.1665256E-004
          3683.20     -2.1458626E-004
          3694.49     -2.1245125E-004
          3705.78     -2.1025520E-004
          3717.07     -2.0800529E-004
          3728.36     -2.0570820E-004
          3739.65     -2.0337019E-004
          3750.94     -2.0099708E-004
          3762.23     -1.9859430E-004
          3773.52     -1.9616690E-004
          3784.80     -1.9371958E-004
          3796.09     -1.9125674E-004
          3807.38     -1.8878242E-004
          3818.67     -1.8630040E-004
          3829.96     -1.8381417E-004
          3841.25     -1.8132699E-004
          3852.54     -1.7884184E-004
          3863.83     -1.7636152E-004
          3875.12     -1.7388859E-004
          3886.41     -1.7142541E-004
          3897.70     -1.6897417E-004
          3908.98     -1.6653688E-004
          3920.27     -1.6411538E-004
          3931.56     -1.6171136E-004
          3942.85     -1.5932636E-004
          3954.14     -1.5696179E-004
          3965.43     -1.5461892E-004
          3976.72     -1.5229892E-004
          3988.01     -1.5000282E-004
          3999.30     -1.4773157E-004
          4010.59     -1.4548601E-004
          4021.88     -1.4326689E-004
          4033.16     -1.4107489E-004
          4044.45     -1.3891057E-004
          4055.74     -1.3677447E-004
          4067.03     -1.3466701E-004
          4078.32     -1.3258857E-004
          4089.61     -1.3053946E-004
          4100.90     -1.2851995E-004
          4112.19     -1.2653021E-004
          4123.48     -1.2457041E-004
          4134.77     -1.2264065E-004
          4146.05     -1.2074099E-004
          4157.34     -1.1887143E-004
          4168.63     -1.1703196E-004
          4179.92     -1.1522251E-004
          4191.21     -1.1344300E-004
          4202.50     -1.1169329E-004
          4213.79     -1.0997323E-004
          4225.08     -1.0828264E-004
          4236.37     -1.0662129E-004
          4247.66     -1.0498897E-004
          4258.95     -1.0338541E-004
          4270.23     -1.0181032E-004
          4281.52     -1.0026342E-004
          4292.81     -9.8744375E-005
          4304.10     -9.7252848E-005
          4315.39     -9.5788485E-005
          4326.68     -9.4350911E-005
          4337.97     -9.2939741E-005
          4349.26     -9.1554571E-005
          4360.55     -9.0194982E-005
          4371.84     -8.8860545E-005
          4383.12     -8.7550810E-005
          4394.41     -8.6265324E-005
          4405.70     -8.5003619E-005
          4416.99     -8.3765215E-005
          4428.28     -8.2549624E-005
          4439.57     -8.1356345E-005
          4450.86     -8.0184864E-005
          4462.15     -7.9034660E-005
          4473.44     -7.7905200E-005
          4484.73     -7.6795940E-005
          4496.02     -7.5706326E-005
          4507.30     -7.4635794E-005
          4518.59     -7.3583769E-005
          4529.88     -7.2549668E-005
          4541.17     -7.1532892E-005
          4552.46     -7.0532837E-005
          4563.75     -6.9548886E-005
          4575.04     -6.8580410E-005
          4586.33     -6.7626769E-005
          4597.62     -6.6687313E-005
          4608.91     -6.5761379E-005
          4620.20     -6.4848293E-005
          4631.48     -6.3947366E-005
          4642.77     -6.3057901E-005
          4654.06     -6.2179182E-005
          4665.35     -6.1310484E-005
          4676.64     -6.0451066E-005
          4687.93     -5.9600171E-005
          4699.22     -5.8757031E-005
          4710.51     -5.7920860E-005
          4721.80     -5.7090855E-005
          4733.09     -5.6266199E-005
          4744.38     -5.5446055E-005
          4755.66     -5.4629571E-005
          4766.95     -5.3815874E-005
          4778.24     -5.3004072E-005
          4789.53     -5.2193257E-005
          4800.82     -5.1382495E-005
          4812.11     -5.0570834E-005
          4823.40     -4.9757300E-005
          4834.69     -4.8940895E-005
          4845.98     -4.8120598E-005
          4857.27     -4.7295364E-005
          4868.55     -4.6464122E-005
          4879.84     -4.5625776E-005
          4891.13     -4.4779203E-005
          4902.42     -4.3923250E-005
          4913.71     -4.3056739E-005
          4925.00     -4.2178458E-005
          4936.29     -4.1287166E-005
          4947.58     -4.0381591E-005
          4958.87     -3.9460427E-005
          4970.16     -3.8522334E-005
          4981.45     -3.7565938E-005
          4992.73     -3.6589827E-005
          5004.02     -3.5592555E-005
          5015.31     -3.4572634E-005
          5026.60     -3.3528538E-005
          5037.89     -3.2458702E-005
          5049.18     -3.1361514E-005
          5060.47     -3.0224322E-005
          5071.76     -2.9039523E-005
          5083.05     -2.7812998E-005
          5094.34     -2.6550561E-005
          5105.62     -2.5257967E-005
          5116.91     -2.3940921E-005
          5128.20     -2.2605085E-005
          5139.49     -2.1256090E-005
          5150.78     -1.9899544E-005
          5162.07     -1.8541035E-005
          5173.36     -1.7186142E-005
          5184.65     -1.5840448E-005
          5195.94     -1.4509538E-005
          5207.23     -1.3199012E-005
          5218.52     -1.1914493E-005
          5229.80     -1.0661629E-005
          5241.09     -9.4461110E-006
          5252.38     -8.2736692E-006
          5263.67     -7.1500847E-006
          5274.96     -6.0811997E-006
          5286.25     -5.0729186E-006
          5297.54     -4.1312190E-006
          5308.83     -3.2621580E-006
          5320.12     -2.4718779E-006
          5331.41     -1.7666164E-006
          5342.70     -1.1527086E-006
          5353.98     -6.3659688E-007
          5365.27     -2.2483860E-007
          5376.56      7.5889551E-008
          5387.85      2.5878263E-007
          5399.14      3.1690101E-007
          5410.43      3.1035970E-007
          5421.72      3.0396776E-007
          5433.01      2.9772153E-007
          5444.30      2.9161740E-007
          5455.59      2.8565193E-007
          5466.88      2.7982171E-007
          5478.16      2.7412346E-007
          5489.45      2.6855396E-007
          5500.74      2.6311009E-007
          5512.03      2.5778883E-007
          5523.32      2.5258720E-007
          5534.61      2.4750234E-007
          5545.90      2.4253143E-007
          5557.19      2.3767177E-007
          5568.48      2.3292067E-007
          5579.77      2.2827557E-007
          5591.05      2.2373394E-007
          5602.34      2.1929333E-007
          5613.63      2.1495136E-007
          5624.92      2.1070569E-007
          5636.21      2.0655408E-007
          5647.50      2.0249431E-007
          5658.79      1.9852424E-007
          5670.08      1.9464177E-007
          5681.37      1.9084488E-007
          5692.66      1.8713157E-007
          5703.95      1.8349992E-007
          5715.23      1.7994805E-007
          5726.52      1.7647412E-007
          5737.81      1.7307636E-007
          5749.10      1.6975301E-007
          5760.39      1.6650240E-007
          5771.68      1.6332285E-007
          5782.97      1.6021279E-007
          5794.26      1.5717063E-007
          5805.55      1.5419485E-007
          5816.84      1.5128397E-007
          5828.12      1.4843654E-007
          5839.41      1.4565115E-007
          5850.70      1.4292643E-007
          5861.99      1.4026104E-007
          5873.28      1.3765367E-007
          5884.57      1.3510307E-007
          5895.86      1.3260798E-007
          5907.15      1.3016721E-007
          5918.44      1.2777958E-007
          5929.73      1.2544395E-007
          5941.02      1.2315921E-007
          5952.30      1.2092426E-007
          5963.59      1.1873805E-007
          5974.88      1.1659956E-007
          5986.17      1.1450778E-007
          5997.46      1.1246173E-007
          6008.75      1.1046046E-007
          6020.04      1.0850304E-007
          6031.33      1.0658857E-007
          6042.62      1.0471617E-007
          6053.91      1.0288499E-007
          6065.20      1.0109419E-007
          6076.48      9.9342947E-008
          6087.77      9.7630487E-008
          6099.06      9.5791008E-008
          6110.35      9.3669896E-008
          6121.64      9.1282900E-008
          6132.93      8.8645462E-008
          6144.22      8.5772717E-008
          6155.51      8.2679447E-008
          6166.80      7.9380108E-008
          6178.09      7.5888847E-008
          6189.38      7.2219516E-008
          6200.66      6.8385754E-008
          6211.95      6.4401017E-008
          6223.24      6.0278601E-008
          6234.53      5.6031661E-008
          6245.82      5.1673210E-008
          6257.11      4.7216139E-008
          6268.40      4.2673246E-008
          6279.69      3.8057221E-008
          6290.98      3.3380675E-008
          6302.27      2.8656159E-008
          6313.55      2.3896173E-008
          6324.84      1.9113190E-008
          6336.13      1.4319647E-008
          6347.42      9.5279702E-009
          6358.71      4.7506050E-009
          6370.00     -5.6720101E-042
