          3480.00     -1.6485102E-025
          3491.29      3.3271106E-006
          3502.58      6.9748464E-006
          3513.87      1.0938302E-005
          3525.16      1.5213902E-005
          3536.45      1.9799360E-005
          3547.73      2.4693623E-005
          3559.02      2.9896807E-005
          3570.31      3.5410180E-005
          3581.60      4.1236112E-005
          3592.89      4.7378042E-005
          3604.18      5.3840454E-005
          3615.47      6.0628825E-005
          3626.76      6.7749647E-005
          3638.05      7.5210398E-005
          3649.34      8.3019509E-005
          3660.62      9.1186389E-005
          3671.91      9.9721396E-005
          3683.20      1.0863583E-004
          3694.49      1.1794195E-004
          3705.78      1.2765291E-004
          3717.07      1.3778287E-004
          3728.36      1.4834690E-004
          3739.65      1.5936103E-004
          3750.94      1.7084226E-004
          3762.23      1.8280857E-004
          3773.52      1.9527892E-004
          3784.80      2.0827328E-004
          3796.09      2.2181263E-004
          3807.38      2.3591899E-004
          3818.67      2.5061547E-004
          3829.96      2.6592622E-004
          3841.25      2.8187652E-004
          3852.54      2.9849281E-004
          3863.83      3.1580264E-004
          3875.12      3.3383481E-004
          3886.41      3.5261928E-004
          3897.70      3.7218732E-004
          3908.98      3.9257151E-004
          3920.27      4.1380568E-004
          3931.56      4.3592512E-004
          3942.85      4.5896648E-004
          3954.14      4.8296790E-004
          3965.43      5.0796901E-004
          3976.72      5.3401096E-004
          3988.01      5.6113654E-004
          3999.30      5.8939018E-004
          4010.59      6.1881795E-004
          4021.88      6.4946775E-004
          4033.16      6.8138927E-004
          4044.45      7.1463405E-004
          4055.74      7.4925560E-004
          4067.03      7.8530934E-004
          4078.32      8.2285283E-004
          4089.61      8.6194577E-004
          4100.90      9.0264995E-004
          4112.19      9.4502951E-004
          4123.48      9.8915093E-004
          4134.77      1.0350831E-003
          4146.05      1.0828974E-003
          4157.34      1.1326678E-003
          4168.63      1.1844708E-003
          4179.92      1.2383861E-003
          4191.21      1.2944955E-003
          4202.50      1.3528845E-003
          4213.79      1.4136411E-003
          4225.08      1.4768567E-003
          4236.37      1.5426258E-003
          4247.66      1.6110463E-003
          4258.95      1.6822196E-003
          4270.23      1.7562505E-003
          4281.52      1.8332475E-003
          4292.81      1.9133230E-003
          4304.10      1.9965933E-003
          4315.39      2.0831787E-003
          4326.68      2.1732036E-003
          4337.97      2.2667967E-003
          4349.26      2.3640911E-003
          4360.55      2.4652249E-003
          4371.84      2.5703402E-003
          4383.12      2.6795845E-003
          4394.41      2.7931101E-003
          4405.70      2.9110747E-003
          4416.99      3.0336411E-003
          4428.28      3.1609775E-003
          4439.57      3.2932582E-003
          4450.86      3.4306631E-003
          4462.15      3.5733781E-003
          4473.44      3.7215954E-003
          4484.73      3.8755136E-003
          4496.02      4.0353380E-003
          4507.30      4.2012807E-003
          4518.59      4.3735605E-003
          4529.88      4.5524039E-003
          4541.17      4.7380449E-003
          4552.46      4.9307246E-003
          4563.75      5.1306925E-003
          4575.04      5.3382062E-003
          4586.33      5.5535316E-003
          4597.62      5.7769437E-003
          4608.91      6.0087256E-003
          4620.20      6.2491702E-003
          4631.48      6.4985799E-003
          4642.77      6.7572664E-003
          4654.06      7.0255517E-003
          4665.35      7.3037683E-003
          4676.64      7.5922591E-003
          4687.93      7.8913784E-003
          4699.22      8.2014908E-003
          4710.51      8.5229734E-003
          4721.80      8.8562154E-003
          4733.09      9.2016170E-003
          4744.38      9.5595925E-003
          4755.66      9.9305686E-003
          4766.95      1.0314985E-002
          4778.24      1.0713297E-002
          4789.53      1.1125972E-002
          4800.82      1.1553492E-002
          4812.11      1.1996355E-002
          4823.40      1.2455075E-002
          4834.69      1.2930181E-002
          4845.98      1.3422217E-002
          4857.27      1.3931747E-002
          4868.55      1.4459351E-002
          4879.84      1.5005624E-002
          4891.13      1.5571184E-002
          4902.42      1.6156664E-002
          4913.71      1.6762717E-002
          4925.00      1.7390018E-002
          4936.29      1.8039261E-002
          4947.58      1.8711160E-002
          4958.87      1.9406453E-002
          4970.16      2.0125898E-002
          4981.45      2.0870276E-002
          4992.73      2.1640393E-002
          5004.02      2.2437077E-002
          5015.31      2.3261183E-002
          5026.60      2.4113589E-002
          5037.89      2.4995200E-002
          5049.18      2.5906951E-002
          5060.47      2.6849786E-002
          5071.76      2.7824684E-002
          5083.05      2.8832663E-002
          5094.34      2.9874768E-002
          5105.62      3.0952077E-002
          5116.91      3.2065699E-002
          5128.20      3.3216776E-002
          5139.49      3.4406483E-002
          5150.78      3.5636028E-002
          5162.07      3.6906653E-002
          5173.36      3.8219642E-002
          5184.65      3.9576306E-002
          5195.94      4.0978002E-002
          5207.23      4.2426122E-002
          5218.52      4.3922100E-002
          5229.80      4.5467411E-002
          5241.09      4.7063568E-002
          5252.38      4.8712131E-002
          5263.67      5.0414705E-002
          5274.96      5.2172936E-002
          5286.25      5.3988521E-002
          5297.54      5.5863202E-002
          5308.83      5.7798772E-002
          5320.12      5.9797074E-002
          5331.41      6.1860000E-002
          5342.70      6.3989499E-002
          5353.98      6.6187572E-002
          5365.27      6.8456275E-002
          5376.56      7.0797722E-002
          5387.85      7.3214087E-002
          5399.14      7.5707603E-002
          5410.43      7.8280573E-002
          5421.72      8.0935357E-002
          5433.01      8.3674379E-002
          5444.30      8.6500131E-002
          5455.59      8.9415163E-002
          5466.88      9.2422106E-002
          5478.16      9.5523656E-002
          5489.45      9.8722586E-002
          5500.74      1.0202175E-001
          5512.03      1.0542405E-001
          5523.32      1.0893251E-001
          5534.61      1.1255021E-001
          5545.90      1.1628032E-001
          5557.19      1.2012608E-001
          5568.48      1.2409084E-001
          5579.77      1.2817802E-001
          5591.05      1.3239115E-001
          5602.34      1.3673385E-001
          5613.63      1.4120981E-001
          5624.92      1.4582286E-001
          5636.21      1.5057689E-001
          5647.50      1.5547593E-001
          5658.79      1.6052409E-001
          5670.08      1.6572561E-001
          5681.37      1.7108481E-001
          5692.66      1.7660616E-001
          5703.95      1.8229422E-001
          5715.23      1.8815368E-001
          5726.52      1.9418935E-001
          5737.81      2.0040616E-001
          5749.10      2.0680919E-001
          5760.39      2.1340362E-001
          5771.68      2.2019479E-001
          5782.97      2.2718816E-001
          5794.26      2.3438934E-001
          5805.55      2.4180409E-001
          5816.84      2.4943829E-001
          5828.12      2.5729801E-001
          5839.41      2.6538944E-001
          5850.70      2.7371896E-001
          5861.99      2.8229308E-001
          5873.28      2.9111850E-001
          5884.57      3.0020207E-001
          5895.86      3.0955085E-001
          5907.15      3.1917202E-001
          5918.44      3.2907299E-001
          5929.73      3.3926134E-001
          5941.02      3.4974484E-001
          5952.30      3.6053146E-001
          5963.59      3.7162934E-001
          5974.88      3.8304688E-001
          5986.17      3.9479264E-001
          5997.46      4.0687540E-001
          6008.75      4.1930418E-001
          6020.04      4.3208822E-001
          6031.33      4.4523696E-001
          6042.62      4.5876011E-001
          6053.91      4.7266758E-001
          6065.20      4.8696956E-001
          6076.48      5.0167649E-001
          6087.77      5.1679902E-001
          6099.06      5.2955111E-001
          6110.35      5.3735565E-001
          6121.64      5.4053050E-001
          6132.93      5.3938554E-001
          6144.22      5.3422268E-001
          6155.51      5.2533548E-001
          6166.80      5.1300971E-001
          6178.09      4.9752380E-001
          6189.38      4.7914945E-001
          6200.66      4.5815319E-001
          6211.95      4.3479717E-001
          6223.24      4.0933961E-001
          6234.53      3.8203528E-001
          6245.82      3.5313583E-001
          6257.11      3.2289016E-001
          6268.40      2.9154498E-001
          6279.69      2.5934490E-001
          6290.98      2.2653301E-001
          6302.27      1.9335130E-001
          6313.55      1.6004100E-001
          6324.84      1.2684309E-001
          6336.13      9.3998391E-002
          6347.42      6.1748117E-002
          6358.71      3.0334304E-002
          6370.00     -2.0284090E-043
