          3480.00      5.9179575E-028
          3491.29      4.8167795E-012
          3502.58      1.0258104E-011
          3513.87      1.6312158E-011
          3525.16      2.2972195E-011
          3536.45      3.0236318E-011
          3547.73      3.8107237E-011
          3559.02      4.6592065E-011
          3570.31      5.5702202E-011
          3581.60      6.5453183E-011
          3592.89      7.5864593E-011
          3604.18      8.6959996E-011
          3615.47      9.8766848E-011
          3626.76      1.1131655E-010
          3638.05      1.2464445E-010
          3649.34      1.3878978E-010
          3660.62      1.5379583E-010
          3671.91      1.6970992E-010
          3683.20      1.8658350E-010
          3694.49      2.0447227E-010
          3705.78      2.2343622E-010
          3717.07      2.4353990E-010
          3728.36      2.6485248E-010
          3739.65      2.8744786E-010
          3750.94      3.1140504E-010
          3762.23      3.3680816E-010
          3773.52      3.6374680E-010
          3784.80      3.9231626E-010
          3796.09      4.2261765E-010
          3807.38      4.5475840E-010
          3818.67      4.8885244E-010
          3829.96      5.2502045E-010
          3841.25      5.6339037E-010
          3852.54      6.0409761E-010
          3863.83      6.4728553E-010
          3875.12      6.9310583E-010
          3886.41      7.4171882E-010
          3897.70      7.9329416E-010
          3908.98      8.4801117E-010
          3920.27      9.0605921E-010
          3931.56      9.6763851E-010
          3942.85      1.0329605E-009
          3954.14      1.1022484E-009
          3965.43      1.1757382E-009
          3976.72      1.2536786E-009
          3988.01      1.3363323E-009
          3999.30      1.4239768E-009
          4010.59      1.5169043E-009
          4021.88      1.6154236E-009
          4033.16      1.7198602E-009
          4044.45      1.8305574E-009
          4055.74      1.9478773E-009
          4067.03      2.0722015E-009
          4078.32      2.2039325E-009
          4089.61      2.3434944E-009
          4100.90      2.4913340E-009
          4112.19      2.6479225E-009
          4123.48      2.8137560E-009
          4134.77      2.9893573E-009
          4146.05      3.1752773E-009
          4157.34      3.3720955E-009
          4168.63      3.5804226E-009
          4179.92      3.8009018E-009
          4191.21      4.0342094E-009
          4202.50      4.2810582E-009
          4213.79      4.5421978E-009
          4225.08      4.8184173E-009
          4236.37      5.1105470E-009
          4247.66      5.4194597E-009
          4258.95      5.7460744E-009
          4270.23      6.0913575E-009
          4281.52      6.4563244E-009
          4292.81      6.8420438E-009
          4304.10      7.2496389E-009
          4315.39      7.6802904E-009
          4326.68      8.1352396E-009
          4337.97      8.6157901E-009
          4349.26      9.1233125E-009
          4360.55      9.6592474E-009
          4371.84      1.0225106E-008
          4383.12      1.0822479E-008
          4394.41      1.1453033E-008
          4405.70      1.2118522E-008
          4416.99      1.2820787E-008
          4428.28      1.3561757E-008
          4439.57      1.4343462E-008
          4450.86      1.5168030E-008
          4462.15      1.6037695E-008
          4473.44      1.6954800E-008
          4484.73      1.7921806E-008
          4496.02      1.8941292E-008
          4507.30      2.0015968E-008
          4518.59      2.1148668E-008
          4529.88      2.2342373E-008
          4541.17      2.3600205E-008
          4552.46      2.4925434E-008
          4563.75      2.6321495E-008
          4575.04      2.7791984E-008
          4586.33      2.9340671E-008
          4597.62      3.0971510E-008
          4608.91      3.2688638E-008
          4620.20      3.4496394E-008
          4631.48      3.6399324E-008
          4642.77      3.8402188E-008
          4654.06      4.0509971E-008
          4665.35      4.2727898E-008
          4676.64      4.5061435E-008
          4687.93      4.7516312E-008
          4699.22      5.0098517E-008
          4710.51      5.2814330E-008
          4721.80      5.5670319E-008
          4733.09      5.8673354E-008
          4744.38      6.1830632E-008
          4755.66      6.5149679E-008
          4766.95      6.8638371E-008
          4778.24      7.2304949E-008
          4789.53      7.6158025E-008
          4800.82      8.0206614E-008
          4812.11      8.4460147E-008
          4823.40      8.8928473E-008
          4834.69      9.3621902E-008
          4845.98      9.8551208E-008
          4857.27      1.0372765E-007
          4868.55      1.0916302E-007
          4879.84      1.1486960E-007
          4891.13      1.2086026E-007
          4902.42      1.2714844E-007
          4913.71      1.3374816E-007
          4925.00      1.4067411E-007
          4936.29      1.4794159E-007
          4947.58      1.5556663E-007
          4958.87      1.6356592E-007
          4970.16      1.7195693E-007
          4981.45      1.8075787E-007
          4992.73      1.8998780E-007
          5004.02      1.9966655E-007
          5015.31      2.0981487E-007
          5026.60      2.2045443E-007
          5037.89      2.3160779E-007
          5049.18      2.4329857E-007
          5060.47      2.5555124E-007
          5071.76      2.6839141E-007
          5083.05      2.8184589E-007
          5094.34      2.9594260E-007
          5105.62      3.1071071E-007
          5116.91      3.2618062E-007
          5128.20      3.4238404E-007
          5139.49      3.5935406E-007
          5150.78      3.7712512E-007
          5162.07      3.9573319E-007
          5173.36      4.1521576E-007
          5184.65      4.3561185E-007
          5195.94      4.5696221E-007
          5207.23      4.7930927E-007
          5218.52      5.0269724E-007
          5229.80      5.2717225E-007
          5241.09      5.5278226E-007
          5252.38      5.7957732E-007
          5263.67      6.0760957E-007
          5274.96      6.3693325E-007
          5286.25      6.6760493E-007
          5297.54      6.9968350E-007
          5308.83      7.3323030E-007
          5320.12      7.6830922E-007
          5331.41      8.0498670E-007
          5342.70      8.4333199E-007
          5353.98      8.8341722E-007
          5365.27      9.2531734E-007
          5376.56      9.6911047E-007
          5387.85      1.0148779E-006
          5399.14      1.0627042E-006
          5410.43      1.1126775E-006
          5421.72      1.1648893E-006
          5433.01      1.2194350E-006
          5444.30      1.2764136E-006
          5455.59      1.3359283E-006
          5466.88      1.3980862E-006
          5478.16      1.4629991E-006
          5489.45      1.5307828E-006
          5500.74      1.6015582E-006
          5512.03      1.6754506E-006
          5523.32      1.7525904E-006
          5534.61      1.8331135E-006
          5545.90      1.9171606E-006
          5557.19      2.0048784E-006
          5568.48      2.0964193E-006
          5579.77      2.1919415E-006
          5591.05      2.2916099E-006
          5602.34      2.3955952E-006
          5613.63      2.5040752E-006
          5624.92      2.6172347E-006
          5636.21      2.7352653E-006
          5647.50      2.8583664E-006
          5658.79      2.9867451E-006
          5670.08      3.1206163E-006
          5681.37      3.2602035E-006
          5692.66      3.4057386E-006
          5703.95      3.5574624E-006
          5715.23      3.7156252E-006
          5726.52      3.8804865E-006
          5737.81      4.0523161E-006
          5749.10      4.2313939E-006
          5760.39      4.4180106E-006
          5771.68      4.6124679E-006
          5782.97      4.8150786E-006
          5794.26      5.0261678E-006
          5805.55      5.2460730E-006
          5816.84      5.4751437E-006
          5828.12      5.7137433E-006
          5839.41      5.9622484E-006
          5850.70      6.2210500E-006
          5861.99      6.4905538E-006
          5873.28      6.7711800E-006
          5884.57      7.0633652E-006
          5895.86      7.3675621E-006
          5907.15      7.6842397E-006
          5918.44      8.0138849E-006
          5929.73      8.3570024E-006
          5941.02      8.7141157E-006
          5952.30      9.0857677E-006
          5963.59      9.4725203E-006
          5974.88      9.8749572E-006
          5986.17      1.0293683E-005
          5997.46      1.0729325E-005
          6008.75      1.1182531E-005
          6020.04      1.1653975E-005
          6031.33      1.2144356E-005
          6042.62      1.2654396E-005
          6053.91      1.3184844E-005
          6065.20      1.3736476E-005
          6076.48      1.4310097E-005
          6087.77      1.4906540E-005
          6099.06      1.5410825E-005
          6110.35      1.5718482E-005
          6121.64      1.5845634E-005
          6132.93      1.5807800E-005
          6144.22      1.5619916E-005
          6155.51      1.5296338E-005
          6166.80      1.4850898E-005
          6178.09      1.4296947E-005
          6189.38      1.3647411E-005
          6200.66      1.2914882E-005
          6211.95      1.2111674E-005
          6223.24      1.1249862E-005
          6234.53      1.0341325E-005
          6245.82      9.3977780E-006
          6257.11      8.4308054E-006
          6268.40      7.4519037E-006
          6279.69      6.4725063E-006
          6290.98      5.5040235E-006
          6302.27      4.5578794E-006
          6313.55      3.6455456E-006
          6324.84      2.7785759E-006
          6336.13      1.9686333E-006
          6347.42      1.2275272E-006
          6358.71      5.6724918E-007
          6370.00     -3.1277024E-051
