          3480.00     -2.0203985E-027
          3491.29      1.5911731E-012
          3502.58      3.4057599E-012
          3513.87      5.4393631E-012
          3525.16      7.6897575E-012
          3536.45      1.0156786E-011
          3547.73      1.2842259E-011
          3559.02      1.5749866E-011
          3570.31      1.8885127E-011
          3581.60      2.2255334E-011
          3592.89      2.5869521E-011
          3604.18      2.9738443E-011
          3615.47      3.3874549E-011
          3626.76      3.8292017E-011
          3638.05      4.3006759E-011
          3649.34      4.8036432E-011
          3660.62      5.3400499E-011
          3671.91      5.9120255E-011
          3683.20      6.5218889E-011
          3694.49      7.1721549E-011
          3705.78      7.8655399E-011
          3717.07      8.6049732E-011
          3728.36      9.3936050E-011
          3739.65      1.0234814E-010
          3750.94      1.1132225E-010
          3762.23      1.2089714E-010
          3773.52      1.3111427E-010
          3784.80      1.4201793E-010
          3796.09      1.5365536E-010
          3807.38      1.6607697E-010
          3818.67      1.7933649E-010
          3829.96      1.9349115E-010
          3841.25      2.0860189E-010
          3852.54      2.2473361E-010
          3863.83      2.4195533E-010
          3875.12      2.6034053E-010
          3886.41      2.7996726E-010
          3897.70      3.0091859E-010
          3908.98      3.2328279E-010
          3920.27      3.4715362E-010
          3931.56      3.7263074E-010
          3942.85      3.9982002E-010
          3954.14      4.2883388E-010
          3965.43      4.5979171E-010
          3976.72      4.9282019E-010
          3988.01      5.2805388E-010
          3999.30      5.6563556E-010
          4010.59      6.0571667E-010
          4021.88      6.4845794E-010
          4033.16      6.9402986E-010
          4044.45      7.4261325E-010
          4055.74      7.9439987E-010
          4067.03      8.4959293E-010
          4078.32      9.0840797E-010
          4089.61      9.7107345E-010
          4100.90      1.0378313E-009
          4112.19      1.1089381E-009
          4123.48      1.1846656E-009
          4134.77      1.2653015E-009
          4146.05      1.3511509E-009
          4157.34      1.4425363E-009
          4168.63      1.5397996E-009
          4179.92      1.6433028E-009
          4191.21      1.7534285E-009
          4202.50      1.8705824E-009
          4213.79      1.9951931E-009
          4225.08      2.1277144E-009
          4236.37      2.2686265E-009
          4247.66      2.4184368E-009
          4258.95      2.5776823E-009
          4270.23      2.7469308E-009
          4281.52      2.9267821E-009
          4292.81      3.1178709E-009
          4304.10      3.3208676E-009
          4315.39      3.5364809E-009
          4326.68      3.7654595E-009
          4337.97      4.0085940E-009
          4349.26      4.2667201E-009
          4360.55      4.5407205E-009
          4371.84      4.8315265E-009
          4383.12      5.1401221E-009
          4394.41      5.4675461E-009
          4405.70      5.8148949E-009
          4416.99      6.1833259E-009
          4428.28      6.5740597E-009
          4439.57      6.9883850E-009
          4450.86      7.4276615E-009
          4462.15      7.8933222E-009
          4473.44      8.3868799E-009
          4484.73      8.9099292E-009
          4496.02      9.4641519E-009
          4507.30      1.0051321E-008
          4518.59      1.0673305E-008
          4529.88      1.1332074E-008
          4541.17      1.2029703E-008
          4552.46      1.2768380E-008
          4563.75      1.3550410E-008
          4575.04      1.4378220E-008
          4586.33      1.5254368E-008
          4597.62      1.6181547E-008
          4608.91      1.7162592E-008
          4620.20      1.8200490E-008
          4631.48      1.9298385E-008
          4642.77      2.0459586E-008
          4654.06      2.1687576E-008
          4665.35      2.2986020E-008
          4676.64      2.4358776E-008
          4687.93      2.5809903E-008
          4699.22      2.7343668E-008
          4710.51      2.8964562E-008
          4721.80      3.0677311E-008
          4733.09      3.2486876E-008
          4744.38      3.4398484E-008
          4755.66      3.6417624E-008
          4766.95      3.8550068E-008
          4778.24      4.0801885E-008
          4789.53      4.3179448E-008
          4800.82      4.5689459E-008
          4812.11      4.8338962E-008
          4823.40      5.1135348E-008
          4834.69      5.4086391E-008
          4845.98      5.7200252E-008
          4857.27      6.0485505E-008
          4868.55      6.3951154E-008
          4879.84      6.7606646E-008
          4891.13      7.1461906E-008
          4902.42      7.5527358E-008
          4913.71      7.9813929E-008
          4925.00      8.4333100E-008
          4936.29      8.9096915E-008
          4947.58      9.4118013E-008
          4958.87      9.9409659E-008
          4970.16      1.0498575E-007
          4981.45      1.1086090E-007
          4992.73      1.1705039E-007
          5004.02      1.2357029E-007
          5015.31      1.3043742E-007
          5026.60      1.3766943E-007
          5037.89      1.4528482E-007
          5049.18      1.5330301E-007
          5060.47      1.6174424E-007
          5071.76      1.7062978E-007
          5083.05      1.7998198E-007
          5094.34      1.8982422E-007
          5105.62      2.0018104E-007
          5116.91      2.1107812E-007
          5128.20      2.2254237E-007
          5139.49      2.3460199E-007
          5150.78      2.4728647E-007
          5162.07      2.6062674E-007
          5173.36      2.7465517E-007
          5184.65      2.8940562E-007
          5195.94      3.0491359E-007
          5207.23      3.2121620E-007
          5218.52      3.3835232E-007
          5229.80      3.5636265E-007
          5241.09      3.7528973E-007
          5252.38      3.9517810E-007
          5263.67      4.1607439E-007
          5274.96      4.3802733E-007
          5286.25      4.6108792E-007
          5297.54      4.8530950E-007
          5308.83      5.1074788E-007
          5320.12      5.3746142E-007
          5331.41      5.6551107E-007
          5342.70      5.9496065E-007
          5353.98      6.2587688E-007
          5365.27      6.5832941E-007
          5376.56      6.9239114E-007
          5387.85      7.2813824E-007
          5399.14      7.6565029E-007
          5410.43      8.0501055E-007
          5421.72      8.4630587E-007
          5433.01      8.8962708E-007
          5444.30      9.3506907E-007
          5455.59      9.8273084E-007
          5466.88      1.0327159E-006
          5478.16      1.0851324E-006
          5489.45      1.1400931E-006
          5500.74      1.1977160E-006
          5512.03      1.2581241E-006
          5523.32      1.3214459E-006
          5534.61      1.3878156E-006
          5545.90      1.4573730E-006
          5557.19      1.5302645E-006
          5568.48      1.6066426E-006
          5579.77      1.6866663E-006
          5591.05      1.7705020E-006
          5602.34      1.8583227E-006
          5613.63      1.9503095E-006
          5624.92      2.0466509E-006
          5636.21      2.1475436E-006
          5647.50      2.2531930E-006
          5658.79      2.3638130E-006
          5670.08      2.4796270E-006
          5681.37      2.6008679E-006
          5692.66      2.7277781E-006
          5703.95      2.8606109E-006
          5715.23      2.9996301E-006
          5726.52      3.1451107E-006
          5737.81      3.2973393E-006
          5749.10      3.4566148E-006
          5760.39      3.6232487E-006
          5771.68      3.7975655E-006
          5782.97      3.9799031E-006
          5794.26      4.1706140E-006
          5805.55      4.3700654E-006
          5816.84      4.5786395E-006
          5828.12      4.7967346E-006
          5839.41      5.0247657E-006
          5850.70      5.2631649E-006
          5861.99      5.5123826E-006
          5873.28      5.7728868E-006
          5884.57      6.0451659E-006
          5895.86      6.3297280E-006
          5907.15      6.6271019E-006
          5918.44      6.9378382E-006
          5929.73      7.2625103E-006
          5941.02      7.6017149E-006
          5952.30      7.9560732E-006
          5963.59      8.3262308E-006
          5974.88      8.7128607E-006
          5986.17      9.1166630E-006
          5997.46      9.5383651E-006
          6008.75      9.9787249E-006
          6020.04      1.0438530E-005
          6031.33      1.0918602E-005
          6042.62      1.1419792E-005
          6053.91      1.1942986E-005
          6065.20      1.2489109E-005
          6076.48      1.3059118E-005
          6087.77      1.3654012E-005
          6099.06      1.4154893E-005
          6110.35      1.4454420E-005
          6121.64      1.4570352E-005
          6132.93      1.4519710E-005
          6144.22      1.4318808E-005
          6155.51      1.3983274E-005
          6166.80      1.3528113E-005
          6178.09      1.2967769E-005
          6189.38      1.2316195E-005
          6200.66      1.1586959E-005
          6211.95      1.0793313E-005
          6223.24      9.9482449E-006
          6234.53      9.0645280E-006
          6245.82      8.1547659E-006
          6257.11      7.2314394E-006
          6268.40      6.3069544E-006
          6279.69      5.3936792E-006
          6290.98      4.5039943E-006
          6302.27      3.6503394E-006
          6313.55      2.8452568E-006
          6324.84      2.1014362E-006
          6336.13      1.4317516E-006
          6347.42      8.4930935E-007
          6358.71      3.6749261E-007
          6370.00      0.0000000E+000
