          3480.00      2.8605866E-025
          3491.29      1.7634088E-014
          3502.58      3.8472726E-014
          3513.87      6.2450232E-014
          3525.16      8.9556956E-014
          3536.45      1.1983610E-013
          3547.73      1.5338116E-013
          3559.02      1.9033408E-013
          3570.31      2.3088435E-013
          3581.60      2.7526846E-013
          3592.89      3.2377013E-013
          3604.18      3.7672105E-013
          3615.47      4.3450200E-013
          3626.76      4.9754503E-013
          3638.05      5.6633576E-013
          3649.34      6.4141605E-013
          3660.62      7.2338775E-013
          3671.91      8.1291641E-013
          3683.20      9.1073578E-013
          3694.49      1.0176530E-012
          3705.78      1.1345540E-012
          3717.07      1.2624099E-012
          3728.36      1.4022842E-012
          3739.65      1.5553398E-012
          3750.94      1.7228479E-012
          3762.23      1.9061970E-012
          3773.52      2.1069028E-012
          3784.80      2.3266192E-012
          3796.09      2.5671496E-012
          3807.38      2.8304609E-012
          3818.67      3.1186968E-012
          3829.96      3.4341926E-012
          3841.25      3.7794926E-012
          3852.54      4.1573675E-012
          3863.83      4.5708340E-012
          3875.12      5.0231759E-012
          3886.41      5.5179655E-012
          3897.70      6.0590906E-012
          3908.98      6.6507800E-012
          3920.27      7.2976308E-012
          3931.56      8.0046425E-012
          3942.85      8.7772490E-012
          3954.14      9.6213552E-012
          3965.43      1.0543377E-011
          3976.72      1.1550282E-011
          3988.01      1.2649638E-011
          3999.30      1.3849663E-011
          4010.59      1.5159274E-011
          4021.88      1.6588150E-011
          4033.16      1.8146793E-011
          4044.45      1.9846595E-011
          4055.74      2.1699912E-011
          4067.03      2.3720136E-011
          4078.32      2.5921791E-011
          4089.61      2.8320616E-011
          4100.90      3.0933660E-011
          4112.19      3.3779399E-011
          4123.48      3.6877843E-011
          4134.77      4.0250657E-011
          4146.05      4.3921301E-011
          4157.34      4.7915157E-011
          4168.63      5.2259703E-011
          4179.92      5.6984669E-011
          4191.21      6.2122199E-011
          4202.50      6.7707070E-011
          4213.79      7.3776879E-011
          4225.08      8.0372269E-011
          4236.37      8.7537173E-011
          4247.66      9.5319043E-011
          4258.95      1.0376916E-010
          4270.23      1.1294293E-010
          4281.52      1.2290013E-010
          4292.81      1.3370536E-010
          4304.10      1.4542831E-010
          4315.39      1.5814423E-010
          4326.68      1.7193431E-010
          4337.97      1.8688608E-010
          4349.26      2.0309403E-010
          4360.55      2.2066002E-010
          4371.84      2.3969386E-010
          4383.12      2.6031394E-010
          4394.41      2.8264786E-010
          4405.70      3.0683310E-010
          4416.99      3.3301781E-010
          4428.28      3.6136148E-010
          4439.57      3.9203596E-010
          4450.86      4.2522628E-010
          4462.15      4.6113154E-010
          4473.44      4.9996613E-010
          4484.73      5.4196074E-010
          4496.02      5.8736354E-010
          4507.30      6.3644158E-010
          4518.59      6.8948193E-010
          4529.88      7.4679340E-010
          4541.17      8.0870805E-010
          4552.46      8.7558263E-010
          4563.75      9.4780073E-010
          4575.04      1.0257745E-009
          4586.33      1.1099467E-009
          4597.62      1.2007932E-009
          4608.91      1.2988244E-009
          4620.20      1.4045891E-009
          4631.48      1.5186763E-009
          4642.77      1.6417179E-009
          4654.06      1.7743925E-009
          4665.35      1.9174280E-009
          4676.64      2.0716055E-009
          4687.93      2.2377631E-009
          4699.22      2.4167990E-009
          4710.51      2.6096769E-009
          4721.80      2.8174302E-009
          4733.09      3.0411660E-009
          4744.38      3.2820714E-009
          4755.66      3.5414183E-009
          4766.95      3.8205696E-009
          4778.24      4.1209857E-009
          4789.53      4.4442295E-009
          4800.82      4.7919762E-009
          4812.11      5.1660190E-009
          4823.40      5.5682770E-009
          4834.69      6.0008054E-009
          4845.98      6.4658031E-009
          4857.27      6.9656234E-009
          4868.55      7.5027843E-009
          4879.84      8.0799780E-009
          4891.13      8.7000855E-009
          4902.42      9.3661877E-009
          4913.71      1.0081577E-008
          4925.00      1.0849775E-008
          4936.29      1.1674545E-008
          4947.58      1.2559910E-008
          4958.87      1.3510168E-008
          4970.16      1.4529910E-008
          4981.45      1.5624042E-008
          4992.73      1.6797804E-008
          5004.02      1.8056790E-008
          5015.31      1.9406976E-008
          5026.60      2.0854739E-008
          5037.89      2.2406889E-008
          5049.18      2.4070694E-008
          5060.47      2.5853895E-008
          5071.76      2.7764757E-008
          5083.05      2.9812111E-008
          5094.34      3.2005371E-008
          5105.62      3.4354581E-008
          5116.91      3.6870452E-008
          5128.20      3.9564402E-008
          5139.49      4.2448607E-008
          5150.78      4.5536037E-008
          5162.07      4.8840523E-008
          5173.36      5.2376804E-008
          5184.65      5.6160574E-008
          5195.94      6.0208562E-008
          5207.23      6.4538584E-008
          5218.52      6.9169615E-008
          5229.80      7.4121865E-008
          5241.09      7.9416840E-008
          5252.38      8.5077446E-008
          5263.67      9.1128070E-008
          5274.96      9.7594649E-008
          5286.25      1.0450480E-007
          5297.54      1.1188790E-007
          5308.83      1.1977522E-007
          5320.12      1.2820000E-007
          5331.41      1.3719760E-007
          5342.70      1.4680564E-007
          5353.98      1.5706412E-007
          5365.27      1.6801553E-007
          5376.56      1.7970509E-007
          5387.85      1.9218083E-007
          5399.14      2.0549383E-007
          5410.43      2.1969837E-007
          5421.72      2.3485210E-007
          5433.01      2.5101627E-007
          5444.30      2.6825595E-007
          5455.59      2.8664020E-007
          5466.88      3.0624243E-007
          5478.16      3.2714053E-007
          5489.45      3.4941725E-007
          5500.74      3.7316042E-007
          5512.03      3.9846321E-007
          5523.32      4.2542459E-007
          5534.61      4.5414955E-007
          5545.90      4.8474946E-007
          5557.19      5.1734252E-007
          5568.48      5.5205410E-007
          5579.77      5.8901720E-007
          5591.05      6.2837287E-007
          5602.34      6.7027060E-007
          5613.63      7.1486901E-007
          5624.92      7.6233626E-007
          5636.21      8.1285047E-007
          5647.50      8.6660058E-007
          5658.79      9.2378678E-007
          5670.08      9.8462121E-007
          5681.37      1.0493287E-006
          5692.66      1.1181473E-006
          5703.95      1.1913293E-006
          5715.23      1.2691419E-006
          5726.52      1.3518680E-006
          5737.81      1.4398073E-006
          5749.10      1.5332772E-006
          5760.39      1.6326134E-006
          5771.68      1.7381718E-006
          5782.97      1.8503285E-006
          5794.26      1.9694820E-006
          5805.55      2.0960539E-006
          5816.84      2.2304901E-006
          5828.12      2.3732627E-006
          5839.41      2.5248709E-006
          5850.70      2.6858428E-006
          5861.99      2.8567371E-006
          5873.28      3.0381443E-006
          5884.57      3.2306892E-006
          5895.86      3.4350324E-006
          5907.15      3.6518717E-006
          5918.44      3.8819454E-006
          5929.73      4.1260337E-006
          5941.02      4.3849611E-006
          5952.30      4.6595992E-006
          5963.59      4.9508682E-006
          5974.88      5.2597411E-006
          5986.17      5.5872458E-006
          5997.46      5.9344672E-006
          6008.75      6.3025522E-006
          6020.04      6.6927117E-006
          6031.33      7.1062242E-006
          6042.62      7.5444403E-006
          6053.91      8.0087847E-006
          6065.20      8.5007626E-006
          6076.48      9.0219627E-006
          6087.77      9.5740607E-006
          6099.06      1.0021879E-005
          6110.35      1.0246542E-005
          6121.64      1.0273053E-005
          6132.93      1.0124964E-005
          6144.22      9.8244944E-006
          6155.51      9.3926223E-006
          6166.80      8.8492427E-006
          6178.09      8.2133138E-006
          6189.38      7.5030130E-006
          6200.66      6.7359315E-006
          6211.95      5.9292192E-006
          6223.24      5.0997031E-006
          6234.53      4.2640053E-006
          6245.82      3.4386489E-006
          6257.11      2.6401714E-006
          6268.40      1.8852344E-006
          6279.69      1.1907252E-006
          6290.98      5.7387052E-007
          6302.27      5.2349497E-008
          6313.55     -3.5559699E-007
          6324.84     -6.3105668E-007
          6336.13     -7.5433693E-007
          6347.42     -7.0484659E-007
          6358.71     -4.6097998E-007
          6370.00     -1.4427364E-056
