          3480.00     -3.3815986E-017
          3491.29      4.1445404E-005
          3502.58      8.2789560E-005
          3513.87      1.2417575E-004
          3525.16      1.6574421E-004
          3536.45      2.0763290E-004
          3547.73      2.4997788E-004
          3559.02      2.9291365E-004
          3570.31      3.3657386E-004
          3581.60      3.8109157E-004
          3592.89      4.2659969E-004
          3604.18      4.7323131E-004
          3615.47      5.2111967E-004
          3626.76      5.7039889E-004
          3638.05      6.2120446E-004
          3649.34      6.7367340E-004
          3660.62      7.2794488E-004
          3671.91      7.8416033E-004
          3683.20      8.4246384E-004
          3694.49      9.0300247E-004
          3705.78      9.6592635E-004
          3717.07      1.0313893E-003
          3728.36      1.0995490E-003
          3739.65      1.1705669E-003
          3750.94      1.2446091E-003
          3762.23      1.3218465E-003
          3773.52      1.4024544E-003
          3784.80      1.4866139E-003
          3796.09      1.5745111E-003
          3807.38      1.6663381E-003
          3818.67      1.7622933E-003
          3829.96      1.8625809E-003
          3841.25      1.9674120E-003
          3852.54      2.0770045E-003
          3863.83      2.1915830E-003
          3875.12      2.3113800E-003
          3886.41      2.4366348E-003
          3897.70      2.5675951E-003
          3908.98      2.7045166E-003
          3920.27      2.8476630E-003
          3931.56      2.9973070E-003
          3942.85      3.1537299E-003
          3954.14      3.3172221E-003
          3965.43      3.4880840E-003
          3976.72      3.6666248E-003
          3988.01      3.8531641E-003
          3999.30      4.0480315E-003
          4010.59      4.2515662E-003
          4021.88      4.4641187E-003
          4033.16      4.6860496E-003
          4044.45      4.9177305E-003
          4055.74      5.1595444E-003
          4067.03      5.4118847E-003
          4078.32      5.6751569E-003
          4089.61      5.9497782E-003
          4100.90      6.2361766E-003
          4112.19      6.5347926E-003
          4123.48      6.8460787E-003
          4134.77      7.1704992E-003
          4146.05      7.5085307E-003
          4157.34      7.8606614E-003
          4168.63      8.2273921E-003
          4179.92      8.6092361E-003
          4191.21      9.0067177E-003
          4202.50      9.4203745E-003
          4213.79      9.8507554E-003
          4225.08      1.0298421E-002
          4236.37      1.0763946E-002
          4247.66      1.1247911E-002
          4258.95      1.1750913E-002
          4270.23      1.2273559E-002
          4281.52      1.2816465E-002
          4292.81      1.3380257E-002
          4304.10      1.3965571E-002
          4315.39      1.4573055E-002
          4326.68      1.5203362E-002
          4337.97      1.5857154E-002
          4349.26      1.6535101E-002
          4360.55      1.7237878E-002
          4371.84      1.7966168E-002
          4383.12      1.8720656E-002
          4394.41      1.9502033E-002
          4405.70      2.0310988E-002
          4416.99      2.1148214E-002
          4428.28      2.2014399E-002
          4439.57      2.2910232E-002
          4450.86      2.3836400E-002
          4462.15      2.4793579E-002
          4473.44      2.5782441E-002
          4484.73      2.6803647E-002
          4496.02      2.7857846E-002
          4507.30      2.8945673E-002
          4518.59      3.0067744E-002
          4529.88      3.1224657E-002
          4541.17      3.2416984E-002
          4552.46      3.3645273E-002
          4563.75      3.4910040E-002
          4575.04      3.6211769E-002
          4586.33      3.7550904E-002
          4597.62      3.8927849E-002
          4608.91      4.0342958E-002
          4620.20      4.1796537E-002
          4631.48      4.3288832E-002
          4642.77      4.4820027E-002
          4654.06      4.6390237E-002
          4665.35      4.7999504E-002
          4676.64      4.9647788E-002
          4687.93      5.1334959E-002
          4699.22      5.3060791E-002
          4710.51      5.4824955E-002
          4721.80      5.6627009E-002
          4733.09      5.8466386E-002
          4744.38      6.0342394E-002
          4755.66      6.2254196E-002
          4766.95      6.4200803E-002
          4778.24      6.6181065E-002
          4789.53      6.8193654E-002
          4800.82      7.0237056E-002
          4812.11      7.2309559E-002
          4823.40      7.4409229E-002
          4834.69      7.6533909E-002
          4845.98      7.8681194E-002
          4857.27      8.0848416E-002
          4868.55      8.3032632E-002
          4879.84      8.5230593E-002
          4891.13      8.7438742E-002
          4902.42      8.9653182E-002
          4913.71      9.1869655E-002
          4925.00      9.4083527E-002
          4936.29      9.6289759E-002
          4947.58      9.8482882E-002
          4958.87      1.0065697E-001
          4970.16      1.0280562E-001
          4981.45      1.0492191E-001
          4992.73      1.0699839E-001
          5004.02      1.0902701E-001
          5015.31      1.1099914E-001
          5026.60      1.1290550E-001
          5037.89      1.1473612E-001
          5049.18      1.1648032E-001
          5060.47      1.2046041E-001
          5071.76      1.2879526E-001
          5083.05      1.4118052E-001
          5094.34      1.5732692E-001
          5105.62      1.7695900E-001
          5116.91      1.9981389E-001
          5128.20      2.2564009E-001
          5139.49      2.5419647E-001
          5150.78      2.8525098E-001
          5162.07      3.1857985E-001
          5173.36      3.5396647E-001
          5184.65      3.9120035E-001
          5195.94      4.3007639E-001
          5207.23      4.7039379E-001
          5218.52      5.1195524E-001
          5229.80      5.5456608E-001
          5241.09      5.9803326E-001
          5252.38      6.4216479E-001
          5263.67      6.8676876E-001
          5274.96      7.3165242E-001
          5286.25      7.7662162E-001
          5297.54      8.2147984E-001
          5308.83      8.6602742E-001
          5320.12      9.1006082E-001
          5331.41      9.5337168E-001
          5342.70      9.9574625E-001
          5353.98      1.0369644E+000
          5365.27      1.0767990E+000
          5376.56      1.1150146E+000
          5387.85      1.1513675E+000
          5399.14      1.1856039E+000
          5410.43      1.2170838E+000
          5421.72      1.2454636E+000
          5433.01      1.2709159E+000
          5444.30      1.2936001E+000
          5455.59      1.3136624E+000
          5466.88      1.3312366E+000
          5478.16      1.3464447E+000
          5489.45      1.3593971E+000
          5500.74      1.3701932E+000
          5512.03      1.3789219E+000
          5523.32      1.3856616E+000
          5534.61      1.3904807E+000
          5545.90      1.3934380E+000
          5557.19      1.3945828E+000
          5568.48      1.3939553E+000
          5579.77      1.3915864E+000
          5591.05      1.3874982E+000
          5602.34      1.3817040E+000
          5613.63      1.3742087E+000
          5624.92      1.3650085E+000
          5636.21      1.3540915E+000
          5647.50      1.3414372E+000
          5658.79      1.3270171E+000
          5670.08      1.3107943E+000
          5681.37      1.2927231E+000
          5692.66      1.2727488E+000
          5703.95      1.2508086E+000
          5715.23      1.2268319E+000
          5726.52      1.2007394E+000
          5737.81      1.1724440E+000
          5749.10      1.1418501E+000
          5760.39      1.1088538E+000
          5771.68      1.0733426E+000
          5782.97      1.0351957E+000
          5794.26      9.9428398E-001
          5805.55      9.5046998E-001
          5816.84      9.0360656E-001
          5828.12      8.5353664E-001
          5839.41      8.0009307E-001
          5850.70      7.4309829E-001
          5861.99      6.8236403E-001
          5873.28      6.1769120E-001
          5884.57      5.4886925E-001
          5895.86      4.7567598E-001
          5907.15      3.9787738E-001
          5918.44      3.1522662E-001
          5929.73      2.2746419E-001
          5941.02      1.3431782E-001
          5952.30      3.5502022E-002
          5963.59     -6.9281986E-002
          5974.88     -1.8034729E-001
          5986.17     -2.9802147E-001
          5997.46     -4.2264662E-001
          6008.75     -5.5458029E-001
          6020.04     -6.9419562E-001
          6031.33     -8.4188183E-001
          6042.62     -9.9804538E-001
          6053.91     -1.1631106E+000
          6065.20     -1.3375211E+000
          6076.48     -1.5217404E+000
          6087.77     -1.7162516E+000
          6099.06      8.8727048E+002
          6110.35      3.3966317E+003
          6121.64      7.2930850E+003
          6132.93      1.2347827E+004
          6144.22      1.8336376E+004
          6155.51      2.5038522E+004
          6166.80      3.2237608E+004
          6178.09      3.9719774E+004
          6189.38      4.7273024E+004
          6200.66      5.4685972E+004
          6211.95      6.1747052E+004
          6223.24      6.8243948E+004
          6234.53      7.3963027E+004
          6245.82      7.8688827E+004
          6257.11      8.2203500E+004
          6268.40      8.4286268E+004
          6279.69      8.4712897E+004
          6290.98      8.3255103E+004
          6302.27      7.9679969E+004
          6313.55      7.3749389E+004
          6324.84      6.5219555E+004
          6336.13      5.3840369E+004
          6347.42      3.9354883E+004
          6358.71      2.1498817E+004
          6370.00      9.4066887E-034
