          3480.00      1.0555862E-028
          3491.29      9.3144256E-005
          3502.58      1.9190101E-004
          3513.87      2.9626392E-004
          3525.16      4.0622750E-004
          3536.45      5.2178760E-004
          3547.73      6.4294118E-004
          3559.02      7.6968588E-004
          3570.31      9.0202073E-004
          3581.60      1.0399456E-003
          3592.89      1.1834615E-003
          3604.18      1.3325705E-003
          3615.47      1.4872764E-003
          3626.76      1.6475845E-003
          3638.05      1.8135011E-003
          3649.34      1.9850328E-003
          3660.62      2.1621874E-003
          3671.91      2.3449735E-003
          3683.20      2.5334003E-003
          3694.49      2.7274780E-003
          3705.78      2.9272170E-003
          3717.07      3.1326289E-003
          3728.36      3.3437263E-003
          3739.65      3.5605216E-003
          3750.94      3.7830286E-003
          3762.23      4.0112615E-003
          3773.52      4.2452355E-003
          3784.80      4.4849662E-003
          3796.09      4.7304695E-003
          3807.38      4.9817625E-003
          3818.67      5.2388626E-003
          3829.96      5.5017875E-003
          3841.25      5.7705560E-003
          3852.54      6.0451872E-003
          3863.83      6.3257011E-003
          3875.12      6.6121181E-003
          3886.41      6.9044590E-003
          3897.70      7.2027453E-003
          3908.98      7.5069996E-003
          3920.27      7.8172440E-003
          3931.56      8.1335019E-003
          3942.85      8.4557973E-003
          3954.14      8.7841542E-003
          3965.43      9.1185979E-003
          3976.72      9.4591529E-003
          3988.01      9.8058454E-003
          3999.30      1.0158702E-002
          4010.59      1.0517749E-002
          4021.88      1.0883013E-002
          4033.16      1.1254524E-002
          4044.45      1.1632308E-002
          4055.74      1.2016396E-002
          4067.03      1.2406815E-002
          4078.32      1.2803596E-002
          4089.61      1.3206770E-002
          4100.90      1.3616366E-002
          4112.19      1.4032416E-002
          4123.48      1.4454952E-002
          4134.77      1.4884006E-002
          4146.05      1.5319610E-002
          4157.34      1.5761797E-002
          4168.63      1.6210601E-002
          4179.92      1.6666055E-002
          4191.21      1.7128194E-002
          4202.50      1.7597052E-002
          4213.79      1.8072665E-002
          4225.08      1.8555069E-002
          4236.37      1.9044298E-002
          4247.66      1.9540390E-002
          4258.95      2.0043381E-002
          4270.23      2.0553309E-002
          4281.52      2.1070211E-002
          4292.81      2.1594125E-002
          4304.10      2.2125089E-002
          4315.39      2.2663143E-002
          4326.68      2.3208325E-002
          4337.97      2.3760676E-002
          4349.26      2.4320234E-002
          4360.55      2.4887041E-002
          4371.84      2.5461137E-002
          4383.12      2.6042563E-002
          4394.41      2.6631360E-002
          4405.70      2.7227571E-002
          4416.99      2.7831238E-002
          4428.28      2.8442403E-002
          4439.57      2.9061110E-002
          4450.86      2.9687401E-002
          4462.15      3.0321320E-002
          4473.44      3.0962911E-002
          4484.73      3.1612219E-002
          4496.02      3.2269288E-002
          4507.30      3.2934165E-002
          4518.59      3.3606892E-002
          4529.88      3.4287518E-002
          4541.17      3.4976087E-002
          4552.46      3.5672647E-002
          4563.75      3.6377243E-002
          4575.04      3.7089924E-002
          4586.33      3.7810736E-002
          4597.62      3.8539729E-002
          4608.91      3.9276949E-002
          4620.20      4.0022445E-002
          4631.48      4.0776267E-002
          4642.77      4.1538462E-002
          4654.06      4.2309082E-002
          4665.35      4.3088175E-002
          4676.64      4.3875792E-002
          4687.93      4.4671983E-002
          4699.22      4.5476800E-002
          4710.51      4.6290292E-002
          4721.80      4.7112514E-002
          4733.09      4.7943514E-002
          4744.38      4.8783345E-002
          4755.66      4.9632061E-002
          4766.95      5.0489714E-002
          4778.24      5.1356358E-002
          4789.53      5.2232044E-002
          4800.82      5.3116827E-002
          4812.11      5.4010763E-002
          4823.40      5.4913903E-002
          4834.69      5.5826303E-002
          4845.98      5.6748018E-002
          4857.27      5.7679104E-002
          4868.55      5.8619617E-002
          4879.84      5.9569611E-002
          4891.13      6.0529143E-002
          4902.42      6.1498271E-002
          4913.71      6.2477049E-002
          4925.00      6.3465536E-002
          4936.29      6.4463789E-002
          4947.58      6.5471866E-002
          4958.87      6.6489826E-002
          4970.16      6.7517726E-002
          4981.45      6.8555624E-002
          4992.73      6.9603581E-002
          5004.02      7.0661654E-002
          5015.31      7.1729904E-002
          5026.60      7.2808391E-002
          5037.89      7.3897175E-002
          5049.18      7.4996316E-002
          5060.47      7.6103341E-002
          5071.76      7.7215842E-002
          5083.05      7.8333981E-002
          5094.34      7.9457915E-002
          5105.62      8.0587804E-002
          5116.91      8.1723807E-002
          5128.20      8.2866082E-002
          5139.49      8.4014790E-002
          5150.78      8.5170088E-002
          5162.07      8.6332133E-002
          5173.36      8.7501086E-002
          5184.65      8.8677102E-002
          5195.94      8.9860340E-002
          5207.23      9.1050959E-002
          5218.52      9.2249115E-002
          5229.80      9.3454969E-002
          5241.09      9.4668674E-002
          5252.38      9.5890389E-002
          5263.67      9.7120274E-002
          5274.96      9.8358484E-002
          5286.25      9.9605176E-002
          5297.54      1.0086051E-001
          5308.83      1.0212464E-001
          5320.12      1.0339773E-001
          5331.41      1.0467993E-001
          5342.70      1.0597139E-001
          5353.98      1.0727229E-001
          5365.27      1.0858277E-001
          5376.56      1.0990300E-001
          5387.85      1.1123312E-001
          5399.14      1.1257331E-001
          5410.43      1.1392463E-001
          5421.72      1.1528811E-001
          5433.01      1.1666378E-001
          5444.30      1.1805171E-001
          5455.59      1.1945194E-001
          5466.88      1.2086451E-001
          5478.16      1.2228948E-001
          5489.45      1.2372690E-001
          5500.74      1.2517681E-001
          5512.03      1.2663928E-001
          5523.32      1.2811434E-001
          5534.61      1.2960206E-001
          5545.90      1.3110248E-001
          5557.19      1.3261566E-001
          5568.48      1.3414164E-001
          5579.77      1.3568048E-001
          5591.05      1.3723223E-001
          5602.34      1.3879694E-001
          5613.63      1.4037467E-001
          5624.92      1.4196547E-001
          5636.21      1.4356939E-001
          5647.50      1.4518648E-001
          5658.79      1.4681680E-001
          5670.08      1.4846040E-001
          5681.37      1.5011734E-001
          5692.66      1.5178765E-001
          5703.95      1.5347139E-001
          5715.23      1.5516861E-001
          5726.52      1.5687935E-001
          5737.81      1.5860367E-001
          5749.10      1.6034160E-001
          5760.39      1.6209320E-001
          5771.68      1.6385852E-001
          5782.97      1.6563759E-001
          5794.26      1.6743048E-001
          5805.55      1.6923723E-001
          5816.84      1.7105789E-001
          5828.12      1.7289253E-001
          5839.41      1.7474118E-001
          5850.70      1.7660392E-001
          5861.99      1.7848078E-001
          5873.28      1.8037183E-001
          5884.57      1.8227712E-001
          5895.86      1.8419669E-001
          5907.15      1.8613062E-001
          5918.44      1.8807894E-001
          5929.73      1.9004172E-001
          5941.02      1.9201900E-001
          5952.30      1.9401083E-001
          5963.59      1.9601727E-001
          5974.88      1.9803837E-001
          5986.17      2.0007418E-001
          5997.46      2.0212475E-001
          6008.75      2.0419013E-001
          6020.04      2.0627036E-001
          6031.33      2.0836551E-001
          6042.62      2.1047563E-001
          6053.91      2.1260077E-001
          6065.20      2.1474099E-001
          6076.48      2.1689633E-001
          6087.77      2.1906687E-001
          6099.06      2.1824559E-001
          6110.35      2.1159105E-001
          6121.64      1.9935074E-001
          6132.93      1.8177112E-001
          6144.22      1.5909741E-001
          6155.51      1.3157271E-001
          6166.80      9.9438070E-002
          6178.09      6.2932438E-002
          6189.38      2.2292632E-002
          6200.66     -2.2245619E-002
          6211.95     -7.0447284E-002
          6223.24     -1.2207802E-001
          6234.53     -1.7690397E-001
          6245.82     -2.3469197E-001
          6257.11     -2.9520947E-001
          6268.40     -3.5822424E-001
          6279.69     -4.2350484E-001
          6290.98     -4.9082026E-001
          6302.27     -5.5993991E-001
          6313.55     -6.3063356E-001
          6324.84     -7.0267115E-001
          6336.13     -7.7582311E-001
          6347.42     -8.4986016E-001
          6358.71     -9.2455295E-001
          6370.00     -9.9967245E-001
