          3480.00      0.0000000E+000
          3491.29     -6.4595228E+002
          3502.58     -6.8416687E+002
          3513.87     -7.1921610E+002
          3525.16     -7.5146410E+002
          3536.45     -7.8123337E+002
          3547.73     -8.0881075E+002
          3559.02     -8.3445225E+002
          3570.31     -8.5838726E+002
          3581.60     -8.8082171E+002
          3592.89     -9.0194088E+002
          3604.18     -9.2191183E+002
          3615.47     -9.4088551E+002
          3626.76     -9.5899825E+002
          3638.05     -9.7653199E+002
          3649.34     -9.9368335E+002
          3660.62     -1.0104660E+003
          3671.91     -1.0269076E+003
          3683.20     -1.0430441E+003
          3694.49     -1.0589160E+003
          3705.78     -1.0745658E+003
          3717.07     -1.0900362E+003
          3728.36     -1.1053693E+003
          3739.65     -1.1206057E+003
          3750.94     -1.1357841E+003
          3762.23     -1.1509412E+003
          3773.52     -1.1656412E+003
          3784.80     -1.1796372E+003
          3796.09     -1.1931971E+003
          3807.38     -1.2065308E+003
          3818.67     -1.2198019E+003
          3829.96     -1.2331373E+003
          3841.25     -1.2466351E+003
          3852.54     -1.2603711E+003
          3863.83     -1.2744035E+003
          3875.12     -1.2887777E+003
          3886.41     -1.3035287E+003
          3897.70     -1.3186841E+003
          3908.98     -1.3342662E+003
          3920.27     -1.3497966E+003
          3931.56     -1.3642171E+003
          3942.85     -1.3773355E+003
          3954.14     -1.3897604E+003
          3965.43     -1.4019610E+003
          3976.72     -1.4142935E+003
          3988.01     -1.4270247E+003
          3999.30     -1.4403518E+003
          4010.59     -1.4544193E+003
          4021.88     -1.4693323E+003
          4033.16     -1.4851666E+003
          4044.45     -1.5019770E+003
          4055.74     -1.5198037E+003
          4067.03     -1.5386765E+003
          4078.32     -1.5568513E+003
          4089.61     -1.5733316E+003
          4100.90     -1.5890834E+003
          4112.19     -1.6048598E+003
          4123.48     -1.6212394E+003
          4134.77     -1.6386631E+003
          4146.05     -1.6574666E+003
          4157.34     -1.6779069E+003
          4168.63     -1.7001848E+003
          4179.92     -1.7244614E+003
          4191.21     -1.7508719E+003
          4202.50     -1.7795355E+003
          4213.79     -1.8105644E+003
          4225.08     -1.8431744E+003
          4236.37     -1.8771531E+003
          4247.66     -1.9133530E+003
          4258.95     -1.9525053E+003
          4270.23     -1.9952580E+003
          4281.52     -2.0422101E+003
          4292.81     -2.0939429E+003
          4304.10     -2.1510476E+003
          4315.39     -2.2141518E+003
          4326.68     -2.2839455E+003
          4337.97     -2.3612081E+003
          4349.26     -2.4468395E+003
          4360.55     -2.5418954E+003
          4371.84     -2.6507139E+003
          4383.12     -2.7783539E+003
          4394.41     -2.9276932E+003
          4405.70     -3.1025979E+003
          4416.99     -3.3082604E+003
          4428.28     -3.5517167E+003
          4439.57     -3.8426532E+003
          4450.86     -4.1946995E+003
          4462.15     -4.6275804E+003
          4473.44     -5.1708773E+003
          4484.73     -5.8709793E+003
          4496.02     -6.8049095E+003
          4507.30     -8.1105126E+003
          4518.59     -1.0061120E+004
          4529.88     -1.3305921E+004
          4541.17     -1.9790798E+004
          4552.46     -3.9094499E+004
          4563.75     -2.7872435E+006
          4575.04     -3.9857839E+004
          4586.33     -1.9712346E+004
          4597.62     -1.3066084E+004
          4608.91     -9.7580880E+003
          4620.20     -7.7793109E+003
          4631.48     -6.4632915E+003
          4642.77     -5.5252144E+003
          4654.06     -4.8229485E+003
          4665.35     -4.2776526E+003
          4676.64     -3.8657014E+003
          4687.93     -3.5587283E+003
          4699.22     -3.3181719E+003
          4710.51     -3.1218262E+003
          4721.80     -2.9561212E+003
          4733.09     -2.8123995E+003
          4744.38     -2.6849589E+003
          4755.66     -2.5699538E+003
          4766.95     -2.4647409E+003
          4778.24     -2.3674746E+003
          4789.53     -2.2768462E+003
          4800.82     -2.1919120E+003
          4812.11     -2.1119787E+003
          4823.40     -2.0490192E+003
          4834.69     -2.0085730E+003
          4845.98     -1.9832164E+003
          4857.27     -1.9679523E+003
          4868.55     -1.9592585E+003
          4879.84     -1.9545687E+003
          4891.13     -1.9519748E+003
          4902.42     -1.9500466E+003
          4913.71     -1.9477192E+003
          4925.00     -1.9442158E+003
          4936.29     -1.9389932E+003
          4947.58     -1.9316993E+003
          4958.87     -1.9221379E+003
          4970.16     -1.9184588E+003
          4981.45     -1.9288862E+003
          4992.73     -1.9522449E+003
          5004.02     -1.9853760E+003
          5015.31     -2.0258800E+003
          5026.60     -2.0718393E+003
          5037.89     -2.1216555E+003
          5049.18     -2.1739526E+003
          5060.47     -2.2275208E+003
          5071.76     -2.2812853E+003
          5083.05     -2.3342893E+003
          5094.34     -2.3856880E+003
          5105.62     -2.4347467E+003
          5116.91     -2.4808414E+003
          5128.20     -2.5349317E+003
          5139.49     -2.6062655E+003
          5150.78     -2.6923950E+003
          5162.07     -2.7914807E+003
          5173.36     -2.9020608E+003
          5184.65     -3.0229038E+003
          5195.94     -3.1529137E+003
          5207.23     -3.2910660E+003
          5218.52     -3.4363667E+003
          5229.80     -3.5878260E+003
          5241.09     -3.7444430E+003
          5252.38     -3.9052006E+003
          5263.67     -4.0795734E+003
          5274.96     -4.2772304E+003
          5286.25     -4.4977370E+003
          5297.54     -4.7409698E+003
          5308.83     -5.0070331E+003
          5320.12     -5.2962009E+003
          5331.41     -5.6088765E+003
          5342.70     -5.9455660E+003
          5353.98     -6.3068593E+003
          5365.27     -6.6934181E+003
          5376.56     -7.1059725E+003
          5387.85     -7.5453197E+003
          5399.14     -8.0123298E+003
          5410.43     -8.4852859E+003
          5421.72     -8.9398609E+003
          5433.01     -9.3737559E+003
          5444.30     -9.7855656E+003
          5455.59     -1.0174711E+004
          5466.88     -1.0541337E+004
          5478.16     -1.0886183E+004
          5489.45     -1.1210449E+004
          5500.74     -1.1515670E+004
          5512.03     -1.1803596E+004
          5523.32     -1.2076095E+004
          5534.61     -1.2335078E+004
          5545.90     -1.2582429E+004
          5557.19     -1.2819970E+004
          5568.48     -1.3049427E+004
          5579.77     -1.3075488E+004
          5591.05     -1.2770990E+004
          5602.34     -1.2251746E+004
          5613.63     -1.1622207E+004
          5624.92     -1.0959271E+004
          5636.21     -1.0311694E+004
          5647.50     -9.7063163E+003
          5658.79     -9.1552696E+003
          5670.08     -8.6617912E+003
          5681.37     -8.2242719E+003
          5692.66     -7.8387071E+003
          5703.95     -7.5000852E+003
          5715.23     -2.7845515E+003
          5726.52     -9.9995307E+002
          5737.81     -4.8007226E+002
          5749.10     -2.6864430E+002
          5760.39     -1.6232012E+002
          5771.68     -1.0110013E+002
          5782.97     -6.2449025E+001
          5794.26     -3.6377945E+001
          5805.55     -1.7901501E+001
          5816.84     -4.3001877E+000
          5828.12      6.0161087E+000
          5839.41      1.4030028E+001
          5850.70      2.0376881E+001
          5861.99      2.5675406E+001
          5873.28      3.0250011E+001
          5884.57      3.4158373E+001
          5895.86      3.7477788E+001
          5907.15      4.0286998E+001
          5918.44      4.2658219E+001
          5929.73      4.4654450E+001
          5941.02      4.6329266E+001
          5952.30      4.7727554E+001
          5963.59      4.8886614E+001
          5974.88      4.9837326E+001
          5986.17      5.0605193E+001
          5997.46      5.1211284E+001
          6008.75      5.1700179E+001
          6020.04      5.2100081E+001
          6031.33      5.2407164E+001
          6042.62      5.2619923E+001
          6053.91      5.2738172E+001
          6065.20      5.2762405E+001
          6076.48      5.2693353E+001
          6087.77      5.2531667E+001
          6099.06      5.2277674E+001
          6110.35      5.1931209E+001
          6121.64      5.1491497E+001
          6132.93      5.0957033E+001
          6144.22      5.0325539E+001
          6155.51      4.9600110E+001
          6166.80      4.8780692E+001
          6178.09      4.7859331E+001
          6189.38      4.6827329E+001
          6200.66      4.5674888E+001
          6211.95      4.4390775E+001
          6223.24      4.2961956E+001
          6234.53      4.1373179E+001
          6245.82      3.9606445E+001
          6257.11      3.7640368E+001
          6268.40      3.5449359E+001
          6279.69      3.3002560E+001
          6290.98      3.0262466E+001
          6302.27      2.7193413E+001
          6313.55      2.3771933E+001
          6324.84      1.9967473E+001
          6336.13      1.5741586E+001
          6347.42      1.1046570E+001
          6358.71      5.8235820E+000
          6370.00      0.0000000E+000
