          3480.00      0.0000000E+000
          3491.29     -2.3406421E-001
          3502.58     -2.5485586E-001
          3513.87     -2.7579268E-001
          3525.16     -2.9682538E-001
          3536.45     -3.1790213E-001
          3547.73     -3.3896885E-001
          3559.02     -3.5996958E-001
          3570.31     -3.8084717E-001
          3581.60     -4.0154369E-001
          3592.89     -4.2200104E-001
          3604.18     -4.4216177E-001
          3615.47     -4.6196991E-001
          3626.76     -4.8137155E-001
          3638.05     -5.0041270E-001
          3649.34     -5.1912462E-001
          3660.62     -5.3743893E-001
          3671.91     -5.5529427E-001
          3683.20     -5.7263565E-001
          3694.49     -5.8941420E-001
          3705.78     -6.0558685E-001
          3717.07     -6.2111637E-001
          3728.36     -6.3597122E-001
          3739.65     -6.5012546E-001
          3750.94     -6.6355872E-001
          3762.23     -6.7625594E-001
          3773.52     -6.8780984E-001
          3784.80     -6.9789185E-001
          3796.09     -7.0660824E-001
          3807.38     -7.1406310E-001
          3818.67     -7.2035703E-001
          3829.96     -7.2558630E-001
          3841.25     -7.2984223E-001
          3852.54     -7.3321084E-001
          3863.83     -7.3577264E-001
          3875.12     -7.3760260E-001
          3886.41     -7.3877022E-001
          3897.70     -7.3933968E-001
          3908.98     -7.3937008E-001
          3920.27     -7.3846244E-001
          3931.56     -7.3561981E-001
          3942.85     -7.3054218E-001
          3954.14     -7.2369956E-001
          3965.43     -7.1550517E-001
          3976.72     -7.0631319E-001
          3988.01     -6.9642068E-001
          3999.30     -6.8607208E-001
          4010.59     -6.7546515E-001
          4021.88     -6.6475719E-001
          4033.16     -6.5407127E-001
          4044.45     -6.4350191E-001
          4055.74     -6.3312019E-001
          4067.03     -6.2297818E-001
          4078.32     -6.1165787E-001
          4089.61     -5.9825351E-001
          4100.90     -5.8347791E-001
          4112.19     -5.6791257E-001
          4123.48     -5.5201427E-001
          4134.77     -5.3612949E-001
          4146.05     -5.2051194E-001
          4157.34     -5.0534020E-001
          4168.63     -4.9073371E-001
          4179.92     -4.7676658E-001
          4191.21     -4.6347896E-001
          4202.50     -4.5088603E-001
          4213.79     -4.3898510E-001
          4225.08     -4.2674479E-001
          4236.37     -4.1354393E-001
          4247.66     -3.9988804E-001
          4258.95     -3.8616190E-001
          4270.23     -3.7264611E-001
          4281.52     -3.5953613E-001
          4292.81     -3.4696045E-001
          4304.10     -3.3499666E-001
          4315.39     -3.2368482E-001
          4326.68     -3.1303796E-001
          4337.97     -3.0305029E-001
          4349.26     -2.9370333E-001
          4360.55     -2.8497044E-001
          4371.84     -2.7642470E-001
          4383.12     -2.6779917E-001
          4394.41     -2.5926227E-001
          4405.70     -2.5093541E-001
          4416.99     -2.4290219E-001
          4428.28     -2.3521679E-001
          4439.57     -2.2791090E-001
          4450.86     -2.2099953E-001
          4462.15     -2.1448564E-001
          4473.44     -2.0836360E-001
          4484.73     -2.0262194E-001
          4496.02     -1.9724540E-001
          4507.30     -1.9221637E-001
          4518.59     -1.8751603E-001
          4529.88     -1.8310775E-001
          4541.17     -1.7896111E-001
          4552.46     -1.7506512E-001
          4563.75     -1.7140778E-001
          4575.04     -1.6797666E-001
          4586.33     -1.6475921E-001
          4597.62     -1.6174302E-001
          4608.91     -1.5891601E-001
          4620.20     -1.5626654E-001
          4631.48     -1.5378347E-001
          4642.77     -1.5145623E-001
          4654.06     -1.4927484E-001
          4665.35     -1.4722988E-001
          4676.64     -1.4541304E-001
          4687.93     -1.4388940E-001
          4699.22     -1.4261630E-001
          4710.51     -1.4155804E-001
          4721.80     -1.4068450E-001
          4733.09     -1.3997007E-001
          4744.38     -1.3939286E-001
          4755.66     -1.3893404E-001
          4766.95     -1.3857730E-001
          4778.24     -1.3830850E-001
          4789.53     -1.3811531E-001
          4800.82     -1.3798692E-001
          4812.11     -1.3791387E-001
          4823.40     -1.3801482E-001
          4834.69     -1.3838740E-001
          4845.98     -1.3899622E-001
          4857.27     -1.3981119E-001
          4868.55     -1.4080646E-001
          4879.84     -1.4195956E-001
          4891.13     -1.4325081E-001
          4902.42     -1.4466281E-001
          4913.71     -1.4618002E-001
          4925.00     -1.4778851E-001
          4936.29     -1.4947566E-001
          4947.58     -1.5123002E-001
          4958.87     -1.5304108E-001
          4970.16     -1.5499532E-001
          4981.45     -1.5720272E-001
          4992.73     -1.5967342E-001
          5004.02     -1.6238872E-001
          5015.31     -1.6533256E-001
          5026.60     -1.6849098E-001
          5037.89     -1.7185175E-001
          5049.18     -1.7540404E-001
          5060.47     -1.7913819E-001
          5071.76     -1.8304549E-001
          5083.05     -1.8711802E-001
          5094.34     -1.9134850E-001
          5105.62     -1.9573023E-001
          5116.91     -2.0025692E-001
          5128.20     -2.0503460E-001
          5139.49     -2.1017013E-001
          5150.78     -2.1566052E-001
          5162.07     -2.2150489E-001
          5173.36     -2.2770421E-001
          5184.65     -2.3426115E-001
          5195.94     -2.4117999E-001
          5207.23     -2.4846651E-001
          5218.52     -2.5612795E-001
          5229.80     -2.6417297E-001
          5241.09     -2.7261164E-001
          5252.38     -2.8145547E-001
          5263.67     -2.9078386E-001
          5274.96     -3.0068321E-001
          5286.25     -3.1117914E-001
          5297.54     -3.2230082E-001
          5308.83     -3.3408122E-001
          5320.12     -3.4655743E-001
          5331.41     -3.5977105E-001
          5342.70     -3.7376869E-001
          5353.98     -3.8860255E-001
          5365.27     -4.0433100E-001
          5376.56     -4.2101952E-001
          5387.85     -4.3874152E-001
          5399.14     -4.5757950E-001
          5410.43     -4.7755251E-001
          5421.72     -4.9867889E-001
          5433.01     -5.2105584E-001
          5444.30     -5.4479257E-001
          5455.59     -5.7001212E-001
          5466.88     -5.9685376E-001
          5478.16     -6.2547557E-001
          5489.45     -6.5605775E-001
          5500.74     -6.8880659E-001
          5512.03     -7.2395919E-001
          5523.32     -7.6178966E-001
          5534.61     -8.0261638E-001
          5545.90     -8.4681119E-001
          5557.19     -8.9481129E-001
          5568.48     -9.4713403E-001
          5579.77     -1.0035286E+000
          5591.05     -1.0636066E+000
          5602.34     -1.1277999E+000
          5613.63     -1.1966182E+000
          5624.92     -1.2706657E+000
          5636.21     -1.3506620E+000
          5647.50     -1.4374704E+000
          5658.79     -1.5321333E+000
          5670.08     -1.6359195E+000
          5681.37     -1.7503895E+000
          5692.66     -1.8774811E+000
          5703.95     -2.0196266E+000
          5715.23     -1.7119143E+000
          5726.52     -1.1022751E+000
          5737.81     -6.9087579E-001
          5749.10     -4.5489031E-001
          5760.39     -3.1626458E-001
          5771.68     -2.3000145E-001
          5782.97     -1.7321575E-001
          5794.26     -1.3398978E-001
          5805.55     -1.0578833E-001
          5816.84     -8.4831834E-002
          5828.12     -6.8825314E-002
          5839.41     -5.6314711E-002
          5850.70     -4.6344157E-002
          5861.99     -3.8110760E-002
          5873.28     -3.1142839E-002
          5884.57     -2.5240235E-002
          5895.86     -2.0225738E-002
          5907.15     -1.5949295E-002
          5918.44     -1.2286712E-002
          5929.73     -9.1363216E-003
          5941.02     -6.4152114E-003
          5952.30     -4.0558259E-003
          5963.59     -2.0030454E-003
          5974.88     -2.1175855E-004
          5986.17      1.3550859E-003
          5997.46      2.7280540E-003
          6008.75      3.9390087E-003
          6020.04      5.0115068E-003
          6031.33      5.9585455E-003
          6042.62      6.7917140E-003
          6053.91      7.5212077E-003
          6065.20      8.1559317E-003
          6076.48      8.7036148E-003
          6087.77      9.1709185E-003
          6099.06      9.5635320E-003
          6110.35      9.8862603E-003
          6121.64      1.0143108E-002
          6132.93      1.0337341E-002
          6144.22      1.0471561E-002
          6155.51      1.0547119E-002
          6166.80      1.0564494E-002
          6178.09      1.0524143E-002
          6189.38      1.0425992E-002
          6200.66      1.0269392E-002
          6211.95      1.0053087E-002
          6223.24      9.7751648E-003
          6234.53      9.4330055E-003
          6245.82      9.0231970E-003
          6257.11      8.5414330E-003
          6268.40      7.9823788E-003
          6279.69      7.3394951E-003
          6290.98      6.6048146E-003
          6302.27      5.8004881E-003
          6313.55      4.9535538E-003
          6324.84      4.0619771E-003
          6336.13      3.1234907E-003
          6347.42      2.1355763E-003
          6358.71      1.0954441E-003
          6370.00      0.0000000E+000
