          3480.00      0.0000000E+000
          3491.29     -6.9117235E+002
          3502.58     -7.2815117E+002
          3513.87     -7.6226550E+002
          3525.16     -7.9385123E+002
          3536.45     -8.2320362E+002
          3547.73     -8.5058347E+002
          3559.02     -8.7622210E+002
          3570.31     -9.0032561E+002
          3581.60     -9.2307824E+002
          3592.89     -9.4464517E+002
          3604.18     -9.6517507E+002
          3615.47     -9.8480209E+002
          3626.76     -1.0036475E+003
          3638.05     -1.0219493E+003
          3649.34     -1.0398783E+003
          3660.62     -1.0574567E+003
          3671.91     -1.0747162E+003
          3683.20     -1.0916937E+003
          3694.49     -1.1084293E+003
          3705.78     -1.1249635E+003
          3717.07     -1.1413371E+003
          3728.36     -1.1575897E+003
          3739.65     -1.1737595E+003
          3750.94     -1.1898832E+003
          3762.23     -1.2059955E+003
          3773.52     -1.2217679E+003
          3784.80     -1.2370055E+003
          3796.09     -1.2519081E+003
          3807.38     -1.2666372E+003
          3818.67     -1.2813231E+003
          3829.96     -1.2960707E+003
          3841.25     -1.3109646E+003
          3852.54     -1.3260734E+003
          3863.83     -1.3414527E+003
          3875.12     -1.3571479E+003
          3886.41     -1.3731966E+003
          3897.70     -1.3896301E+003
          3908.98     -1.4064752E+003
          3920.27     -1.4233970E+003
          3931.56     -1.4396337E+003
          3942.85     -1.4550269E+003
          3954.14     -1.4699983E+003
          3965.43     -1.4848846E+003
          3976.72     -1.4999523E+003
          3988.01     -1.5154110E+003
          3999.30     -1.5314245E+003
          4010.59     -1.5481213E+003
          4021.88     -1.5656021E+003
          4033.16     -1.5839464E+003
          4044.45     -1.6032181E+003
          4055.74     -1.6234695E+003
          4067.03     -1.6447449E+003
          4078.32     -1.6660065E+003
          4089.61     -1.6866644E+003
          4100.90     -1.7073310E+003
          4112.19     -1.7285031E+003
          4123.48     -1.7505831E+003
          4134.77     -1.7738983E+003
          4146.05     -1.7987178E+003
          4157.34     -1.8252669E+003
          4168.63     -1.8537398E+003
          4179.92     -1.8843094E+003
          4191.21     -1.9171352E+003
          4202.50     -1.9523711E+003
          4213.79     -1.9901703E+003
          4225.08     -2.0309039E+003
          4236.37     -2.0752129E+003
          4247.66     -2.1236436E+003
          4258.95     -2.1767402E+003
          4270.23     -2.2350666E+003
          4281.52     -2.2992272E+003
          4292.81     -2.3698894E+003
          4304.10     -2.4478069E+003
          4315.39     -2.5338467E+003
          4326.68     -2.6290210E+003
          4337.97     -2.7345257E+003
          4349.26     -2.8517900E+003
          4360.55     -2.9825387E+003
          4371.84     -3.1345004E+003
          4383.12     -3.3168978E+003
          4394.41     -3.5352841E+003
          4405.70     -3.7974739E+003
          4416.99     -4.1144979E+003
          4428.28     -4.5021753E+003
          4439.57     -4.9837941E+003
          4450.86     -5.5948851E+003
          4462.15     -6.3922641E+003
          4473.44     -7.4725558E+003
          4484.73     -9.0141999E+003
          4496.02     -1.1386976E+004
          4507.30     -1.5501935E+004
          4518.59     -2.4372347E+004
          4529.88     -5.7804942E+004
          4541.17     -1.4832568E+005
          4552.46     -3.2219753E+004
          4563.75     -1.8005571E+004
          4575.04     -1.2467547E+004
          4586.33     -9.5224011E+003
          4597.62     -7.6961389E+003
          4608.91     -6.4538012E+003
          4620.20     -5.5544415E+003
          4631.48     -4.8735622E+003
          4642.77     -4.3403631E+003
          4654.06     -3.9116155E+003
          4665.35     -3.5594384E+003
          4676.64     -3.2804564E+003
          4687.93     -3.0645600E+003
          4699.22     -2.8908278E+003
          4710.51     -2.7463479E+003
          4721.80     -2.6227803E+003
          4733.09     -2.5145527E+003
          4744.38     -2.4178466E+003
          4755.66     -2.3299969E+003
          4766.95     -2.2491172E+003
          4778.24     -2.1738583E+003
          4789.53     -2.1032475E+003
          4800.82     -2.0365772E+003
          4812.11     -1.9733287E+003
          4823.40     -1.9226854E+003
          4834.69     -1.8894344E+003
          4845.98     -1.8683282E+003
          4857.27     -1.8557079E+003
          4868.55     -1.8489178E+003
          4879.84     -1.8459707E+003
          4891.13     -1.8453472E+003
          4902.42     -1.8458715E+003
          4913.71     -1.8466311E+003
          4925.00     -1.8469230E+003
          4936.29     -1.8462161E+003
          4947.58     -1.8441224E+003
          4958.87     -1.8403740E+003
          4970.16     -1.8412288E+003
          4981.45     -1.8532971E+003
          4992.73     -1.8759463E+003
          5004.02     -1.9069065E+003
          5015.31     -1.9444195E+003
          5026.60     -1.9870615E+003
          5037.89     -2.0336337E+003
          5049.18     -2.0830935E+003
          5060.47     -2.1345116E+003
          5071.76     -2.1870470E+003
          5083.05     -2.2399313E+003
          5094.34     -2.2924617E+003
          5105.62     -2.3439989E+003
          5116.91     -2.3939668E+003
          5128.20     -2.4508200E+003
          5139.49     -2.5220771E+003
          5150.78     -2.6062182E+003
          5162.07     -2.7021190E+003
          5173.36     -2.8089154E+003
          5184.65     -2.9259130E+003
          5195.94     -3.0525247E+003
          5207.23     -3.1882264E+003
          5218.52     -3.3325249E+003
          5229.80     -3.4849351E+003
          5241.09     -3.6449627E+003
          5252.38     -3.8120929E+003
          5263.67     -3.9940637E+003
          5274.96     -4.1992371E+003
          5286.25     -4.4283009E+003
          5297.54     -4.6822912E+003
          5308.83     -4.9625726E+003
          5320.12     -5.2708375E+003
          5331.41     -5.6091185E+003
          5342.70     -5.9798194E+003
          5353.98     -6.3857583E+003
          5365.27     -6.8302265E+003
          5376.56     -7.3170711E+003
          5387.85     -7.8507972E+003
          5399.14     -8.4367025E+003
          5410.43     -9.0601444E+003
          5421.72     -9.7017043E+003
          5433.01     -1.0360360E+004
          5444.30     -1.1035335E+004
          5455.59     -1.1726153E+004
          5466.88     -1.2432687E+004
          5478.16     -1.3155196E+004
          5489.45     -1.3894353E+004
          5500.74     -1.4651275E+004
          5512.03     -1.5427538E+004
          5523.32     -1.6225202E+004
          5534.61     -1.7046832E+004
          5545.90     -1.7895523E+004
          5557.19     -1.8774937E+004
          5568.48     -1.9689347E+004
          5579.77     -2.0269559E+004
          5591.05     -2.0194622E+004
          5602.34     -1.9614707E+004
          5613.63     -1.8715798E+004
          5624.92     -1.7662224E+004
          5636.21     -1.6572707E+004
          5647.50     -1.5520840E+004
          5658.79     -1.4545774E+004
          5670.08     -1.3663971E+004
          5681.37     -1.2878577E+004
          5692.66     -1.2185561E+004
          5703.95     -1.1577406E+004
          5715.23     -3.8433861E+003
          5726.52     -1.3329959E+003
          5737.81     -6.4092105E+002
          5749.10     -3.6486812E+002
          5760.39     -2.2739441E+002
          5771.68     -1.4871267E+002
          5782.97     -9.9238677E+001
          5794.26     -6.5962070E+001
          5805.55     -4.2424827E+001
          5816.84     -2.5118600E+001
          5828.12     -1.1998822E+001
          5839.41     -1.8055331E+000
          5850.70      6.2739058E+000
          5861.99      1.2994365E+001
          5873.28      1.8762500E+001
          5884.57      2.3678329E+001
          5895.86      2.7853871E+001
          5907.15      3.1395776E+001
          5918.44      3.4398531E+001
          5929.73      3.6942907E+001
          5941.02      3.9096700E+001
          5952.30      4.0916238E+001
          5963.59      4.2448078E+001
          5974.88      4.3730629E+001
          5986.17      4.4795570E+001
          5997.46      4.5669061E+001
          6008.75      4.6397724E+001
          6020.04      4.7011860E+001
          6031.33      4.7511551E+001
          6042.62      4.7898513E+001
          6053.91      4.8175234E+001
          6065.20      4.8344439E+001
          6076.48      4.8408743E+001
          6087.77      4.8370408E+001
          6099.06      4.8231158E+001
          6110.35      4.7992059E+001
          6121.64      4.7653437E+001
          6132.93      4.7214799E+001
          6144.22      4.6674814E+001
          6155.51      4.6036018E+001
          6166.80      4.5298097E+001
          6178.09      4.4454374E+001
          6189.38      4.3497366E+001
          6200.66      4.2418482E+001
          6211.95      4.1207730E+001
          6223.24      3.9853407E+001
          6234.53      3.8341742E+001
          6245.82      3.6656438E+001
          6257.11      3.4778125E+001
          6268.40      3.2683663E+001
          6279.69      3.0345234E+001
          6290.98      2.7729181E+001
          6302.27      2.4818280E+001
          6313.55      2.1607657E+001
          6324.84      1.8073180E+001
          6336.13      1.4185184E+001
          6347.42      9.9076038E+000
          6358.71      5.1968069E+000
          6370.00      0.0000000E+000
