          3480.00     -2.3059593E-004
          3491.29     -2.3146832E-004
          3502.58     -2.3229155E-004
          3513.87     -2.3306650E-004
          3525.16     -2.3379399E-004
          3536.45     -2.3447480E-004
          3547.73     -2.3510967E-004
          3559.02     -2.3569930E-004
          3570.31     -2.3624435E-004
          3581.60     -2.3674542E-004
          3592.89     -2.3720312E-004
          3604.18     -2.3761798E-004
          3615.47     -2.3799052E-004
          3626.76     -2.3832123E-004
          3638.05     -2.3861044E-004
          3649.34     -2.3885843E-004
          3660.62     -2.3906556E-004
          3671.91     -2.3923214E-004
          3683.20     -2.3935849E-004
          3694.49     -2.3944486E-004
          3705.78     -2.3949151E-004
          3717.07     -2.3949863E-004
          3728.36     -2.3946641E-004
          3739.65     -2.3939501E-004
          3750.94     -2.3928455E-004
          3762.23     -2.3913513E-004
          3773.52     -2.3894729E-004
          3784.80     -2.3872160E-004
          3796.09     -2.3845816E-004
          3807.38     -2.3815708E-004
          3818.67     -2.3781843E-004
          3829.96     -2.3744225E-004
          3841.25     -2.3702856E-004
          3852.54     -2.3657736E-004
          3863.83     -2.3608863E-004
          3875.12     -2.3556232E-004
          3886.41     -2.3499836E-004
          3897.70     -2.3439667E-004
          3908.98     -2.3375713E-004
          3920.27     -2.3308004E-004
          3931.56     -2.3236644E-004
          3942.85     -2.3161704E-004
          3954.14     -2.3083196E-004
          3965.43     -2.3001125E-004
          3976.72     -2.2915497E-004
          3988.01     -2.2826315E-004
          3999.30     -2.2733580E-004
          4010.59     -2.2637291E-004
          4021.88     -2.2537447E-004
          4033.16     -2.2434043E-004
          4044.45     -2.2327073E-004
          4055.74     -2.2216530E-004
          4067.03     -2.2102403E-004
          4078.32     -2.1984854E-004
          4089.61     -2.1864083E-004
          4100.90     -2.1740133E-004
          4112.19     -2.1613047E-004
          4123.48     -2.1482867E-004
          4134.77     -2.1349631E-004
          4146.05     -2.1213378E-004
          4157.34     -2.1074144E-004
          4168.63     -2.0931965E-004
          4179.92     -2.0786875E-004
          4191.21     -2.0638904E-004
          4202.50     -2.0488085E-004
          4213.79     -2.0334448E-004
          4225.08     -2.0178393E-004
          4236.37     -2.0020385E-004
          4247.66     -1.9860549E-004
          4258.95     -1.9699009E-004
          4270.23     -1.9535886E-004
          4281.52     -1.9371302E-004
          4292.81     -1.9205376E-004
          4304.10     -1.9038229E-004
          4315.39     -1.8869979E-004
          4326.68     -1.8700744E-004
          4337.97     -1.8530640E-004
          4349.26     -1.8359784E-004
          4360.55     -1.8188291E-004
          4371.84     -1.8016982E-004
          4383.12     -1.7846748E-004
          4394.41     -1.7677809E-004
          4405.70     -1.7510386E-004
          4416.99     -1.7344702E-004
          4428.28     -1.7180977E-004
          4439.57     -1.7019434E-004
          4450.86     -1.6860292E-004
          4462.15     -1.6703775E-004
          4473.44     -1.6550105E-004
          4484.73     -1.6399503E-004
          4496.02     -1.6252192E-004
          4507.30     -1.6108397E-004
          4518.59     -1.5968340E-004
          4529.88     -1.5832379E-004
          4541.17     -1.5700876E-004
          4552.46     -1.5574070E-004
          4563.75     -1.5452200E-004
          4575.04     -1.5335506E-004
          4586.33     -1.5224228E-004
          4597.62     -1.5118608E-004
          4608.91     -1.5018890E-004
          4620.20     -1.4925318E-004
          4631.48     -1.4838137E-004
          4642.77     -1.4757595E-004
          4654.06     -1.4683938E-004
          4665.35     -1.4617418E-004
          4676.64     -1.4556641E-004
          4687.93     -1.4500144E-004
          4699.22     -1.4448079E-004
          4710.51     -1.4400597E-004
          4721.80     -1.4357851E-004
          4733.09     -1.4319994E-004
          4744.38     -1.4287180E-004
          4755.66     -1.4259564E-004
          4766.95     -1.4237303E-004
          4778.24     -1.4220555E-004
          4789.53     -1.4209478E-004
          4800.82     -1.4204232E-004
          4812.11     -1.4204978E-004
          4823.40     -1.4209598E-004
          4834.69     -1.4215906E-004
          4845.98     -1.4223957E-004
          4857.27     -1.4233809E-004
          4868.55     -1.4245518E-004
          4879.84     -1.4259142E-004
          4891.13     -1.4274737E-004
          4902.42     -1.4292362E-004
          4913.71     -1.4312075E-004
          4925.00     -1.4333933E-004
          4936.29     -1.4357996E-004
          4947.58     -1.4384322E-004
          4958.87     -1.4412971E-004
          4970.16     -1.4443000E-004
          4981.45     -1.4473151E-004
          4992.73     -1.4503146E-004
          5004.02     -1.4532995E-004
          5015.31     -1.4562710E-004
          5026.60     -1.4592301E-004
          5037.89     -1.4621780E-004
          5049.18     -1.4651157E-004
          5060.47     -1.4680443E-004
          5071.76     -1.4709648E-004
          5083.05     -1.4738782E-004
          5094.34     -1.4767854E-004
          5105.62     -1.4796876E-004
          5116.91     -1.4825855E-004
          5128.20     -1.4854363E-004
          5139.49     -1.4881959E-004
          5150.78     -1.4908639E-004
          5162.07     -1.4934398E-004
          5173.36     -1.4959230E-004
          5184.65     -1.4983130E-004
          5195.94     -1.5006091E-004
          5207.23     -1.5028107E-004
          5218.52     -1.5049171E-004
          5229.80     -1.5069277E-004
          5241.09     -1.5088415E-004
          5252.38     -1.5106580E-004
          5263.67     -1.5123674E-004
          5274.96     -1.5139597E-004
          5286.25     -1.5154338E-004
          5297.54     -1.5167886E-004
          5308.83     -1.5180229E-004
          5320.12     -1.5191353E-004
          5331.41     -1.5201246E-004
          5342.70     -1.5209896E-004
          5353.98     -1.5217287E-004
          5365.27     -1.5223408E-004
          5376.56     -1.5228242E-004
          5387.85     -1.5231777E-004
          5399.14     -1.5233997E-004
          5410.43     -1.5234910E-004
          5421.72     -1.5234527E-004
          5433.01     -1.5232832E-004
          5444.30     -1.5229810E-004
          5455.59     -1.5225445E-004
          5466.88     -1.5219723E-004
          5478.16     -1.5212626E-004
          5489.45     -1.5204139E-004
          5500.74     -1.5194244E-004
          5512.03     -1.5182925E-004
          5523.32     -1.5170164E-004
          5534.61     -1.5155943E-004
          5545.90     -1.5140245E-004
          5557.19     -1.5123051E-004
          5568.48     -1.5104341E-004
          5579.77     -1.5084107E-004
          5591.05     -1.5062339E-004
          5602.34     -1.5039023E-004
          5613.63     -1.5014143E-004
          5624.92     -1.4987684E-004
          5636.21     -1.4959629E-004
          5647.50     -1.4929963E-004
          5658.79     -1.4898669E-004
          5670.08     -1.4865730E-004
          5681.37     -1.4831132E-004
          5692.66     -1.4794865E-004
          5703.95     -1.4756916E-004
          5715.23     -1.4706337E-004
          5726.52     -1.4632778E-004
          5737.81     -1.4537121E-004
          5749.10     -1.4420240E-004
          5760.39     -1.4282998E-004
          5771.68     -1.4126251E-004
          5782.97     -1.3950843E-004
          5794.26     -1.3757602E-004
          5805.55     -1.3547339E-004
          5816.84     -1.3320864E-004
          5828.12     -1.3078976E-004
          5839.41     -1.2822473E-004
          5850.70     -1.2552146E-004
          5861.99     -1.2265651E-004
          5873.28     -1.1960975E-004
          5884.57     -1.1639389E-004
          5895.86     -1.1302158E-004
          5907.15     -1.0950542E-004
          5918.44     -1.0585793E-004
          5929.73     -1.0209163E-004
          5941.02     -9.8218918E-005
          5952.30     -9.4252103E-005
          5963.59     -9.0203394E-005
          5974.88     -8.6084902E-005
          5986.17     -8.1908655E-005
          5997.46     -7.7686595E-005
          6008.75     -7.3429170E-005
          6020.04     -6.9149089E-005
          6031.33     -6.4861425E-005
          6042.62     -6.0581067E-005
          6053.91     -5.6322828E-005
          6065.20     -5.2101425E-005
          6076.48     -4.7931474E-005
          6087.77     -4.3827500E-005
          6099.06     -3.9803949E-005
          6110.35     -3.5875234E-005
          6121.64     -3.2055740E-005
          6132.93     -2.8359867E-005
          6144.22     -2.4802000E-005
          6155.51     -2.1405910E-005
          6166.80     -1.8196349E-005
          6178.09     -1.5188960E-005
          6189.38     -1.2399270E-005
          6200.66     -9.8427988E-006
          6211.95     -7.5350866E-006
          6223.24     -5.4916990E-006
          6234.53     -3.7282359E-006
          6245.82     -2.2603228E-006
          6257.11     -1.1036202E-006
          6268.40     -2.7382704E-007
          6279.69      2.1332273E-007
          6290.98      3.4205000E-007
          6302.27      2.8727319E-007
          6313.55      2.3445839E-007
          6324.84      1.8361067E-007
          6336.13      1.3473526E-007
          6347.42      8.7837729E-008
          6358.71      4.2923987E-008
          6370.00     -8.4499629E-040
