          3480.00     -2.3059593E-004
          3491.29     -2.3025765E-004
          3502.58     -2.2990624E-004
          3513.87     -2.2954171E-004
          3525.16     -2.2916407E-004
          3536.45     -2.2877331E-004
          3547.73     -2.2836944E-004
          3559.02     -2.2795244E-004
          3570.31     -2.2752230E-004
          3581.60     -2.2707901E-004
          3592.89     -2.2662254E-004
          3604.18     -2.2615287E-004
          3615.47     -2.2566999E-004
          3626.76     -2.2517391E-004
          3638.05     -2.2466460E-004
          3649.34     -2.2414205E-004
          3660.62     -2.2360623E-004
          3671.91     -2.2305710E-004
          3683.20     -2.2249465E-004
          3694.49     -2.2191882E-004
          3705.78     -2.2132960E-004
          3717.07     -2.2072693E-004
          3728.36     -2.2011078E-004
          3739.65     -2.1948110E-004
          3750.94     -2.1883784E-004
          3762.23     -2.1818095E-004
          3773.52     -2.1751037E-004
          3784.80     -2.1682609E-004
          3796.09     -2.1612808E-004
          3807.38     -2.1541631E-004
          3818.67     -2.1469075E-004
          3829.96     -2.1395136E-004
          3841.25     -2.1319811E-004
          3852.54     -2.1243095E-004
          3863.83     -2.1164986E-004
          3875.12     -2.1085477E-004
          3886.41     -2.1004566E-004
          3897.70     -2.0922246E-004
          3908.98     -2.0838512E-004
          3920.27     -2.0753359E-004
          3931.56     -2.0666778E-004
          3942.85     -2.0578771E-004
          3954.14     -2.0489344E-004
          3965.43     -2.0398499E-004
          3976.72     -2.0306241E-004
          3988.01     -2.0212575E-004
          3999.30     -2.0117504E-004
          4010.59     -2.0021031E-004
          4021.88     -1.9923160E-004
          4033.16     -1.9823894E-004
          4044.45     -1.9723235E-004
          4055.74     -1.9621187E-004
          4067.03     -1.9517751E-004
          4078.32     -1.9412942E-004
          4089.61     -1.9306791E-004
          4100.90     -1.9199323E-004
          4112.19     -1.9090562E-004
          4123.48     -1.8980533E-004
          4134.77     -1.8869260E-004
          4146.05     -1.8756766E-004
          4157.34     -1.8643076E-004
          4168.63     -1.8528214E-004
          4179.92     -1.8412201E-004
          4191.21     -1.8295063E-004
          4202.50     -1.8176822E-004
          4213.79     -1.8057500E-004
          4225.08     -1.7937251E-004
          4236.37     -1.7816255E-004
          4247.66     -1.7694573E-004
          4258.95     -1.7572266E-004
          4270.23     -1.7449396E-004
          4281.52     -1.7326025E-004
          4292.81     -1.7202212E-004
          4304.10     -1.7078020E-004
          4315.39     -1.6953507E-004
          4326.68     -1.6828736E-004
          4337.97     -1.6703766E-004
          4349.26     -1.6578657E-004
          4360.55     -1.6453470E-004
          4371.84     -1.6328593E-004
          4383.12     -1.6204441E-004
          4394.41     -1.6081119E-004
          4405.70     -1.5958730E-004
          4416.99     -1.5837377E-004
          4428.28     -1.5717164E-004
          4439.57     -1.5598196E-004
          4450.86     -1.5480574E-004
          4462.15     -1.5364403E-004
          4473.44     -1.5249787E-004
          4484.73     -1.5136829E-004
          4496.02     -1.5025633E-004
          4507.30     -1.4916302E-004
          4518.59     -1.4808941E-004
          4529.88     -1.4703717E-004
          4541.17     -1.4600800E-004
          4552.46     -1.4500301E-004
          4563.75     -1.4402329E-004
          4575.04     -1.4306992E-004
          4586.33     -1.4214401E-004
          4597.62     -1.4124665E-004
          4608.91     -1.4037895E-004
          4620.20     -1.3954201E-004
          4631.48     -1.3873693E-004
          4642.77     -1.3796483E-004
          4654.06     -1.3722681E-004
          4665.35     -1.3652398E-004
          4676.64     -1.3584954E-004
          4687.93     -1.3519635E-004
          4699.22     -1.3456512E-004
          4710.51     -1.3395650E-004
          4721.80     -1.3337118E-004
          4733.09     -1.3280984E-004
          4744.38     -1.3227317E-004
          4755.66     -1.3176184E-004
          4766.95     -1.3127655E-004
          4778.24     -1.3081798E-004
          4789.53     -1.3038682E-004
          4800.82     -1.2998378E-004
          4812.11     -1.2960955E-004
          4823.40     -1.2925395E-004
          4834.69     -1.2890651E-004
          4845.98     -1.2856745E-004
          4857.27     -1.2823699E-004
          4868.55     -1.2791535E-004
          4879.84     -1.2760277E-004
          4891.13     -1.2729945E-004
          4902.42     -1.2700564E-004
          4913.71     -1.2672155E-004
          4925.00     -1.2644742E-004
          4936.29     -1.2618347E-004
          4947.58     -1.2592993E-004
          4958.87     -1.2568703E-004
          4970.16     -1.2545037E-004
          4981.45     -1.2521405E-004
          4992.73     -1.2497676E-004
          5004.02     -1.2473848E-004
          5015.31     -1.2449924E-004
          5026.60     -1.2425904E-004
          5037.89     -1.2401789E-004
          5049.18     -1.2377579E-004
          5060.47     -1.2353275E-004
          5071.76     -1.2328878E-004
          5083.05     -1.2304389E-004
          5094.34     -1.2279809E-004
          5105.62     -1.2255138E-004
          5116.91     -1.2230377E-004
          5128.20     -1.2205339E-004
          5139.49     -1.2179830E-004
          5150.78     -1.2153845E-004
          5162.07     -1.2127378E-004
          5173.36     -1.2100423E-004
          5184.65     -1.2072974E-004
          5195.94     -1.2045025E-004
          5207.23     -1.2016570E-004
          5218.52     -1.1987603E-004
          5229.80     -1.1958118E-004
          5241.09     -1.1928109E-004
          5252.38     -1.1897571E-004
          5263.67     -1.1866463E-004
          5274.96     -1.1834746E-004
          5286.25     -1.1802414E-004
          5297.54     -1.1769458E-004
          5308.83     -1.1735870E-004
          5320.12     -1.1701644E-004
          5331.41     -1.1666771E-004
          5342.70     -1.1631244E-004
          5353.98     -1.1595056E-004
          5365.27     -1.1558198E-004
          5376.56     -1.1520663E-004
          5387.85     -1.1482443E-004
          5399.14     -1.1443531E-004
          5410.43     -1.1403925E-004
          5421.72     -1.1363623E-004
          5433.01     -1.1322618E-004
          5444.30     -1.1280902E-004
          5455.59     -1.1238469E-004
          5466.88     -1.1195310E-004
          5478.16     -1.1151420E-004
          5489.45     -1.1106790E-004
          5500.74     -1.1061413E-004
          5512.03     -1.1015282E-004
          5523.32     -1.0968390E-004
          5534.61     -1.0920728E-004
          5545.90     -1.0872290E-004
          5557.19     -1.0823068E-004
          5568.48     -1.0773054E-004
          5579.77     -1.0722230E-004
          5591.05     -1.0670577E-004
          5602.34     -1.0618092E-004
          5613.63     -1.0564771E-004
          5624.92     -1.0510609E-004
          5636.21     -1.0455601E-004
          5647.50     -1.0399744E-004
          5658.79     -1.0343034E-004
          5670.08     -1.0285465E-004
          5681.37     -1.0227037E-004
          5692.66     -1.0167753E-004
          5703.95     -1.0107616E-004
          5715.23     -1.0040018E-004
          5726.52     -9.9587095E-005
          5737.81     -9.8642343E-005
          5749.10     -9.7571299E-005
          5760.39     -9.6379299E-005
          5771.68     -9.5071632E-005
          5782.97     -9.3653538E-005
          5794.26     -9.2130148E-005
          5805.55     -9.0506503E-005
          5816.84     -8.8787620E-005
          5828.12     -8.6978490E-005
          5839.41     -8.5084083E-005
          5850.70     -8.3109344E-005
          5861.99     -8.1040905E-005
          5873.28     -7.8867349E-005
          5884.57     -7.6596505E-005
          5895.86     -7.4236163E-005
          5907.15     -7.1794084E-005
          5918.44     -6.9278020E-005
          5929.73     -6.6695713E-005
          5941.02     -6.4054848E-005
          5952.30     -6.1363055E-005
          5963.59     -5.8627912E-005
          5974.88     -5.5856943E-005
          5986.17     -5.3057624E-005
          5997.46     -5.0237385E-005
          6008.75     -4.7403726E-005
          6020.04     -4.4565484E-005
          6031.33     -4.1731921E-005
          6042.62     -3.8912181E-005
          6053.91     -3.6115363E-005
          6065.20     -3.3350506E-005
          6076.48     -3.0626581E-005
          6087.77     -2.7952501E-005
          6099.06     -2.5337123E-005
          6110.35     -2.2789282E-005
          6121.64     -2.0317787E-005
          6132.93     -1.7931459E-005
          6144.22     -1.5639104E-005
          6155.51     -1.3455845E-005
          6166.80     -1.1397370E-005
          6178.09     -9.4731872E-006
          6189.38     -7.6927177E-006
          6200.66     -6.0653645E-006
          6211.95     -4.6005315E-006
          6223.24     -3.3076245E-006
          6234.53     -2.1960565E-006
          6245.82     -1.2752409E-006
          6257.11     -5.5459697E-007
          6268.40     -4.3551170E-008
          6279.69      2.4846622E-007
          6290.98      3.1201537E-007
          6302.27      2.5949291E-007
          6313.55      2.0960180E-007
          6324.84      1.6235294E-007
          6336.13      1.1775727E-007
          6347.42      7.5825879E-008
          6358.71      3.6569868E-008
          6370.00      8.4428717E-039
