          3480.00      6.9898332E-025
          3491.29      4.7533040E-009
          3502.58      1.0212473E-008
          3513.87      1.6364639E-008
          3525.16      2.3206305E-008
          3536.45      3.0742847E-008
          3547.73      3.8988076E-008
          3559.02      4.7963893E-008
          3570.31      5.7700095E-008
          3581.60      6.8234193E-008
          3592.89      7.9611354E-008
          3604.18      9.1884399E-008
          3615.47      1.0511383E-007
          3626.76      1.1936807E-007
          3638.05      1.3472708E-007
          3649.34      1.5128031E-007
          3660.62      1.6912308E-007
          3671.91      1.8835992E-007
          3683.20      2.0910501E-007
          3694.49      2.3148277E-007
          3705.78      2.5562835E-007
          3717.07      2.8168842E-007
          3728.36      3.0982188E-007
          3739.65      3.4020053E-007
          3750.94      3.7301015E-007
          3762.23      4.0845133E-007
          3773.52      4.4673970E-007
          3784.80      4.8810528E-007
          3796.09      5.3279559E-007
          3807.38      5.8107767E-007
          3818.67      6.3323932E-007
          3829.96      6.8959040E-007
          3841.25      7.5046468E-007
          3852.54      8.1622132E-007
          3863.83      8.8724670E-007
          3875.12      9.6395646E-007
          3886.41      1.0467973E-006
          3897.70      1.1362495E-006
          3908.98      1.2328293E-006
          3920.27      1.3371044E-006
          3931.56      1.4497036E-006
          3942.85      1.5712781E-006
          3954.14      1.7025005E-006
          3965.43      1.8440948E-006
          3976.72      1.9968387E-006
          3988.01      2.1615683E-006
          3999.30      2.3391816E-006
          4010.59      2.5306421E-006
          4021.88      2.7369841E-006
          4033.16      2.9593169E-006
          4044.45      3.1988301E-006
          4055.74      3.4567991E-006
          4067.03      3.7345900E-006
          4078.32      4.0337662E-006
          4089.61      4.3559655E-006
          4100.90      4.7028232E-006
          4112.19      5.0760955E-006
          4123.48      5.4776659E-006
          4134.77      5.9095534E-006
          4146.05      6.3739218E-006
          4157.34      6.8730867E-006
          4168.63      7.4095279E-006
          4179.92      7.9858992E-006
          4191.21      8.6050370E-006
          4202.50      9.2699758E-006
          4213.79      9.9839590E-006
          4225.08      1.0750280E-005
          4236.37      1.1572411E-005
          4247.66      1.2454212E-005
          4258.95      1.3399808E-005
          4270.23      1.4413607E-005
          4281.52      1.5500307E-005
          4292.81      1.6664928E-005
          4304.10      1.7912821E-005
          4315.39      1.9249697E-005
          4326.68      2.0681642E-005
          4337.97      2.2215143E-005
          4349.26      2.3857114E-005
          4360.55      2.5614925E-005
          4371.84      2.7494771E-005
          4383.12      2.9503338E-005
          4394.41      3.1649471E-005
          4405.70      3.3942559E-005
          4416.99      3.6392573E-005
          4428.28      3.9010093E-005
          4439.57      4.1806359E-005
          4450.86      4.4793312E-005
          4462.15      4.7983620E-005
          4473.44      5.1390747E-005
          4484.73      5.5028988E-005
          4496.02      5.8913519E-005
          4507.30      6.3060462E-005
          4518.59      6.7486919E-005
          4529.88      7.2210317E-005
          4541.17      7.7249223E-005
          4552.46      8.2624123E-005
          4563.75      8.8356755E-005
          4575.04      9.4470173E-005
          4586.33      1.0098882E-004
          4597.62      1.0793863E-004
          4608.91      1.1534709E-004
          4620.20      1.2324333E-004
          4631.48      1.3165827E-004
          4642.77      1.4062466E-004
          4654.06      1.5017722E-004
          4665.35      1.6035274E-004
          4676.64      1.7121200E-004
          4687.93      1.8281713E-004
          4699.22      1.9521069E-004
          4710.51      2.0843819E-004
          4721.80      2.2254822E-004
          4733.09      2.3759253E-004
          4744.38      2.5362629E-004
          4755.66      2.7070821E-004
          4766.95      2.8890067E-004
          4778.24      3.0827002E-004
          4789.53      3.2888662E-004
          4800.82      3.5082521E-004
          4812.11      3.7416510E-004
          4823.40      3.9907898E-004
          4834.69      4.2574075E-004
          4845.98      4.5424000E-004
          4857.27      4.8467319E-004
          4868.55      5.1714392E-004
          4879.84      5.5176314E-004
          4891.13      5.8864957E-004
          4902.42      6.2792997E-004
          4913.71      6.6973942E-004
          4925.00      7.1422183E-004
          4936.29      7.6153028E-004
          4947.58      8.1182745E-004
          4958.87      8.6528616E-004
          4970.16      9.2223773E-004
          4981.45      9.8307017E-004
          4992.73      1.0480319E-003
          5004.02      1.1173340E-003
          5015.31      1.1912034E-003
          5026.60      1.2698827E-003
          5037.89      1.3536317E-003
          5049.18      1.4427276E-003
          5060.47      1.5374654E-003
          5071.76      1.6381595E-003
          5083.05      1.7451443E-003
          5094.34      1.8587744E-003
          5105.62      1.9794267E-003
          5116.91      2.1075008E-003
          5128.20      2.2437057E-003
          5139.49      2.3887649E-003
          5150.78      2.5431400E-003
          5162.07      2.7073240E-003
          5173.36      2.8818427E-003
          5184.65      3.0672556E-003
          5195.94      3.2641578E-003
          5207.23      3.4731818E-003
          5218.52      3.6949983E-003
          5229.80      3.9303193E-003
          5241.09      4.1798983E-003
          5252.38      4.4445340E-003
          5263.67      4.7252824E-003
          5274.96      5.0232395E-003
          5286.25      5.3393407E-003
          5297.54      5.6745775E-003
          5308.83      6.0300007E-003
          5320.12      6.4067232E-003
          5331.41      6.8059215E-003
          5342.70      7.2288411E-003
          5353.98      7.6767987E-003
          5365.27      8.1511844E-003
          5376.56      8.6534675E-003
          5387.85      9.1851995E-003
          5399.14      9.7480176E-003
          5410.43      1.0343424E-002
          5421.72      1.0973024E-002
          5433.01      1.1638756E-002
          5444.30      1.2342661E-002
          5455.59      1.3086883E-002
          5466.88      1.3873684E-002
          5478.16      1.4705442E-002
          5489.45      1.5584661E-002
          5500.74      1.6513979E-002
          5512.03      1.7496167E-002
          5523.32      1.8534146E-002
          5534.61      1.9630989E-002
          5545.90      2.0789927E-002
          5557.19      2.2014364E-002
          5568.48      2.3307877E-002
          5579.77      2.4672339E-002
          5591.05      2.6109942E-002
          5602.34      2.7625020E-002
          5613.63      2.9222107E-002
          5624.92      3.0905944E-002
          5636.21      3.2681488E-002
          5647.50      3.4553933E-002
          5658.79      3.6528717E-002
          5670.08      3.8611538E-002
          5681.37      4.0808373E-002
          5692.66      4.3125484E-002
          5703.95      4.5569441E-002
          5715.23      4.7464188E-002
          5726.52      4.8190055E-002
          5737.81      4.7832914E-002
          5749.10      4.6471687E-002
          5760.39      4.4178838E-002
          5771.68      4.1020829E-002
          5782.97      3.7058547E-002
          5794.26      3.2347490E-002
          5805.55      2.6938323E-002
          5816.84      2.0877621E-002
          5828.12      1.4208185E-002
          5839.41      6.9693613E-003
          5850.70     -8.0268099E-004
          5861.99     -9.3497397E-003
          5873.28     -1.8871225E-002
          5884.57     -2.9273538E-002
          5895.86     -4.0467800E-002
          5907.15     -5.2369253E-002
          5918.44     -6.4896592E-002
          5929.73     -7.7971531E-002
          5941.02     -9.1518640E-002
          5952.30     -1.0546489E-001
          5963.59     -1.1973914E-001
          5974.88     -1.3427171E-001
          5986.17     -1.4899390E-001
          5997.46     -1.6383758E-001
          6008.75     -1.7892129E-001
          6020.04     -1.9432273E-001
          6031.33     -2.0991443E-001
          6042.62     -2.2556998E-001
          6053.91     -2.4116262E-001
          6065.20     -2.5656469E-001
          6076.48     -2.7164692E-001
          6087.77     -2.8627775E-001
          6099.06     -3.0032239E-001
          6110.35     -3.1364192E-001
          6121.64     -3.2609253E-001
          6132.93     -3.3752451E-001
          6144.22     -3.4778199E-001
          6155.51     -3.5676801E-001
          6166.80     -3.6435610E-001
          6178.09     -3.7033662E-001
          6189.38     -3.7449185E-001
          6200.66     -3.7659401E-001
          6211.95     -3.7640392E-001
          6223.24     -3.7366996E-001
          6234.53     -3.6812699E-001
          6245.82     -3.5949522E-001
          6257.11     -3.4747910E-001
          6268.40     -3.3176609E-001
          6279.69     -3.1202547E-001
          6290.98     -2.8790694E-001
          6302.27     -2.5944943E-001
          6313.55     -2.2690390E-001
          6324.84     -1.9020818E-001
          6336.13     -1.4928064E-001
          6347.42     -1.0402029E-001
          6358.71     -5.4306774E-002
          6370.00      1.6303667E-034
