          3480.00     -7.1445905E-036
          3491.29     -2.2280078E-008
          3502.58     -4.4234619E-008
          3513.87     -6.5875247E-008
          3525.16     -8.7213081E-008
          3536.45     -1.0825886E-007
          3547.73     -1.2902291E-007
          3559.02     -1.4951508E-007
          3570.31     -1.6974489E-007
          3581.60     -1.8972145E-007
          3592.89     -2.0945353E-007
          3604.18     -2.2894943E-007
          3615.47     -2.4821688E-007
          3626.76     -2.6726322E-007
          3638.05     -2.8609012E-007
          3649.34     -3.0469949E-007
          3660.62     -3.2309851E-007
          3671.91     -3.4129402E-007
          3683.20     -3.5929258E-007
          3694.49     -3.7710042E-007
          3705.78     -3.9472348E-007
          3717.07     -4.1216743E-007
          3728.36     -4.2943767E-007
          3739.65     -4.4653928E-007
          3750.94     -4.6347711E-007
          3762.23     -4.8025576E-007
          3773.52     -4.9691033E-007
          3784.80     -5.1347390E-007
          3796.09     -5.2994772E-007
          3807.38     -5.4633292E-007
          3818.67     -5.6263046E-007
          3829.96     -5.7884112E-007
          3841.25     -5.9496553E-007
          3852.54     -6.1100413E-007
          3863.83     -6.2695719E-007
          3875.12     -6.4282484E-007
          3886.41     -6.5860697E-007
          3897.70     -6.7430336E-007
          3908.98     -6.8991364E-007
          3920.27     -7.0549012E-007
          3931.56     -7.2116933E-007
          3942.85     -7.3702984E-007
          3954.14     -7.5306174E-007
          3965.43     -7.6925526E-007
          3976.72     -7.8560065E-007
          3988.01     -8.0208824E-007
          3999.30     -8.1870843E-007
          4010.59     -8.3545159E-007
          4021.88     -8.5230814E-007
          4033.16     -8.6926852E-007
          4044.45     -8.8632318E-007
          4055.74     -9.0346257E-007
          4067.03     -9.2067706E-007
          4078.32     -9.3829879E-007
          4089.61     -9.5664546E-007
          4100.90     -9.7568619E-007
          4112.19     -9.9539065E-007
          4123.48     -1.0157290E-006
          4134.77     -1.0366716E-006
          4146.05     -1.0581897E-006
          4157.34     -1.0802544E-006
          4168.63     -1.1028373E-006
          4179.92     -1.1259106E-006
          4191.21     -1.1494465E-006
          4202.50     -1.1734175E-006
          4213.79     -1.1977965E-006
          4225.08     -1.2231262E-006
          4236.37     -1.2499226E-006
          4247.66     -1.2781190E-006
          4258.95     -1.3076495E-006
          4270.23     -1.3384493E-006
          4281.52     -1.3704544E-006
          4292.81     -1.4036016E-006
          4304.10     -1.4378284E-006
          4315.39     -1.4730732E-006
          4326.68     -1.5092748E-006
          4337.97     -1.5463727E-006
          4349.26     -1.5843069E-006
          4360.55     -1.6230181E-006
          4371.84     -1.6629825E-006
          4383.12     -1.7046441E-006
          4394.41     -1.7478962E-006
          4405.70     -1.7926333E-006
          4416.99     -1.8387506E-006
          4428.28     -1.8861442E-006
          4439.57     -1.9347112E-006
          4450.86     -1.9843493E-006
          4462.15     -2.0349568E-006
          4473.44     -2.0864326E-006
          4484.73     -2.1386762E-006
          4496.02     -2.1915875E-006
          4507.30     -2.2450667E-006
          4518.59     -2.2990143E-006
          4529.88     -2.3533749E-006
          4541.17     -2.4080891E-006
          4552.46     -2.4630520E-006
          4563.75     -2.5181590E-006
          4575.04     -2.5733055E-006
          4586.33     -2.6283867E-006
          4597.62     -2.6832980E-006
          4608.91     -2.7379343E-006
          4620.20     -2.7921905E-006
          4631.48     -2.8459613E-006
          4642.77     -2.8991408E-006
          4654.06     -2.9516230E-006
          4665.35     -3.0033012E-006
          4676.64     -3.0538121E-006
          4687.93     -3.1028285E-006
          4699.22     -3.1502963E-006
          4710.51     -3.1961609E-006
          4721.80     -3.2403664E-006
          4733.09     -3.2828558E-006
          4744.38     -3.3235714E-006
          4755.66     -3.3624542E-006
          4766.95     -3.3994441E-006
          4778.24     -3.4344800E-006
          4789.53     -3.4674995E-006
          4800.82     -3.4984393E-006
          4812.11     -3.5272348E-006
          4823.40     -3.5535884E-006
          4834.69     -3.5772411E-006
          4845.98     -3.5981843E-006
          4857.27     -3.6164079E-006
          4868.55     -3.6319001E-006
          4879.84     -3.6446477E-006
          4891.13     -3.6546360E-006
          4902.42     -3.6618488E-006
          4913.71     -3.6662686E-006
          4925.00     -3.6678762E-006
          4936.29     -3.6666510E-006
          4947.58     -3.6625711E-006
          4958.87     -3.6556130E-006
          4970.16     -3.6455658E-006
          4981.45     -3.6321713E-006
          4992.73     -3.6153672E-006
          5004.02     -3.5951523E-006
          5015.31     -3.5715234E-006
          5026.60     -3.5444758E-006
          5037.89     -3.5140032E-006
          5049.18     -3.4800975E-006
          5060.47     -3.4427494E-006
          5071.76     -3.4019477E-006
          5083.05     -3.3576797E-006
          5094.34     -3.3099313E-006
          5105.62     -3.2586867E-006
          5116.91     -3.2039286E-006
          5128.20     -3.1454142E-006
          5139.49     -3.0829048E-006
          5150.78     -3.0163871E-006
          5162.07     -2.9458460E-006
          5173.36     -2.8712650E-006
          5184.65     -2.7926257E-006
          5195.94     -2.7099081E-006
          5207.23     -2.6230906E-006
          5218.52     -2.5321501E-006
          5229.80     -2.4370617E-006
          5241.09     -2.3377989E-006
          5252.38     -2.2343339E-006
          5263.67     -2.1265358E-006
          5274.96     -2.0142739E-006
          5286.25     -1.8975174E-006
          5297.54     -1.7762338E-006
          5308.83     -1.6503892E-006
          5320.12     -1.5199476E-006
          5331.41     -1.3848721E-006
          5342.70     -1.2451235E-006
          5353.98     -1.1006614E-006
          5365.27     -9.5144370E-007
          5376.56     -7.9742667E-007
          5387.85     -6.3856496E-007
          5399.14     -4.7481168E-007
          5410.43     -3.0617852E-007
          5421.72     -1.3267530E-007
          5433.01      4.5750907E-008
          5444.30      2.2915458E-007
          5455.59      4.1759124E-007
          5466.88      6.1111843E-007
          5478.16      8.0979507E-007
          5489.45      1.0136816E-006
          5500.74      1.2228402E-006
          5512.03      1.4373340E-006
          5523.32      1.6572282E-006
          5534.61      1.8825897E-006
          5545.90      2.1134861E-006
          5557.19      2.3499874E-006
          5568.48      2.5921649E-006
          5579.77      2.8398875E-006
          5591.05      3.0930307E-006
          5602.34      3.3516764E-006
          5613.63      3.6159084E-006
          5624.92      3.8858119E-006
          5636.21      4.1614730E-006
          5647.50      4.4429795E-006
          5658.79      4.7304206E-006
          5670.08      5.0238866E-006
          5681.37      5.3234684E-006
          5692.66      5.6292554E-006
          5703.95      5.9413390E-006
          5715.23      6.2316381E-006
          5726.52      6.4734366E-006
          5737.81      6.6688523E-006
          5749.10      6.8199733E-006
          5760.39      6.9288582E-006
          5771.68      6.9975365E-006
          5782.97      7.0280083E-006
          5794.26      7.0222375E-006
          5805.55      6.9821561E-006
          5816.84      6.9096778E-006
          5828.12      6.8066980E-006
          5839.41      6.6750955E-006
          5850.70      6.5167327E-006
          5861.99      6.3245664E-006
          5873.28      6.0923171E-006
          5884.57      5.8229612E-006
          5895.86      5.5194518E-006
          5907.15      5.1847202E-006
          5918.44      4.8216829E-006
          5929.73      4.4332396E-006
          5941.02      4.0222635E-006
          5952.30      3.5916009E-006
          5963.59      3.1440738E-006
          5974.88      2.6824792E-006
          5986.17      2.2095925E-006
          5997.46      1.7281663E-006
          6008.75      1.2391989E-006
          6020.04      7.4422742E-007
          6031.33      2.4675460E-007
          6042.62     -2.4975603E-007
          6053.91     -7.4185976E-007
          6065.20     -1.2261319E-006
          6076.48     -1.6991692E-006
          6087.77     -2.1575877E-006
          6099.06     -2.5980172E-006
          6110.35     -3.0170935E-006
          6121.64     -3.4114564E-006
          6132.93     -3.7777400E-006
          6144.22     -4.1125820E-006
          6155.51     -4.4111993E-006
          6166.80     -4.6685679E-006
          6178.09     -4.8810020E-006
          6189.38     -5.0448326E-006
          6200.66     -5.1563866E-006
          6211.95     -5.2119787E-006
          6223.24     -5.2079103E-006
          6234.53     -5.1404682E-006
          6245.82     -5.0059239E-006
          6257.11     -4.8005317E-006
          6268.40     -4.5205291E-006
          6279.69     -4.1621346E-006
          6290.98     -3.7215460E-006
          6302.27     -3.2317228E-006
          6313.55     -2.7281118E-006
          6324.84     -2.2106247E-006
          6336.13     -1.6791683E-006
          6347.42     -1.1336455E-006
          6358.71     -5.7395733E-007
          6370.00     -5.5379372E-043
