          3480.00      4.7601557E-031
          3491.29     -1.6720134E-003
          3502.58     -3.3315430E-003
          3513.87     -4.9789674E-003
          3525.16     -6.6146490E-003
          3536.45     -8.2389441E-003
          3547.73     -9.8521980E-003
          3559.02     -1.1454741E-002
          3570.31     -1.3046899E-002
          3581.60     -1.4628985E-002
          3592.89     -1.6201303E-002
          3604.18     -1.7764144E-002
          3615.47     -1.9317770E-002
          3626.76     -2.0862431E-002
          3638.05     -2.2398212E-002
          3649.34     -2.3925203E-002
          3660.62     -2.5443662E-002
          3671.91     -2.6953835E-002
          3683.20     -2.8455960E-002
          3694.49     -2.9950268E-002
          3705.78     -3.1436981E-002
          3717.07     -3.2916314E-002
          3728.36     -3.4388478E-002
          3739.65     -3.5853670E-002
          3750.94     -3.7312086E-002
          3762.23     -3.8763912E-002
          3773.52     -4.0210258E-002
          3784.80     -4.1652162E-002
          3796.09     -4.3089696E-002
          3807.38     -4.4522934E-002
          3818.67     -4.5951944E-002
          3829.96     -4.7376789E-002
          3841.25     -4.8797527E-002
          3852.54     -5.0214213E-002
          3863.83     -5.1626894E-002
          3875.12     -5.3035617E-002
          3886.41     -5.4440418E-002
          3897.70     -5.5841333E-002
          3908.98     -5.7238393E-002
          3920.27     -5.8633198E-002
          3931.56     -6.0029847E-002
          3942.85     -6.1430695E-002
          3954.14     -6.2835457E-002
          3965.43     -6.4243850E-002
          3976.72     -6.5655592E-002
          3988.01     -6.7070399E-002
          3999.30     -6.8487989E-002
          4010.59     -6.9908075E-002
          4021.88     -7.1330374E-002
          4033.16     -7.2754600E-002
          4044.45     -7.4180465E-002
          4055.74     -7.5607683E-002
          4067.03     -7.7035960E-002
          4078.32     -7.8474786E-002
          4089.61     -7.9933208E-002
          4100.90     -8.1410269E-002
          4112.19     -8.2905025E-002
          4123.48     -8.4416538E-002
          4134.77     -8.5943876E-002
          4146.05     -8.7486113E-002
          4157.34     -8.9042326E-002
          4168.63     -9.0611601E-002
          4179.92     -9.2193028E-002
          4191.21     -9.3785696E-002
          4202.50     -9.5388705E-002
          4213.79     -9.7001152E-002
          4225.08     -9.8637383E-002
          4236.37     -1.0031096E-001
          4247.66     -1.0201981E-001
          4258.95     -1.0376190E-001
          4270.23     -1.0553519E-001
          4281.52     -1.0733765E-001
          4292.81     -1.0916728E-001
          4304.10     -1.1102207E-001
          4315.39     -1.1290006E-001
          4326.68     -1.1479924E-001
          4337.97     -1.1671767E-001
          4349.26     -1.1865336E-001
          4360.55     -1.2060438E-001
          4371.84     -1.2258153E-001
          4383.12     -1.2459470E-001
          4394.41     -1.2664063E-001
          4405.70     -1.2871605E-001
          4416.99     -1.3081771E-001
          4428.28     -1.3294235E-001
          4439.57     -1.3508676E-001
          4450.86     -1.3724771E-001
          4462.15     -1.3942199E-001
          4473.44     -1.4160639E-001
          4484.73     -1.4379772E-001
          4496.02     -1.4599278E-001
          4507.30     -1.4818838E-001
          4518.59     -1.5038134E-001
          4529.88     -1.5256924E-001
          4541.17     -1.5474959E-001
          4552.46     -1.5691904E-001
          4563.75     -1.5907424E-001
          4575.04     -1.6121186E-001
          4586.33     -1.6332855E-001
          4597.62     -1.6542096E-001
          4608.91     -1.6748573E-001
          4620.20     -1.6951950E-001
          4631.48     -1.7151891E-001
          4642.77     -1.7348057E-001
          4654.06     -1.7540110E-001
          4665.35     -1.7727712E-001
          4676.64     -1.7910387E-001
          4687.93     -1.8087756E-001
          4699.22     -1.8259617E-001
          4710.51     -1.8425768E-001
          4721.80     -1.8586006E-001
          4733.09     -1.8740125E-001
          4744.38     -1.8887917E-001
          4755.66     -1.9029174E-001
          4766.95     -1.9163685E-001
          4778.24     -1.9291238E-001
          4789.53     -1.9411618E-001
          4800.82     -1.9524609E-001
          4812.11     -1.9629994E-001
          4823.40     -1.9727883E-001
          4834.69     -1.9818488E-001
          4845.98     -1.9901739E-001
          4857.27     -1.9977562E-001
          4868.55     -2.0045883E-001
          4879.84     -2.0106627E-001
          4891.13     -2.0159714E-001
          4902.42     -2.0205064E-001
          4913.71     -2.0242594E-001
          4925.00     -2.0272221E-001
          4936.29     -2.0293857E-001
          4947.58     -2.0307415E-001
          4958.87     -2.0312803E-001
          4970.16     -2.0310060E-001
          4981.45     -2.0299294E-001
          4992.73     -2.0280506E-001
          5004.02     -2.0253670E-001
          5015.31     -2.0218757E-001
          5026.60     -2.0175736E-001
          5037.89     -2.0124574E-001
          5049.18     -2.0065237E-001
          5060.47     -1.9997689E-001
          5071.76     -1.9921890E-001
          5083.05     -1.9837801E-001
          5094.34     -1.9745380E-001
          5105.62     -1.9644582E-001
          5116.91     -1.9535362E-001
          5128.20     -1.9417575E-001
          5139.49     -1.9291087E-001
          5150.78     -1.9155868E-001
          5162.07     -1.9011887E-001
          5173.36     -1.8859110E-001
          5184.65     -1.8697501E-001
          5195.94     -1.8527024E-001
          5207.23     -1.8347638E-001
          5218.52     -1.8159304E-001
          5229.80     -1.7961978E-001
          5241.09     -1.7755617E-001
          5252.38     -1.7540174E-001
          5263.67     -1.7315513E-001
          5274.96     -1.7081498E-001
          5286.25     -1.6838084E-001
          5297.54     -1.6585221E-001
          5308.83     -1.6322860E-001
          5320.12     -1.6050948E-001
          5331.41     -1.5769432E-001
          5342.70     -1.5478257E-001
          5353.98     -1.5177366E-001
          5365.27     -1.4866700E-001
          5376.56     -1.4546200E-001
          5387.85     -1.4215803E-001
          5399.14     -1.3875445E-001
          5410.43     -1.3525128E-001
          5421.72     -1.3164850E-001
          5433.01     -1.2794540E-001
          5444.30     -1.2414126E-001
          5455.59     -1.2023535E-001
          5466.88     -1.1622691E-001
          5478.16     -1.1211516E-001
          5489.45     -1.0789933E-001
          5500.74     -1.0357861E-001
          5512.03     -9.9152194E-002
          5523.32     -9.4619240E-002
          5534.61     -8.9978899E-002
          5545.90     -8.5230318E-002
          5557.19     -8.0372613E-002
          5568.48     -7.5404891E-002
          5579.77     -7.0328874E-002
          5591.05     -6.5146193E-002
          5602.34     -5.9855820E-002
          5613.63     -5.4456696E-002
          5624.92     -4.8947754E-002
          5636.21     -4.3327924E-002
          5647.50     -3.7596114E-002
          5658.79     -3.1751219E-002
          5670.08     -2.5792127E-002
          5681.37     -1.9717736E-002
          5692.66     -1.3526990E-002
          5703.95     -7.2188106E-003
          5715.23     -1.2249721E-003
          5726.52      4.0430254E-003
          5737.81      8.6164539E-003
          5749.10      1.2526262E-002
          5760.39      1.5803078E-002
          5771.68      1.8477208E-002
          5782.97      2.0578617E-002
          5794.26      2.2136843E-002
          5805.55      2.3181054E-002
          5816.84      2.3740218E-002
          5828.12      2.3843121E-002
          5839.41      2.3518373E-002
          5850.70      2.2794404E-002
          5861.99      2.1562374E-002
          5873.28      1.9724570E-002
          5884.57      1.7325792E-002
          5895.86      1.4410574E-002
          5907.15      1.1023208E-002
          5918.44      7.2078294E-003
          5929.73      3.0083885E-003
          5941.02     -1.5315049E-003
          5952.30     -6.3685899E-003
          5963.59     -1.1459935E-002
          5974.88     -1.6762940E-002
          5986.17     -2.2235299E-002
          5997.46     -2.7835038E-002
          6008.75     -3.3546381E-002
          6020.04     -3.9345829E-002
          6031.33     -4.5180659E-002
          6042.62     -5.0998722E-002
          6053.91     -5.6748160E-002
          6065.20     -6.2377425E-002
          6076.48     -6.7835305E-002
          6087.77     -7.3070912E-002
          6099.06     -7.8033590E-002
          6110.35     -8.2672821E-002
          6121.64     -8.6938196E-002
          6132.93     -9.0779287E-002
          6144.22     -9.4145784E-002
          6155.51     -9.6965091E-002
          6166.80     -9.9161242E-002
          6178.09     -1.0067956E-001
          6189.38     -1.0146572E-001
          6200.66     -1.0146542E-001
          6211.95     -1.0062431E-001
          6223.24     -9.8887949E-002
          6234.53     -9.6201825E-002
          6245.82     -9.2511315E-002
          6257.11     -8.7761692E-002
          6268.40     -8.1898130E-002
          6279.69     -7.4865670E-002
          6290.98     -6.6609215E-002
          6302.27     -5.7633424E-002
          6313.55     -4.8479188E-002
          6324.84     -3.9145645E-002
          6336.13     -2.9631888E-002
          6347.42     -1.9936987E-002
          6358.71     -1.0060014E-002
          6370.00     -2.1385488E-037
