          3480.00      3.6732833E-025
          3491.29      1.4373768E-008
          3502.58      3.0784970E-008
          3513.87      4.9195137E-008
          3525.16      6.9589069E-008
          3536.45      9.1973647E-008
          3547.73      1.1637674E-007
          3559.02      1.4284630E-007
          3570.31      1.7144985E-007
          3581.60      2.0227392E-007
          3592.89      2.3542379E-007
          3604.18      2.7102341E-007
          3615.47      3.0921523E-007
          3626.76      3.5016064E-007
          3638.05      3.9405129E-007
          3649.34      4.4110132E-007
          3660.62      4.9153587E-007
          3671.91      5.4560122E-007
          3683.20      6.0356576E-007
          3694.49      6.6572101E-007
          3705.78      7.3238251E-007
          3717.07      8.0389143E-007
          3728.36      8.8061583E-007
          3739.65      9.6295192E-007
          3750.94      1.0513262E-006
          3762.23      1.1461968E-006
          3773.52      1.2480425E-006
          3784.80      1.3573712E-006
          3796.09      1.4747389E-006
          3807.38      1.6007421E-006
          3818.67      1.7360199E-006
          3829.96      1.8812567E-006
          3841.25      2.0371852E-006
          3852.54      2.2045898E-006
          3863.83      2.3843094E-006
          3875.12      2.5772412E-006
          3886.41      2.7843440E-006
          3897.70      3.0066431E-006
          3908.98      3.2452339E-006
          3920.27      3.5012968E-006
          3931.56      3.7761038E-006
          3942.85      4.0709853E-006
          3954.14      4.3873375E-006
          3965.43      4.7266527E-006
          3976.72      5.0905242E-006
          3988.01      5.4806546E-006
          3999.30      5.8988615E-006
          4010.59      6.3470830E-006
          4021.88      6.8273882E-006
          4033.16      7.3419829E-006
          4044.45      7.8932192E-006
          4055.74      8.4836046E-006
          4067.03      9.1158095E-006
          4078.32      9.7926989E-006
          4089.61      1.0517276E-005
          4100.90      1.1292699E-005
          4112.19      1.2122333E-005
          4123.48      1.3009767E-005
          4134.77      1.3958821E-005
          4146.05      1.4973565E-005
          4157.34      1.6058326E-005
          4168.63      1.7217713E-005
          4179.92      1.8456628E-005
          4191.21      1.9780281E-005
          4202.50      2.1194213E-005
          4213.79      2.2704316E-005
          4225.08      2.4315947E-005
          4236.37      2.6034791E-005
          4247.66      2.7867799E-005
          4258.95      2.9822346E-005
          4270.23      3.1906257E-005
          4281.52      3.4127823E-005
          4292.81      3.6495841E-005
          4304.10      3.9019636E-005
          4315.39      4.1709095E-005
          4326.68      4.4574699E-005
          4337.97      4.7627550E-005
          4349.26      5.0879419E-005
          4360.55      5.4342780E-005
          4371.84      5.8026765E-005
          4383.12      6.1941347E-005
          4394.41      6.6101374E-005
          4405.70      7.0522505E-005
          4416.99      7.5221264E-005
          4428.28      8.0215076E-005
          4439.57      8.5522344E-005
          4450.86      9.1162501E-005
          4462.15      9.7156046E-005
          4473.44      1.0352464E-004
          4484.73      1.1029116E-004
          4496.02      1.1747975E-004
          4507.30      1.2511594E-004
          4518.59      1.3322664E-004
          4529.88      1.4183883E-004
          4541.17      1.5098115E-004
          4552.46      1.6068535E-004
          4563.75      1.7098499E-004
          4575.04      1.8191547E-004
          4586.33      1.9351412E-004
          4597.62      2.0582034E-004
          4608.91      2.1887569E-004
          4620.20      2.3272403E-004
          4631.48      2.4741163E-004
          4642.77      2.6298725E-004
          4654.06      2.7950240E-004
          4665.35      2.9701134E-004
          4676.64      3.1560981E-004
          4687.93      3.3539495E-004
          4699.22      3.5642821E-004
          4710.51      3.7877506E-004
          4721.80      4.0250507E-004
          4733.09      4.2769207E-004
          4744.38      4.5441442E-004
          4755.66      4.8275514E-004
          4766.95      5.1280211E-004
          4778.24      5.4464837E-004
          4789.53      5.7839221E-004
          4800.82      6.1413759E-004
          4812.11      6.5199430E-004
          4823.40      6.9222099E-004
          4834.69      7.3507696E-004
          4845.98      7.8068384E-004
          4857.27      8.2917208E-004
          4868.55      8.8068131E-004
          4879.84      9.3536041E-004
          4891.13      9.9336814E-004
          4902.42      1.0548734E-003
          4913.71      1.1200554E-003
          4925.00      1.1891044E-003
          4936.29      1.2622220E-003
          4947.58      1.3396217E-003
          4958.87      1.4215291E-003
          4970.16      1.5084031E-003
          4981.45      1.6007835E-003
          4992.73      1.6989996E-003
          5004.02      1.8033221E-003
          5015.31      1.9140407E-003
          5026.60      2.0314645E-003
          5037.89      2.1559224E-003
          5049.18      2.2877643E-003
          5060.47      2.4273614E-003
          5071.76      2.5751074E-003
          5083.05      2.7314196E-003
          5094.34      2.8967390E-003
          5105.62      3.0715320E-003
          5116.91      3.2562916E-003
          5128.20      3.4519318E-003
          5139.49      3.6593825E-003
          5150.78      3.8792056E-003
          5162.07      4.1119998E-003
          5173.36      4.3584002E-003
          5184.65      4.6190800E-003
          5195.94      4.8947528E-003
          5207.23      5.1861733E-003
          5218.52      5.4941394E-003
          5229.80      5.8194942E-003
          5241.09      6.1631268E-003
          5252.38      6.5259757E-003
          5263.67      6.9093024E-003
          5274.96      7.3144112E-003
          5286.25      7.7423885E-003
          5297.54      8.1943811E-003
          5308.83      8.6715991E-003
          5320.12      9.1753195E-003
          5331.41      9.7068865E-003
          5342.70      1.0267718E-002
          5353.98      1.0859305E-002
          5365.27      1.1483219E-002
          5376.56      1.2141111E-002
          5387.85      1.2834719E-002
          5399.14      1.3565870E-002
          5410.43      1.4336210E-002
          5421.72      1.5147496E-002
          5433.01      1.6001862E-002
          5444.30      1.6901549E-002
          5455.59      1.7848905E-002
          5466.88      1.8846392E-002
          5478.16      1.9896593E-002
          5489.45      2.1002213E-002
          5500.74      2.2166093E-002
          5512.03      2.3391206E-002
          5523.32      2.4680670E-002
          5534.61      2.6037757E-002
          5545.90      2.7465890E-002
          5557.19      2.8968660E-002
          5568.48      3.0549832E-002
          5579.77      3.2211243E-002
          5591.05      3.3955053E-002
          5602.34      3.5785764E-002
          5613.63      3.7708070E-002
          5624.92      3.9726864E-002
          5636.21      4.1847239E-002
          5647.50      4.4074515E-002
          5658.79      4.6414240E-002
          5670.08      4.8872205E-002
          5681.37      5.1454461E-002
          5692.66      5.4167322E-002
          5703.95      5.7017391E-002
          5715.23      5.9299750E-002
          5726.52      6.0365267E-002
          5737.81      6.0299476E-002
          5749.10      5.9181633E-002
          5760.39      5.7085141E-002
          5771.68      5.4077941E-002
          5782.97      5.0222875E-002
          5794.26      4.5577817E-002
          5805.55      4.0196174E-002
          5816.84      3.4127606E-002
          5828.12      2.7418301E-002
          5839.41      2.0111263E-002
          5850.70      1.2246568E-002
          5861.99      3.5864004E-003
          5873.28     -6.0664046E-003
          5884.57     -1.6616384E-002
          5895.86     -2.7972322E-002
          5907.15     -4.0046727E-002
          5918.44     -5.2755229E-002
          5929.73     -6.6016219E-002
          5941.02     -7.9750757E-002
          5952.30     -9.3882179E-002
          5963.59     -1.0833565E-001
          5974.88     -1.2303779E-001
          5986.17     -1.3791623E-001
          5997.46     -1.5289934E-001
          6008.75     -1.6808381E-001
          6020.04     -1.8352862E-001
          6031.33     -1.9910743E-001
          6042.62     -2.1469496E-001
          6053.91     -2.3016570E-001
          6065.20     -2.4539345E-001
          6076.48     -2.6025079E-001
          6087.77     -2.7460845E-001
          6099.06     -2.8833457E-001
          6110.35     -3.0129386E-001
          6121.64     -3.1334702E-001
          6132.93     -3.2434981E-001
          6144.22     -3.3415300E-001
          6155.51     -3.4265100E-001
          6166.80     -3.4971243E-001
          6178.09     -3.5514165E-001
          6189.38     -3.5873647E-001
          6200.66     -3.6028643E-001
          6211.95     -3.5957170E-001
          6223.24     -3.5636224E-001
          6234.53     -3.5041698E-001
          6245.82     -3.4148297E-001
          6257.11     -3.2929444E-001
          6268.40     -3.1357201E-001
          6279.69     -2.9402161E-001
          6290.98     -2.7033353E-001
          6302.27     -2.4270725E-001
          6313.55     -2.1152877E-001
          6324.84     -1.7674518E-001
          6336.13     -1.3828922E-001
          6347.42     -9.6079317E-002
          6358.71     -5.0019688E-002
          6370.00     -1.5118894E-034
