          3480.00      1.4719112E-033
          3491.29      1.3672122E-011
          3502.58      2.9069640E-011
          3513.87      4.6158754E-011
          3525.16      6.4917184E-011
          3536.45      8.5333700E-011
          3547.73      1.0740758E-010
          3559.02      1.3114812E-010
          3570.31      1.5657437E-010
          3581.60      1.8371478E-010
          3592.89      2.1260690E-010
          3604.18      2.4329729E-010
          3615.47      2.7584113E-010
          3626.76      3.1030240E-010
          3638.05      3.4676529E-010
          3649.34      3.8532413E-010
          3660.62      4.2607143E-010
          3671.91      4.6910847E-010
          3683.20      5.1454549E-010
          3694.49      5.6250185E-010
          3705.78      6.1310601E-010
          3717.07      6.6649601E-010
          3728.36      7.2281957E-010
          3739.65      7.8223420E-010
          3750.94      8.4490779E-010
          3762.23      9.1101875E-010
          3773.52      9.8071994E-010
          3784.80      1.0541725E-009
          3796.09      1.1315838E-009
          3807.38      1.2131731E-009
          3818.67      1.2991717E-009
          3829.96      1.3898237E-009
          3841.25      1.4853864E-009
          3852.54      1.5861308E-009
          3863.83      1.6923424E-009
          3875.12      1.8043217E-009
          3886.41      1.9223845E-009
          3897.70      2.0468634E-009
          3908.98      2.1781079E-009
          3920.27      2.3164394E-009
          3931.56      2.4621220E-009
          3942.85      2.6154820E-009
          3954.14      2.7769383E-009
          3965.43      2.9469299E-009
          3976.72      3.1259163E-009
          3988.01      3.3143793E-009
          3999.30      3.5128235E-009
          4010.59      3.7217771E-009
          4021.88      3.9417937E-009
          4033.16      4.1734533E-009
          4044.45      4.4173630E-009
          4055.74      4.6741591E-009
          4067.03      4.9445072E-009
          4078.32      5.2287205E-009
          4089.61      5.5271515E-009
          4100.90      5.8405705E-009
          4112.19      6.1697804E-009
          4123.48      6.5156176E-009
          4134.77      6.8789539E-009
          4146.05      7.2606983E-009
          4157.34      7.6617981E-009
          4168.63      8.0832422E-009
          4179.92      8.5260626E-009
          4191.21      8.9913350E-009
          4202.50      9.4801831E-009
          4213.79      9.9937796E-009
          4225.08      1.0532177E-008
          4236.37      1.1095524E-008
          4247.66      1.1685213E-008
          4258.95      1.2302682E-008
          4270.23      1.2949422E-008
          4281.52      1.3626974E-008
          4292.81      1.4336939E-008
          4304.10      1.5080976E-008
          4315.39      1.5860808E-008
          4326.68      1.6678225E-008
          4337.97      1.7535084E-008
          4349.26      1.8433318E-008
          4360.55      1.9374937E-008
          4371.84      2.0359731E-008
          4383.12      2.1387687E-008
          4394.41      2.2461215E-008
          4405.70      2.3582796E-008
          4416.99      2.4754990E-008
          4428.28      2.5980435E-008
          4439.57      2.7261859E-008
          4450.86      2.8602083E-008
          4462.15      3.0004021E-008
          4473.44      3.1470695E-008
          4484.73      3.3005232E-008
          4496.02      3.4610873E-008
          4507.30      3.6290980E-008
          4518.59      3.8049037E-008
          4529.88      3.9888171E-008
          4541.17      4.1811674E-008
          4552.46      4.3823474E-008
          4563.75      4.5927649E-008
          4575.04      4.8128426E-008
          4586.33      5.0430193E-008
          4597.62      5.2837507E-008
          4608.91      5.5355089E-008
          4620.20      5.7987852E-008
          4631.48      6.0740892E-008
          4642.77      6.3619500E-008
          4654.06      6.6629173E-008
          4665.35      6.9775624E-008
          4676.64      7.3073644E-008
          4687.93      7.6537853E-008
          4699.22      8.0174084E-008
          4710.51      8.3988495E-008
          4721.80      8.7987569E-008
          4733.09      9.2178110E-008
          4744.38      9.6567267E-008
          4755.66      1.0116254E-007
          4766.95      1.0597177E-007
          4778.24      1.1100318E-007
          4789.53      1.1626535E-007
          4800.82      1.2176727E-007
          4812.11      1.2751832E-007
          4823.40      1.3355284E-007
          4834.69      1.3990476E-007
          4845.98      1.4658353E-007
          4857.27      1.5359924E-007
          4868.55      1.6096263E-007
          4879.84      1.6868505E-007
          4891.13      1.7677851E-007
          4902.42      1.8525570E-007
          4913.71      1.9412997E-007
          4925.00      2.0341538E-007
          4936.29      2.1312668E-007
          4947.58      2.2327934E-007
          4958.87      2.3388960E-007
          4970.16      2.4500395E-007
          4981.45      2.5667870E-007
          4992.73      2.6894094E-007
          5004.02      2.8180893E-007
          5015.31      2.9530208E-007
          5026.60      3.0944089E-007
          5037.89      3.2424701E-007
          5049.18      3.3974328E-007
          5060.47      3.5595367E-007
          5071.76      3.7290342E-007
          5083.05      3.9061902E-007
          5094.34      4.0912816E-007
          5105.62      4.2845990E-007
          5116.91      4.4864460E-007
          5128.20      4.6975578E-007
          5139.49      4.9186745E-007
          5150.78      5.1501297E-007
          5162.07      5.3922751E-007
          5173.36      5.6454805E-007
          5184.65      5.9101333E-007
          5195.94      6.1866403E-007
          5207.23      6.4754273E-007
          5218.52      6.7769397E-007
          5229.80      7.0916434E-007
          5241.09      7.4200242E-007
          5252.38      7.7625900E-007
          5263.67      8.1201059E-007
          5274.96      8.4933529E-007
          5286.25      8.8828994E-007
          5297.54      9.2893389E-007
          5308.83      9.7132905E-007
          5320.12      1.0155401E-006
          5331.41      1.0616341E-006
          5342.70      1.1096815E-006
          5353.98      1.1597552E-006
          5365.27      1.2119312E-006
          5376.56      1.2662887E-006
          5387.85      1.3229098E-006
          5399.14      1.3818801E-006
          5410.43      1.4432695E-006
          5421.72      1.5071515E-006
          5433.01      1.5736231E-006
          5444.30      1.6427845E-006
          5455.59      1.7147396E-006
          5466.88      1.7895964E-006
          5478.16      1.8674665E-006
          5489.45      1.9484659E-006
          5500.74      2.0327146E-006
          5512.03      2.1203370E-006
          5523.32      2.2114620E-006
          5534.61      2.3062234E-006
          5545.90      2.4047594E-006
          5557.19      2.5072134E-006
          5568.48      2.6137339E-006
          5579.77      2.7243636E-006
          5591.05      2.8391557E-006
          5602.34      2.9582827E-006
          5613.63      3.0819222E-006
          5624.92      3.2102576E-006
          5636.21      3.3434776E-006
          5647.50      3.4817772E-006
          5658.79      3.6253573E-006
          5670.08      3.7744254E-006
          5681.37      3.9291957E-006
          5692.66      4.0898894E-006
          5703.95      4.2567347E-006
          5715.23      4.3998783E-006
          5726.52      4.4914727E-006
          5737.81      4.5346362E-006
          5749.10      4.5323270E-006
          5760.39      4.4873518E-006
          5771.68      4.4023745E-006
          5782.97      4.2799234E-006
          5794.26      4.1223895E-006
          5805.55      3.9320403E-006
          5816.84      3.7110432E-006
          5828.12      3.4614725E-006
          5839.41      3.1853160E-006
          5850.70      2.8844814E-006
          5861.99      2.5503346E-006
          5873.28      2.1755701E-006
          5884.57      1.7639424E-006
          5895.86      1.3190959E-006
          5907.15      8.4457705E-007
          5918.44      3.4385096E-007
          5929.73     -1.7969228E-007
          5941.02     -7.2274136E-007
          5952.30     -1.2820556E-006
          5963.59     -1.8544542E-006
          5974.88     -2.4368085E-006
          5986.17     -3.0260304E-006
          5997.46     -3.6190671E-006
          6008.75     -4.2173103E-006
          6020.04     -4.8210417E-006
          6031.33     -5.4256208E-006
          6042.62     -6.0264508E-006
          6053.91     -6.6189430E-006
          6065.20     -7.1985070E-006
          6076.48     -7.7605429E-006
          6087.77     -8.3004279E-006
          6099.06     -8.8134983E-006
          6110.35     -9.2950301E-006
          6121.64     -9.7402259E-006
          6132.93     -1.0144193E-005
          6144.22     -1.0501949E-005
          6155.51     -1.0808606E-005
          6166.80     -1.1058634E-005
          6178.09     -1.1245958E-005
          6189.38     -1.1364393E-005
          6200.66     -1.1407596E-005
          6211.95     -1.1369045E-005
          6223.24     -1.1242026E-005
          6234.53     -1.1019613E-005
          6245.82     -1.0694661E-005
          6257.11     -1.0259789E-005
          6268.40     -9.7073657E-006
          6279.69     -9.0294928E-006
          6290.98     -8.2179923E-006
          6302.27     -7.2962126E-006
          6313.55     -6.2924708E-006
          6324.84     -5.2056850E-006
          6336.13     -4.0345872E-006
          6347.42     -2.7777261E-006
          6358.71     -1.4334699E-006
          6370.00     -5.3867154E-050
