          3480.00     -2.2608986E-025
          3491.29      1.1407273E-005
          3502.58      2.2677136E-005
          3513.87      3.3918669E-005
          3525.16      4.5239614E-005
          3536.45      5.6747042E-005
          3547.73      6.8547907E-005
          3559.02      8.0749592E-005
          3570.31      9.3460536E-005
          3581.60      1.0679075E-004
          3592.89      1.2085236E-004
          3604.18      1.3576015E-004
          3615.47      1.5163189E-004
          3626.76      1.6858900E-004
          3638.05      1.8671994E-004
          3649.34      2.0611883E-004
          3660.62      2.2692226E-004
          3671.91      2.4927224E-004
          3683.20      2.7331670E-004
          3694.49      2.9921015E-004
          3705.78      3.2711421E-004
          3717.07      3.5719834E-004
          3728.36      3.8964043E-004
          3739.65      4.2462735E-004
          3750.94      4.6235584E-004
          3762.23      5.0303303E-004
          3773.52      5.4717654E-004
          3784.80      5.9530557E-004
          3796.09      6.4764990E-004
          3807.38      7.0445627E-004
          3818.67      7.6598902E-004
          3829.96      8.3253061E-004
          3841.25      9.0438287E-004
          3852.54      9.8186759E-004
          3863.83      1.0653276E-003
          3875.12      1.1551278E-003
          3886.41      1.2516558E-003
          3897.70      1.3553240E-003
          3908.98      1.4665698E-003
          3920.27      1.5867072E-003
          3931.56      1.7184888E-003
          3942.85      1.8637745E-003
          3954.14      2.0229991E-003
          3965.43      2.1966522E-003
          3976.72      2.3852788E-003
          3988.01      2.5894807E-003
          3999.30      2.8099172E-003
          4010.59      3.0473062E-003
          4021.88      3.3024264E-003
          4033.16      3.5761183E-003
          4044.45      3.8692865E-003
          4055.74      4.1829015E-003
          4067.03      4.5180012E-003
          4078.32      4.8857581E-003
          4089.61      5.2969478E-003
          4100.90      5.7521932E-003
          4112.19      6.2522887E-003
          4123.48      6.7981973E-003
          4134.77      7.3910511E-003
          4146.05      8.0321520E-003
          4157.34      8.7229703E-003
          4168.63      9.4651493E-003
          4179.92      1.0260506E-002
          4191.21      1.1111030E-002
          4202.50      1.2018893E-002
          4213.79      1.2986448E-002
          4225.08      1.4046506E-002
          4236.37      1.5230491E-002
          4247.66      1.6539151E-002
          4258.95      1.7973693E-002
          4270.23      1.9535772E-002
          4281.52      2.1227484E-002
          4292.81      2.3051367E-002
          4304.10      2.5010399E-002
          4315.39      2.7107993E-002
          4326.68      2.9348004E-002
          4337.97      3.1734721E-002
          4349.26      3.4272882E-002
          4360.55      3.6967675E-002
          4371.84      3.9878771E-002
          4383.12      4.3063213E-002
          4394.41      4.6523256E-002
          4405.70      5.0262052E-002
          4416.99      5.4283644E-002
          4428.28      5.8592941E-002
          4439.57      6.3195735E-002
          4450.86      6.8098688E-002
          4462.15      7.3309314E-002
          4473.44      7.8836009E-002
          4484.73      8.4688037E-002
          4496.02      9.0875538E-002
          4507.30      9.7409545E-002
          4518.59      1.0430197E-001
          4529.88      1.1157598E-001
          4541.17      1.1925506E-001
          4552.46      1.2735306E-001
          4563.75      1.3588487E-001
          4575.04      1.4486641E-001
          4586.33      1.5431469E-001
          4597.62      1.6424780E-001
          4608.91      1.7468495E-001
          4620.20      1.8564648E-001
          4631.48      1.9715391E-001
          4642.77      2.0922994E-001
          4654.06      2.2189851E-001
          4665.35      2.3518484E-001
          4676.64      2.4894322E-001
          4687.93      2.6303809E-001
          4699.22      2.7751090E-001
          4710.51      2.9240340E-001
          4721.80      3.0775770E-001
          4733.09      3.2361635E-001
          4744.38      3.4002248E-001
          4755.66      3.5701988E-001
          4766.95      3.7465309E-001
          4778.24      3.9296752E-001
          4789.53      4.1200950E-001
          4800.82      4.3182643E-001
          4812.11      4.5246689E-001
          4823.40      4.7353302E-001
          4834.69      4.9464507E-001
          4845.98      5.1587841E-001
          4857.27      5.3730707E-001
          4868.55      5.5900394E-001
          4879.84      5.8104092E-001
          4891.13      6.0348920E-001
          4902.42      6.2641941E-001
          4913.71      6.4990172E-001
          4925.00      6.7400614E-001
          4936.29      6.9880263E-001
          4947.58      7.2436125E-001
          4958.87      7.5075236E-001
          4970.16      7.7753753E-001
          4981.45      8.0412475E-001
          4992.73      8.3044007E-001
          5004.02      8.5657566E-001
          5015.31      8.8262076E-001
          5026.60      9.0866180E-001
          5037.89      9.3478269E-001
          5049.18      9.6106505E-001
          5060.47      9.8758832E-001
          5071.76      1.0144301E+000
          5083.05      1.0416664E+000
          5094.34      1.0693714E+000
          5105.62      1.0976183E+000
          5116.91      1.1264790E+000
          5128.20      1.1553456E+000
          5139.49      1.1836239E+000
          5150.78      1.2114019E+000
          5162.07      1.2387631E+000
          5173.36      1.2657869E+000
          5184.65      1.2925486E+000
          5195.94      1.3191198E+000
          5207.23      1.3455683E+000
          5218.52      1.3719585E+000
          5229.80      1.3983516E+000
          5241.09      1.4248057E+000
          5252.38      1.4513756E+000
          5263.67      1.4777540E+000
          5274.96      1.5036386E+000
          5286.25      1.5290864E+000
          5297.54      1.5541502E+000
          5308.83      1.5788781E+000
          5320.12      1.6033143E+000
          5331.41      1.6274987E+000
          5342.70      1.6514671E+000
          5353.98      1.6752518E+000
          5365.27      1.6988807E+000
          5376.56      1.7223783E+000
          5387.85      1.7457654E+000
          5399.14      1.7690589E+000
          5410.43      1.7925416E+000
          5421.72      1.8164844E+000
          5433.01      1.8408823E+000
          5444.30      1.8657281E+000
          5455.59      1.8910124E+000
          5466.88      1.9167236E+000
          5478.16      1.9428476E+000
          5489.45      1.9693681E+000
          5500.74      1.9962663E+000
          5512.03      2.0235207E+000
          5523.32      2.0511073E+000
          5534.61      2.0789996E+000
          5545.90      2.1071681E+000
          5557.19      2.1355806E+000
          5568.48      2.1642017E+000
          5579.77      2.1943595E+000
          5591.05      2.2273100E+000
          5602.34      2.2629103E+000
          5613.63      2.3010208E+000
          5624.92      2.3415047E+000
          5636.21      2.3842272E+000
          5647.50      2.4290560E+000
          5658.79      2.4758599E+000
          5670.08      2.5245091E+000
          5681.37      2.5748730E+000
          5692.66      2.6268205E+000
          5703.95      2.6802216E+000
          5715.23      3.0518853E+000
          5726.52      4.0341979E+000
          5737.81      5.5916874E+000
          5749.10      7.6905267E+000
          5760.39      1.0298445E+001
          5771.68      1.3384642E+001
          5782.97      1.6919709E+001
          5794.26      2.0875643E+001
          5805.55      2.5225688E+001
          5816.84      2.9944052E+001
          5828.12      3.5005852E+001
          5839.41      4.0387028E+001
          5850.70      4.6064278E+001
          5861.99      5.2100750E+001
          5873.28      5.8544200E+001
          5884.57      6.5349545E+001
          5895.86      7.2472601E+001
          5907.15      7.9869954E+001
          5918.44      8.7498808E+001
          5929.73      9.5316927E+001
          5941.02      1.0328267E+002
          5952.30      1.1135493E+002
          5963.59      1.1949296E+002
          5974.88      1.2765635E+002
          5986.17      1.3580492E+002
          5997.46      1.4389860E+002
          6008.75      1.5189973E+002
          6020.04      1.5975852E+002
          6031.33      1.6741698E+002
          6042.62      1.7481704E+002
          6053.91      1.8190026E+002
          6065.20      1.8860763E+002
          6076.48      1.9487954E+002
          6087.77      2.0065556E+002
          6099.06      2.0587427E+002
          6110.35      2.1047303E+002
          6121.64      2.1438790E+002
          6132.93      2.1755346E+002
          6144.22      2.1990296E+002
          6155.51      2.2132996E+002
          6166.80      2.2172112E+002
          6178.09      2.2099698E+002
          6189.38      2.1907591E+002
          6200.66      2.1587377E+002
          6211.95      2.1130364E+002
          6223.24      2.0527568E+002
          6234.53      1.9769698E+002
          6245.82      1.8847139E+002
          6257.11      1.7749933E+002
          6268.40      1.6467771E+002
          6279.69      1.4989963E+002
          6290.98      1.3305427E+002
          6302.27      1.1503692E+002
          6313.55      9.6782279E+001
          6324.84      7.8235226E+001
          6336.13      5.9340075E+001
          6347.42      4.0040546E+001
          6358.71      2.0279744E+001
          6370.00      0.0000000E+000
