          3480.00     -1.1410139E-032
          3491.29     -4.9175245E-010
          3502.58     -9.7372248E-010
          3513.87     -1.4474830E-009
          3525.16     -1.9145550E-009
          3536.45     -2.3764150E-009
          3547.73     -2.8344985E-009
          3559.02     -3.2902038E-009
          3570.31     -3.7448983E-009
          3581.60     -4.1999218E-009
          3592.89     -4.6565900E-009
          3604.18     -5.1161981E-009
          3615.47     -5.5800191E-009
          3626.76     -6.0493110E-009
          3638.05     -6.5247049E-009
          3649.34     -7.0068666E-009
          3660.62     -7.4970949E-009
          3671.91     -7.9966831E-009
          3683.20     -8.5069229E-009
          3694.49     -9.0291076E-009
          3705.78     -9.5645339E-009
          3717.07     -1.0114507E-008
          3728.36     -1.0680344E-008
          3739.65     -1.1263372E-008
          3750.94     -1.1864937E-008
          3762.23     -1.2486404E-008
          3773.52     -1.3133197E-008
          3784.80     -1.3810570E-008
          3796.09     -1.4519690E-008
          3807.38     -1.5261780E-008
          3818.67     -1.6038125E-008
          3829.96     -1.6850067E-008
          3841.25     -1.7699012E-008
          3852.54     -1.8586430E-008
          3863.83     -1.9513854E-008
          3875.12     -2.0482887E-008
          3886.41     -2.1495197E-008
          3897.70     -2.2552528E-008
          3908.98     -2.3656696E-008
          3920.27     -2.4818265E-008
          3931.56     -2.6061947E-008
          3942.85     -2.7403042E-008
          3954.14     -2.8842270E-008
          3965.43     -3.0380577E-008
          3976.72     -3.2019127E-008
          3988.01     -3.3759306E-008
          3999.30     -3.5602714E-008
          4010.59     -3.7551164E-008
          4021.88     -3.9606685E-008
          4033.16     -4.1771516E-008
          4044.45     -4.4048110E-008
          4055.74     -4.6439131E-008
          4067.03     -4.8947454E-008
          4078.32     -5.1652634E-008
          4089.61     -5.4630812E-008
          4100.90     -5.7880388E-008
          4112.19     -6.1400411E-008
          4123.48     -6.5190556E-008
          4134.77     -6.9251110E-008
          4146.05     -7.3582960E-008
          4157.34     -7.8187566E-008
          4168.63     -8.3066975E-008
          4179.92     -8.8223797E-008
          4191.21     -9.3661184E-008
          4202.50     -9.9382850E-008
          4213.79     -1.0539305E-007
          4225.08     -1.1187487E-007
          4236.37     -1.1900260E-007
          4247.66     -1.2676878E-007
          4258.95     -1.3516739E-007
          4270.23     -1.4419383E-007
          4281.52     -1.5384483E-007
          4292.81     -1.6411844E-007
          4304.10     -1.7501401E-007
          4315.39     -1.8653211E-007
          4326.68     -1.9867455E-007
          4337.97     -2.1144429E-007
          4349.26     -2.2484550E-007
          4360.55     -2.3888346E-007
          4371.84     -2.5381334E-007
          4383.12     -2.6987686E-007
          4394.41     -2.8706165E-007
          4405.70     -3.0535762E-007
          4416.99     -3.2475686E-007
          4428.28     -3.4525351E-007
          4439.57     -3.6684381E-007
          4450.86     -3.8952599E-007
          4462.15     -4.1330013E-007
          4473.44     -4.3816825E-007
          4484.73     -4.6413416E-007
          4496.02     -4.9120347E-007
          4507.30     -5.1938352E-007
          4518.59     -5.4868329E-007
          4529.88     -5.7914983E-007
          4541.17     -6.1082957E-007
          4552.46     -6.4373313E-007
          4563.75     -6.7787294E-007
          4575.04     -7.1326312E-007
          4586.33     -7.4991945E-007
          4597.62     -7.8785940E-007
          4608.91     -8.2710198E-007
          4620.20     -8.6766789E-007
          4631.48     -9.0957943E-007
          4642.77     -9.5286034E-007
          4654.06     -9.9753606E-007
          4665.35     -1.0436335E-006
          4676.64     -1.0907051E-006
          4687.93     -1.1383310E-006
          4699.22     -1.1865807E-006
          4710.51     -1.2355233E-006
          4721.80     -1.2852275E-006
          4733.09     -1.3357618E-006
          4744.38     -1.3871946E-006
          4755.66     -1.4395941E-006
          4766.95     -1.4930287E-006
          4778.24     -1.5475670E-006
          4789.53     -1.6032776E-006
          4800.82     -1.6602294E-006
          4812.11     -1.7184920E-006
          4823.40     -1.7771225E-006
          4834.69     -1.8352174E-006
          4845.98     -1.8929021E-006
          4857.27     -1.9502990E-006
          4868.55     -2.0075275E-006
          4879.84     -2.0647039E-006
          4891.13     -2.1219423E-006
          4902.42     -2.1793541E-006
          4913.71     -2.2370487E-006
          4925.00     -2.2951332E-006
          4936.29     -2.3537131E-006
          4947.58     -2.4128921E-006
          4958.87     -2.4727726E-006
          4970.16     -2.5324670E-006
          4981.45     -2.5907892E-006
          4992.73     -2.6475553E-006
          5004.02     -2.7028978E-006
          5015.31     -2.7569441E-006
          5026.60     -2.8098160E-006
          5037.89     -2.8616304E-006
          5049.18     -2.9124995E-006
          5060.47     -2.9625307E-006
          5071.76     -3.0118272E-006
          5083.05     -3.0604879E-006
          5094.34     -3.1086075E-006
          5105.62     -3.1562772E-006
          5116.91     -3.2035843E-006
          5128.20     -3.2494564E-006
          5139.49     -3.2928350E-006
          5150.78     -3.3338204E-006
          5162.07     -3.3725060E-006
          5173.36     -3.4089779E-006
          5184.65     -3.4433156E-006
          5195.94     -3.4755920E-006
          5207.23     -3.5058737E-006
          5218.52     -3.5342209E-006
          5229.80     -3.5606879E-006
          5241.09     -3.5853226E-006
          5252.38     -3.6081676E-006
          5263.67     -3.6287079E-006
          5274.96     -3.6464311E-006
          5286.25     -3.6613733E-006
          5297.54     -3.6735630E-006
          5308.83     -3.6830216E-006
          5320.12     -3.6897634E-006
          5331.41     -3.6937958E-006
          5342.70     -3.6951191E-006
          5353.98     -3.6937267E-006
          5365.27     -3.6896053E-006
          5376.56     -3.6827347E-006
          5387.85     -3.6730880E-006
          5399.14     -3.6606315E-006
          5410.43     -3.6456986E-006
          5421.72     -3.6286084E-006
          5433.01     -3.6092967E-006
          5444.30     -3.5876938E-006
          5455.59     -3.5637241E-006
          5466.88     -3.5373067E-006
          5478.16     -3.5083546E-006
          5489.45     -3.4767751E-006
          5500.74     -3.4424699E-006
          5512.03     -3.4053344E-006
          5523.32     -3.3652581E-006
          5534.61     -3.3221243E-006
          5545.90     -3.2758104E-006
          5557.19     -3.2261869E-006
          5568.48     -3.1731183E-006
          5579.77     -3.1181265E-006
          5591.05     -3.0626672E-006
          5602.34     -3.0064992E-006
          5613.63     -2.9493793E-006
          5624.92     -2.8910620E-006
          5636.21     -2.8312994E-006
          5647.50     -2.7698404E-006
          5658.79     -2.7064309E-006
          5670.08     -2.6408135E-006
          5681.37     -2.5727256E-006
          5692.66     -2.5019005E-006
          5703.95     -2.4280685E-006
          5715.23     -2.6982335E-006
          5726.52     -3.6391925E-006
          5737.81     -5.2212285E-006
          5749.10     -7.4157412E-006
          5760.39     -1.0195203E-005
          5771.68     -1.3533120E-005
          5782.97     -1.7403986E-005
          5794.26     -2.1783369E-005
          5805.55     -2.6647800E-005
          5816.84     -3.1974536E-005
          5828.12     -3.7741546E-005
          5839.41     -4.3927450E-005
          5850.70     -5.0511489E-005
          5861.99     -5.7586720E-005
          5873.28     -6.5233846E-005
          5884.57     -7.3414708E-005
          5895.86     -8.2091971E-005
          5907.15     -9.1229035E-005
          5918.44     -1.0078993E-004
          5929.73     -1.1073930E-004
          5941.02     -1.2104244E-004
          5952.30     -1.3166535E-004
          5963.59     -1.4257457E-004
          5974.88     -1.5373721E-004
          5986.17     -1.6512087E-004
          5997.46     -1.7669355E-004
          6008.75     -1.8845662E-004
          6020.04     -2.0040194E-004
          6031.33     -2.1248425E-004
          6042.62     -2.2465891E-004
          6053.91     -2.3688153E-004
          6065.20     -2.4910794E-004
          6076.48     -2.6129421E-004
          6087.77     -2.7339652E-004
          6099.06     -2.8537107E-004
          6110.35     -2.9717389E-004
          6121.64     -3.0876084E-004
          6132.93     -3.2008734E-004
          6144.22     -3.3110853E-004
          6155.51     -3.4176926E-004
          6166.80     -3.5200957E-004
          6178.09     -3.6177722E-004
          6189.38     -3.7101972E-004
          6200.66     -3.7968390E-004
          6211.95     -3.8771577E-004
          6223.24     -3.9506046E-004
          6234.53     -4.0166213E-004
          6245.82     -4.0746393E-004
          6257.11     -4.1240792E-004
          6268.40     -4.1643503E-004
          6279.69     -4.1948496E-004
          6290.98     -4.2149612E-004
          6302.27     -4.2283644E-004
          6313.55     -4.2391594E-004
          6324.84     -4.2473484E-004
          6336.13     -4.2529289E-004
          6347.42     -4.2558937E-004
          6358.71     -4.2562313E-004
          6370.00     -4.2539253E-004
