          3480.00      0.0000000E+000
          3491.29      6.4757157E+001
          3502.58      6.3840766E+001
          3513.87      6.2938600E+001
          3525.16      6.2050394E+001
          3536.45      6.1175881E+001
          3547.73      6.0314787E+001
          3559.02      5.9466841E+001
          3570.31      5.8631768E+001
          3581.60      5.7809291E+001
          3592.89      5.6999132E+001
          3604.18      5.6201006E+001
          3615.47      5.5414614E+001
          3626.76      5.4639649E+001
          3638.05      5.3875810E+001
          3649.34      5.3122801E+001
          3660.62      5.2380325E+001
          3671.91      5.1648090E+001
          3683.20      5.0925808E+001
          3694.49      5.0213190E+001
          3705.78      4.9509955E+001
          3717.07      4.8815822E+001
          3728.36      4.8140016E+001
          3739.65      4.7489912E+001
          3750.94      4.6862743E+001
          3762.23      4.6256079E+001
          3773.52      4.5667775E+001
          3784.80      4.5095928E+001
          3796.09      4.4538848E+001
          3807.38      4.3995026E+001
          3818.67      4.3463108E+001
          3829.96      4.2941882E+001
          3841.25      4.2430252E+001
          3852.54      4.1927227E+001
          3863.83      4.1431907E+001
          3875.12      4.0943476E+001
          3886.41      4.0461188E+001
          3897.70      3.9984364E+001
          3908.98      3.9512379E+001
          3920.27      3.9044663E+001
          3931.56      3.8580688E+001
          3942.85      3.8119970E+001
          3954.14      3.7662063E+001
          3965.43      3.7206555E+001
          3976.72      3.6753066E+001
          3988.01      3.6301242E+001
          3999.30      3.5850753E+001
          4010.59      3.5429175E+001
          4021.88      3.5059904E+001
          4033.16      3.4736648E+001
          4044.45      3.4453534E+001
          4055.74      3.4205130E+001
          4067.03      3.3986456E+001
          4078.32      3.3792979E+001
          4089.61      3.3620600E+001
          4100.90      3.3465629E+001
          4112.19      3.3324765E+001
          4123.48      3.3195064E+001
          4134.77      3.3073912E+001
          4146.05      3.2958993E+001
          4157.34      3.2848268E+001
          4168.63      3.2739939E+001
          4179.92      3.2632431E+001
          4191.21      3.2524365E+001
          4202.50      3.2414536E+001
          4213.79      3.2301895E+001
          4225.08      3.2185532E+001
          4236.37      3.2064656E+001
          4247.66      3.1938584E+001
          4258.95      3.1806728E+001
          4270.23      3.1668578E+001
          4281.52      3.1550191E+001
          4292.81      3.1473095E+001
          4304.10      3.1430483E+001
          4315.39      3.1416146E+001
          4326.68      3.1424469E+001
          4337.97      3.1450412E+001
          4349.26      3.1489485E+001
          4360.55      3.1537712E+001
          4371.84      3.1591594E+001
          4383.12      3.1648063E+001
          4394.41      3.1704445E+001
          4405.70      3.1758415E+001
          4416.99      3.1807965E+001
          4428.28      3.1851367E+001
          4439.57      3.1887136E+001
          4450.86      3.1914005E+001
          4462.15      3.1930897E+001
          4473.44      3.1936896E+001
          4484.73      3.1931230E+001
          4496.02      3.1913248E+001
          4507.30      3.1882404E+001
          4518.59      3.1838243E+001
          4529.88      3.1780382E+001
          4541.17      3.1708506E+001
          4552.46      3.1622351E+001
          4563.75      3.1517692E+001
          4575.04      3.1391033E+001
          4586.33      3.1243169E+001
          4597.62      3.1074811E+001
          4608.91      3.0886598E+001
          4620.20      3.0679095E+001
          4631.48      3.0452805E+001
          4642.77      3.0208175E+001
          4654.06      2.9945595E+001
          4665.35      2.9665407E+001
          4676.64      2.9367907E+001
          4687.93      2.9053346E+001
          4699.22      2.8721936E+001
          4710.51      2.8373851E+001
          4721.80      2.8009228E+001
          4733.09      2.7628172E+001
          4744.38      2.7230753E+001
          4755.66      2.6817011E+001
          4766.95      2.6386956E+001
          4778.24      2.5940569E+001
          4789.53      2.5477803E+001
          4800.82      2.4998584E+001
          4812.11      2.4502809E+001
          4823.40      2.3990352E+001
          4834.69      2.3461058E+001
          4845.98      2.2900322E+001
          4857.27      2.2294985E+001
          4868.55      2.1646845E+001
          4879.84      2.0957461E+001
          4891.13      2.0228178E+001
          4902.42      1.9460159E+001
          4913.71      1.8654401E+001
          4925.00      1.7811752E+001
          4936.29      1.6932928E+001
          4947.58      1.6018525E+001
          4958.87      1.5069030E+001
          4970.16      1.4084831E+001
          4981.45      1.3066219E+001
          4992.73      1.2013402E+001
          5004.02      1.0926507E+001
          5015.31      9.8055820E+000
          5026.60      8.6506048E+000
          5037.89      7.4614822E+000
          5049.18      6.2380527E+000
          5060.47      4.9800926E+000
          5071.76      3.6873112E+000
          5083.05      2.3528462E+000
          5094.34      9.6982084E-001
          5105.62     -4.6221601E-001
          5116.91     -1.9438263E+000
          5128.20     -3.4756821E+000
          5139.49     -5.0585669E+000
          5150.78     -6.6933693E+000
          5162.07     -8.3810934E+000
          5173.36     -1.0122856E+001
          5184.65     -1.1919883E+001
          5195.94     -1.3773525E+001
          5207.23     -1.5685252E+001
          5218.52     -1.7656662E+001
          5229.80     -1.9689484E+001
          5241.09     -2.1785584E+001
          5252.38     -2.3946978E+001
          5263.67     -2.6175833E+001
          5274.96     -2.8474478E+001
          5286.25     -3.0845415E+001
          5297.54     -3.3291332E+001
          5308.83     -3.5815111E+001
          5320.12     -3.8419846E+001
          5331.41     -4.1108848E+001
          5342.70     -4.3885677E+001
          5353.98     -4.6754151E+001
          5365.27     -4.9363503E+001
          5376.56     -5.1359980E+001
          5387.85     -5.2756577E+001
          5399.14     -5.3582176E+001
          5410.43     -5.3878365E+001
          5421.72     -5.3695900E+001
          5433.01     -5.3091187E+001
          5444.30     -5.2123074E+001
          5455.59     -5.0850157E+001
          5466.88     -4.9328666E+001
          5478.16     -4.7610962E+001
          5489.45     -4.5744574E+001
          5500.74     -4.3771707E+001
          5512.03     -4.1729117E+001
          5523.32     -3.9648243E+001
          5534.61     -3.7555529E+001
          5545.90     -3.5472868E+001
          5557.19     -3.3418077E+001
          5568.48     -3.1405408E+001
          5579.77     -2.9446054E+001
          5591.05     -2.7548605E+001
          5602.34     -2.5719447E+001
          5613.63     -2.3963122E+001
          5624.92     -2.2282665E+001
          5636.21     -2.0679887E+001
          5647.50     -1.9155610E+001
          5658.79     -1.7709877E+001
          5670.08     -1.6342119E+001
          5681.37     -1.5051398E+001
          5692.66     -1.3836491E+001
          5703.95     -1.2432743E+001
          5715.23     -1.0653494E+001
          5726.52     -8.6068786E+000
          5737.81     -6.3878989E+000
          5749.10     -4.0764144E+000
          5760.39     -1.7370352E+000
          5771.68      6.1903724E-001
          5782.97      2.9757052E+000
          5794.26      5.2834435E+000
          5805.55      7.5060637E+000
          5816.84      9.6180780E+000
          5828.12      1.1602448E+001
          5839.41      1.3448595E+001
          5850.70      1.5150745E+001
          5861.99      1.6706580E+001
          5873.28      1.8116172E+001
          5884.57      1.9381162E+001
          5895.86      2.0504125E+001
          5907.15      2.1488091E+001
          5918.44      2.2336166E+001
          5929.73      2.3051286E+001
          5941.02      2.3636044E+001
          5952.30      2.4092532E+001
          5963.59      2.4422195E+001
          5974.88      2.4651219E+001
          5986.17      2.4808467E+001
          5997.46      2.4898309E+001
          6008.75      2.4924470E+001
          6020.04      2.4890120E+001
          6031.33      2.4797954E+001
          6042.62      2.4650250E+001
          6053.91      2.4448896E+001
          6065.20      2.4195432E+001
          6076.48      2.3891084E+001
          6087.77      2.3536800E+001
          6099.06      2.3133259E+001
          6110.35      2.2680889E+001
          6121.64      2.2179878E+001
          6132.93      2.1630179E+001
          6144.22      2.1031520E+001
          6155.51      2.0387586E+001
          6166.80      1.9702562E+001
          6178.09      1.8976674E+001
          6189.38      1.8210019E+001
          6200.66      1.7402560E+001
          6211.95      1.6554133E+001
          6223.24      1.5664446E+001
          6234.53      1.4733090E+001
          6245.82      1.3759534E+001
          6257.11      1.2743130E+001
          6268.40      1.1683111E+001
          6279.69      1.0578595E+001
          6290.98      9.4285846E+000
          6302.27      8.2320131E+000
          6313.55      6.9877080E+000
          6324.84      5.6943727E+000
          6336.13      4.3505754E+000
          6347.42      2.9547466E+000
          6358.71      1.5051766E+000
          6370.00      0.0000000E+000
