          3480.00      0.0000000E+000
          3491.29      4.5496202E+001
          3502.58      4.1262098E+001
          3513.87      3.7275704E+001
          3525.16      3.3530442E+001
          3536.45      3.0018404E+001
          3547.73      2.6730534E+001
          3559.02      2.3656826E+001
          3570.31      2.0786493E+001
          3581.60      1.8108186E+001
          3592.89      1.5610174E+001
          3604.18      1.3280512E+001
          3615.47      1.1107178E+001
          3626.76      9.0782411E+000
          3638.05      7.1820316E+000
          3649.34      5.4072605E+000
          3660.62      3.7430992E+000
          3671.91      2.1792561E+000
          3683.20      7.0602351E-001
          3694.49     -6.8569135E-001
          3705.78     -2.0043458E+000
          3717.07     -3.2577662E+000
          3728.36     -4.2962713E+000
          3739.65     -5.0350890E+000
          3750.94     -5.5624509E+000
          3762.23     -5.9467055E+000
          3773.52     -6.2395298E+000
          3784.80     -6.4791968E+000
          3796.09     -6.6935053E+000
          3807.38     -6.9022307E+000
          3818.67     -7.1191040E+000
          3829.96     -7.3533666E+000
          3841.25     -7.6109583E+000
          3852.54     -7.8954173E+000
          3863.83     -8.2085563E+000
          3875.12     -8.5509677E+000
          3886.41     -8.9223971E+000
          3897.70     -9.3220206E+000
          3908.98     -9.7486461E+000
          3920.27     -1.0200860E+001
          3931.56     -1.0677133E+001
          3942.85     -1.1175898E+001
          3954.14     -1.1695592E+001
          3965.43     -1.2234696E+001
          3976.72     -1.2791762E+001
          3988.01     -1.3365433E+001
          3999.30     -1.3954448E+001
          4010.59     -1.4108237E+001
          4021.88     -1.3569449E+001
          4033.16     -1.2587428E+001
          4044.45     -1.1355037E+001
          4055.74     -1.0012681E+001
          4067.03     -8.6574621E+000
          4078.32     -7.3532298E+000
          4089.61     -6.1395267E+000
          4100.90     -5.0387731E+000
          4112.19     -4.0616819E+000
          4123.48     -3.2112010E+000
          4134.77     -2.4852936E+000
          4146.05     -1.8788622E+000
          4157.34     -1.3850591E+000
          4168.63     -9.9615743E-001
          4179.92     -7.0412686E-001
          4191.21     -5.0100055E-001
          4202.50     -3.7910048E-001
          4213.79     -3.3117076E-001
          4225.08     -3.5044690E-001
          4236.37     -4.3068408E-001
          4247.66     -5.6615887E-001
          4258.95     -7.5165531E-001
          4270.23     -9.8243986E-001
          4281.52     -8.9837348E-001
          4292.81     -2.8969950E-001
          4304.10      6.5312144E-001
          4315.39      1.7824985E+000
          4326.68      2.9902145E+000
          4337.97      4.2006221E+000
          4349.26      5.3633035E+000
          4360.55      6.4465015E+000
          4371.84      7.4318015E+000
          4383.12      8.3100417E+000
          4394.41      9.0782965E+000
          4405.70      9.7377330E+000
          4416.99      1.0292095E+001
          4428.28      1.0746652E+001
          4439.57      1.1107491E+001
          4450.86      1.1381035E+001
          4462.15      1.1573732E+001
          4473.44      1.1691855E+001
          4484.73      1.1741386E+001
          4496.02      1.1727944E+001
          4507.30      1.1656753E+001
          4518.59      1.1532634E+001
          4529.88      1.1360011E+001
          4541.17      1.1142924E+001
          4552.46      1.0885051E+001
          4563.75      1.0535677E+001
          4575.04      1.0062905E+001
          4586.33      9.4932374E+000
          4597.62      8.8476515E+000
          4608.91      8.1428622E+000
          4620.20      7.3922385E+000
          4631.48      6.6064919E+000
          4642.77      5.7942001E+000
          4654.06      4.9622085E+000
          4665.35      4.1159520E+000
          4676.64      3.2597105E+000
          4687.93      2.3968146E+000
          4699.22      1.5298184E+000
          4710.51      6.6063421E-001
          4721.80     -2.0934945E-001
          4733.09     -1.0791690E+000
          4744.38     -1.9482104E+000
          4755.66     -2.8161392E+000
          4766.95     -3.6828458E+000
          4778.24     -4.5483991E+000
          4789.53     -5.4130060E+000
          4800.82     -6.2769831E+000
          4812.11     -7.1407291E+000
          4823.40     -8.0047006E+000
          4834.69     -8.8693992E+000
          4845.98     -1.0017717E+001
          4857.27     -1.1655550E+001
          4868.55     -1.3689963E+001
          4879.84     -1.6049378E+001
          4891.13     -1.8676762E+001
          4902.42     -2.1525300E+001
          4913.71     -2.4555585E+001
          4925.00     -2.7733796E+001
          4936.29     -3.1030470E+001
          4947.58     -3.4419695E+001
          4958.87     -3.7878571E+001
          4970.16     -4.1386830E+001
          4981.45     -4.4926602E+001
          4992.73     -4.8482226E+001
          5004.02     -5.2040094E+001
          5015.31     -5.5588558E+001
          5026.60     -5.9117799E+001
          5037.89     -6.2619725E+001
          5049.18     -6.6087858E+001
          5060.47     -6.9517203E+001
          5071.76     -7.2904144E+001
          5083.05     -7.6449821E+001
          5094.34     -8.0320842E+001
          5105.62     -8.4469837E+001
          5116.91     -8.8857096E+001
          5128.20     -9.3448944E+001
          5139.49     -9.8216595E+001
          5150.78     -1.0313532E+002
          5162.07     -1.0818389E+002
          5173.36     -1.1334413E+002
          5184.65     -1.1860057E+002
          5195.94     -1.2394020E+002
          5207.23     -1.2935228E+002
          5218.52     -1.3482813E+002
          5229.80     -1.4036100E+002
          5241.09     -1.4594590E+002
          5252.38     -1.5157948E+002
          5263.67     -1.5725994E+002
          5274.96     -1.6298683E+002
          5286.25     -1.6876103E+002
          5297.54     -1.7458459E+002
          5308.83     -1.8046064E+002
          5320.12     -1.8639333E+002
          5331.41     -1.9238768E+002
          5342.70     -1.9844959E+002
          5353.98     -2.0458573E+002
          5365.27     -1.9606778E+002
          5376.56     -1.6740639E+002
          5387.85     -1.3269451E+002
          5399.14     -1.0031659E+002
          5410.43     -7.3135434E+001
          5421.72     -5.1264802E+001
          5433.01     -3.3903903E+001
          5444.30     -2.0123298E+001
          5455.59     -9.1180107E+000
          5466.88     -2.5389372E-001
          5478.16      6.9511616E+000
          5489.45      1.2859653E+001
          5500.74      1.7744246E+001
          5512.03      2.1811251E+001
          5523.32      2.5218150E+001
          5534.61      2.8086338E+001
          5545.90      3.0510351E+001
          5557.19      3.2564573E+001
          5568.48      3.4308106E+001
          5579.77      3.5788333E+001
          5591.05      3.7043589E+001
          5602.34      3.8105162E+001
          5613.63      3.8998798E+001
          5624.92      3.9745838E+001
          5636.21      4.0364081E+001
          5647.50      4.0868480E+001
          5658.79      4.1271657E+001
          5670.08      4.1584330E+001
          5681.37      4.1815555E+001
          5692.66      4.1973025E+001
          5703.95      4.2859095E+001
          5715.23      4.4885613E+001
          5726.52      4.7509717E+001
          5737.81      5.0321289E+001
          5749.10      5.3062906E+001
          5760.39      5.5597840E+001
          5771.68      5.7940266E+001
          5782.97      6.0092342E+001
          5794.26      6.2008692E+001
          5805.55      6.3681615E+001
          5816.84      6.5122482E+001
          5828.12      6.6350944E+001
          5839.41      6.7389040E+001
          5850.70      6.8258197E+001
          5861.99      6.8977882E+001
          5873.28      6.9565106E+001
          5884.57      7.0034390E+001
          5895.86      7.0397911E+001
          5907.15      7.0665739E+001
          5918.44      7.0846074E+001
          5929.73      7.0945487E+001
          5941.02      7.0969143E+001
          5952.30      7.0920964E+001
          5963.59      7.0803750E+001
          5974.88      7.0596892E+001
          5986.17      7.0289412E+001
          5997.46      6.9894511E+001
          6008.75      6.9422078E+001
          6020.04      6.8879624E+001
          6031.33      6.8272915E+001
          6042.62      6.7606408E+001
          6053.91      6.6883542E+001
          6065.20      6.6106950E+001
          6076.48      6.5278617E+001
          6087.77      6.4399988E+001
          6099.06      6.3472041E+001
          6110.35      6.2495338E+001
          6121.64      6.1470061E+001
          6132.93      6.0396022E+001
          6144.22      5.9272683E+001
          6155.51      5.8063649E+001
          6166.80      5.6732667E+001
          6178.09      5.5277938E+001
          6189.38      5.3696116E+001
          6200.66      5.1982362E+001
          6211.95      5.0130333E+001
          6223.24      4.8132107E+001
          6234.53      4.5978062E+001
          6245.82      4.3656674E+001
          6257.11      4.1154273E+001
          6268.40      3.8454716E+001
          6279.69      3.5538954E+001
          6290.98      3.2377848E+001
          6302.27      2.8937255E+001
          6313.55      2.5183943E+001
          6324.84      2.1078104E+001
          6336.13      1.6571771E+001
          6347.42      1.1606779E+001
          6358.71      6.1120646E+000
          6370.00      0.0000000E+000
