          3480.00      0.0000000E+000
          3491.29      1.9856592E-002
          3502.58      1.8436997E-002
          3513.87      1.7076927E-002
          3525.16      1.5775176E-002
          3536.45      1.4530353E-002
          3547.73      1.3340903E-002
          3559.02      1.2205127E-002
          3570.31      1.1121198E-002
          3581.60      1.0087182E-002
          3592.89      9.1010589E-003
          3604.18      8.1607346E-003
          3615.47      7.2640513E-003
          3626.76      6.4088104E-003
          3638.05      5.5928042E-003
          3649.34      4.8138348E-003
          3660.62      4.0697251E-003
          3671.91      3.3583354E-003
          3683.20      2.6775743E-003
          3694.49      2.0254078E-003
          3705.78      1.3998707E-003
          3717.07      7.9906931E-004
          3728.36      2.5985556E-004
          3739.65     -1.9316956E-004
          3750.94     -5.7781665E-004
          3762.23     -9.0891834E-004
          3773.52     -1.1986754E-003
          3784.80     -1.4570254E-003
          3796.09     -1.6919962E-003
          3807.38     -1.9100261E-003
          3818.67     -2.1162449E-003
          3829.96     -2.3147157E-003
          3841.25     -2.5086374E-003
          3852.54     -2.7005091E-003
          3863.83     -2.8922676E-003
          3875.12     -3.0853982E-003
          3886.41     -3.2810250E-003
          3897.70     -3.4799847E-003
          3908.98     -3.6828858E-003
          3920.27     -3.8901552E-003
          3931.56     -4.1020782E-003
          3942.85     -4.3188286E-003
          3954.14     -4.5404914E-003
          3965.43     -4.7670833E-003
          3976.72     -4.9985698E-003
          3988.01     -5.2348799E-003
          3999.30     -5.4759159E-003
          4010.59     -5.6101283E-003
          4021.88     -5.5624734E-003
          4033.16     -5.3823032E-003
          4044.45     -5.1110425E-003
          4055.74     -4.7821157E-003
          4067.03     -4.4216278E-003
          4078.32     -4.0493885E-003
          4089.61     -3.6800214E-003
          4100.90     -3.3240101E-003
          4112.19     -2.9886094E-003
          4123.48     -2.6786073E-003
          4134.77     -2.3969380E-003
          4146.05     -2.1451652E-003
          4157.34     -1.9238558E-003
          4168.63     -1.7328650E-003
          4179.92     -1.5715519E-003
          4191.21     -1.4389413E-003
          4202.50     -1.3338421E-003
          4213.79     -1.2549359E-003
          4225.08     -1.2008401E-003
          4236.37     -1.1701540E-003
          4247.66     -1.1614908E-003
          4258.95     -1.1735001E-003
          4270.23     -1.2048828E-003
          4281.52     -1.1639316E-003
          4292.81     -9.8947350E-004
          4304.10     -7.2108803E-004
          4315.39     -3.9142817E-004
          4326.68     -2.6495866E-005
          4337.97      3.5362181E-004
          4349.26      7.3383858E-004
          4360.55      1.1031416E-003
          4371.84      1.4537483E-003
          4383.12      1.7803773E-003
          4394.41      2.0796463E-003
          4405.70      2.3495966E-003
          4416.99      2.5893178E-003
          4428.28      2.7986562E-003
          4439.57      2.9779950E-003
          4450.86      3.1280858E-003
          4462.15      3.2499239E-003
          4473.44      3.3446566E-003
          4484.73      3.4135151E-003
          4496.02      3.4577659E-003
          4507.30      3.4786755E-003
          4518.59      3.4774865E-003
          4529.88      3.4554008E-003
          4541.17      3.4135686E-003
          4552.46      3.3530823E-003
          4563.75      3.2613273E-003
          4575.04      3.1295721E-003
          4586.33      2.9637818E-003
          4597.62      2.7689103E-003
          4608.91      2.5490969E-003
          4620.20      2.3078161E-003
          4631.48      2.0479954E-003
          4642.77      1.7721094E-003
          4654.06      1.4822524E-003
          4665.35      1.1801992E-003
          4676.64      8.6745425E-004
          4687.93      5.4529113E-004
          4699.22      2.1478727E-004
          4710.51     -1.2314978E-004
          4721.80     -4.6775805E-004
          4733.09     -8.1840013E-004
          4744.38     -1.1745481E-003
          4755.66     -1.5357677E-003
          4766.95     -1.9017063E-003
          4778.24     -2.2720821E-003
          4789.53     -2.6466739E-003
          4800.82     -3.0253147E-003
          4812.11     -3.4078839E-003
          4823.40     -3.7943001E-003
          4834.69     -4.1845179E-003
          4845.98     -4.6463870E-003
          4857.27     -5.2341004E-003
          4868.55     -5.9303423E-003
          4879.84     -6.7211145E-003
          4891.13     -7.5948745E-003
          4902.42     -8.5419247E-003
          4913.71     -9.5539768E-003
          4925.00     -1.0623843E-002
          4936.29     -1.1745206E-002
          4947.58     -1.2912453E-002
          4958.87     -1.4120553E-002
          4970.16     -1.5364961E-002
          4981.45     -1.6641563E-002
          4992.73     -1.7946617E-002
          5004.02     -1.9276716E-002
          5015.31     -2.0628767E-002
          5026.60     -2.1999966E-002
          5037.89     -2.3387784E-002
          5049.18     -2.4789951E-002
          5060.47     -2.6204447E-002
          5071.76     -2.7629493E-002
          5083.05     -2.9107506E-002
          5094.34     -3.0677231E-002
          5105.62     -3.2332355E-002
          5116.91     -3.4067461E-002
          5128.20     -3.5877882E-002
          5139.49     -3.7759594E-002
          5150.78     -3.9709125E-002
          5162.07     -4.1723500E-002
          5173.36     -4.3800196E-002
          5184.65     -4.5937091E-002
          5195.94     -4.8132461E-002
          5207.23     -5.0384944E-002
          5218.52     -5.2693534E-002
          5229.80     -5.5057572E-002
          5241.09     -5.7476732E-002
          5252.38     -5.9951031E-002
          5263.67     -6.2480818E-002
          5274.96     -6.5066771E-002
          5286.25     -6.7709912E-002
          5297.54     -7.0411597E-002
          5308.83     -7.3173527E-002
          5320.12     -7.5997757E-002
          5331.41     -7.8886687E-002
          5342.70     -8.1843092E-002
          5353.98     -8.4870121E-002
          5365.27     -8.4686613E-002
          5376.56     -7.9126119E-002
          5387.85     -7.0387631E-002
          5399.14     -6.0486471E-002
          5410.43     -5.0749744E-002
          5421.72     -4.1851664E-002
          5433.01     -3.4033594E-002
          5444.30     -2.7303977E-002
          5455.59     -2.1567163E-002
          5466.88     -1.6693214E-002
          5478.16     -1.2551266E-002
          5489.45     -9.0232506E-003
          5500.74     -6.0079886E-003
          5512.03     -3.4210124E-003
          5523.32     -1.1926909E-003
          5534.61      7.3405510E-004
          5545.90      2.4059589E-003
          5557.19      3.8613475E-003
          5568.48      5.1317456E-003
          5579.77      6.2431773E-003
          5591.05      7.2172272E-003
          5602.34      8.0718922E-003
          5613.63      8.8222572E-003
          5624.92      9.4810263E-003
          5636.21      1.0058948E-002
          5647.50      1.0565161E-002
          5658.79      1.1007470E-002
          5670.08      1.1392567E-002
          5681.37      1.1726173E-002
          5692.66      1.2013201E-002
          5703.95      1.2514274E-002
          5715.23      1.3378333E-002
          5726.52      1.4454083E-002
          5737.81      1.5620772E-002
          5749.10      1.6793262E-002
          5760.39      1.7917611E-002
          5771.68      1.8991074E-002
          5782.97      2.0007961E-002
          5794.26      2.0943595E-002
          5805.55      2.1787434E-002
          5816.84      2.2537532E-002
          5828.12      2.3196821E-002
          5839.41      2.3770710E-002
          5850.70      2.4265607E-002
          5861.99      2.4688058E-002
          5873.28      2.5044271E-002
          5884.57      2.5339875E-002
          5895.86      2.5579813E-002
          5907.15      2.5768321E-002
          5918.44      2.5908932E-002
          5929.73      2.6004520E-002
          5941.02      2.6057346E-002
          5952.30      2.6069096E-002
          5963.59      2.6040903E-002
          5974.88      2.5971786E-002
          5986.17      2.5863498E-002
          5997.46      2.5720032E-002
          6008.75      2.5544478E-002
          6020.04      2.5339233E-002
          6031.33      2.5106151E-002
          6042.62      2.4846649E-002
          6053.91      2.4561789E-002
          6065.20      2.4252330E-002
          6076.48      2.3918778E-002
          6087.77      2.3561420E-002
          6099.06      2.3180343E-002
          6110.35      2.2775453E-002
          6121.64      2.2346487E-002
          6132.93      2.1893015E-002
          6144.22      2.1414444E-002
          6155.51      2.0902628E-002
          6166.80      2.0349449E-002
          6178.09      1.9753971E-002
          6189.38      1.9114902E-002
          6200.66      1.8430590E-002
          6211.95      1.7699010E-002
          6223.24      1.6917751E-002
          6234.53      1.6083984E-002
          6245.82      1.5194422E-002
          6257.11      1.4245270E-002
          6268.40      1.3232170E-002
          6279.69      1.2150116E-002
          6290.98      1.0992119E-002
          6302.27      9.7502175E-003
          6313.55      8.4165999E-003
          6324.84      6.9822387E-003
          6336.13      5.4366603E-003
          6347.42      3.7676740E-003
          6358.71      1.9610340E-003
          6370.00      0.0000000E+000
