          3480.00     -2.3059593E-004
          3491.29     -2.3218782E-004
          3502.58     -2.3267398E-004
          3513.87     -2.3220783E-004
          3525.16     -2.3092526E-004
          3536.45     -2.2894641E-004
          3547.73     -2.2637725E-004
          3559.02     -2.2331096E-004
          3570.31     -2.1982919E-004
          3581.60     -2.1600319E-004
          3592.89     -2.1189479E-004
          3604.18     -2.0755734E-004
          3615.47     -2.0303645E-004
          3626.76     -1.9837070E-004
          3638.05     -1.9359217E-004
          3649.34     -1.8872699E-004
          3660.62     -1.8379584E-004
          3671.91     -1.7881434E-004
          3683.20     -1.7379342E-004
          3694.49     -1.6873962E-004
          3705.78     -1.6365538E-004
          3717.07     -1.5853918E-004
          3728.36     -1.5346788E-004
          3739.65     -1.4852621E-004
          3750.94     -1.4372017E-004
          3762.23     -1.3905400E-004
          3773.52     -1.3453032E-004
          3784.80     -1.3015029E-004
          3796.09     -1.2591377E-004
          3807.38     -1.2181939E-004
          3818.67     -1.1786466E-004
          3829.96     -1.1404611E-004
          3841.25     -1.1035928E-004
          3852.54     -1.0679882E-004
          3863.83     -1.0335854E-004
          3875.12     -1.0003141E-004
          3886.41     -9.6809603E-005
          3897.70     -9.3684486E-005
          3908.98     -9.0646641E-005
          3920.27     -8.7685850E-005
          3931.56     -8.4791069E-005
          3942.85     -8.1950408E-005
          3954.14     -7.9151098E-005
          3965.43     -7.6379441E-005
          3976.72     -7.3620772E-005
          3988.01     -7.0859389E-005
          3999.30     -6.8078493E-005
          4010.59     -6.5346603E-005
          4021.88     -6.2740182E-005
          4033.16     -6.0253545E-005
          4044.45     -5.7881070E-005
          4055.74     -5.5617198E-005
          4067.03     -5.3456430E-005
          4078.32     -5.1393308E-005
          4089.61     -4.9422415E-005
          4100.90     -4.7538368E-005
          4112.19     -4.5735796E-005
          4123.48     -4.4009336E-005
          4134.77     -4.2353616E-005
          4146.05     -4.0763240E-005
          4157.34     -3.9232777E-005
          4168.63     -3.7756735E-005
          4179.92     -3.6329549E-005
          4191.21     -3.4945564E-005
          4202.50     -3.3599008E-005
          4213.79     -3.2283971E-005
          4225.08     -3.0994389E-005
          4236.37     -2.9724010E-005
          4247.66     -2.8466378E-005
          4258.95     -2.7214798E-005
          4270.23     -2.5962310E-005
          4281.52     -2.4733729E-005
          4292.81     -2.3557114E-005
          4304.10     -2.2430235E-005
          4315.39     -2.1350966E-005
          4326.68     -2.0317275E-005
          4337.97     -1.9327234E-005
          4349.26     -1.8379005E-005
          4360.55     -1.7470846E-005
          4371.84     -1.6601106E-005
          4383.12     -1.5768223E-005
          4394.41     -1.4970727E-005
          4405.70     -1.4207236E-005
          4416.99     -1.3476454E-005
          4428.28     -1.2777170E-005
          4439.57     -1.2108260E-005
          4450.86     -1.1468681E-005
          4462.15     -1.0857476E-005
          4473.44     -1.0273772E-005
          4484.73     -9.7167763E-006
          4496.02     -9.1857826E-006
          4507.30     -8.6801669E-006
          4518.59     -8.1993912E-006
          4529.88     -7.7430017E-006
          4541.17     -7.3106312E-006
          4552.46     -6.9020013E-006
          4563.75     -6.5135482E-006
          4575.04     -6.1414179E-006
          4586.33     -5.7850000E-006
          4597.62     -5.4437335E-006
          4608.91     -5.1171075E-006
          4620.20     -4.8046589E-006
          4631.48     -4.5059727E-006
          4642.77     -4.2206834E-006
          4654.06     -3.9484727E-006
          4665.35     -3.6890713E-006
          4676.64     -3.4422584E-006
          4687.93     -3.2078626E-006
          4699.22     -2.9857629E-006
          4710.51     -2.7758886E-006
          4721.80     -2.5782208E-006
          4733.09     -2.3927938E-006
          4744.38     -2.2196959E-006
          4755.66     -2.0590713E-006
          4766.95     -1.9111216E-006
          4778.24     -1.7761077E-006
          4789.53     -1.6543524E-006
          4800.82     -1.5462417E-006
          4812.11     -1.4522282E-006
          4823.40     -1.3728335E-006
          4834.69     -1.3086513E-006
          4845.98     -1.2536431E-006
          4857.27     -1.2012692E-006
          4868.55     -1.1514318E-006
          4879.84     -1.1040392E-006
          4891.13     -1.0590059E-006
          4902.42     -1.0162523E-006
          4913.71     -9.7570455E-007
          4925.00     -9.3729437E-007
          4936.29     -9.0095903E-007
          4947.58     -8.6664115E-007
          4958.87     -8.3428863E-007
          4970.16     -8.0385464E-007
          4981.45     -7.7529737E-007
          4992.73     -7.4858012E-007
          5004.02     -7.2367128E-007
          5015.31     -7.0054416E-007
          5026.60     -6.7917707E-007
          5037.89     -6.5955331E-007
          5049.18     -6.4166113E-007
          5060.47     -6.2549382E-007
          5071.76     -6.1104968E-007
          5083.05     -5.9777305E-007
          5094.34     -5.8508189E-007
          5105.62     -5.7293832E-007
          5116.91     -5.6130390E-007
          5128.20     -5.5013950E-007
          5139.49     -5.3940519E-007
          5150.78     -5.2906012E-007
          5162.07     -5.1906240E-007
          5173.36     -5.0936896E-007
          5184.65     -4.9993541E-007
          5195.94     -4.9071592E-007
          5207.23     -4.8166301E-007
          5218.52     -4.7272747E-007
          5229.80     -4.6385811E-007
          5241.09     -4.5500169E-007
          5252.38     -4.4610261E-007
          5263.67     -4.3710282E-007
          5274.96     -4.2794160E-007
          5286.25     -4.1855532E-007
          5297.54     -4.0887722E-007
          5308.83     -3.9883724E-007
          5320.12     -3.8836171E-007
          5331.41     -3.7737314E-007
          5342.70     -3.6578994E-007
          5353.98     -3.5352613E-007
          5365.27     -3.4121291E-007
          5376.56     -3.2951715E-007
          5387.85     -3.1840398E-007
          5399.14     -3.0783977E-007
          5410.43     -2.9779194E-007
          5421.72     -2.8822894E-007
          5433.01     -2.7912012E-007
          5444.30     -2.7043558E-007
          5455.59     -2.6214621E-007
          5466.88     -2.5422345E-007
          5478.16     -2.4663929E-007
          5489.45     -2.3936618E-007
          5500.74     -2.3237687E-007
          5512.03     -2.2564443E-007
          5523.32     -2.1914208E-007
          5534.61     -2.1284314E-007
          5545.90     -2.0672096E-007
          5557.19     -2.0074878E-007
          5568.48     -1.9489972E-007
          5579.77     -1.8914668E-007
          5591.05     -1.8346224E-007
          5602.34     -1.7781864E-007
          5613.63     -1.7218760E-007
          5624.92     -1.6654029E-007
          5636.21     -1.6084724E-007
          5647.50     -1.5507821E-007
          5658.79     -1.4920214E-007
          5670.08     -1.4318705E-007
          5681.37     -1.3700014E-007
          5692.66     -1.3060780E-007
          5703.95     -1.2412722E-007
          5715.23     -1.1769977E-007
          5726.52     -1.1132714E-007
          5737.81     -1.0501071E-007
          5749.10     -9.8751605E-008
          5760.39     -9.2550705E-008
          5771.68     -8.6451990E-008
          5782.97     -8.0507320E-008
          5794.26     -7.4729110E-008
          5805.55     -6.9129858E-008
          5816.84     -6.3722466E-008
          5828.12     -5.8520290E-008
          5839.41     -5.3537222E-008
          5850.70     -4.8787749E-008
          5861.99     -4.4287018E-008
          5873.28     -4.0050915E-008
          5884.57     -3.6096111E-008
          5895.86     -3.2440142E-008
          5907.15     -2.9101484E-008
          5918.44     -2.6099641E-008
          5929.73     -2.3455175E-008
          5941.02     -2.1189700E-008
          5952.30     -1.9325949E-008
          5963.59     -1.7887854E-008
          5974.88     -1.6698073E-008
          5986.17     -1.5562271E-008
          5997.46     -1.4479929E-008
          6008.75     -1.3450661E-008
          6020.04     -1.2474221E-008
          6031.33     -1.1550488E-008
          6042.62     -1.0679473E-008
          6053.91     -9.8613398E-009
          6065.20     -9.0964036E-009
          6076.48     -8.3851311E-009
          6087.77     -7.7281451E-009
          6099.06     -7.1262294E-009
          6110.35     -6.5803386E-009
          6121.64     -6.0916019E-009
          6132.93     -5.6613319E-009
          6144.22     -5.2910210E-009
          6155.51     -4.9570510E-009
          6166.80     -4.6342590E-009
          6178.09     -4.3219628E-009
          6189.38     -4.0195001E-009
          6200.66     -3.7262324E-009
          6211.95     -3.4415456E-009
          6223.24     -3.1648477E-009
          6234.53     -2.8955687E-009
          6245.82     -2.6331578E-009
          6257.11     -2.3770829E-009
          6268.40     -2.1268297E-009
          6279.69     -1.8818996E-009
          6290.98     -1.6410481E-009
          6302.27     -1.4029610E-009
          6313.55     -1.1670509E-009
          6324.84     -9.3273786E-010
          6336.13     -6.9944631E-010
          6347.42     -4.6660464E-010
          6358.71     -2.3364480E-010
          6370.00      0.0000000E+000
