          3480.00     -2.3059593E-004
          3491.29     -2.3281414E-004
          3502.58     -2.3447772E-004
          3513.87     -2.3563821E-004
          3525.16     -2.3634274E-004
          3536.45     -2.3663438E-004
          3547.73     -2.3655242E-004
          3559.02     -2.3613263E-004
          3570.31     -2.3540748E-004
          3581.60     -2.3440637E-004
          3592.89     -2.3315586E-004
          3604.18     -2.3167983E-004
          3615.47     -2.2999965E-004
          3626.76     -2.2813434E-004
          3638.05     -2.2610070E-004
          3649.34     -2.2391339E-004
          3660.62     -2.2158509E-004
          3671.91     -2.1912660E-004
          3683.20     -2.1654691E-004
          3694.49     -2.1385331E-004
          3705.78     -2.1105148E-004
          3717.07     -2.0814550E-004
          3728.36     -2.0518026E-004
          3739.65     -2.0220336E-004
          3750.94     -1.9922109E-004
          3762.23     -1.9623873E-004
          3773.52     -1.9326063E-004
          3784.80     -1.9029029E-004
          3796.09     -1.8733034E-004
          3807.38     -1.8438263E-004
          3818.67     -1.8144825E-004
          3829.96     -1.7852757E-004
          3841.25     -1.7562025E-004
          3852.54     -1.7272527E-004
          3863.83     -1.6984097E-004
          3875.12     -1.6696506E-004
          3886.41     -1.6409460E-004
          3897.70     -1.6122605E-004
          3908.98     -1.5835528E-004
          3920.27     -1.5547753E-004
          3931.56     -1.5258746E-004
          3942.85     -1.4967913E-004
          3954.14     -1.4674599E-004
          3965.43     -1.4378088E-004
          3976.72     -1.4077602E-004
          3988.01     -1.3772303E-004
          3999.30     -1.3461285E-004
          4010.59     -1.3150665E-004
          4021.88     -1.2847041E-004
          4033.16     -1.2550170E-004
          4044.45     -1.2259794E-004
          4055.74     -1.1975642E-004
          4067.03     -1.1697429E-004
          4078.32     -1.1424856E-004
          4089.61     -1.1157610E-004
          4100.90     -1.0895366E-004
          4112.19     -1.0637783E-004
          4123.48     -1.0384509E-004
          4134.77     -1.0135176E-004
          4146.05     -9.8894017E-005
          4157.34     -9.6467906E-005
          4168.63     -9.4069310E-005
          4179.92     -9.1693960E-005
          4191.21     -8.9337431E-005
          4202.50     -8.6995129E-005
          4213.79     -8.4662285E-005
          4225.08     -8.2333953E-005
          4236.37     -8.0004997E-005
          4247.66     -7.7670091E-005
          4258.95     -7.5323699E-005
          4270.23     -7.2960070E-005
          4281.52     -7.0612716E-005
          4292.81     -6.8318592E-005
          4304.10     -6.6076968E-005
          4315.39     -6.3887136E-005
          4326.68     -6.1748412E-005
          4337.97     -5.9660149E-005
          4349.26     -5.7621728E-005
          4360.55     -5.5632564E-005
          4371.84     -5.3692118E-005
          4383.12     -5.1799888E-005
          4394.41     -4.9955422E-005
          4405.70     -4.8158321E-005
          4416.99     -4.6408235E-005
          4428.28     -4.4704876E-005
          4439.57     -4.3048006E-005
          4450.86     -4.1437452E-005
          4462.15     -3.9873109E-005
          4473.44     -3.8354932E-005
          4484.73     -3.6882950E-005
          4496.02     -3.5457266E-005
          4507.30     -3.4078054E-005
          4518.59     -3.2745575E-005
          4529.88     -3.1460167E-005
          4541.17     -3.0222253E-005
          4552.46     -2.9032350E-005
          4563.75     -2.7884108E-005
          4575.04     -2.6770649E-005
          4586.33     -2.5691812E-005
          4597.62     -2.4647490E-005
          4608.91     -2.3637643E-005
          4620.20     -2.2662289E-005
          4631.48     -2.1721511E-005
          4642.77     -2.0815458E-005
          4654.06     -1.9944346E-005
          4665.35     -1.9108462E-005
          4676.64     -1.8308160E-005
          4687.93     -1.7543870E-005
          4699.22     -1.6816098E-005
          4710.51     -1.6125424E-005
          4721.80     -1.5472509E-005
          4733.09     -1.4858098E-005
          4744.38     -1.4283016E-005
          4755.66     -1.3748179E-005
          4766.95     -1.3254591E-005
          4778.24     -1.2803348E-005
          4789.53     -1.2395642E-005
          4800.82     -1.2032764E-005
          4812.11     -1.1716107E-005
          4823.40     -1.1447168E-005
          4834.69     -1.1227555E-005
          4845.98     -1.1036466E-005
          4857.27     -1.0851939E-005
          4868.55     -1.0673918E-005
          4879.84     -1.0502351E-005
          4891.13     -1.0337185E-005
          4902.42     -1.0178367E-005
          4913.71     -1.0025851E-005
          4925.00     -9.8795861E-006
          4936.29     -9.7395274E-006
          4947.58     -9.6056301E-006
          4958.87     -9.4778516E-006
          4970.16     -9.3561517E-006
          4981.45     -9.2404919E-006
          4992.73     -9.1308359E-006
          5004.02     -9.0271499E-006
          5015.31     -8.9294023E-006
          5026.60     -8.8375640E-006
          5037.89     -8.7516081E-006
          5049.18     -8.6715104E-006
          5060.47     -8.5972493E-006
          5071.76     -8.5288056E-006
          5083.05     -8.4634316E-006
          5094.34     -8.3982954E-006
          5105.62     -8.3332450E-006
          5116.91     -8.2681182E-006
          5128.20     -8.2027419E-006
          5139.49     -8.1369320E-006
          5150.78     -8.0704933E-006
          5162.07     -8.0032190E-006
          5173.36     -7.9348907E-006
          5184.65     -7.8652779E-006
          5195.94     -7.7941378E-006
          5207.23     -7.7212148E-006
          5218.52     -7.6462400E-006
          5229.80     -7.5689314E-006
          5241.09     -7.4889930E-006
          5252.38     -7.4061143E-006
          5263.67     -7.3199700E-006
          5274.96     -7.2302197E-006
          5286.25     -7.1365071E-006
          5297.54     -7.0384595E-006
          5308.83     -6.9356874E-006
          5320.12     -6.8277838E-006
          5331.41     -6.7143239E-006
          5342.70     -6.5948637E-006
          5353.98     -6.4689402E-006
          5365.27     -6.3412432E-006
          5376.56     -6.2166516E-006
          5387.85     -6.0949720E-006
          5399.14     -5.9760116E-006
          5410.43     -5.8595777E-006
          5421.72     -5.7454779E-006
          5433.01     -5.6335191E-006
          5444.30     -5.5235076E-006
          5455.59     -5.4152492E-006
          5466.88     -5.3085483E-006
          5478.16     -5.2032080E-006
          5489.45     -5.0990295E-006
          5500.74     -4.9958122E-006
          5512.03     -4.8933535E-006
          5523.32     -4.7914476E-006
          5534.61     -4.6898864E-006
          5545.90     -4.5884585E-006
          5557.19     -4.4869491E-006
          5568.48     -4.3851397E-006
          5579.77     -4.2828082E-006
          5591.05     -4.1797288E-006
          5602.34     -4.0756718E-006
          5613.63     -3.9704020E-006
          5624.92     -3.8636797E-006
          5636.21     -3.7552596E-006
          5647.50     -3.6448906E-006
          5658.79     -3.5323159E-006
          5670.08     -3.4172722E-006
          5681.37     -3.2994933E-006
          5692.66     -3.1787111E-006
          5703.95     -3.0556137E-006
          5715.23     -2.9312618E-006
          5726.52     -2.8059359E-006
          5737.81     -2.6799088E-006
          5749.10     -2.5534465E-006
          5760.39     -2.4268090E-006
          5771.68     -2.3007266E-006
          5782.97     -2.1760529E-006
          5794.26     -2.0532212E-006
          5805.55     -1.9326591E-006
          5816.84     -1.8147957E-006
          5828.12     -1.7000616E-006
          5839.41     -1.5888906E-006
          5850.70     -1.4817197E-006
          5861.99     -1.3789905E-006
          5873.28     -1.2811499E-006
          5884.57     -1.1886506E-006
          5895.86     -1.1019522E-006
          5907.15     -1.0215219E-006
          5918.44     -9.4783610E-007
          5929.73     -8.8137981E-007
          5941.02     -8.2264612E-007
          5952.30     -7.7213658E-007
          5963.59     -7.3036207E-007
          5974.88     -6.9368795E-007
          5986.17     -6.5814620E-007
          5997.46     -6.2375590E-007
          6008.75     -5.9053719E-007
          6020.04     -5.5851141E-007
          6031.33     -5.2770066E-007
          6042.62     -4.9812801E-007
          6053.91     -4.6981815E-007
          6065.20     -4.4279733E-007
          6076.48     -4.1709334E-007
          6087.77     -3.9273559E-007
          6099.06     -3.6975525E-007
          6110.35     -3.4818548E-007
          6121.64     -3.2806152E-007
          6132.93     -3.0942099E-007
          6144.22     -2.9230375E-007
          6155.51     -2.7609838E-007
          6166.80     -2.6015579E-007
          6178.09     -2.4446062E-007
          6189.38     -2.2899749E-007
          6200.66     -2.1375128E-007
          6211.95     -1.9870718E-007
          6223.24     -1.8385066E-007
          6234.53     -1.6916751E-007
          6245.82     -1.5464374E-007
          6257.11     -1.4026562E-007
          6268.40     -1.2601967E-007
          6279.69     -1.1189258E-007
          6290.98     -9.7850133E-008
          6302.27     -8.3855983E-008
          6313.55     -6.9893861E-008
          6324.84     -5.5947618E-008
          6336.13     -4.2001134E-008
          6347.42     -2.8038347E-008
          6358.71     -1.4043288E-008
          6370.00      0.0000000E+000
