          3480.00      3.3904316E-023
          3491.29      2.2602268E-002
          3502.58      4.5329155E-002
          3513.87      6.8268896E-002
          3525.16      9.1509464E-002
          3536.45      1.1513904E-001
          3547.73      1.3924628E-001
          3559.02      1.6392061E-001
          3570.31      1.8925261E-001
          3581.60      2.1533434E-001
          3592.89      2.4225960E-001
          3604.18      2.7012425E-001
          3615.47      2.9902627E-001
          3626.76      3.2906633E-001
          3638.05      3.6034808E-001
          3649.34      3.9297847E-001
          3660.62      4.2706818E-001
          3671.91      4.6273183E-001
          3683.20      5.0008839E-001
          3694.49      5.3926151E-001
          3705.78      5.8037975E-001
          3717.07      6.2357714E-001
          3728.36      6.6947683E-001
          3739.65      7.1866087E-001
          3750.94      7.7121650E-001
          3762.23      8.2724476E-001
          3773.52      8.8686029E-001
          3784.80      9.5019137E-001
          3796.09      1.0173796E+000
          3807.38      1.0885802E+000
          3818.67      1.1639623E+000
          3829.96      1.2437082E+000
          3841.25      1.3280145E+000
          3852.54      1.4170916E+000
          3863.83      1.5111645E+000
          3875.12      1.6104727E+000
          3886.41      1.7152705E+000
          3897.70      1.8258278E+000
          3908.98      1.9424304E+000
          3920.27      2.0653800E+000
          3931.56      2.1949955E+000
          3942.85      2.3316130E+000
          3954.14      2.4755867E+000
          3965.43      2.6272897E+000
          3976.72      2.7871140E+000
          3988.01      2.9554719E+000
          3999.30      3.1327966E+000
          4010.59      3.3260075E+000
          4021.88      3.5415234E+000
          4033.16      3.7791241E+000
          4044.45      4.0386933E+000
          4055.74      4.3202148E+000
          4067.03      4.6237672E+000
          4078.32      4.9495217E+000
          4089.61      5.2977382E+000
          4100.90      5.6687616E+000
          4112.19      6.0630210E+000
          4123.48      6.4810271E+000
          4134.77      6.9233701E+000
          4146.05      7.3907190E+000
          4157.34      7.8838192E+000
          4168.63      8.4034939E+000
          4179.92      8.9506424E+000
          4191.21      9.5262389E+000
          4202.50      1.0131335E+001
          4213.79      1.0767057E+001
          4225.08      1.1434609E+001
          4236.37      1.2135274E+001
          4247.66      1.2870410E+001
          4258.95      1.3641455E+001
          4270.23      1.4449931E+001
          4281.52      1.5324510E+001
          4292.81      1.6291699E+001
          4304.10      1.7350123E+001
          4315.39      1.8498786E+001
          4326.68      1.9737056E+001
          4337.97      2.1064635E+001
          4349.26      2.2481560E+001
          4360.55      2.3988177E+001
          4371.84      2.5585132E+001
          4383.12      2.7273362E+001
          4394.41      2.9054076E+001
          4405.70      3.0928753E+001
          4416.99      3.2899132E+001
          4428.28      3.4967199E+001
          4439.57      3.7135190E+001
          4450.86      3.9405583E+001
          4462.15      4.1781082E+001
          4473.44      4.4264629E+001
          4484.73      4.6859392E+001
          4496.02      4.9568761E+001
          4507.30      5.2396351E+001
          4518.59      5.5345986E+001
          4529.88      5.8421717E+001
          4541.17      6.1627814E+001
          4552.46      6.4968750E+001
          4563.75      6.8428894E+001
          4575.04      7.1994556E+001
          4586.33      7.5673304E+001
          4597.62      7.9472733E+001
          4608.91      8.3400473E+001
          4620.20      8.7464215E+001
          4631.48      9.1671721E+001
          4642.77      9.6030825E+001
          4654.06      1.0054946E+002
          4665.35      1.0523568E+002
          4676.64      1.1009763E+002
          4687.93      1.1514361E+002
          4699.22      1.2038204E+002
          4710.51      1.2582151E+002
          4721.80      1.3147075E+002
          4733.09      1.3733868E+002
          4744.38      1.4343437E+002
          4755.66      1.4976711E+002
          4766.95      1.5634637E+002
          4778.24      1.6318182E+002
          4789.53      1.7028334E+002
          4800.82      1.7766105E+002
          4812.11      1.8532527E+002
          4823.40      1.9328657E+002
          4834.69      2.0155573E+002
          4845.98      2.0989617E+002
          4857.27      2.1808870E+002
          4868.55      2.2616896E+002
          4879.84      2.3417075E+002
          4891.13      2.4212620E+002
          4902.42      2.5006586E+002
          4913.71      2.5801880E+002
          4925.00      2.6601277E+002
          4936.29      2.7407425E+002
          4947.58      2.8222855E+002
          4958.87      2.9049992E+002
          4970.16      2.9891158E+002
          4981.45      3.0748585E+002
          4992.73      3.1624420E+002
          5004.02      3.2520726E+002
          5015.31      3.3439497E+002
          5026.60      3.4382653E+002
          5037.89      3.5352055E+002
          5049.18      3.6349501E+002
          5060.47      3.7376733E+002
          5071.76      3.8435444E+002
          5083.05      3.9508868E+002
          5094.34      4.0581044E+002
          5105.62      4.1654689E+002
          5116.91      4.2732333E+002
          5128.20      4.3816329E+002
          5139.49      4.4908859E+002
          5150.78      4.6011936E+002
          5162.07      4.7127417E+002
          5173.36      4.8257004E+002
          5184.65      4.9402245E+002
          5195.94      5.0564541E+002
          5207.23      5.1745147E+002
          5218.52      5.2945176E+002
          5229.80      5.4165598E+002
          5241.09      5.5407236E+002
          5252.38      5.6670778E+002
          5263.67      5.7956765E+002
          5274.96      5.9265595E+002
          5286.25      6.0597518E+002
          5297.54      6.1952640E+002
          5308.83      6.3330912E+002
          5320.12      6.4732131E+002
          5331.41      6.6155932E+002
          5342.70      6.7601788E+002
          5353.98      6.9069005E+002
          5365.27      7.1771757E+002
          5376.56      7.6843696E+002
          5387.85      8.4169612E+002
          5399.14      9.3642429E+002
          5410.43      1.0516273E+003
          5421.72      1.1863825E+003
          5433.01      1.3398348E+003
          5444.30      1.5111926E+003
          5455.59      1.6997229E+003
          5466.88      1.9047488E+003
          5478.16      2.1256454E+003
          5489.45      2.3618364E+003
          5500.74      2.6127913E+003
          5512.03      2.8780215E+003
          5523.32      3.1570787E+003
          5534.61      3.4495515E+003
          5545.90      3.7550620E+003
          5557.19      4.0732649E+003
          5568.48      4.4038439E+003
          5579.77      4.7465087E+003
          5591.05      5.1009924E+003
          5602.34      5.4670509E+003
          5613.63      5.8444620E+003
          5624.92      6.2330233E+003
          5636.21      6.6325489E+003
          5647.50      7.0428694E+003
          5658.79      7.4638294E+003
          5670.08      7.8952853E+003
          5681.37      8.3370926E+003
          5692.66      8.7891050E+003
          5703.95      9.3150434E+003
          5715.23      9.9705195E+003
          5726.52      1.0743605E+004
          5737.81      1.1622837E+004
          5749.10      1.2597179E+004
          5760.39      1.3655979E+004
          5771.68      1.4802582E+004
          5782.97      1.6037561E+004
          5794.26      1.7346710E+004
          5805.55      1.8716149E+004
          5816.84      2.0132197E+004
          5828.12      2.1581321E+004
          5839.41      2.3050089E+004
          5850.70      2.4525123E+004
          5861.99      2.5993056E+004
          5873.28      2.7440481E+004
          5884.57      2.8853919E+004
          5895.86      3.0219766E+004
          5907.15      3.1524250E+004
          5918.44      3.2753386E+004
          5929.73      3.3892952E+004
          5941.02      3.4928487E+004
          5952.30      3.5845249E+004
          5963.59      3.6628178E+004
          5974.88      3.7303200E+004
          5986.17      3.7905775E+004
          5997.46      3.8434663E+004
          6008.75      3.8888344E+004
          6020.04      3.9265013E+004
          6031.33      3.9562580E+004
          6042.62      3.9778660E+004
          6053.91      3.9910556E+004
          6065.20      3.9955263E+004
          6076.48      3.9909452E+004
          6087.77      3.9769466E+004
          6099.06      3.9531303E+004
          6110.35      3.9190612E+004
          6121.64      3.8742684E+004
          6132.93      3.8182452E+004
          6144.22      3.7504502E+004
          6155.51      3.6726600E+004
          6166.80      3.5867277E+004
          6178.09      3.4921778E+004
          6189.38      3.3885045E+004
          6200.66      3.2751702E+004
          6211.95      3.1516050E+004
          6223.24      3.0172053E+004
          6234.53      2.8713332E+004
          6245.82      2.7133146E+004
          6257.11      2.5424377E+004
          6268.40      2.3579528E+004
          6279.69      2.1590694E+004
          6290.98      1.9458795E+004
          6302.27      1.7184324E+004
          6313.55      1.4758117E+004
          6324.84      1.2170595E+004
          6336.13      9.4117365E+003
          6347.42      6.4710629E+003
          6358.71      3.3376304E+003
          6370.00      6.3898739E-042
