          3480.00      0.0000000E+000
          3491.29      2.4648144E+002
          3502.58      4.9360283E+002
          3513.87      7.4143208E+002
          3525.16      9.9003589E+002
          3536.45      1.2394811E+003
          3547.73      1.4898341E+003
          3559.02      1.7411600E+003
          3570.31      1.9935244E+003
          3581.60      2.2469921E+003
          3592.89      2.5016274E+003
          3604.18      2.7574942E+003
          3615.47      3.0146532E+003
          3626.76      3.2731647E+003
          3638.05      3.5330887E+003
          3649.34      3.7944841E+003
          3660.62      4.0574104E+003
          3671.91      4.3219265E+003
          3683.20      4.5880914E+003
          3694.49      4.8559638E+003
          3705.78      5.1256017E+003
          3717.07      5.3970637E+003
          3728.36      5.6706705E+003
          3739.65      5.9467187E+003
          3750.94      6.2252313E+003
          3762.23      6.5062317E+003
          3773.52      6.7897436E+003
          3784.80      7.0757915E+003
          3796.09      7.3643993E+003
          3807.38      7.6555924E+003
          3818.67      7.9493969E+003
          3829.96      8.2458383E+003
          3841.25      8.5449433E+003
          3852.54      8.8467385E+003
          3863.83      9.1512508E+003
          3875.12      9.4585079E+003
          3886.41      9.7685367E+003
          3897.70      1.0081365E+004
          3908.98      1.0397022E+004
          3920.27      1.0715534E+004
          3931.56      1.1036931E+004
          3942.85      1.1361240E+004
          3954.14      1.1688492E+004
          3965.43      1.2018716E+004
          3976.72      1.2351941E+004
          3988.01      1.2688198E+004
          3999.30      1.3027517E+004
          4010.59      1.3371551E+004
          4021.88      1.3721869E+004
          4033.16      1.4078377E+004
          4044.45      1.4440982E+004
          4055.74      1.4809595E+004
          4067.03      1.5184128E+004
          4078.32      1.5564495E+004
          4089.61      1.5950611E+004
          4100.90      1.6342395E+004
          4112.19      1.6739766E+004
          4123.48      1.7142645E+004
          4134.77      1.7550954E+004
          4146.05      1.7964619E+004
          4157.34      1.8383564E+004
          4168.63      1.8807715E+004
          4179.92      1.9237001E+004
          4191.21      1.9671350E+004
          4202.50      2.0110693E+004
          4213.79      2.0554960E+004
          4225.08      2.1004083E+004
          4236.37      2.1457995E+004
          4247.66      2.1916629E+004
          4258.95      2.2379920E+004
          4270.23      2.2847801E+004
          4281.52      2.3322727E+004
          4292.81      2.3807009E+004
          4304.10      2.4300369E+004
          4315.39      2.4802531E+004
          4326.68      2.5313224E+004
          4337.97      2.5832176E+004
          4349.26      2.6359122E+004
          4360.55      2.6893796E+004
          4371.84      2.7435937E+004
          4383.12      2.7985286E+004
          4394.41      2.8541582E+004
          4405.70      2.9104571E+004
          4416.99      2.9673995E+004
          4428.28      3.0249602E+004
          4439.57      3.0831137E+004
          4450.86      3.1418351E+004
          4462.15      3.2010990E+004
          4473.44      3.2608805E+004
          4484.73      3.3211548E+004
          4496.02      3.3818968E+004
          4507.30      3.4430818E+004
          4518.59      3.5046847E+004
          4529.88      3.5666809E+004
          4541.17      3.6290455E+004
          4552.46      3.6917535E+004
          4563.75      3.7547306E+004
          4575.04      3.8179070E+004
          4586.33      3.8812651E+004
          4597.62      3.9447870E+004
          4608.91      4.0084544E+004
          4620.20      4.0722494E+004
          4631.48      4.1361537E+004
          4642.77      4.2001486E+004
          4654.06      4.2642157E+004
          4665.35      4.3283360E+004
          4676.64      4.3924906E+004
          4687.93      4.4566604E+004
          4699.22      4.5208259E+004
          4710.51      4.5849677E+004
          4721.80      4.6490659E+004
          4733.09      4.7131004E+004
          4744.38      4.7770511E+004
          4755.66      4.8408976E+004
          4766.95      4.9046191E+004
          4778.24      4.9681948E+004
          4789.53      5.0316032E+004
          4800.82      5.0948231E+004
          4812.11      5.1578328E+004
          4823.40      5.2206100E+004
          4834.69      5.2831327E+004
          4845.98      5.3452762E+004
          4857.27      5.4069348E+004
          4868.55      5.4681137E+004
          4879.84      5.5288175E+004
          4891.13      5.5890508E+004
          4902.42      5.6488175E+004
          4913.71      5.7081212E+004
          4925.00      5.7669651E+004
          4936.29      5.8253520E+004
          4947.58      5.8832844E+004
          4958.87      5.9407644E+004
          4970.16      5.9977935E+004
          4981.45      6.0543732E+004
          4992.73      6.1105044E+004
          5004.02      6.1661877E+004
          5015.31      6.2214233E+004
          5026.60      6.2762110E+004
          5037.89      6.3305503E+004
          5049.18      6.3844405E+004
          5060.47      6.4378801E+004
          5071.76      6.4908678E+004
          5083.05      6.5433524E+004
          5094.34      6.5952854E+004
          5105.62      6.6466686E+004
          5116.91      6.6975034E+004
          5128.20      6.7477911E+004
          5139.49      6.7975322E+004
          5150.78      6.8467270E+004
          5162.07      6.8953756E+004
          5173.36      6.9434775E+004
          5184.65      6.9910319E+004
          5195.94      7.0380377E+004
          5207.23      7.0844935E+004
          5218.52      7.1303973E+004
          5229.80      7.1757471E+004
          5241.09      7.2205402E+004
          5252.38      7.2647737E+004
          5263.67      7.3084446E+004
          5274.96      7.3515490E+004
          5286.25      7.3940832E+004
          5297.54      7.4360428E+004
          5308.83      7.4774233E+004
          5320.12      7.5182198E+004
          5331.41      7.5584268E+004
          5342.70      7.5980388E+004
          5353.98      7.6370499E+004
          5365.27      7.6777038E+004
          5376.56      7.7221495E+004
          5387.85      7.7702391E+004
          5399.14      7.8218257E+004
          5410.43      7.8767634E+004
          5421.72      7.9349071E+004
          5433.01      7.9961124E+004
          5444.30      8.0602362E+004
          5455.59      8.1271354E+004
          5466.88      8.1966682E+004
          5478.16      8.2686932E+004
          5489.45      8.3430695E+004
          5500.74      8.4196571E+004
          5512.03      8.4983160E+004
          5523.32      8.5789072E+004
          5534.61      8.6612919E+004
          5545.90      8.7453315E+004
          5557.19      8.8308882E+004
          5568.48      8.9178242E+004
          5579.77      9.0060018E+004
          5591.05      9.0952834E+004
          5602.34      9.1855316E+004
          5613.63      9.2766095E+004
          5624.92      9.3683803E+004
          5636.21      9.4607075E+004
          5647.50      9.5534550E+004
          5658.79      9.6464867E+004
          5670.08      9.7396669E+004
          5681.37      9.8328582E+004
          5692.66      9.9259224E+004
          5703.95      1.0020242E+005
          5715.23      1.0116625E+005
          5726.52      1.0214082E+005
          5737.81      1.0311635E+005
          5749.10      1.0408315E+005
          5760.39      1.0503163E+005
          5771.68      1.0594889E+005
          5782.97      1.0682018E+005
          5794.26      1.0763327E+005
          5805.55      1.0837606E+005
          5816.84      1.0903647E+005
          5828.12      1.0960244E+005
          5839.41      1.1006197E+005
          5850.70      1.1040304E+005
          5861.99      1.1061369E+005
          5873.28      1.1068196E+005
          5884.57      1.1059592E+005
          5895.86      1.1034363E+005
          5907.15      1.0991321E+005
          5918.44      1.0929277E+005
          5929.73      1.0847047E+005
          5941.02      1.0743454E+005
          5952.30      1.0617325E+005
          5963.59      1.0467493E+005
          5974.88      1.0302340E+005
          5986.17      1.0130842E+005
          5997.46      9.9527374E+004
          6008.75      9.7677625E+004
          6020.04      9.5756564E+004
          6031.33      9.3761563E+004
          6042.62      9.1689971E+004
          6053.91      8.9539143E+004
          6065.20      8.7306430E+004
          6076.48      8.4989168E+004
          6087.77      8.2584680E+004
          6099.06      8.0090265E+004
          6110.35      7.7503214E+004
          6121.64      7.4820815E+004
          6132.93      7.2040395E+004
          6144.22      6.9159334E+004
          6155.51      6.6205170E+004
          6166.80      6.3206221E+004
          6178.09      6.0160988E+004
          6189.38      5.7067902E+004
          6200.66      5.3925374E+004
          6211.95      5.0731809E+004
          6223.24      4.7485597E+004
          6234.53      4.4185133E+004
          6245.82      4.0828790E+004
          6257.11      3.7414936E+004
          6268.40      3.3941936E+004
          6279.69      3.0408134E+004
          6290.98      2.6815724E+004
          6302.27      2.3166945E+004
          6313.55      1.9460190E+004
          6324.84      1.5693852E+004
          6336.13      1.1866300E+004
          6347.42      7.9758981E+003
          6358.71      4.0210127E+003
          6370.00     -6.7655889E-031
