          3480.00     -1.0695670E-033
          3491.29     -1.9465585E-003
          3502.58     -3.8909811E-003
          3513.87     -5.8335055E-003
          3525.16     -7.7743614E-003
          3536.45     -9.7137804E-003
          3547.73     -1.1651991E-002
          3559.02     -1.3589213E-002
          3570.31     -1.5525670E-002
          3581.60     -1.7461580E-002
          3592.89     -1.9397159E-002
          3604.18     -2.1332614E-002
          3615.47     -2.3268132E-002
          3626.76     -2.5203890E-002
          3638.05     -2.7140064E-002
          3649.34     -2.9076824E-002
          3660.62     -3.1014339E-002
          3671.91     -3.2952777E-002
          3683.20     -3.4892304E-002
          3694.49     -3.6833085E-002
          3705.78     -3.8775278E-002
          3717.07     -4.0719044E-002
          3728.36     -4.2665013E-002
          3739.65     -4.4613769E-002
          3750.94     -4.6565408E-002
          3762.23     -4.8520023E-002
          3773.52     -5.0477706E-002
          3784.80     -5.2438548E-002
          3796.09     -5.4402636E-002
          3807.38     -5.6370062E-002
          3818.67     -5.8340920E-002
          3829.96     -6.0315297E-002
          3841.25     -6.2293284E-002
          3852.54     -6.4274969E-002
          3863.83     -6.6260440E-002
          3875.12     -6.8249785E-002
          3886.41     -7.0243085E-002
          3897.70     -7.2240426E-002
          3908.98     -7.4241893E-002
          3920.27     -7.6247564E-002
          3931.56     -7.8257523E-002
          3942.85     -8.0271848E-002
          3954.14     -8.2290622E-002
          3965.43     -8.4313928E-002
          3976.72     -8.6341843E-002
          3988.01     -8.8374451E-002
          3999.30     -9.0411831E-002
          4010.59     -9.2456776E-002
          4021.88     -9.4511949E-002
          4033.16     -9.6577237E-002
          4044.45     -9.8652524E-002
          4055.74     -1.0073770E-001
          4067.03     -1.0283264E-001
          4078.32     -1.0493725E-001
          4089.61     -1.0705140E-001
          4100.90     -1.0917499E-001
          4112.19     -1.1130790E-001
          4123.48     -1.1345003E-001
          4134.77     -1.1560127E-001
          4146.05     -1.1776150E-001
          4157.34     -1.1993062E-001
          4168.63     -1.2210851E-001
          4179.92     -1.2429508E-001
          4191.21     -1.2649021E-001
          4202.50     -1.2869379E-001
          4213.79     -1.3090572E-001
          4225.08     -1.3312588E-001
          4236.37     -1.3535418E-001
          4247.66     -1.3759049E-001
          4258.95     -1.3983473E-001
          4270.23     -1.4208677E-001
          4281.52     -1.4435036E-001
          4292.81     -1.4662905E-001
          4304.10     -1.4892245E-001
          4315.39     -1.5123014E-001
          4326.68     -1.5355172E-001
          4337.97     -1.5588680E-001
          4349.26     -1.5823496E-001
          4360.55     -1.6059583E-001
          4371.84     -1.6296900E-001
          4383.12     -1.6535408E-001
          4394.41     -1.6775068E-001
          4405.70     -1.7015840E-001
          4416.99     -1.7257686E-001
          4428.28     -1.7500565E-001
          4439.57     -1.7744440E-001
          4450.86     -1.7989270E-001
          4462.15     -1.8235017E-001
          4473.44     -1.8481642E-001
          4484.73     -1.8729106E-001
          4496.02     -1.8977371E-001
          4507.30     -1.9226397E-001
          4518.59     -1.9476146E-001
          4529.88     -1.9726579E-001
          4541.17     -1.9977657E-001
          4552.46     -2.0229342E-001
          4563.75     -2.0481530E-001
          4575.04     -2.0734123E-001
          4586.33     -2.0987093E-001
          4597.62     -2.1240410E-001
          4608.91     -2.1494044E-001
          4620.20     -2.1747966E-001
          4631.48     -2.2002146E-001
          4642.77     -2.2256555E-001
          4654.06     -2.2511164E-001
          4665.35     -2.2765941E-001
          4676.64     -2.3020859E-001
          4687.93     -2.3275886E-001
          4699.22     -2.3530993E-001
          4710.51     -2.3786150E-001
          4721.80     -2.4041327E-001
          4733.09     -2.4296492E-001
          4744.38     -2.4551617E-001
          4755.66     -2.4806671E-001
          4766.95     -2.5061623E-001
          4778.24     -2.5316443E-001
          4789.53     -2.5571099E-001
          4800.82     -2.5825561E-001
          4812.11     -2.6079799E-001
          4823.40     -2.6333781E-001
          4834.69     -2.6587476E-001
          4845.98     -2.6840783E-001
          4857.27     -2.7093622E-001
          4868.55     -2.7345998E-001
          4879.84     -2.7597915E-001
          4891.13     -2.7849376E-001
          4902.42     -2.8100385E-001
          4913.71     -2.8350944E-001
          4925.00     -2.8601058E-001
          4936.29     -2.8850728E-001
          4947.58     -2.9099957E-001
          4958.87     -2.9348749E-001
          4970.16     -2.9597106E-001
          4981.45     -2.9845029E-001
          4992.73     -3.0092521E-001
          5004.02     -3.0339584E-001
          5015.31     -3.0586219E-001
          5026.60     -3.0832428E-001
          5037.89     -3.1078213E-001
          5049.18     -3.1323574E-001
          5060.47     -3.1568513E-001
          5071.76     -3.1813031E-001
          5083.05     -3.2057078E-001
          5094.34     -3.2300604E-001
          5105.62     -3.2543618E-001
          5116.91     -3.2786124E-001
          5128.20     -3.3028127E-001
          5139.49     -3.3269634E-001
          5150.78     -3.3510649E-001
          5162.07     -3.3751178E-001
          5173.36     -3.3991226E-001
          5184.65     -3.4230796E-001
          5195.94     -3.4469895E-001
          5207.23     -3.4708526E-001
          5218.52     -3.4946694E-001
          5229.80     -3.5184403E-001
          5241.09     -3.5421656E-001
          5252.38     -3.5658459E-001
          5263.67     -3.5894815E-001
          5274.96     -3.6130728E-001
          5286.25     -3.6366200E-001
          5297.54     -3.6601237E-001
          5308.83     -3.6835840E-001
          5320.12     -3.7070014E-001
          5331.41     -3.7303761E-001
          5342.70     -3.7537085E-001
          5353.98     -3.7769987E-001
          5365.27     -3.8006746E-001
          5376.56     -3.8251543E-001
          5387.85     -3.8504236E-001
          5399.14     -3.8764684E-001
          5410.43     -3.9032746E-001
          5421.72     -3.9308282E-001
          5433.01     -3.9591152E-001
          5444.30     -3.9881218E-001
          5455.59     -4.0178341E-001
          5466.88     -4.0482383E-001
          5478.16     -4.0793206E-001
          5489.45     -4.1110673E-001
          5500.74     -4.1434648E-001
          5512.03     -4.1764994E-001
          5523.32     -4.2101576E-001
          5534.61     -4.2444258E-001
          5545.90     -4.2792905E-001
          5557.19     -4.3147383E-001
          5568.48     -4.3507557E-001
          5579.77     -4.3873292E-001
          5591.05     -4.4244454E-001
          5602.34     -4.4620904E-001
          5613.63     -4.5002508E-001
          5624.92     -4.5389131E-001
          5636.21     -4.5780637E-001
          5647.50     -4.6176893E-001
          5658.79     -4.6577765E-001
          5670.08     -4.6983119E-001
          5681.37     -4.7392812E-001
          5692.66     -4.7806691E-001
          5703.95     -4.8237435E-001
          5715.23     -4.8697151E-001
          5726.52     -4.9184838E-001
          5737.81     -4.9699503E-001
          5749.10     -5.0240161E-001
          5760.39     -5.0805834E-001
          5771.68     -5.1399268E-001
          5782.97     -5.2023019E-001
          5794.26     -5.2675851E-001
          5805.55     -5.3356555E-001
          5816.84     -5.4063926E-001
          5828.12     -5.4796764E-001
          5839.41     -5.5553876E-001
          5850.70     -5.6334075E-001
          5861.99     -5.7136177E-001
          5873.28     -5.7959006E-001
          5884.57     -5.8801391E-001
          5895.86     -5.9662165E-001
          5907.15     -6.0540167E-001
          5918.44     -6.1434233E-001
          5929.73     -6.2343199E-001
          5941.02     -6.3265907E-001
          5952.30     -6.4201208E-001
          5963.59     -6.5147960E-001
          5974.88     -6.6101267E-001
          5986.17     -6.7056860E-001
          5997.46     -6.8014544E-001
          6008.75     -6.8974127E-001
          6020.04     -6.9935418E-001
          6031.33     -7.0898238E-001
          6042.62     -7.1862422E-001
          6053.91     -7.2827803E-001
          6065.20     -7.3794218E-001
          6076.48     -7.4761507E-001
          6087.77     -7.5729517E-001
          6099.06     -7.6698097E-001
          6110.35     -7.7667099E-001
          6121.64     -7.8636371E-001
          6132.93     -7.9605753E-001
          6144.22     -8.0575066E-001
          6155.51     -8.1544316E-001
          6166.80     -8.2513602E-001
          6178.09     -8.3482908E-001
          6189.38     -8.4452233E-001
          6200.66     -8.5421582E-001
          6211.95     -8.6390956E-001
          6223.24     -8.7360361E-001
          6234.53     -8.8329795E-001
          6245.82     -8.9299263E-001
          6257.11     -9.0268765E-001
          6268.40     -9.1238301E-001
          6279.69     -9.2207873E-001
          6290.98     -9.3177494E-001
          6302.27     -9.4147180E-001
          6313.55     -9.5116944E-001
          6324.84     -9.6086793E-001
          6336.13     -9.7056738E-001
          6347.42     -9.8026791E-001
          6358.71     -9.8996958E-001
          6370.00     -9.9967245E-001
