          3480.00     -1.5524670E-037
          3491.29     -6.5463496E-007
          3502.58     -1.3090125E-006
          3513.87     -1.9632385E-006
          3525.16     -2.6174155E-006
          3536.45     -3.2716464E-006
          3547.73     -3.9260327E-006
          3559.02     -4.5806731E-006
          3570.31     -5.2356665E-006
          3581.60     -5.8911101E-006
          3592.89     -6.5470998E-006
          3604.18     -7.2037292E-006
          3615.47     -7.8610840E-006
          3626.76     -8.5192475E-006
          3638.05     -9.1783019E-006
          3649.34     -9.8383267E-006
          3660.62     -1.0499402E-005
          3671.91     -1.1161607E-005
          3683.20     -1.1825020E-005
          3694.49     -1.2489718E-005
          3705.78     -1.3155775E-005
          3717.07     -1.3823269E-005
          3728.36     -1.4492581E-005
          3739.65     -1.5164065E-005
          3750.94     -1.5837756E-005
          3762.23     -1.6513687E-005
          3773.52     -1.7191893E-005
          3784.80     -1.7872407E-005
          3796.09     -1.8555261E-005
          3807.38     -1.9240490E-005
          3818.67     -1.9928128E-005
          3829.96     -2.0618207E-005
          3841.25     -2.1310761E-005
          3852.54     -2.2005824E-005
          3863.83     -2.2703427E-005
          3875.12     -2.3403604E-005
          3886.41     -2.4106386E-005
          3897.70     -2.4811804E-005
          3908.98     -2.5519891E-005
          3920.27     -2.6230676E-005
          3931.56     -2.6944192E-005
          3942.85     -2.7660467E-005
          3954.14     -2.8379534E-005
          3965.43     -2.9101423E-005
          3976.72     -2.9826165E-005
          3988.01     -3.0553790E-005
          3999.30     -3.1284329E-005
          4010.59     -3.2019610E-005
          4021.88     -3.2761375E-005
          4033.16     -3.3509526E-005
          4044.45     -3.4263963E-005
          4055.74     -3.5024592E-005
          4067.03     -3.5791314E-005
          4078.32     -3.6564036E-005
          4089.61     -3.7342664E-005
          4100.90     -3.8127104E-005
          4112.19     -3.8917265E-005
          4123.48     -3.9713055E-005
          4134.77     -4.0514382E-005
          4146.05     -4.1321158E-005
          4157.34     -4.2133292E-005
          4168.63     -4.2950696E-005
          4179.92     -4.3773281E-005
          4191.21     -4.4600959E-005
          4202.50     -4.5433643E-005
          4213.79     -4.6271246E-005
          4225.08     -4.7113680E-005
          4236.37     -4.7960862E-005
          4247.66     -4.8812702E-005
          4258.95     -4.9669117E-005
          4270.23     -5.0530020E-005
          4281.52     -5.1397949E-005
          4292.81     -5.2275304E-005
          4304.10     -5.3161796E-005
          4315.39     -5.4057138E-005
          4326.68     -5.4961043E-005
          4337.97     -5.5873226E-005
          4349.26     -5.6793404E-005
          4360.55     -5.7721296E-005
          4371.84     -5.8656623E-005
          4383.12     -5.9599106E-005
          4394.41     -6.0548467E-005
          4405.70     -6.1504429E-005
          4416.99     -6.2466716E-005
          4428.28     -6.3435052E-005
          4439.57     -6.4409161E-005
          4450.86     -6.5388771E-005
          4462.15     -6.6373606E-005
          4473.44     -6.7363395E-005
          4484.73     -6.8357864E-005
          4496.02     -6.9356741E-005
          4507.30     -7.0359757E-005
          4518.59     -7.1366636E-005
          4529.88     -7.2377109E-005
          4541.17     -7.3390906E-005
          4552.46     -7.4407753E-005
          4563.75     -7.5426912E-005
          4575.04     -7.6447687E-005
          4586.33     -7.7469872E-005
          4597.62     -7.8493263E-005
          4608.91     -7.9517649E-005
          4620.20     -8.0542825E-005
          4631.48     -8.1568583E-005
          4642.77     -8.2594713E-005
          4654.06     -8.3621006E-005
          4665.35     -8.4647252E-005
          4676.64     -8.5673240E-005
          4687.93     -8.6698759E-005
          4699.22     -8.7723595E-005
          4710.51     -8.8747535E-005
          4721.80     -8.9770364E-005
          4733.09     -9.0791867E-005
          4744.38     -9.1811827E-005
          4755.66     -9.2830026E-005
          4766.95     -9.3846246E-005
          4778.24     -9.4860269E-005
          4789.53     -9.5871871E-005
          4800.82     -9.6880831E-005
          4812.11     -9.7886927E-005
          4823.40     -9.8889932E-005
          4834.69     -9.9889622E-005
          4845.98     -1.0088508E-004
          4857.27     -1.0187557E-004
          4868.55     -1.0286111E-004
          4879.84     -1.0384171E-004
          4891.13     -1.0481740E-004
          4902.42     -1.0578819E-004
          4913.71     -1.0675409E-004
          4925.00     -1.0771511E-004
          4936.29     -1.0867127E-004
          4947.58     -1.0962257E-004
          4958.87     -1.1056902E-004
          4970.16     -1.1151063E-004
          4981.45     -1.1244739E-004
          4992.73     -1.1337931E-004
          5004.02     -1.1430639E-004
          5015.31     -1.1522863E-004
          5026.60     -1.1614602E-004
          5037.89     -1.1705855E-004
          5049.18     -1.1796623E-004
          5060.47     -1.1886904E-004
          5071.76     -1.1976697E-004
          5083.05     -1.2065961E-004
          5094.34     -1.2154656E-004
          5105.62     -1.2242784E-004
          5116.91     -1.2330348E-004
          5128.20     -1.2417350E-004
          5139.49     -1.2503790E-004
          5150.78     -1.2589672E-004
          5162.07     -1.2674997E-004
          5173.36     -1.2759765E-004
          5184.65     -1.2843978E-004
          5195.94     -1.2927637E-004
          5207.23     -1.3010743E-004
          5218.52     -1.3093297E-004
          5229.80     -1.3175298E-004
          5241.09     -1.3256748E-004
          5252.38     -1.3337647E-004
          5263.67     -1.3417994E-004
          5274.96     -1.3497790E-004
          5286.25     -1.3577035E-004
          5297.54     -1.3655728E-004
          5308.83     -1.3733868E-004
          5320.12     -1.3811456E-004
          5331.41     -1.3888490E-004
          5342.70     -1.3964969E-004
          5353.98     -1.4040893E-004
          5365.27     -1.4119132E-004
          5376.56     -1.4202485E-004
          5387.85     -1.4290842E-004
          5399.14     -1.4384095E-004
          5410.43     -1.4482134E-004
          5421.72     -1.4584853E-004
          5433.01     -1.4692143E-004
          5444.30     -1.4803899E-004
          5455.59     -1.4920015E-004
          5466.88     -1.5040383E-004
          5478.16     -1.5164901E-004
          5489.45     -1.5293462E-004
          5500.74     -1.5425964E-004
          5512.03     -1.5562301E-004
          5523.32     -1.5702372E-004
          5534.61     -1.5846073E-004
          5545.90     -1.5993302E-004
          5557.19     -1.6143957E-004
          5568.48     -1.6297937E-004
          5579.77     -1.6455139E-004
          5591.05     -1.6615462E-004
          5602.34     -1.6778804E-004
          5613.63     -1.6945064E-004
          5624.92     -1.7114141E-004
          5636.21     -1.7285933E-004
          5647.50     -1.7460342E-004
          5658.79     -1.7637267E-004
          5670.08     -1.7816609E-004
          5681.37     -1.7998265E-004
          5692.66     -1.8182126E-004
          5703.95     -1.8375962E-004
          5715.23     -1.8587105E-004
          5726.52     -1.8814798E-004
          5737.81     -1.9058290E-004
          5749.10     -1.9316839E-004
          5760.39     -1.9589707E-004
          5771.68     -1.9878319E-004
          5782.97     -2.0183954E-004
          5794.26     -2.0505678E-004
          5805.55     -2.0842572E-004
          5816.84     -2.1193721E-004
          5828.12     -2.1558215E-004
          5839.41     -2.1935149E-004
          5850.70     -2.2323622E-004
          5861.99     -2.2722739E-004
          5873.28     -2.3131608E-004
          5884.57     -2.3549340E-004
          5895.86     -2.3975055E-004
          5907.15     -2.4407870E-004
          5918.44     -2.4846909E-004
          5929.73     -2.5291294E-004
          5941.02     -2.5740152E-004
          5952.30     -2.6192620E-004
          5963.59     -2.6647839E-004
          5974.88     -2.7104193E-004
          5986.17     -2.7560551E-004
          5997.46     -2.8016783E-004
          6008.75     -2.8472759E-004
          6020.04     -2.8928351E-004
          6031.33     -2.9383438E-004
          6042.62     -2.9837904E-004
          6053.91     -3.0291635E-004
          6065.20     -3.0744515E-004
          6076.48     -3.1196433E-004
          6087.77     -3.1647279E-004
          6099.06     -3.2096947E-004
          6110.35     -3.2545328E-004
          6121.64     -3.2992316E-004
          6132.93     -3.3437795E-004
          6144.22     -3.3881648E-004
          6155.51     -3.4324137E-004
          6166.80     -3.4765595E-004
          6178.09     -3.5206019E-004
          6189.38     -3.5645411E-004
          6200.66     -3.6083777E-004
          6211.95     -3.6521119E-004
          6223.24     -3.6957442E-004
          6234.53     -3.7392748E-004
          6245.82     -3.7827040E-004
          6257.11     -3.8260321E-004
          6268.40     -3.8692590E-004
          6279.69     -3.9123852E-004
          6290.98     -3.9554122E-004
          6302.27     -3.9983420E-004
          6313.55     -4.0411756E-004
          6324.84     -4.0839137E-004
          6336.13     -4.1265570E-004
          6347.42     -4.1691064E-004
          6358.71     -4.2115623E-004
          6370.00     -4.2539253E-004
