          3480.00      3.9566300E-039
          3491.29     -3.5636785E-008
          3502.58     -7.0983784E-008
          3513.87     -1.0604442E-007
          3525.16     -1.4082190E-007
          3536.45     -1.7531945E-007
          3547.73     -2.0954018E-007
          3559.02     -2.4348702E-007
          3570.31     -2.7716287E-007
          3581.60     -3.1057053E-007
          3592.89     -3.4371271E-007
          3604.18     -3.7659191E-007
          3615.47     -4.0921010E-007
          3626.76     -4.4156905E-007
          3638.05     -4.7367043E-007
          3649.34     -5.0551577E-007
          3660.62     -5.3710659E-007
          3671.91     -5.6844433E-007
          3683.20     -5.9953035E-007
          3694.49     -6.3036595E-007
          3705.78     -6.6095231E-007
          3717.07     -6.9129059E-007
          3728.36     -7.2138191E-007
          3739.65     -7.5122724E-007
          3750.94     -7.8082754E-007
          3762.23     -8.1018372E-007
          3773.52     -8.3929659E-007
          3784.80     -8.6816695E-007
          3796.09     -8.9679545E-007
          3807.38     -9.2518281E-007
          3818.67     -9.5332976E-007
          3829.96     -9.8123685E-007
          3841.25     -1.0089047E-006
          3852.54     -1.0363338E-006
          3863.83     -1.0635246E-006
          3875.12     -1.0904776E-006
          3886.41     -1.1171930E-006
          3897.70     -1.1436711E-006
          3908.98     -1.1699122E-006
          3920.27     -1.1959165E-006
          3931.56     -1.2216840E-006
          3942.85     -1.2472150E-006
          3954.14     -1.2725093E-006
          3965.43     -1.2975671E-006
          3976.72     -1.3223884E-006
          3988.01     -1.3469732E-006
          3999.30     -1.3713214E-006
          4010.59     -1.3954327E-006
          4021.88     -1.4193072E-006
          4033.16     -1.4429444E-006
          4044.45     -1.4663442E-006
          4055.74     -1.4895062E-006
          4067.03     -1.5124300E-006
          4078.32     -1.5351153E-006
          4089.61     -1.5575615E-006
          4100.90     -1.5797682E-006
          4112.19     -1.6017348E-006
          4123.48     -1.6234607E-006
          4134.77     -1.6449453E-006
          4146.05     -1.6661878E-006
          4157.34     -1.6871877E-006
          4168.63     -1.7079441E-006
          4179.92     -1.7284561E-006
          4191.21     -1.7487231E-006
          4202.50     -1.7687440E-006
          4213.79     -1.7885179E-006
          4225.08     -1.8080440E-006
          4236.37     -1.8273211E-006
          4247.66     -1.8463482E-006
          4258.95     -1.8651243E-006
          4270.23     -1.8836481E-006
          4281.52     -1.9019186E-006
          4292.81     -1.9199345E-006
          4304.10     -1.9376945E-006
          4315.39     -1.9551975E-006
          4326.68     -1.9724420E-006
          4337.97     -1.9894266E-006
          4349.26     -2.0061501E-006
          4360.55     -2.0226110E-006
          4371.84     -2.0388077E-006
          4383.12     -2.0547390E-006
          4394.41     -2.0704033E-006
          4405.70     -2.0857989E-006
          4416.99     -2.1009243E-006
          4428.28     -2.1157778E-006
          4439.57     -2.1303577E-006
          4450.86     -2.1446622E-006
          4462.15     -2.1586896E-006
          4473.44     -2.1724382E-006
          4484.73     -2.1859060E-006
          4496.02     -2.1990912E-006
          4507.30     -2.2119919E-006
          4518.59     -2.2246061E-006
          4529.88     -2.2369320E-006
          4541.17     -2.2489675E-006
          4552.46     -2.2607106E-006
          4563.75     -2.2721593E-006
          4575.04     -2.2833113E-006
          4586.33     -2.2941647E-006
          4597.62     -2.3047173E-006
          4608.91     -2.3149668E-006
          4620.20     -2.3249111E-006
          4631.48     -2.3345480E-006
          4642.77     -2.3438751E-006
          4654.06     -2.3528901E-006
          4665.35     -2.3615907E-006
          4676.64     -2.3699746E-006
          4687.93     -2.3780392E-006
          4699.22     -2.3857823E-006
          4710.51     -2.3932013E-006
          4721.80     -2.4002938E-006
          4733.09     -2.4070571E-006
          4744.38     -2.4134888E-006
          4755.66     -2.4195863E-006
          4766.95     -2.4253469E-006
          4778.24     -2.4307680E-006
          4789.53     -2.4358470E-006
          4800.82     -2.4405811E-006
          4812.11     -2.4449676E-006
          4823.40     -2.4490037E-006
          4834.69     -2.4526867E-006
          4845.98     -2.4560137E-006
          4857.27     -2.4589818E-006
          4868.55     -2.4615882E-006
          4879.84     -2.4638300E-006
          4891.13     -2.4657042E-006
          4902.42     -2.4672078E-006
          4913.71     -2.4683378E-006
          4925.00     -2.4690912E-006
          4936.29     -2.4694650E-006
          4947.58     -2.4694560E-006
          4958.87     -2.4690611E-006
          4970.16     -2.4682771E-006
          4981.45     -2.4671010E-006
          4992.73     -2.4655295E-006
          5004.02     -2.4635593E-006
          5015.31     -2.4611872E-006
          5026.60     -2.4584099E-006
          5037.89     -2.4552240E-006
          5049.18     -2.4516263E-006
          5060.47     -2.4476133E-006
          5071.76     -2.4431816E-006
          5083.05     -2.4383277E-006
          5094.34     -2.4330483E-006
          5105.62     -2.4273398E-006
          5116.91     -2.4211987E-006
          5128.20     -2.4146214E-006
          5139.49     -2.4076044E-006
          5150.78     -2.4001441E-006
          5162.07     -2.3922369E-006
          5173.36     -2.3838790E-006
          5184.65     -2.3750668E-006
          5195.94     -2.3657966E-006
          5207.23     -2.3560645E-006
          5218.52     -2.3458670E-006
          5229.80     -2.3352001E-006
          5241.09     -2.3240600E-006
          5252.38     -2.3124428E-006
          5263.67     -2.3003448E-006
          5274.96     -2.2877620E-006
          5286.25     -2.2746905E-006
          5297.54     -2.2611262E-006
          5308.83     -2.2470653E-006
          5320.12     -2.2325037E-006
          5331.41     -2.2174374E-006
          5342.70     -2.2018622E-006
          5353.98     -2.1857741E-006
          5365.27     -2.1691691E-006
          5376.56     -2.1520429E-006
          5387.85     -2.1343913E-006
          5399.14     -2.1162102E-006
          5410.43     -2.0974954E-006
          5421.72     -2.0782425E-006
          5433.01     -2.0584474E-006
          5444.30     -2.0381057E-006
          5455.59     -2.0172131E-006
          5466.88     -1.9957652E-006
          5478.16     -1.9737577E-006
          5489.45     -1.9511860E-006
          5500.74     -1.9280458E-006
          5512.03     -1.9043326E-006
          5523.32     -1.8800419E-006
          5534.61     -1.8551692E-006
          5545.90     -1.8297100E-006
          5557.19     -1.8036597E-006
          5568.48     -1.7770137E-006
          5579.77     -1.7497672E-006
          5591.05     -1.7219154E-006
          5602.34     -1.6934533E-006
          5613.63     -1.6643761E-006
          5624.92     -1.6346786E-006
          5636.21     -1.6043561E-006
          5647.50     -1.5734034E-006
          5658.79     -1.5418155E-006
          5670.08     -1.5095875E-006
          5681.37     -1.4767135E-006
          5692.66     -1.4431869E-006
          5703.95     -1.4098630E-006
          5715.23     -1.3775738E-006
          5726.52     -1.3462778E-006
          5737.81     -1.3159336E-006
          5749.10     -1.2865000E-006
          5760.39     -1.2579362E-006
          5771.68     -1.2302015E-006
          5782.97     -1.2032557E-006
          5794.26     -1.1770600E-006
          5805.55     -1.1515765E-006
          5816.84     -1.1267680E-006
          5828.12     -1.1025970E-006
          5839.41     -1.0790265E-006
          5850.70     -1.0560194E-006
          5861.99     -1.0335389E-006
          5873.28     -1.0115485E-006
          5884.57     -9.9001157E-007
          5895.86     -9.6889179E-007
          5907.15     -9.4815301E-007
          5918.44     -9.2775866E-007
          5929.73     -9.0767182E-007
          5941.02     -8.8785582E-007
          5952.30     -8.6827417E-007
          5963.59     -8.4889065E-007
          5974.88     -8.2966912E-007
          5986.17     -8.1057343E-007
          5997.46     -7.9156755E-007
          6008.75     -7.7261572E-007
          6020.04     -7.5368241E-007
          6031.33     -7.3473312E-007
          6042.62     -7.1573430E-007
          6053.91     -6.9665261E-007
          6065.20     -6.7745485E-007
          6076.48     -6.5810824E-007
          6087.77     -6.3858062E-007
          6099.06     -6.1884013E-007
          6110.35     -5.9885502E-007
          6121.64     -5.7859350E-007
          6132.93     -5.5802293E-007
          6144.22     -5.3711011E-007
          6155.51     -5.1582235E-007
          6166.80     -4.9412750E-007
          6178.09     -4.7199450E-007
          6189.38     -4.4939336E-007
          6200.66     -4.2629452E-007
          6211.95     -4.0266840E-007
          6223.24     -3.7848541E-007
          6234.53     -3.5371606E-007
          6245.82     -3.2833074E-007
          6257.11     -3.0229991E-007
          6268.40     -2.7559404E-007
          6279.69     -2.4818363E-007
          6290.98     -2.2003925E-007
          6302.27     -1.9113147E-007
          6313.55     -1.6143075E-007
          6324.84     -1.3090767E-007
          6336.13     -9.9532664E-008
          6347.42     -6.7276161E-008
          6358.71     -3.4108553E-008
          6370.00      3.7578631E-039
