          3480.00      0.0000000E+000
          3491.29      5.9883382E+000
          3502.58      1.2008303E+001
          3513.87      1.8075010E+001
          3525.16      2.4203514E+001
          3536.45      3.0408882E+001
          3547.73      3.6706209E+001
          3559.02      4.3110640E+001
          3570.31      4.9637432E+001
          3581.60      5.6301971E+001
          3592.89      6.3119806E+001
          3604.18      7.0106675E+001
          3615.47      7.7278478E+001
          3626.76      8.4651364E+001
          3638.05      9.2241780E+001
          3649.34      1.0006647E+002
          3660.62      1.0814256E+002
          3671.91      1.1648755E+002
          3683.20      1.2511936E+002
          3694.49      1.3405635E+002
          3705.78      1.4331734E+002
          3717.07      1.5292170E+002
          3728.36      1.6288931E+002
          3739.65      1.7324061E+002
          3750.94      1.8399668E+002
          3762.23      1.9517919E+002
          3773.52      2.0681050E+002
          3784.80      2.1891369E+002
          3796.09      2.3151253E+002
          3807.38      2.4463158E+002
          3818.67      2.5829624E+002
          3829.96      2.7253271E+002
          3841.25      2.8736809E+002
          3852.54      3.0283038E+002
          3863.83      3.1894851E+002
          3875.12      3.3575242E+002
          3886.41      3.5327302E+002
          3897.70      3.7154234E+002
          3908.98      3.9059348E+002
          3920.27      4.1046065E+002
          3931.56      4.3117928E+002
          3942.85      4.5278602E+002
          3954.14      4.7531877E+002
          3965.43      4.9881682E+002
          3976.72      5.2332073E+002
          3988.01      5.4887251E+002
          3999.30      5.7551565E+002
          4010.59      6.0329504E+002
          4021.88      6.3225718E+002
          4033.16      6.6245016E+002
          4044.45      6.9392370E+002
          4055.74      7.2672921E+002
          4067.03      7.6091982E+002
          4078.32      7.9655048E+002
          4089.61      8.3367803E+002
          4100.90      8.7236112E+002
          4112.19      9.1266045E+002
          4123.48      9.5463871E+002
          4134.77      9.9836067E+002
          4146.05      1.0438933E+003
          4157.34      1.0913056E+003
          4168.63      1.1406689E+003
          4179.92      1.1920571E+003
          4191.21      1.2455460E+003
          4202.50      1.3012142E+003
          4213.79      1.3591428E+003
          4225.08      1.4194154E+003
          4236.37      1.4821182E+003
          4247.66      1.5473401E+003
          4258.95      1.6151729E+003
          4270.23      1.6857112E+003
          4281.52      1.7590525E+003
          4292.81      1.8352971E+003
          4304.10      1.9145488E+003
          4315.39      1.9969141E+003
          4326.68      2.0825030E+003
          4337.97      2.1714286E+003
          4349.26      2.2638075E+003
          4360.55      2.3597596E+003
          4371.84      2.4594084E+003
          4383.12      2.5628812E+003
          4394.41      2.6703085E+003
          4405.70      2.7818248E+003
          4416.99      2.8975684E+003
          4428.28      3.0176810E+003
          4439.57      3.1423089E+003
          4450.86      3.2716020E+003
          4462.15      3.4057145E+003
          4473.44      3.5448046E+003
          4484.73      3.6890349E+003
          4496.02      3.8385723E+003
          4507.30      3.9935882E+003
          4518.59      4.1542581E+003
          4529.88      4.3207623E+003
          4541.17      4.4932860E+003
          4552.46      4.6720183E+003
          4563.75      4.8571536E+003
          4575.04      5.0488912E+003
          4586.33      5.2474347E+003
          4597.62      5.4529934E+003
          4608.91      5.6657807E+003
          4620.20      5.8860155E+003
          4631.48      6.1139220E+003
          4642.77      6.3497288E+003
          4654.06      6.5936703E+003
          4665.35      6.8459857E+003
          4676.64      7.1069197E+003
          4687.93      7.3767224E+003
          4699.22      7.6556483E+003
          4710.51      7.9439582E+003
          4721.80      8.2419180E+003
          4733.09      8.5497982E+003
          4744.38      8.8678753E+003
          4755.66      9.1964311E+003
          4766.95      9.5357524E+003
          4778.24      9.8861317E+003
          4789.53      1.0247866E+004
          4800.82      1.0621258E+004
          4812.11      1.1006615E+004
          4823.40      1.1404251E+004
          4834.69      1.1814483E+004
          4845.98      1.2237633E+004
          4857.27      1.2674030E+004
          4868.55      1.3124006E+004
          4879.84      1.3587896E+004
          4891.13      1.4066044E+004
          4902.42      1.4558793E+004
          4913.71      1.5066494E+004
          4925.00      1.5589501E+004
          4936.29      1.6128170E+004
          4947.58      1.6682862E+004
          4958.87      1.7253943E+004
          4970.16      1.7841779E+004
          4981.45      1.8446740E+004
          4992.73      1.9069198E+004
          5004.02      1.9709529E+004
          5015.31      2.0368107E+004
          5026.60      2.1045310E+004
          5037.89      2.1741518E+004
          5049.18      2.2457109E+004
          5060.47      2.3192462E+004
          5071.76      2.3947955E+004
          5083.05      2.4723968E+004
          5094.34      2.5520875E+004
          5105.62      2.6339050E+004
          5116.91      2.7178866E+004
          5128.20      2.8040691E+004
          5139.49      2.8924889E+004
          5150.78      2.9831817E+004
          5162.07      3.0761829E+004
          5173.36      3.1715274E+004
          5184.65      3.2692487E+004
          5195.94      3.3693802E+004
          5207.23      3.4719538E+004
          5218.52      3.5770008E+004
          5229.80      3.6845512E+004
          5241.09      3.7946334E+004
          5252.38      3.9072749E+004
          5263.67      4.0225016E+004
          5274.96      4.1403372E+004
          5286.25      4.2608043E+004
          5297.54      4.3839233E+004
          5308.83      4.5097122E+004
          5320.12      4.6381873E+004
          5331.41      4.7693617E+004
          5342.70      4.9032465E+004
          5353.98      5.0398497E+004
          5365.27      5.1791763E+004
          5376.56      5.3212282E+004
          5387.85      5.4660036E+004
          5399.14      5.6134973E+004
          5410.43      5.7637002E+004
          5421.72      5.9165985E+004
          5433.01      6.0721746E+004
          5444.30      6.2304059E+004
          5455.59      6.3912648E+004
          5466.88      6.5547182E+004
          5478.16      6.7207278E+004
          5489.45      6.8892492E+004
          5500.74      7.0602317E+004
          5512.03      7.2336177E+004
          5523.32      7.4093432E+004
          5534.61      7.5873366E+004
          5545.90      7.7675181E+004
          5557.19      7.9498003E+004
          5568.48      8.1340870E+004
          5579.77      8.3202721E+004
          5591.05      8.5082397E+004
          5602.34      8.6978635E+004
          5613.63      8.8890077E+004
          5624.92      9.0815256E+004
          5636.21      9.2752590E+004
          5647.50      9.4700384E+004
          5658.79      9.6656818E+004
          5670.08      9.8619943E+004
          5681.37      1.0058763E+005
          5692.66      1.0255758E+005
          5703.95      1.0504995E+005
          5715.23      1.0853788E+005
          5726.52      1.1295049E+005
          5737.81      1.1821959E+005
          5749.10      1.2427943E+005
          5760.39      1.3106659E+005
          5771.68      1.3851978E+005
          5782.97      1.4657972E+005
          5794.26      1.5518919E+005
          5805.55      1.6429263E+005
          5816.84      1.7383561E+005
          5828.12      1.8376470E+005
          5839.41      1.9402726E+005
          5850.70      2.0457137E+005
          5861.99      2.1534567E+005
          5873.28      2.2629919E+005
          5884.57      2.3738128E+005
          5895.86      2.4854149E+005
          5907.15      2.5972933E+005
          5918.44      2.7089421E+005
          5929.73      2.8198530E+005
          5941.02      2.9295164E+005
          5952.30      3.0374204E+005
          5963.59      3.1430495E+005
          5974.88      3.2458838E+005
          5986.17      3.3453974E+005
          5997.46      3.4410581E+005
          6008.75      3.5323271E+005
          6020.04      3.6186576E+005
          6031.33      3.6994952E+005
          6042.62      3.7742747E+005
          6053.91      3.8424172E+005
          6065.20      3.9033288E+005
          6076.48      3.9563998E+005
          6087.77      4.0010028E+005
          6099.06      4.0364908E+005
          6110.35      4.0621953E+005
          6121.64      4.0774249E+005
          6132.93      4.0814652E+005
          6144.22      4.0735792E+005
          6155.51      4.0530079E+005
          6166.80      4.0189686E+005
          6178.09      3.9706517E+005
          6189.38      3.9072174E+005
          6200.66      3.8277919E+005
          6211.95      3.7314658E+005
          6223.24      3.6172923E+005
          6234.53      3.4842861E+005
          6245.82      3.3314212E+005
          6257.11      3.1576295E+005
          6268.40      2.9617996E+005
          6279.69      2.7427741E+005
          6290.98      2.4993477E+005
          6302.27      2.2302655E+005
          6313.55      1.9342212E+005
          6324.84      1.6098556E+005
          6336.13      1.2557532E+005
          6347.42      8.7044089E+004
          6358.71      4.5238742E+004
          6370.00      0.0000000E+000
