          3480.00     -1.7698629E-034
          3491.29     -1.2801926E-008
          3502.58     -2.5645754E-008
          3513.87     -3.8550210E-008
          3525.16     -5.1533849E-008
          3536.45     -6.4615147E-008
          3547.73     -7.7812500E-008
          3559.02     -9.1144212E-008
          3570.31     -1.0462859E-007
          3581.60     -1.1828392E-007
          3592.89     -1.3212850E-007
          3604.18     -1.4618066E-007
          3615.47     -1.6045865E-007
          3626.76     -1.7498079E-007
          3638.05     -1.8976549E-007
          3649.34     -2.0483126E-007
          3660.62     -2.2019681E-007
          3671.91     -2.3588098E-007
          3683.20     -2.5190282E-007
          3694.49     -2.6828159E-007
          3705.78     -2.8503672E-007
          3717.07     -3.0218793E-007
          3728.36     -3.1975520E-007
          3739.65     -3.3775876E-007
          3750.94     -3.5621916E-007
          3762.23     -3.7515723E-007
          3773.52     -3.9459418E-007
          3784.80     -4.1455153E-007
          3796.09     -4.3505114E-007
          3807.38     -4.5611531E-007
          3818.67     -4.7776676E-007
          3829.96     -5.0002858E-007
          3841.25     -5.2292431E-007
          3852.54     -5.4647795E-007
          3863.83     -5.7071394E-007
          3875.12     -5.9565723E-007
          3886.41     -6.2133318E-007
          3897.70     -6.4776775E-007
          3908.98     -6.7498740E-007
          3920.27     -7.0301907E-007
          3931.56     -7.3189033E-007
          3942.85     -7.6162929E-007
          3954.14     -7.9226467E-007
          3965.43     -8.2382585E-007
          3976.72     -8.5634274E-007
          3988.01     -8.8984600E-007
          3999.30     -9.2436689E-007
          4010.59     -9.5993730E-007
          4021.88     -9.9658985E-007
          4033.16     -1.0343578E-006
          4044.45     -1.0732753E-006
          4055.74     -1.1133770E-006
          4067.03     -1.1546983E-006
          4078.32     -1.1972756E-006
          4089.61     -1.2411458E-006
          4100.90     -1.2863467E-006
          4112.19     -1.3329170E-006
          4123.48     -1.3808960E-006
          4134.77     -1.4303240E-006
          4146.05     -1.4812422E-006
          4157.34     -1.5336924E-006
          4168.63     -1.5877176E-006
          4179.92     -1.6433614E-006
          4191.21     -1.7006685E-006
          4202.50     -1.7596844E-006
          4213.79     -1.8204557E-006
          4225.08     -1.8830298E-006
          4236.37     -1.9474551E-006
          4247.66     -2.0137808E-006
          4258.95     -2.0820575E-006
          4270.23     -2.1523364E-006
          4281.52     -2.2246699E-006
          4292.81     -2.2991114E-006
          4304.10     -2.3757153E-006
          4315.39     -2.4545371E-006
          4326.68     -2.5356334E-006
          4337.97     -2.6190616E-006
          4349.26     -2.7048805E-006
          4360.55     -2.7931500E-006
          4371.84     -2.8839310E-006
          4383.12     -2.9772856E-006
          4394.41     -3.0732769E-006
          4405.70     -3.1719692E-006
          4416.99     -3.2734279E-006
          4428.28     -3.3777194E-006
          4439.57     -3.4849115E-006
          4450.86     -3.5950730E-006
          4462.15     -3.7082737E-006
          4473.44     -3.8245850E-006
          4484.73     -3.9440792E-006
          4496.02     -4.0668297E-006
          4507.30     -4.1929115E-006
          4518.59     -4.3224002E-006
          4529.88     -4.4553731E-006
          4541.17     -4.5919084E-006
          4552.46     -4.7320854E-006
          4563.75     -4.8759850E-006
          4575.04     -5.0236890E-006
          4586.33     -5.1752803E-006
          4597.62     -5.3308434E-006
          4608.91     -5.4904634E-006
          4620.20     -5.6542269E-006
          4631.48     -5.8222217E-006
          4642.77     -5.9945365E-006
          4654.06     -6.1712613E-006
          4665.35     -6.3524872E-006
          4676.64     -6.5383065E-006
          4687.93     -6.7288126E-006
          4699.22     -6.9240995E-006
          4710.51     -7.1242627E-006
          4721.80     -7.3293991E-006
          4733.09     -7.5396055E-006
          4744.38     -7.7549808E-006
          4755.66     -7.9756242E-006
          4766.95     -8.2016362E-006
          4778.24     -8.4331181E-006
          4789.53     -8.6701717E-006
          4800.82     -8.9129002E-006
          4812.11     -9.1614075E-006
          4823.40     -9.4157976E-006
          4834.69     -9.6761761E-006
          4845.98     -9.9426487E-006
          4857.27     -1.0215322E-005
          4868.55     -1.0494303E-005
          4879.84     -1.0779699E-005
          4891.13     -1.1071619E-005
          4902.42     -1.1370170E-005
          4913.71     -1.1675461E-005
          4925.00     -1.1987601E-005
          4936.29     -1.2306700E-005
          4947.58     -1.2632866E-005
          4958.87     -1.2966210E-005
          4970.16     -1.3306840E-005
          4981.45     -1.3654866E-005
          4992.73     -1.4010396E-005
          5004.02     -1.4373540E-005
          5015.31     -1.4744405E-005
          5026.60     -1.5123099E-005
          5037.89     -1.5509729E-005
          5049.18     -1.5904402E-005
          5060.47     -1.6307223E-005
          5071.76     -1.6718296E-005
          5083.05     -1.7137725E-005
          5094.34     -1.7565612E-005
          5105.62     -1.8002059E-005
          5116.91     -1.8447163E-005
          5128.20     -1.8901024E-005
          5139.49     -1.9363737E-005
          5150.78     -1.9835396E-005
          5162.07     -2.0316092E-005
          5173.36     -2.0805915E-005
          5184.65     -2.1304952E-005
          5195.94     -2.1813286E-005
          5207.23     -2.2330999E-005
          5218.52     -2.2858170E-005
          5229.80     -2.3394873E-005
          5241.09     -2.3941179E-005
          5252.38     -2.4497155E-005
          5263.67     -2.5062867E-005
          5274.96     -2.5638372E-005
          5286.25     -2.6223726E-005
          5297.54     -2.6818978E-005
          5308.83     -2.7424175E-005
          5320.12     -2.8039355E-005
          5331.41     -2.8664552E-005
          5342.70     -2.9299795E-005
          5353.98     -2.9945106E-005
          5365.27     -3.0600499E-005
          5376.56     -3.1265984E-005
          5387.85     -3.1941561E-005
          5399.14     -3.2627225E-005
          5410.43     -3.3322962E-005
          5421.72     -3.4028747E-005
          5433.01     -3.4744551E-005
          5444.30     -3.5470334E-005
          5455.59     -3.6206044E-005
          5466.88     -3.6951622E-005
          5478.16     -3.7706997E-005
          5489.45     -3.8472087E-005
          5500.74     -3.9246801E-005
          5512.03     -4.0031031E-005
          5523.32     -4.0824663E-005
          5534.61     -4.1627567E-005
          5545.90     -4.2439598E-005
          5557.19     -4.3260601E-005
          5568.48     -4.4090402E-005
          5579.77     -4.4928813E-005
          5591.05     -4.5775626E-005
          5602.34     -4.6630613E-005
          5613.63     -4.7493535E-005
          5624.92     -4.8364135E-005
          5636.21     -4.9242135E-005
          5647.50     -5.0127244E-005
          5658.79     -5.1019150E-005
          5670.08     -5.1917521E-005
          5681.37     -5.2821983E-005
          5692.66     -5.3732118E-005
          5703.95     -5.4857594E-005
          5715.23     -5.6396123E-005
          5726.52     -5.8329849E-005
          5737.81     -6.0641574E-005
          5749.10     -6.3314732E-005
          5760.39     -6.6333360E-005
          5771.68     -6.9682075E-005
          5782.97     -7.3346051E-005
          5794.26     -7.7311105E-005
          5805.55     -8.1563619E-005
          5816.84     -8.6090372E-005
          5828.12     -9.0878530E-005
          5839.41     -9.5915609E-005
          5850.70     -1.0118946E-004
          5861.99     -1.0668824E-004
          5873.28     -1.1240041E-004
          5884.57     -1.1831467E-004
          5895.86     -1.2442003E-004
          5907.15     -1.3070566E-004
          5918.44     -1.3716094E-004
          5929.73     -1.4377536E-004
          5941.02     -1.5053864E-004
          5952.30     -1.5744072E-004
          5963.59     -1.6447167E-004
          5974.88     -1.7162176E-004
          5986.17     -1.7888137E-004
          5997.46     -1.8624100E-004
          6008.75     -1.9369132E-004
          6020.04     -2.0122310E-004
          6031.33     -2.0882732E-004
          6042.62     -2.1649517E-004
          6053.91     -2.2421781E-004
          6065.20     -2.3198648E-004
          6076.48     -2.3979245E-004
          6087.77     -2.4762701E-004
          6099.06     -2.5548147E-004
          6110.35     -2.6334707E-004
          6121.64     -2.7121495E-004
          6132.93     -2.7907607E-004
          6144.22     -2.8692121E-004
          6155.51     -2.9474118E-004
          6166.80     -3.0252677E-004
          6178.09     -3.1026873E-004
          6189.38     -3.1795785E-004
          6200.66     -3.2558476E-004
          6211.95     -3.3313989E-004
          6223.24     -3.4061343E-004
          6234.53     -3.4799533E-004
          6245.82     -3.5527529E-004
          6257.11     -3.6244278E-004
          6268.40     -3.6948694E-004
          6279.69     -3.7639666E-004
          6290.98     -3.8316052E-004
          6302.27     -3.8976679E-004
          6313.55     -3.9620338E-004
          6324.84     -4.0245784E-004
          6336.13     -4.0851737E-004
          6347.42     -4.1436880E-004
          6358.71     -4.1999852E-004
          6370.00     -4.2539253E-004
