          3480.00      2.6993985E-021
          3491.29      6.8932466E-002
          3502.58      1.3845486E-001
          3513.87      2.0896767E-001
          3525.16      2.8087270E-001
          3536.45      3.5457571E-001
          3547.73      4.3048839E-001
          3559.02      5.0903037E-001
          3570.31      5.9063179E-001
          3581.60      6.7573520E-001
          3592.89      7.6479780E-001
          3604.18      8.5829358E-001
          3615.47      9.5671475E-001
          3626.76      1.0605748E+000
          3638.05      1.1704109E+000
          3649.34      1.2867863E+000
          3660.62      1.4102929E+000
          3671.91      1.5415539E+000
          3683.20      1.6812263E+000
          3694.49      1.8300038E+000
          3705.78      1.9886194E+000
          3717.07      2.1578488E+000
          3728.36      2.3385137E+000
          3739.65      2.5314842E+000
          3750.94      2.7376831E+000
          3762.23      2.9580893E+000
          3773.52      3.1937417E+000
          3784.80      3.4457430E+000
          3796.09      3.7152636E+000
          3807.38      4.0035472E+000
          3818.67      4.3119150E+000
          3829.96      4.6417695E+000
          3841.25      4.9946012E+000
          3852.54      5.3719932E+000
          3863.83      5.7756267E+000
          3875.12      6.2072881E+000
          3886.41      6.6688730E+000
          3897.70      7.1623959E+000
          3908.98      7.6899958E+000
          3920.27      8.2539422E+000
          3931.56      8.8566456E+000
          3942.85      9.5006641E+000
          3954.14      1.0188713E+001
          3965.43      1.0923673E+001
          3976.72      1.1708602E+001
          3988.01      1.2546741E+001
          3999.30      1.3441529E+001
          4010.59      1.4396611E+001
          4021.88      1.5415852E+001
          4033.16      1.6503346E+001
          4044.45      1.7663434E+001
          4055.74      1.8900715E+001
          4067.03      2.0220055E+001
          4078.32      2.1626613E+001
          4089.61      2.3125850E+001
          4100.90      2.4723543E+001
          4112.19      2.6425809E+001
          4123.48      2.8239120E+001
          4134.77      3.0170322E+001
          4146.05      3.2226657E+001
          4157.34      3.4415777E+001
          4168.63      3.6745778E+001
          4179.92      3.9225215E+001
          4191.21      4.1863123E+001
          4202.50      4.4669053E+001
          4213.79      4.7653092E+001
          4225.08      5.0825890E+001
          4236.37      5.4198695E+001
          4247.66      5.7783369E+001
          4258.95      6.1592440E+001
          4270.23      6.5639124E+001
          4281.52      6.9937352E+001
          4292.81      7.4501826E+001
          4304.10      7.9348041E+001
          4315.39      8.4492333E+001
          4326.68      8.9951919E+001
          4337.97      9.5744928E+001
          4349.26      1.0189047E+002
          4360.55      1.0840867E+002
          4371.84      1.1532070E+002
          4383.12      1.2264889E+002
          4394.41      1.3041669E+002
          4405.70      1.3864879E+002
          4416.99      1.4737118E+002
          4428.28      1.5661114E+002
          4439.57      1.6639739E+002
          4450.86      1.7676012E+002
          4462.15      1.8773104E+002
          4473.44      1.9934348E+002
          4484.73      2.1163244E+002
          4496.02      2.2463467E+002
          4507.30      2.3838879E+002
          4518.59      2.5293528E+002
          4529.88      2.6831665E+002
          4541.17      2.8457751E+002
          4552.46      3.0176460E+002
          4563.75      3.1992699E+002
          4575.04      3.3911609E+002
          4586.33      3.5938578E+002
          4597.62      3.8079253E+002
          4608.91      4.0339546E+002
          4620.20      4.2725651E+002
          4631.48      4.5244053E+002
          4642.77      4.7901536E+002
          4654.06      5.0705202E+002
          4665.35      5.3662481E+002
          4676.64      5.6781140E+002
          4687.93      6.0069306E+002
          4699.22      6.3535463E+002
          4710.51      6.7188484E+002
          4721.80      7.1037640E+002
          4733.09      7.5092603E+002
          4744.38      7.9363479E+002
          4755.66      8.3860815E+002
          4766.95      8.8595614E+002
          4778.24      9.3579358E+002
          4789.53      9.8824005E+002
          4800.82      1.0434204E+003
          4812.11      1.1014646E+003
          4823.40      1.1625080E+003
          4834.69      1.2266918E+003
          4845.98      1.2941628E+003
          4857.27      1.3650738E+003
          4868.55      1.4395838E+003
          4879.84      1.5178580E+003
          4891.13      1.6000684E+003
          4902.42      1.6863937E+003
          4913.71      1.7770192E+003
          4925.00      1.8721378E+003
          4936.29      1.9719494E+003
          4947.58      2.0766617E+003
          4958.87      2.1864901E+003
          4970.16      2.3016574E+003
          4981.45      2.4223953E+003
          4992.73      2.5489433E+003
          5004.02      2.6815494E+003
          5015.31      2.8204704E+003
          5026.60      2.9659720E+003
          5037.89      3.1183287E+003
          5049.18      3.2778245E+003
          5060.47      3.4447524E+003
          5071.76      3.6194150E+003
          5083.05      3.8021249E+003
          5094.34      3.9932038E+003
          5105.62      4.1929839E+003
          5116.91      4.4018069E+003
          5128.20      4.6200249E+003
          5139.49      4.8480001E+003
          5150.78      5.0861043E+003
          5162.07      5.3347200E+003
          5173.36      5.5942399E+003
          5184.65      5.8650661E+003
          5195.94      6.1476115E+003
          5207.23      6.4422986E+003
          5218.52      6.7495599E+003
          5229.80      7.0698377E+003
          5241.09      7.4035830E+003
          5252.38      7.7512566E+003
          5263.67      8.1133284E+003
          5274.96      8.4902758E+003
          5286.25      8.8825850E+003
          5297.54      9.2907496E+003
          5308.83      9.7152701E+003
          5320.12      1.0156654E+004
          5331.41      1.0615412E+004
          5342.70      1.1092063E+004
          5353.98      1.1587128E+004
          5365.27      1.2101130E+004
          5376.56      1.2634596E+004
          5387.85      1.3188053E+004
          5399.14      1.3762026E+004
          5410.43      1.4357041E+004
          5421.72      1.4973616E+004
          5433.01      1.5612266E+004
          5444.30      1.6273498E+004
          5455.59      1.6957811E+004
          5466.88      1.7665689E+004
          5478.16      1.8397604E+004
          5489.45      1.9154011E+004
          5500.74      1.9935346E+004
          5512.03      2.0742020E+004
          5523.32      2.1574420E+004
          5534.61      2.2432903E+004
          5545.90      2.3317791E+004
          5557.19      2.4229370E+004
          5568.48      2.5167884E+004
          5579.77      2.6133523E+004
          5591.05      2.7126427E+004
          5602.34      2.8146675E+004
          5613.63      2.9194286E+004
          5624.92      3.0269214E+004
          5636.21      3.1371335E+004
          5647.50      3.2500447E+004
          5658.79      3.3656259E+004
          5670.08      3.4838382E+004
          5681.37      3.6046295E+004
          5692.66      3.7279340E+004
          5703.95      3.9050115E+004
          5715.23      4.1818645E+004
          5726.52      4.5509366E+004
          5737.81      5.0051771E+004
          5749.10      5.5379985E+004
          5760.39      6.1432378E+004
          5771.68      6.8151207E+004
          5782.97      7.5482257E+004
          5794.26      8.3374712E+004
          5805.55      9.1780611E+004
          5816.84      1.0065412E+005
          5828.12      1.0995127E+005
          5839.41      1.1962965E+005
          5850.70      1.2964813E+005
          5861.99      1.3996661E+005
          5873.28      1.5054575E+005
          5884.57      1.6134672E+005
          5895.86      1.7233099E+005
          5907.15      1.8345999E+005
          5918.44      1.9469490E+005
          5929.73      2.0599639E+005
          5941.02      2.1732465E+005
          5952.30      2.2863916E+005
          5963.59      2.3989839E+005
          5974.88      2.5105969E+005
          5986.17      2.6207895E+005
          5997.46      2.7291044E+005
          6008.75      2.8350669E+005
          6020.04      2.9381823E+005
          6031.33      3.0379346E+005
          6042.62      3.1337826E+005
          6053.91      3.2251545E+005
          6065.20      3.3114456E+005
          6076.48      3.3920154E+005
          6087.77      3.4661842E+005
          6099.06      3.5332295E+005
          6110.35      3.5923814E+005
          6121.64      3.6428194E+005
          6132.93      3.6836698E+005
          6144.22      3.7140039E+005
          6155.51      3.7328386E+005
          6166.80      3.7391307E+005
          6178.09      3.7317724E+005
          6189.38      3.7095839E+005
          6200.66      3.6713055E+005
          6211.95      3.6155923E+005
          6223.24      3.5410084E+005
          6234.53      3.4460227E+005
          6245.82      3.3290024E+005
          6257.11      3.1882077E+005
          6268.40      3.0217859E+005
          6279.69      2.8277646E+005
          6290.98      2.6040443E+005
          6302.27      2.3483918E+005
          6313.55      2.0584319E+005
          6324.84      1.7316414E+005
          6336.13      1.3653385E+005
          6347.42      9.5667536E+004
          6358.71      5.0263089E+004
          6370.00      0.0000000E+000
