          3480.00      0.0000000E+000
          3491.29      5.5518491E+001
          3502.58      5.3455866E+001
          3513.87      5.1451772E+001
          3525.16      4.9505126E+001
          3536.45      4.7614762E+001
          3547.73      4.5779442E+001
          3559.02      4.3997867E+001
          3570.31      4.2268672E+001
          3581.60      4.0590444E+001
          3592.89      3.8961723E+001
          3604.18      3.7381000E+001
          3615.47      3.5846710E+001
          3626.76      3.4357246E+001
          3638.05      3.2910988E+001
          3649.34      3.1506311E+001
          3660.62      3.0141587E+001
          3671.91      2.8815192E+001
          3683.20      2.7525513E+001
          3694.49      2.6270950E+001
          3705.78      2.5049927E+001
          3717.07      2.3860888E+001
          3728.36      2.2740794E+001
          3739.65      2.1717211E+001
          3750.94      2.0776029E+001
          3762.23      1.9904997E+001
          3773.52      1.9093518E+001
          3784.80      1.8332445E+001
          3796.09      1.7613899E+001
          3807.38      1.6931102E+001
          3818.67      1.6278229E+001
          3829.96      1.5650275E+001
          3841.25      1.5042938E+001
          3852.54      1.4452521E+001
          3863.83      1.3875848E+001
          3875.12      1.3310188E+001
          3886.41      1.2753198E+001
          3897.70      1.2202860E+001
          3908.98      1.1657441E+001
          3920.27      1.1115452E+001
          3931.56      1.0575612E+001
          3942.85      1.0036822E+001
          3954.14      9.4981387E+000
          3965.43      8.9587569E+000
          3976.72      8.4179870E+000
          3988.01      7.8752362E+000
          3999.30      7.3299969E+000
          4010.59      6.8942698E+000
          4021.88      6.6534708E+000
          4033.16      6.5699371E+000
          4044.45      6.6100548E+000
          4055.74      6.7445174E+000
          4067.03      6.9482661E+000
          4078.32      7.2002281E+000
          4089.61      7.4829409E+000
          4100.90      7.7821265E+000
          4112.19      8.0862618E+000
          4123.48      8.3861668E+000
          4134.77      8.6746295E+000
          4146.05      8.9460731E+000
          4157.34      9.1962661E+000
          4168.63      9.4220763E+000
          4179.92      9.6212616E+000
          4191.21      9.7922952E+000
          4202.50      9.9342223E+000
          4213.79      1.0046540E+001
          4225.08      1.0129101E+001
          4236.37      1.0182032E+001
          4247.66      1.0205674E+001
          4258.95      1.0200522E+001
          4270.23      1.0167192E+001
          4281.52      1.0203283E+001
          4292.81      1.0381227E+001
          4304.10      1.0667242E+001
          4315.39      1.1032071E+001
          4326.68      1.1450890E+001
          4337.97      1.1903007E+001
          4349.26      1.2371455E+001
          4360.55      1.2842530E+001
          4371.84      1.3305329E+001
          4383.12      1.3751318E+001
          4394.41      1.4173919E+001
          4405.70      1.4568176E+001
          4416.99      1.4930451E+001
          4428.28      1.5258168E+001
          4439.57      1.5549602E+001
          4450.86      1.5803702E+001
          4462.15      1.6019940E+001
          4473.44      1.6198199E+001
          4484.73      1.6338673E+001
          4496.02      1.6441789E+001
          4507.30      1.6508147E+001
          4518.59      1.6538468E+001
          4529.88      1.6533556E+001
          4541.17      1.6494268E+001
          4552.46      1.6421484E+001
          4563.75      1.6301474E+001
          4575.04      1.6123902E+001
          4586.33      1.5894128E+001
          4597.62      1.5616788E+001
          4608.91      1.5295905E+001
          4620.20      1.4934982E+001
          4631.48      1.4537075E+001
          4642.77      1.4104857E+001
          4654.06      1.3640669E+001
          4665.35      1.3146565E+001
          4676.64      1.2624344E+001
          4687.93      1.2075586E+001
          4699.22      1.1501677E+001
          4710.51      1.0903828E+001
          4721.80      1.0283097E+001
          4733.09      9.6404090E+000
          4744.38      8.9765612E+000
          4755.66      8.2922432E+000
          4766.95      7.5880448E+000
          4778.24      6.8644646E+000
          4789.53      6.1219215E+000
          4800.82      5.3607572E+000
          4812.11      4.5812450E+000
          4823.40      3.7835968E+000
          4834.69      2.9679642E+000
          4845.98      2.0679436E+000
          4857.27      1.0265082E+000
          4868.55     -1.4392833E-001
          4879.84     -1.4329101E+000
          4891.13     -2.8315557E+000
          4902.42     -4.3322561E+000
          4913.71     -5.9284378E+000
          4925.00     -7.6143884E+000
          4936.29     -9.3851085E+000
          4947.58     -1.1236199E+001
          4958.87     -1.3163772E+001
          4970.16     -1.5164372E+001
          4981.45     -1.7234929E+001
          4992.73     -1.9372706E+001
          5004.02     -2.1575257E+001
          5015.31     -2.3840409E+001
          5026.60     -2.6166228E+001
          5037.89     -2.8551006E+001
          5049.18     -3.0993242E+001
          5060.47     -3.3491627E+001
          5071.76     -3.6045048E+001
          5083.05     -3.8689837E+001
          5094.34     -4.1461391E+001
          5105.62     -4.4357792E+001
          5116.91     -4.7377675E+001
          5128.20     -5.0520180E+001
          5139.49     -5.3784919E+001
          5150.78     -5.7171934E+001
          5162.07     -6.0681700E+001
          5173.36     -6.4315098E+001
          5184.65     -6.8073401E+001
          5195.94     -7.1958291E+001
          5207.23     -7.5971847E+001
          5218.52     -8.0116558E+001
          5229.80     -8.4395333E+001
          5241.09     -8.8811507E+001
          5252.38     -9.3368876E+001
          5263.67     -9.8071713E+001
          5274.96     -1.0292478E+002
          5286.25     -1.0793337E+002
          5297.54     -1.1310335E+002
          5308.83     -1.1844118E+002
          5320.12     -1.2395398E+002
          5331.41     -1.2964955E+002
          5342.70     -1.3553643E+002
          5353.98     -1.4162399E+002
          5365.27     -1.4533020E+002
          5376.56     -1.4435956E+002
          5387.85     -1.3949134E+002
          5399.14     -1.3174774E+002
          5410.43     -1.2215901E+002
          5421.72     -1.1161093E+002
          5433.01     -1.0078184E+002
          5444.30     -9.0143457E+001
          5455.59     -7.9994096E+001
          5466.88     -7.0501234E+001
          5478.16     -6.1740989E+001
          5489.45     -5.3729686E+001
          5500.74     -4.6446979E+001
          5512.03     -3.9851837E+001
          5523.32     -3.3893013E+001
          5534.61     -2.8515698E+001
          5545.90     -2.3665518E+001
          5557.19     -1.9290769E+001
          5568.48     -1.5343579E+001
          5579.77     -1.1780403E+001
          5591.05     -8.5620599E+000
          5602.34     -5.6535358E+000
          5613.63     -3.0236698E+000
          5624.92     -6.4482257E-001
          5636.21      1.5074741E+000
          5647.50      3.4548767E+000
          5658.79      5.2165451E+000
          5670.08      6.8094386E+000
          5681.37      8.2484667E+000
          5692.66      9.5467685E+000
          5703.95      1.1165745E+001
          5715.23      1.3388745E+001
          5726.52      1.5983418E+001
          5737.81      1.8759786E+001
          5749.10      2.1574473E+001
          5760.39      2.4326630E+001
          5771.68      2.7005309E+001
          5782.97      2.9593859E+001
          5794.26      3.2034504E+001
          5805.55      3.4294512E+001
          5816.84      3.6358396E+001
          5828.12      3.8222098E+001
          5839.41      3.9888705E+001
          5850.70      4.1365455E+001
          5861.99      4.2661696E+001
          5873.28      4.3787541E+001
          5884.57      4.4753012E+001
          5895.86      4.5567507E+001
          5907.15      4.6239480E+001
          5918.44      4.6776247E+001
          5929.73      4.7183912E+001
          5941.02      4.7467353E+001
          5952.30      4.7630188E+001
          5963.59      4.7674748E+001
          5974.88      4.7616418E+001
          5986.17      4.7474779E+001
          5997.46      4.7256335E+001
          6008.75      4.6966309E+001
          6020.04      4.6608870E+001
          6031.33      4.6187326E+001
          6042.62      4.5704248E+001
          6053.91      4.5161573E+001
          6065.20      4.4560674E+001
          6076.48      4.3902438E+001
          6087.77      4.3187310E+001
          6099.06      4.2415324E+001
          6110.35      4.1586129E+001
          6121.64      4.0699008E+001
          6132.93      3.9752873E+001
          6144.22      3.8746287E+001
          6155.51      3.7673542E+001
          6166.80      3.6529425E+001
          6178.09      3.5312671E+001
          6189.38      3.4021615E+001
          6200.66      3.2654185E+001
          6211.95      3.1207895E+001
          6223.24      2.9679832E+001
          6234.53      2.8066643E+001
          6245.82      2.6364499E+001
          6257.11      2.4569066E+001
          6268.40      2.2675474E+001
          6279.69      2.0678252E+001
          6290.98      1.8570368E+001
          6302.27      1.6344061E+001
          6313.55      1.3991674E+001
          6324.84      1.1504641E+001
          6336.13      8.8733734E+000
          6347.42      6.0871254E+000
          6358.71      3.1338501E+000
          6370.00      0.0000000E+000
