          3480.00     -5.9320305E-037
          3491.29     -1.9766212E-008
          3502.58     -3.9198522E-008
          3513.87     -5.8308180E-008
          3525.16     -7.7105939E-008
          3536.45     -9.5602172E-008
          3547.73     -1.1380683E-007
          3559.02     -1.3172943E-007
          3570.31     -1.4937912E-007
          3581.60     -1.6676466E-007
          3592.89     -1.8389446E-007
          3604.18     -2.0077650E-007
          3615.47     -2.1741820E-007
          3626.76     -2.3382658E-007
          3638.05     -2.5000832E-007
          3649.34     -2.6596974E-007
          3660.62     -2.8171693E-007
          3671.91     -2.9725563E-007
          3683.20     -3.1259130E-007
          3694.49     -3.2772913E-007
          3705.78     -3.4267399E-007
          3717.07     -3.5743053E-007
          3728.36     -3.7205209E-007
          3739.65     -3.8658861E-007
          3750.94     -4.0103937E-007
          3762.23     -4.1540348E-007
          3773.52     -4.2967994E-007
          3784.80     -4.4386758E-007
          3796.09     -4.5796507E-007
          3807.38     -4.7197098E-007
          3818.67     -4.8588378E-007
          3829.96     -4.9970173E-007
          3841.25     -5.1342300E-007
          3852.54     -5.2704559E-007
          3863.83     -5.4056734E-007
          3875.12     -5.5398596E-007
          3886.41     -5.6729895E-007
          3897.70     -5.8050372E-007
          3908.98     -5.9359750E-007
          3920.27     -6.0657734E-007
          3931.56     -6.1944015E-007
          3942.85     -6.3218269E-007
          3954.14     -6.4480157E-007
          3965.43     -6.5729327E-007
          3976.72     -6.6965409E-007
          3988.01     -6.8188018E-007
          3999.30     -6.9396753E-007
          4010.59     -7.0620250E-007
          4021.88     -7.1885898E-007
          4033.16     -7.3191435E-007
          4044.45     -7.4534627E-007
          4055.74     -7.5913271E-007
          4067.03     -7.7325183E-007
          4078.32     -7.8768210E-007
          4089.61     -8.0240219E-007
          4100.90     -8.1739091E-007
          4112.19     -8.3262732E-007
          4123.48     -8.4809060E-007
          4134.77     -8.6376008E-007
          4146.05     -8.7961523E-007
          4157.34     -8.9563557E-007
          4168.63     -9.1180076E-007
          4179.92     -9.2809053E-007
          4191.21     -9.4448462E-007
          4202.50     -9.6096284E-007
          4213.79     -9.7750502E-007
          4225.08     -9.9409100E-007
          4236.37     -1.0107006E-006
          4247.66     -1.0273137E-006
          4258.95     -1.0439099E-006
          4270.23     -1.0604690E-006
          4281.52     -1.0774474E-006
          4292.81     -1.0952784E-006
          4304.10     -1.1139078E-006
          4315.39     -1.1332818E-006
          4326.68     -1.1533472E-006
          4337.97     -1.1740510E-006
          4349.26     -1.1953411E-006
          4360.55     -1.2171654E-006
          4371.84     -1.2394725E-006
          4383.12     -1.2622111E-006
          4394.41     -1.2853302E-006
          4405.70     -1.3087790E-006
          4416.99     -1.3325070E-006
          4428.28     -1.3564637E-006
          4439.57     -1.3805988E-006
          4450.86     -1.4048622E-006
          4462.15     -1.4292037E-006
          4473.44     -1.4535733E-006
          4484.73     -1.4779208E-006
          4496.02     -1.5021963E-006
          4507.30     -1.5263495E-006
          4518.59     -1.5503301E-006
          4529.88     -1.5740879E-006
          4541.17     -1.5975723E-006
          4552.46     -1.6207326E-006
          4563.75     -1.6434029E-006
          4575.04     -1.6654251E-006
          4586.33     -1.6867600E-006
          4597.62     -1.7073678E-006
          4608.91     -1.7272085E-006
          4620.20     -1.7462414E-006
          4631.48     -1.7644253E-006
          4642.77     -1.7817188E-006
          4654.06     -1.7980796E-006
          4665.35     -1.8134651E-006
          4676.64     -1.8278321E-006
          4687.93     -1.8411368E-006
          4699.22     -1.8533347E-006
          4710.51     -1.8643810E-006
          4721.80     -1.8742300E-006
          4733.09     -1.8828353E-006
          4744.38     -1.8901502E-006
          4755.66     -1.8961269E-006
          4766.95     -1.9007171E-006
          4778.24     -1.9038719E-006
          4789.53     -1.9055415E-006
          4800.82     -1.9056753E-006
          4812.11     -1.9042221E-006
          4823.40     -1.9011298E-006
          4834.69     -1.8963456E-006
          4845.98     -1.8894337E-006
          4857.27     -1.8799908E-006
          4868.55     -1.8680114E-006
          4879.84     -1.8534884E-006
          4891.13     -1.8364138E-006
          4902.42     -1.8167779E-006
          4913.71     -1.7945703E-006
          4925.00     -1.7697789E-006
          4936.29     -1.7423908E-006
          4947.58     -1.7123915E-006
          4958.87     -1.6797655E-006
          4970.16     -1.6444963E-006
          4981.45     -1.6065657E-006
          4992.73     -1.5659549E-006
          5004.02     -1.5226435E-006
          5015.31     -1.4766100E-006
          5026.60     -1.4278320E-006
          5037.89     -1.3762856E-006
          5049.18     -1.3219459E-006
          5060.47     -1.2647869E-006
          5071.76     -1.2047813E-006
          5083.05     -1.1417508E-006
          5094.34     -1.0755212E-006
          5105.62     -1.0060701E-006
          5116.91     -9.3337370E-007
          5128.20     -8.5740682E-007
          5139.49     -7.7814309E-007
          5150.78     -6.9555504E-007
          5162.07     -6.0961375E-007
          5173.36     -5.2028902E-007
          5184.65     -4.2754965E-007
          5195.94     -3.3136296E-007
          5207.23     -2.3169512E-007
          5218.52     -1.2851104E-007
          5229.80     -2.1774319E-008
          5241.09      8.8552393E-008
          5252.38      2.0250797E-007
          5263.67      3.2013252E-007
          5274.96      4.4146707E-007
          5286.25      5.6655419E-007
          5297.54      6.9543759E-007
          5308.83      8.2816220E-007
          5320.12      9.6477431E-007
          5331.41      1.1053211E-006
          5342.70      1.2498513E-006
          5353.98      1.3984148E-006
          5365.27      1.5446479E-006
          5376.56      1.6823807E-006
          5387.85      1.8119520E-006
          5399.14      1.9336965E-006
          5410.43      2.0479458E-006
          5421.72      2.1550273E-006
          5433.01      2.2552659E-006
          5444.30      2.3489829E-006
          5455.59      2.4364967E-006
          5466.88      2.5181228E-006
          5478.16      2.5941743E-006
          5489.45      2.6649613E-006
          5500.74      2.7307918E-006
          5512.03      2.7919712E-006
          5523.32      2.8488029E-006
          5534.61      2.9015882E-006
          5545.90      2.9506263E-006
          5557.19      2.9962150E-006
          5568.48      3.0386499E-006
          5579.77      3.0782261E-006
          5591.05      3.1152380E-006
          5602.34      3.1499785E-006
          5613.63      3.1827392E-006
          5624.92      3.2138102E-006
          5636.21      3.2434804E-006
          5647.50      3.2720375E-006
          5658.79      3.2997683E-006
          5670.08      3.3269585E-006
          5681.37      3.3538992E-006
          5692.66      3.3808865E-006
          5703.95      3.3922717E-006
          5715.23      3.3736773E-006
          5726.52      3.3272842E-006
          5737.81      3.2552470E-006
          5749.10      3.1596932E-006
          5760.39      3.0427245E-006
          5771.68      2.9025647E-006
          5782.97      2.7378588E-006
          5794.26      2.5512828E-006
          5805.55      2.3454748E-006
          5816.84      2.1230566E-006
          5828.12      1.8866337E-006
          5839.41      1.6387975E-006
          5850.70      1.3821252E-006
          5861.99      1.1191809E-006
          5873.28      8.5251720E-007
          5884.57      5.8467437E-007
          5895.86      3.1818201E-007
          5907.15      5.5560511E-008
          5918.44     -2.0067407E-007
          5929.73     -4.4801207E-007
          5941.02     -6.8395947E-007
          5952.30     -9.0603793E-007
          5963.59     -1.1117836E-006
          5974.88     -1.3033706E-006
          5986.17     -1.4843839E-006
          5997.46     -1.6544862E-006
          6008.75     -1.8133410E-006
          6020.04     -1.9606118E-006
          6031.33     -2.0959690E-006
          6042.62     -2.2190885E-006
          6053.91     -2.3296447E-006
          6065.20     -2.4273101E-006
          6076.48     -2.5117577E-006
          6087.77     -2.5826616E-006
          6099.06     -2.6396944E-006
          6110.35     -2.6825261E-006
          6121.64     -2.7108221E-006
          6132.93     -2.7242387E-006
          6144.22     -2.7224246E-006
          6155.51     -2.7067098E-006
          6166.80     -2.6786255E-006
          6178.09     -2.6381256E-006
          6189.38     -2.5851671E-006
          6200.66     -2.5197053E-006
          6211.95     -2.4416915E-006
          6223.24     -2.3510730E-006
          6234.53     -2.2477937E-006
          6245.82     -2.1317933E-006
          6257.11     -2.0030075E-006
          6268.40     -1.8613689E-006
          6279.69     -1.7068062E-006
          6290.98     -1.5392939E-006
          6302.27     -1.3588168E-006
          6313.55     -1.1653134E-006
          6324.84     -9.5871901E-007
          6336.13     -7.3896494E-007
          6347.42     -5.0597855E-007
          6358.71     -2.5968384E-007
          6370.00     -5.4635754E-043
