          3480.00      2.5662789E-037
          3491.29     -5.3257741E-008
          3502.58     -1.0563819E-007
          3513.87     -1.5715820E-007
          3525.16     -2.0783386E-007
          3536.45     -2.5768081E-007
          3547.73     -3.0671407E-007
          3559.02     -3.5494798E-007
          3570.31     -4.0239644E-007
          3581.60     -4.4907277E-007
          3592.89     -4.9498976E-007
          3604.18     -5.4015950E-007
          3615.47     -5.8459297E-007
          3626.76     -6.2830043E-007
          3638.05     -6.7129168E-007
          3649.34     -7.1357594E-007
          3660.62     -7.5516211E-007
          3671.91     -7.9605861E-007
          3683.20     -8.3627343E-007
          3694.49     -8.7581419E-007
          3705.78     -9.1468799E-007
          3717.07     -9.5290162E-007
          3728.36     -9.9052992E-007
          3739.65     -1.0276430E-006
          3750.94     -1.0642402E-006
          3762.23     -1.1003207E-006
          3773.52     -1.1358831E-006
          3784.80     -1.1709262E-006
          3796.09     -1.2054480E-006
          3807.38     -1.2394466E-006
          3818.67     -1.2729201E-006
          3829.96     -1.3058659E-006
          3841.25     -1.3382815E-006
          3852.54     -1.3701639E-006
          3863.83     -1.4015101E-006
          3875.12     -1.4323166E-006
          3886.41     -1.4625797E-006
          3897.70     -1.4922956E-006
          3908.98     -1.5214601E-006
          3920.27     -1.5500688E-006
          3931.56     -1.5781171E-006
          3942.85     -1.6056000E-006
          3954.14     -1.6325124E-006
          3965.43     -1.6588492E-006
          3976.72     -1.6846049E-006
          3988.01     -1.7097736E-006
          3999.30     -1.7343495E-006
          4010.59     -1.7587154E-006
          4021.88     -1.7832393E-006
          4033.16     -1.8078922E-006
          4044.45     -1.8326454E-006
          4055.74     -1.8574704E-006
          4067.03     -1.8823388E-006
          4078.32     -1.9072220E-006
          4089.61     -1.9320920E-006
          4100.90     -1.9569205E-006
          4112.19     -1.9816793E-006
          4123.48     -2.0063403E-006
          4134.77     -2.0308756E-006
          4146.05     -2.0552570E-006
          4157.34     -2.0794565E-006
          4168.63     -2.1034461E-006
          4179.92     -2.1271979E-006
          4191.21     -2.1506836E-006
          4202.50     -2.1738753E-006
          4213.79     -2.1967448E-006
          4225.08     -2.2192640E-006
          4236.37     -2.2414046E-006
          4247.66     -2.2631383E-006
          4258.95     -2.2844367E-006
          4270.23     -2.3052713E-006
          4281.52     -2.3262092E-006
          4292.81     -2.3477924E-006
          4304.10     -2.3699545E-006
          4315.39     -2.3926300E-006
          4326.68     -2.4157532E-006
          4337.97     -2.4392590E-006
          4349.26     -2.4630825E-006
          4360.55     -2.4871592E-006
          4371.84     -2.5114247E-006
          4383.12     -2.5358150E-006
          4394.41     -2.5602660E-006
          4405.70     -2.5847139E-006
          4416.99     -2.6090948E-006
          4428.28     -2.6333451E-006
          4439.57     -2.6574011E-006
          4450.86     -2.6811994E-006
          4462.15     -2.7046764E-006
          4473.44     -2.7277687E-006
          4484.73     -2.7504129E-006
          4496.02     -2.7725454E-006
          4507.30     -2.7941027E-006
          4518.59     -2.8150213E-006
          4529.88     -2.8352375E-006
          4541.17     -2.8546875E-006
          4552.46     -2.8733075E-006
          4563.75     -2.8909045E-006
          4575.04     -2.9072940E-006
          4586.33     -2.9224241E-006
          4597.62     -2.9362427E-006
          4608.91     -2.9486974E-006
          4620.20     -2.9597354E-006
          4631.48     -2.9693038E-006
          4642.77     -2.9773493E-006
          4654.06     -2.9838181E-006
          4665.35     -2.9886562E-006
          4676.64     -2.9918093E-006
          4687.93     -2.9932225E-006
          4699.22     -2.9928408E-006
          4710.51     -2.9906086E-006
          4721.80     -2.9864699E-006
          4733.09     -2.9803684E-006
          4744.38     -2.9722473E-006
          4755.66     -2.9620495E-006
          4766.95     -2.9497172E-006
          4778.24     -2.9351922E-006
          4789.53     -2.9184162E-006
          4800.82     -2.8993299E-006
          4812.11     -2.8778738E-006
          4823.40     -2.8539880E-006
          4834.69     -2.8276118E-006
          4845.98     -2.7983606E-006
          4857.27     -2.7658820E-006
          4868.55     -2.7301629E-006
          4879.84     -2.6911896E-006
          4891.13     -2.6489474E-006
          4902.42     -2.6034210E-006
          4913.71     -2.5545944E-006
          4925.00     -2.5024509E-006
          4936.29     -2.4469729E-006
          4947.58     -2.3881423E-006
          4958.87     -2.3259400E-006
          4970.16     -2.2603467E-006
          4981.45     -2.1913419E-006
          4992.73     -2.1189045E-006
          5004.02     -2.0430130E-006
          5015.31     -1.9636449E-006
          5026.60     -1.8807771E-006
          5037.89     -1.7943858E-006
          5049.18     -1.7044464E-006
          5060.47     -1.6109339E-006
          5071.76     -1.5138225E-006
          5083.05     -1.4129698E-006
          5094.34     -1.3082381E-006
          5105.62     -1.1996070E-006
          5116.91     -1.0870558E-006
          5128.20     -9.7056262E-007
          5139.49     -8.5010514E-007
          5150.78     -7.2566047E-007
          5162.07     -5.9720472E-007
          5173.36     -4.6471329E-007
          5184.65     -3.2816122E-007
          5195.94     -1.8752255E-007
          5207.23     -4.2770721E-008
          5218.52      1.0612151E-007
          5229.80      2.5918220E-007
          5241.09      4.1643967E-007
          5252.38      5.7792332E-007
          5263.67      7.4366323E-007
          5274.96      9.1368974E-007
          5286.25      1.0880343E-006
          5297.54      1.2667287E-006
          5308.83      1.4498058E-006
          5320.12      1.6372988E-006
          5331.41      1.8292415E-006
          5342.70      2.0256685E-006
          5353.98      2.2266154E-006
          5365.27      2.4262226E-006
          5376.56      2.6187894E-006
          5387.85      2.8045875E-006
          5399.14      2.9838870E-006
          5410.43      3.1569562E-006
          5421.72      3.3240615E-006
          5433.01      3.4854681E-006
          5444.30      3.6414398E-006
          5455.59      3.7922385E-006
          5466.88      3.9381252E-006
          5478.16      4.0793593E-006
          5489.45      4.2161993E-006
          5500.74      4.3489023E-006
          5512.03      4.4777241E-006
          5523.32      4.6029195E-006
          5534.61      4.7247425E-006
          5545.90      4.8434458E-006
          5557.19      4.9592814E-006
          5568.48      5.0725002E-006
          5579.77      5.1833534E-006
          5591.05      5.2920921E-006
          5602.34      5.3989664E-006
          5613.63      5.5042262E-006
          5624.92      5.6081200E-006
          5636.21      5.7108958E-006
          5647.50      5.8128007E-006
          5658.79      5.9140812E-006
          5670.08      6.0149832E-006
          5681.37      6.1157587E-006
          5692.66      6.2166646E-006
          5703.95      6.3027367E-006
          5715.23      6.3599879E-006
          5726.52      6.3901276E-006
          5737.81      6.3948481E-006
          5749.10      6.3758247E-006
          5760.39      6.3347150E-006
          5771.68      6.2691846E-006
          5782.97      6.1772235E-006
          5794.26      6.0609327E-006
          5805.55      5.9223833E-006
          5816.84      5.7636344E-006
          5828.12      5.5867341E-006
          5839.41      5.3937198E-006
          5850.70      5.1866183E-006
          5861.99      4.9674464E-006
          5873.28      4.7382113E-006
          5884.57      4.5009104E-006
          5895.86      4.2575314E-006
          5907.15      4.0100539E-006
          5918.44      3.7604546E-006
          5929.73      3.5107058E-006
          5941.02      3.2627657E-006
          5952.30      3.0185782E-006
          5963.59      2.7800740E-006
          5974.88      2.5483770E-006
          5986.17      2.3235302E-006
          5997.46      2.1058322E-006
          6008.75      1.8955793E-006
          6020.04      1.6930657E-006
          6031.33      1.4985759E-006
          6042.62      1.3123848E-006
          6053.91      1.1347673E-006
          6065.20      9.6599734E-007
          6076.48      8.0634602E-007
          6087.77      6.5608009E-007
          6099.06      5.1546430E-007
          6110.35      3.8476406E-007
          6121.64      2.6424666E-007
          6132.93      1.5418877E-007
          6144.22      5.4874542E-008
          6155.51     -3.4515992E-008
          6166.80     -1.1496169E-007
          6178.09     -1.8642577E-007
          6189.38     -2.4888015E-007
          6200.66     -3.0229793E-007
          6211.95     -3.4665069E-007
          6223.24     -3.8190850E-007
          6234.53     -4.0803975E-007
          6245.82     -4.2501138E-007
          6257.11     -4.3278879E-007
          6268.40     -4.3133584E-007
          6279.69     -4.2061551E-007
          6290.98     -4.0062789E-007
          6302.27     -3.7138243E-007
          6313.55     -3.3285426E-007
          6324.84     -2.8501714E-007
          6336.13     -2.2784346E-007
          6347.42     -1.6130392E-007
          6358.71     -8.5367350E-008
          6370.00     -1.1384129E-041
