          3480.00     -1.6124719E-023
          3491.29      4.2354188E-002
          3502.58      8.4928976E-002
          3513.87      1.2787324E-001
          3525.16      1.7133531E-001
          3536.45      2.1546373E-001
          3547.73      2.6040768E-001
          3559.02      3.0631730E-001
          3570.31      3.5334448E-001
          3581.60      4.0164316E-001
          3592.89      4.5136984E-001
          3604.18      5.0268399E-001
          3615.47      5.5574812E-001
          3626.76      6.1072864E-001
          3638.05      6.6779640E-001
          3649.34      7.2712701E-001
          3660.62      7.8890166E-001
          3671.91      8.5330733E-001
          3683.20      9.2053740E-001
          3694.49      9.9079215E-001
          3705.78      1.0642791E+000
          3717.07      1.1412137E+000
          3728.36      1.2226183E+000
          3739.65      1.3094475E+000
          3750.94      1.4018380E+000
          3762.23      1.4999466E+000
          3773.52      1.6039504E+000
          3784.80      1.7140469E+000
          3796.09      1.8304528E+000
          3807.38      1.9534054E+000
          3818.67      2.0831619E+000
          3829.96      2.2199995E+000
          3841.25      2.3642157E+000
          3852.54      2.5161283E+000
          3863.83      2.6760762E+000
          3875.12      2.8444193E+000
          3886.41      3.0215388E+000
          3897.70      3.2078383E+000
          3908.98      3.4037441E+000
          3920.27      3.6097051E+000
          3931.56      3.8261944E+000
          3942.85      4.0537097E+000
          3954.14      4.2927740E+000
          3965.43      4.5439368E+000
          3976.72      4.8077739E+000
          3988.01      5.0848896E+000
          3999.30      5.3759170E+000
          4010.59      5.6915190E+000
          4021.88      6.0416091E+000
          4033.16      6.4258315E+000
          4044.45      6.8439762E+000
          4055.74      7.2959733E+000
          4067.03      7.7818853E+000
          4078.32      8.3019043E+000
          4089.61      8.8563464E+000
          4100.90      9.4456458E+000
          4112.19      1.0070355E+001
          4123.48      1.0731137E+001
          4134.77      1.1428768E+001
          4146.05      1.2164131E+001
          4157.34      1.2938215E+001
          4168.63      1.3752114E+001
          4179.92      1.4607027E+001
          4191.21      1.5504254E+001
          4202.50      1.6445198E+001
          4213.79      1.7431366E+001
          4225.08      1.8464366E+001
          4236.37      1.9545910E+001
          4247.66      2.0677811E+001
          4258.95      2.1861988E+001
          4270.23      2.3100467E+001
          4281.52      2.4434432E+001
          4292.81      2.5902023E+001
          4304.10      2.7501162E+001
          4315.39      2.9230265E+001
          4326.68      3.1088220E+001
          4337.97      3.3074356E+001
          4349.26      3.5188433E+001
          4360.55      3.7430618E+001
          4371.84      3.9801464E+001
          4383.12      4.2301902E+001
          4394.41      4.4933214E+001
          4405.70      4.7697027E+001
          4416.99      5.0595302E+001
          4428.28      5.3630316E+001
          4439.57      5.6804661E+001
          4450.86      6.0121235E+001
          4462.15      6.3583220E+001
          4473.44      6.7194095E+001
          4484.73      7.0957615E+001
          4496.02      7.4877811E+001
          4507.30      7.8958988E+001
          4518.59      8.3205703E+001
          4529.88      8.7622787E+001
          4541.17      9.2215329E+001
          4552.46      9.6988661E+001
          4563.75      1.0192114E+002
          4575.04      1.0699363E+002
          4586.33      1.1221546E+002
          4597.62      1.1759595E+002
          4608.91      1.2314445E+002
          4620.20      1.2887036E+002
          4631.48      1.3478315E+002
          4642.77      1.4089233E+002
          4654.06      1.4720754E+002
          4665.35      1.5373848E+002
          4676.64      1.6049498E+002
          4687.93      1.6748698E+002
          4699.22      1.7472454E+002
          4710.51      1.8221789E+002
          4721.80      1.8997738E+002
          4733.09      1.9801352E+002
          4744.38      2.0633700E+002
          4755.66      2.1495869E+002
          4766.95      2.2388960E+002
          4778.24      2.3314099E+002
          4789.53      2.4272424E+002
          4800.82      2.5265099E+002
          4812.11      2.6293305E+002
          4823.40      2.7358245E+002
          4834.69      2.8461143E+002
          4845.98      2.9572179E+002
          4857.27      3.0663649E+002
          4868.55      3.1739797E+002
          4879.84      3.2804651E+002
          4891.13      3.3862039E+002
          4902.42      3.4915601E+002
          4913.71      3.5968799E+002
          4925.00      3.7024935E+002
          4936.29      3.8087157E+002
          4947.58      3.9158467E+002
          4958.87      4.0241737E+002
          4970.16      4.1339711E+002
          4981.45      4.2455018E+002
          4992.73      4.3590176E+002
          5004.02      4.4747599E+002
          5015.31      4.5929605E+002
          5026.60      4.7138420E+002
          5037.89      4.8376186E+002
          5049.18      4.9644963E+002
          5060.47      5.0946730E+002
          5071.76      5.2283397E+002
          5083.05      5.3634848E+002
          5094.34      5.4981855E+002
          5105.62      5.6327449E+002
          5116.91      5.7674439E+002
          5128.20      5.9025426E+002
          5139.49      6.0382807E+002
          5150.78      6.1748777E+002
          5162.07      6.3125345E+002
          5173.36      6.4514332E+002
          5184.65      6.5917371E+002
          5195.94      6.7335921E+002
          5207.23      6.8771260E+002
          5218.52      7.0224491E+002
          5229.80      7.1696545E+002
          5241.09      7.3188172E+002
          5252.38      7.4699953E+002
          5263.67      7.6232293E+002
          5274.96      7.7785418E+002
          5286.25      7.9359375E+002
          5297.54      8.0954030E+002
          5308.83      8.2569063E+002
          5320.12      8.4203964E+002
          5331.41      8.5858028E+002
          5342.70      8.7530349E+002
          5353.98      8.9219821E+002
          5365.27      9.2279763E+002
          5376.56      9.7977286E+002
          5387.85      1.0618827E+003
          5399.14      1.1679679E+003
          5410.43      1.2969468E+003
          5421.72      1.4478099E+003
          5433.01      1.6196167E+003
          5444.30      1.8114907E+003
          5455.59      2.0226153E+003
          5466.88      2.2522310E+003
          5478.16      2.4996312E+003
          5489.45      2.7641592E+003
          5500.74      3.0452051E+003
          5512.03      3.3422015E+003
          5523.32      3.6546229E+003
          5534.61      3.9819812E+003
          5545.90      4.3238229E+003
          5557.19      4.6797279E+003
          5568.48      5.0493058E+003
          5579.77      5.4321928E+003
          5591.05      5.8280493E+003
          5602.34      6.2365587E+003
          5613.63      6.6574275E+003
          5624.92      7.0903820E+003
          5636.21      7.5351659E+003
          5647.50      7.9915398E+003
          5658.79      8.4592785E+003
          5670.08      8.9381691E+003
          5681.37      9.4279970E+003
          5692.66      9.9285446E+003
          5703.95      1.0505071E+004
          5715.23      1.1214461E+004
          5726.52      1.2044296E+004
          5737.81      1.2982607E+004
          5749.10      1.4017827E+004
          5760.39      1.5138761E+004
          5771.68      1.6348263E+004
          5782.97      1.7646336E+004
          5794.26      1.9018083E+004
          5805.55      2.0448924E+004
          5816.84      2.1924460E+004
          5828.12      2.3430432E+004
          5839.41      2.4952672E+004
          5850.70      2.6477060E+004
          5861.99      2.7989484E+004
          5873.28      2.9475791E+004
          5884.57      3.0921757E+004
          5895.86      3.2313037E+004
          5907.15      3.3635125E+004
          5918.44      3.4873310E+004
          5929.73      3.6012659E+004
          5941.02      3.7038011E+004
          5952.30      3.7933948E+004
          5963.59      3.8684753E+004
          5974.88      3.9321518E+004
          5986.17      3.9885000E+004
          5997.46      4.0373537E+004
          6008.75      4.0785223E+004
          6020.04      4.1117895E+004
          6031.33      4.1369140E+004
          6042.62      4.1536279E+004
          6053.91      4.1616351E+004
          6065.20      4.1606115E+004
          6076.48      4.1502038E+004
          6087.77      4.1300288E+004
          6099.06      4.0996719E+004
          6110.35      4.0586865E+004
          6121.64      4.0065933E+004
          6132.93      3.9428806E+004
          6144.22      3.8670056E+004
          6155.51      3.7809931E+004
          6166.80      3.6869470E+004
          6178.09      3.5843991E+004
          6189.38      3.4728540E+004
          6200.66      3.3517887E+004
          6211.95      3.2206518E+004
          6223.24      3.0788621E+004
          6234.53      2.9258086E+004
          6245.82      2.7608480E+004
          6257.11      2.5833046E+004
          6268.40      2.3924692E+004
          6279.69      2.1875966E+004
          6290.98      1.9688152E+004
          6302.27      1.7362165E+004
          6313.55      1.4889462E+004
          6324.84      1.2261145E+004
          6336.13      9.4679254E+003
          6347.42      6.5001216E+003
          6358.71      3.3476501E+003
          6370.00     -2.4292747E-032
