          3480.00      5.7070159E-033
          3491.29     -1.0485501E-009
          3502.58     -2.0994075E-009
          3513.87     -3.1552752E-009
          3525.16     -4.2188289E-009
          3536.45     -5.2927297E-009
          3547.73     -6.3796285E-009
          3559.02     -7.4821702E-009
          3570.31     -8.6030059E-009
          3581.60     -9.7447957E-009
          3592.89     -1.0910216E-008
          3604.18     -1.2101964E-008
          3615.47     -1.3322754E-008
          3626.76     -1.4575332E-008
          3638.05     -1.5862486E-008
          3649.34     -1.7187043E-008
          3660.62     -1.8551888E-008
          3671.91     -1.9959962E-008
          3683.20     -2.1414267E-008
          3694.49     -2.2917877E-008
          3705.78     -2.4473936E-008
          3717.07     -2.6085671E-008
          3728.36     -2.7769934E-008
          3739.65     -2.9542466E-008
          3750.94     -3.1405079E-008
          3762.23     -3.3359814E-008
          3773.52     -3.5408943E-008
          3784.80     -3.7554964E-008
          3796.09     -3.9800595E-008
          3807.38     -4.2148781E-008
          3818.67     -4.4602690E-008
          3829.96     -4.7165703E-008
          3841.25     -4.9841423E-008
          3852.54     -5.2633674E-008
          3863.83     -5.5546496E-008
          3875.12     -5.8584153E-008
          3886.41     -6.1751124E-008
          3897.70     -6.5052122E-008
          3908.98     -6.8492086E-008
          3920.27     -7.2076176E-008
          3931.56     -7.5809795E-008
          3942.85     -7.9698582E-008
          3954.14     -8.3748419E-008
          3965.43     -8.7965444E-008
          3976.72     -9.2356034E-008
          3988.01     -9.6926834E-008
          3999.30     -1.0168475E-007
          4010.59     -1.0677748E-007
          4021.88     -1.1234328E-007
          4033.16     -1.1837621E-007
          4044.45     -1.2487179E-007
          4055.74     -1.3182693E-007
          4067.03     -1.3923987E-007
          4078.32     -1.4711011E-007
          4089.61     -1.5543840E-007
          4100.90     -1.6422662E-007
          4112.19     -1.7347783E-007
          4123.48     -1.8319615E-007
          4134.77     -1.9338679E-007
          4146.05     -2.0405597E-007
          4157.34     -2.1521089E-007
          4168.63     -2.2685976E-007
          4179.92     -2.3901173E-007
          4191.21     -2.5167685E-007
          4202.50     -2.6486610E-007
          4213.79     -2.7859138E-007
          4225.08     -2.9286543E-007
          4236.37     -3.0770190E-007
          4247.66     -3.2311525E-007
          4258.95     -3.3912082E-007
          4270.23     -3.5573483E-007
          4281.52     -3.7342264E-007
          4292.81     -3.9261783E-007
          4304.10     -4.1329258E-007
          4315.39     -4.3542313E-007
          4326.68     -4.5898956E-007
          4337.97     -4.8397558E-007
          4349.26     -5.1036838E-007
          4360.55     -5.3815846E-007
          4371.84     -5.6733941E-007
          4383.12     -5.9790787E-007
          4394.41     -6.2986322E-007
          4405.70     -6.6320755E-007
          4416.99     -6.9794555E-007
          4428.28     -7.3408425E-007
          4439.57     -7.7163313E-007
          4450.86     -8.1060390E-007
          4462.15     -8.5101032E-007
          4473.44     -8.9286827E-007
          4484.73     -9.3619558E-007
          4496.02     -9.8101194E-007
          4507.30     -1.0273389E-006
          4518.59     -1.0751994E-006
          4529.88     -1.1246186E-006
          4541.17     -1.1756227E-006
          4552.46     -1.2282396E-006
          4563.75     -1.2822464E-006
          4575.04     -1.3374410E-006
          4586.33     -1.3938837E-006
          4597.62     -1.4516347E-006
          4608.91     -1.5107535E-006
          4620.20     -1.5712996E-006
          4631.48     -1.6333324E-006
          4642.77     -1.6969111E-006
          4654.06     -1.7620948E-006
          4665.35     -1.8289424E-006
          4676.64     -1.8975131E-006
          4687.93     -1.9678658E-006
          4699.22     -2.0400594E-006
          4710.51     -2.1141530E-006
          4721.80     -2.1902055E-006
          4733.09     -2.2682759E-006
          4744.38     -2.3484235E-006
          4755.66     -2.4307072E-006
          4766.95     -2.5151862E-006
          4778.24     -2.6019198E-006
          4789.53     -2.6909670E-006
          4800.82     -2.7823871E-006
          4812.11     -2.8762392E-006
          4823.40     -2.9725824E-006
          4834.69     -3.0714757E-006
          4845.98     -3.1705934E-006
          4857.27     -3.2677562E-006
          4868.55     -3.3632322E-006
          4879.84     -3.4572759E-006
          4891.13     -3.5501291E-006
          4902.42     -3.6420214E-006
          4913.71     -3.7331706E-006
          4925.00     -3.8237839E-006
          4936.29     -3.9140576E-006
          4947.58     -4.0041784E-006
          4958.87     -4.0943231E-006
          4970.16     -4.1846594E-006
          4981.45     -4.2753465E-006
          4992.73     -4.3665352E-006
          5004.02     -4.4583680E-006
          5015.31     -4.5509798E-006
          5026.60     -4.6444981E-006
          5037.89     -4.7390431E-006
          5049.18     -4.8347282E-006
          5060.47     -4.9316597E-006
          5071.76     -5.0299376E-006
          5083.05     -5.1281761E-006
          5094.34     -5.2250365E-006
          5105.62     -5.3206744E-006
          5116.91     -5.4152317E-006
          5128.20     -5.5088369E-006
          5139.49     -5.6016054E-006
          5150.78     -5.6936399E-006
          5162.07     -5.7850304E-006
          5173.36     -5.8758548E-006
          5184.65     -5.9661784E-006
          5195.94     -6.0560549E-006
          5207.23     -6.1455257E-006
          5218.52     -6.2346206E-006
          5229.80     -6.3233576E-006
          5241.09     -6.4117425E-006
          5252.38     -6.4997698E-006
          5263.67     -6.5874217E-006
          5274.96     -6.6746686E-006
          5286.25     -6.7614691E-006
          5297.54     -6.8477692E-006
          5308.83     -6.9335030E-006
          5320.12     -7.0185918E-006
          5331.41     -7.1029442E-006
          5342.70     -7.1864561E-006
          5353.98     -7.2690101E-006
          5365.27     -7.4312625E-006
          5376.56     -7.7496991E-006
          5387.85     -8.2182113E-006
          5399.14     -8.8310439E-006
          5410.43     -9.5827781E-006
          5421.72     -1.0468312E-005
          5433.01     -1.1482848E-005
          5444.30     -1.2621878E-005
          5455.59     -1.3881161E-005
          5466.88     -1.5256721E-005
          5478.16     -1.6744824E-005
          5489.45     -1.8341971E-005
          5500.74     -2.0044886E-005
          5512.03     -2.1850496E-005
          5523.32     -2.3755935E-005
          5534.61     -2.5758522E-005
          5545.90     -2.7855748E-005
          5557.19     -3.0045279E-005
          5568.48     -3.2324938E-005
          5579.77     -3.4692686E-005
          5591.05     -3.7146620E-005
          5602.34     -3.9684960E-005
          5613.63     -4.2306066E-005
          5624.92     -4.5008414E-005
          5636.21     -4.7790587E-005
          5647.50     -5.0651284E-005
          5658.79     -5.3589296E-005
          5670.08     -5.6603508E-005
          5681.37     -5.9692808E-005
          5692.66     -6.2856082E-005
          5703.95     -6.6466802E-005
          5715.23     -7.0859785E-005
          5726.52     -7.5977526E-005
          5737.81     -8.1764479E-005
          5749.10     -8.8166916E-005
          5760.39     -9.5132811E-005
          5771.68     -1.0270074E-004
          5782.97     -1.1089628E-004
          5794.26     -1.1965079E-004
          5805.55     -1.2889732E-004
          5816.84     -1.3857008E-004
          5828.12     -1.4860423E-004
          5839.41     -1.5893577E-004
          5850.70     -1.6950135E-004
          5861.99     -1.8023816E-004
          5873.28     -1.9108376E-004
          5884.57     -2.0197599E-004
          5895.86     -2.1285282E-004
          5907.15     -2.2365217E-004
          5918.44     -2.3431176E-004
          5929.73     -2.4476904E-004
          5941.02     -2.5496132E-004
          5952.30     -2.6482562E-004
          5963.59     -2.7429854E-004
          5974.88     -2.8341112E-004
          5986.17     -2.9224158E-004
          5997.46     -3.0079630E-004
          6008.75     -3.0908085E-004
          6020.04     -3.1710000E-004
          6031.33     -3.2485783E-004
          6042.62     -3.3235767E-004
          6053.91     -3.3960206E-004
          6065.20     -3.4659274E-004
          6076.48     -3.5333068E-004
          6087.77     -3.5981609E-004
          6099.06     -3.6604840E-004
          6110.35     -3.7202621E-004
          6121.64     -3.7774732E-004
          6132.93     -3.8320865E-004
          6144.22     -3.8840627E-004
          6155.51     -3.9330634E-004
          6166.80     -3.9788166E-004
          6178.09     -4.0213697E-004
          6189.38     -4.0607615E-004
          6200.66     -4.0970214E-004
          6211.95     -4.1301693E-004
          6223.24     -4.1602160E-004
          6234.53     -4.1871629E-004
          6245.82     -4.2110022E-004
          6257.11     -4.2317170E-004
          6268.40     -4.2492814E-004
          6279.69     -4.2636602E-004
          6290.98     -4.2747548E-004
          6302.27     -4.2824634E-004
          6313.55     -4.2867320E-004
          6324.84     -4.2874973E-004
          6336.13     -4.2846864E-004
          6347.42     -4.2782170E-004
          6358.71     -4.2679971E-004
          6370.00     -4.2539253E-004
