          3480.00     -3.0174434E-035
          3491.29     -3.4478194E-009
          3502.58     -6.9025144E-009
          3513.87     -1.0370851E-008
          3525.16     -1.3859520E-008
          3536.45     -1.7375174E-008
          3547.73     -2.0924425E-008
          3559.02     -2.4513856E-008
          3570.31     -2.8150049E-008
          3581.60     -3.1839584E-008
          3592.89     -3.5589057E-008
          3604.18     -3.9405085E-008
          3615.47     -4.3294287E-008
          3626.76     -4.7263324E-008
          3638.05     -5.1318921E-008
          3649.34     -5.5467858E-008
          3660.62     -5.9717014E-008
          3671.91     -6.4073353E-008
          3683.20     -6.8543944E-008
          3694.49     -7.3135971E-008
          3705.78     -7.7856733E-008
          3717.07     -8.2713671E-008
          3728.36     -8.7747163E-008
          3739.65     -9.2994917E-008
          3750.94     -9.8460824E-008
          3762.23     -1.0414920E-007
          3773.52     -1.1006476E-007
          3784.80     -1.1621266E-007
          3796.09     -1.2259842E-007
          3807.38     -1.2922800E-007
          3818.67     -1.3610773E-007
          3829.96     -1.4324433E-007
          3841.25     -1.5064492E-007
          3852.54     -1.5831701E-007
          3863.83     -1.6626845E-007
          3875.12     -1.7450753E-007
          3886.41     -1.8304287E-007
          3897.70     -1.9188348E-007
          3908.98     -2.0103880E-007
          3920.27     -2.1051857E-007
          3931.56     -2.2033300E-007
          3942.85     -2.3049265E-007
          3954.14     -2.4100847E-007
          3965.43     -2.5189186E-007
          3976.72     -2.6315457E-007
          3988.01     -2.7480880E-007
          3999.30     -2.8686715E-007
          4010.59     -2.9964446E-007
          4021.88     -3.1343667E-007
          4033.16     -3.2823021E-007
          4044.45     -3.4401391E-007
          4055.74     -3.6077891E-007
          4067.03     -3.7851854E-007
          4078.32     -3.9722825E-007
          4089.61     -4.1690551E-007
          4100.90     -4.3754969E-007
          4112.19     -4.5916206E-007
          4123.48     -4.8174567E-007
          4134.77     -5.0530528E-007
          4146.05     -5.2984733E-007
          4157.34     -5.5537980E-007
          4168.63     -5.8191229E-007
          4179.92     -6.0945588E-007
          4191.21     -6.3802304E-007
          4202.50     -6.6762772E-007
          4213.79     -6.9828521E-007
          4225.08     -7.3001215E-007
          4236.37     -7.6282647E-007
          4247.66     -7.9674732E-007
          4258.95     -8.3179514E-007
          4270.23     -8.6799158E-007
          4281.52     -9.0619526E-007
          4292.81     -9.4720882E-007
          4304.10     -9.9097529E-007
          4315.39     -1.0374435E-006
          4326.68     -1.0865680E-006
          4337.97     -1.1383083E-006
          4349.26     -1.1926291E-006
          4360.55     -1.2494996E-006
          4371.84     -1.3088937E-006
          4383.12     -1.3707894E-006
          4394.41     -1.4351685E-006
          4405.70     -1.5020168E-006
          4416.99     -1.5713234E-006
          4428.28     -1.6430808E-006
          4439.57     -1.7172847E-006
          4450.86     -1.7939338E-006
          4462.15     -1.8730295E-006
          4473.44     -1.9545759E-006
          4484.73     -2.0385796E-006
          4496.02     -2.1250496E-006
          4507.30     -2.2139969E-006
          4518.59     -2.3054346E-006
          4529.88     -2.3993776E-006
          4541.17     -2.4958429E-006
          4552.46     -2.5948485E-006
          4563.75     -2.6960144E-006
          4575.04     -2.7989922E-006
          4586.33     -2.9038483E-006
          4597.62     -3.0106486E-006
          4608.91     -3.1194574E-006
          4620.20     -3.2303390E-006
          4631.48     -3.3433563E-006
          4642.77     -3.4585716E-006
          4654.06     -3.5760462E-006
          4665.35     -3.6958408E-006
          4676.64     -3.8180150E-006
          4687.93     -3.9426277E-006
          4699.22     -4.0697365E-006
          4710.51     -4.1993984E-006
          4721.80     -4.3316694E-006
          4733.09     -4.4666042E-006
          4744.38     -4.6042567E-006
          4755.66     -4.7446795E-006
          4766.95     -4.8879243E-006
          4778.24     -5.0340413E-006
          4789.53     -5.1830793E-006
          4800.82     -5.3350859E-006
          4812.11     -5.4901076E-006
          4823.40     -5.6481887E-006
          4834.69     -5.8093722E-006
          4845.98     -5.9704575E-006
          4857.27     -6.1284368E-006
          4868.55     -6.2836292E-006
          4879.84     -6.4363373E-006
          4891.13     -6.5868486E-006
          4902.42     -6.7354358E-006
          4913.71     -6.8823571E-006
          4925.00     -7.0278573E-006
          4936.29     -7.1721680E-006
          4947.58     -7.3155078E-006
          4958.87     -7.4580837E-006
          4970.16     -7.6000899E-006
          4981.45     -7.7417099E-006
          4992.73     -7.8831161E-006
          5004.02     -8.0244693E-006
          5015.31     -8.1659207E-006
          5026.60     -8.3076108E-006
          5037.89     -8.4496702E-006
          5049.18     -8.5922198E-006
          5060.47     -8.7353707E-006
          5071.76     -8.8792249E-006
          5083.05     -9.0220615E-006
          5094.34     -9.1622097E-006
          5105.62     -9.2998279E-006
          5116.91     -9.4350581E-006
          5128.20     -9.5680265E-006
          5139.49     -9.6988439E-006
          5150.78     -9.8276050E-006
          5162.07     -9.9543900E-006
          5173.36     -1.0079264E-005
          5184.65     -1.0202277E-005
          5195.94     -1.0323464E-005
          5207.23     -1.0442846E-005
          5218.52     -1.0560429E-005
          5229.80     -1.0676205E-005
          5241.09     -1.0790151E-005
          5252.38     -1.0902229E-005
          5263.67     -1.1012387E-005
          5274.96     -1.1120559E-005
          5286.25     -1.1226663E-005
          5297.54     -1.1330602E-005
          5308.83     -1.1432266E-005
          5320.12     -1.1531527E-005
          5331.41     -1.1628243E-005
          5342.70     -1.1722257E-005
          5353.98     -1.1813395E-005
          5365.27     -1.1988801E-005
          5376.56     -1.2331552E-005
          5387.85     -1.2835588E-005
          5399.14     -1.3495145E-005
          5410.43     -1.4304738E-005
          5421.72     -1.5259146E-005
          5433.01     -1.6353404E-005
          5444.30     -1.7582791E-005
          5455.59     -1.8942809E-005
          5466.88     -2.0429185E-005
          5478.16     -2.2037850E-005
          5489.45     -2.3764937E-005
          5500.74     -2.5606764E-005
          5512.03     -2.7559826E-005
          5523.32     -2.9620791E-005
          5534.61     -3.1786487E-005
          5545.90     -3.4053889E-005
          5557.19     -3.6420120E-005
          5568.48     -3.8882437E-005
          5579.77     -4.1438217E-005
          5591.05     -4.4084945E-005
          5602.34     -4.6820215E-005
          5613.63     -4.9641738E-005
          5624.92     -5.2547330E-005
          5636.21     -5.5534892E-005
          5647.50     -5.8602427E-005
          5658.79     -6.1748018E-005
          5670.08     -6.4969826E-005
          5681.37     -6.8265997E-005
          5692.66     -7.1634653E-005
          5703.95     -7.5418873E-005
          5715.23     -7.9926568E-005
          5726.52     -8.5104354E-005
          5737.81     -9.0900355E-005
          5749.10     -9.7264102E-005
          5760.39     -1.0414646E-004
          5771.68     -1.1158006E-004
          5782.97     -1.1958579E-004
          5794.26     -1.2809914E-004
          5805.55     -1.3705702E-004
          5816.84     -1.4639718E-004
          5828.12     -1.5605812E-004
          5839.41     -1.6597899E-004
          5850.70     -1.7609944E-004
          5861.99     -1.8635959E-004
          5873.28     -1.9669982E-004
          5884.57     -2.0706081E-004
          5895.86     -2.1738334E-004
          5907.15     -2.2760821E-004
          5918.44     -2.3767612E-004
          5929.73     -2.4752761E-004
          5941.02     -2.5710319E-004
          5952.30     -2.6634328E-004
          5963.59     -2.7518812E-004
          5974.88     -2.8369478E-004
          5986.17     -2.9196190E-004
          5997.46     -2.9999141E-004
          6008.75     -3.0778477E-004
          6020.04     -3.1534293E-004
          6031.33     -3.2266646E-004
          6042.62     -3.2975548E-004
          6053.91     -3.3660959E-004
          6065.20     -3.4322788E-004
          6076.48     -3.4960894E-004
          6087.77     -3.5575089E-004
          6099.06     -3.6165130E-004
          6110.35     -3.6730722E-004
          6121.64     -3.7271514E-004
          6132.93     -3.7787094E-004
          6144.22     -3.8276991E-004
          6155.51     -3.8740440E-004
          6166.80     -3.9177243E-004
          6178.09     -3.9587700E-004
          6189.38     -3.9972061E-004
          6200.66     -4.0330519E-004
          6211.95     -4.0663206E-004
          6223.24     -4.0970198E-004
          6234.53     -4.1251509E-004
          6245.82     -4.1507099E-004
          6257.11     -4.1736871E-004
          6268.40     -4.1940669E-004
          6279.69     -4.2118280E-004
          6290.98     -4.2269156E-004
          6302.27     -4.2392735E-004
          6313.55     -4.2488702E-004
          6324.84     -4.2556684E-004
          6336.13     -4.2596249E-004
          6347.42     -4.2606907E-004
          6358.71     -4.2588111E-004
          6370.00     -4.2539253E-004
