          3480.00      0.0000000E+000
          3491.29      2.2133867E-002
          3502.58      2.1020105E-002
          3513.87      1.9952830E-002
          3525.16      1.8930789E-002
          3536.45      1.7952637E-002
          3547.73      1.7016948E-002
          3559.02      1.6122229E-002
          3570.31      1.5266927E-002
          3581.60      1.4449445E-002
          3592.89      1.3668151E-002
          3604.18      1.2921382E-002
          3615.47      1.2207452E-002
          3626.76      1.1524660E-002
          3638.05      1.0871316E-002
          3649.34      1.0245748E-002
          3660.62      9.6463105E-003
          3671.91      9.0713901E-003
          3683.20      8.5194152E-003
          3694.49      7.9888591E-003
          3705.78      7.4782467E-003
          3717.07      6.9861555E-003
          3728.36      6.5051565E-003
          3739.65      6.0224095E-003
          3750.94      5.5337835E-003
          3762.23      5.0426312E-003
          3773.52      4.5515388E-003
          3784.80      4.0624859E-003
          3796.09      3.5769697E-003
          3807.38      3.0960990E-003
          3818.67      2.6206693E-003
          3829.96      2.1512214E-003
          3841.25      1.6880874E-003
          3852.54      1.2314318E-003
          3863.83      7.8128349E-004
          3875.12      3.3756270E-004
          3886.41     -9.9895101E-005
          3897.70     -5.3132267E-004
          3908.98     -9.5700404E-004
          3920.27     -1.3772604E-003
          3931.56     -1.7924412E-003
          3942.85     -2.2029143E-003
          3954.14     -2.6090562E-003
          3965.43     -3.0112469E-003
          3976.72     -3.4098654E-003
          3988.01     -3.8052882E-003
          3999.30     -4.1978852E-003
          4010.59     -4.5348679E-003
          4021.88     -4.7780826E-003
          4033.16     -4.9478488E-003
          4044.45     -5.0617134E-003
          4055.74     -5.1344972E-003
          4067.03     -5.1784886E-003
          4078.32     -5.2037136E-003
          4089.61     -5.2182339E-003
          4100.90     -5.2284411E-003
          4112.19     -5.2393318E-003
          4123.48     -5.2547516E-003
          4134.77     -5.2776076E-003
          4146.05     -5.3100493E-003
          4157.34     -5.3536192E-003
          4168.63     -5.4093775E-003
          4179.92     -5.4780051E-003
          4191.21     -5.5598860E-003
          4202.50     -5.6551750E-003
          4213.79     -5.7638521E-003
          4225.08     -5.8857650E-003
          4236.37     -6.0206646E-003
          4247.66     -6.1682313E-003
          4258.95     -6.3280980E-003
          4270.23     -6.4998665E-003
          4281.52     -6.5809553E-003
          4292.81     -6.4660740E-003
          4304.10     -6.1755109E-003
          4315.39     -5.7616742E-003
          4326.68     -5.2680516E-003
          4337.97     -4.7293088E-003
          4349.26     -4.1721474E-003
          4360.55     -3.6165001E-003
          4371.84     -3.0767803E-003
          4383.12     -2.5630456E-003
          4394.41     -2.0820031E-003
          4405.70     -1.6378289E-003
          4416.99     -1.2328255E-003
          4428.28     -8.6793537E-004
          4439.57     -5.4313203E-004
          4450.86     -2.5771771E-004
          4462.15     -1.0544966E-005
          4473.44      1.9982190E-004
          4484.73      3.7498706E-004
          4496.02      5.1663792E-004
          4507.30      6.2648462E-004
          4518.59      7.0621741E-004
          4529.88      7.5747857E-004
          4541.17      7.8184333E-004
          4552.46      7.8080835E-004
          4563.75      7.5578554E-004
          4575.04      7.0809906E-004
          4586.33      6.3898517E-004
          4597.62      5.4959368E-004
          4608.91      4.4099110E-004
          4620.20      3.1416365E-004
          4631.48      1.7002132E-004
          4642.77      9.4024692E-006
          4654.06     -1.6692282E-004
          4665.35     -3.5824808E-004
          4676.64     -5.6392661E-004
          4687.93     -7.8336785E-004
          4699.22     -1.0160330E-003
          4710.51     -1.2614329E-003
          4721.80     -1.5191241E-003
          4733.09     -1.7887052E-003
          4744.38     -2.0698158E-003
          4755.66     -2.3621323E-003
          4766.95     -2.6653669E-003
          4778.24     -2.9792646E-003
          4789.53     -3.3036008E-003
          4800.82     -3.6381810E-003
          4812.11     -3.9828382E-003
          4823.40     -4.3374307E-003
          4834.69     -4.7018421E-003
          4845.98     -5.1321854E-003
          4857.27     -5.6732297E-003
          4868.55     -6.3104020E-003
          4879.84     -7.0318135E-003
          4891.13     -7.8276025E-003
          4902.42     -8.6894602E-003
          4913.71     -9.6102848E-003
          4925.00     -1.0583934E-002
          4936.29     -1.1605033E-002
          4947.58     -1.2668840E-002
          4958.87     -1.3771138E-002
          4970.16     -1.4908152E-002
          4981.45     -1.6076497E-002
          4992.73     -1.7273125E-002
          5004.02     -1.8495290E-002
          5015.31     -1.9740525E-002
          5026.60     -2.1006618E-002
          5037.89     -2.2291591E-002
          5049.18     -2.3593693E-002
          5060.47     -2.4911380E-002
          5071.76     -2.6243310E-002
          5083.05     -2.7588335E-002
          5094.34     -2.8993834E-002
          5105.62     -3.0503119E-002
          5116.91     -3.2109974E-002
          5128.20     -3.3809209E-002
          5139.49     -3.5596480E-002
          5150.78     -3.7468156E-002
          5162.07     -3.9421220E-002
          5173.36     -4.1453198E-002
          5184.65     -4.3562086E-002
          5195.94     -4.5746330E-002
          5207.23     -4.8004780E-002
          5218.52     -5.0336674E-002
          5229.80     -5.2741625E-002
          5241.09     -5.5219607E-002
          5252.38     -5.7770962E-002
          5263.67     -6.0396393E-002
          5274.96     -6.3096966E-002
          5286.25     -6.5874125E-002
          5297.54     -6.8729699E-002
          5308.83     -7.1665910E-002
          5320.12     -7.4685399E-002
          5331.41     -7.7791224E-002
          5342.70     -8.0986903E-002
          5353.98     -8.4276429E-002
          5365.27     -8.5644864E-002
          5376.56     -8.3507057E-002
          5387.85     -7.8802852E-002
          5399.14     -7.2561833E-002
          5410.43     -6.5650023E-002
          5421.72     -5.8678840E-002
          5433.01     -5.2021926E-002
          5444.30     -4.5874205E-002
          5455.59     -4.0312967E-002
          5466.88     -3.5345495E-002
          5478.16     -3.0941440E-002
          5489.45     -2.7052950E-002
          5500.74     -2.3626349E-002
          5512.03     -2.0608497E-002
          5523.32     -1.7949908E-002
          5534.61     -1.5606065E-002
          5545.90     -1.3537727E-002
          5557.19     -1.1710705E-002
          5568.48     -1.0095424E-002
          5579.77     -8.6664113E-003
          5591.05     -7.4017543E-003
          5602.34     -6.2825937E-003
          5613.63     -5.2926772E-003
          5624.92     -4.4179813E-003
          5636.21     -3.6463842E-003
          5647.50     -2.9673808E-003
          5658.79     -2.3718480E-003
          5670.08     -1.8518432E-003
          5681.37     -1.4004953E-003
          5692.66     -1.0118373E-003
          5703.95     -6.8060883E-004
          5715.23      1.8238857E-004
          5726.52      1.8966993E-003
          5737.81      4.0747204E-003
          5749.10      6.4101668E-003
          5760.39      8.7019002E-003
          5771.68      1.0837783E-002
          5782.97      1.2831964E-002
          5794.26      1.4683372E-002
          5805.55      1.6346434E-002
          5816.84      1.7809991E-002
          5828.12      1.9081197E-002
          5839.41      2.0175593E-002
          5850.70      2.1111514E-002
          5861.99      2.1907160E-002
          5873.28      2.2579225E-002
          5884.57      2.3142365E-002
          5895.86      2.3609091E-002
          5907.15      2.3989878E-002
          5918.44      2.4293344E-002
          5929.73      2.4526460E-002
          5941.02      2.4694759E-002
          5952.30      2.4802495E-002
          5963.59      2.4852762E-002
          5974.88      2.4847595E-002
          5986.17      2.4792501E-002
          5997.46      2.4695555E-002
          6008.75      2.4561001E-002
          6020.04      2.4392129E-002
          6031.33      2.4191500E-002
          6042.62      2.3961093E-002
          6053.91      2.3702420E-002
          6065.20      2.3416606E-002
          6076.48      2.3104454E-002
          6087.77      2.2766497E-002
          6099.06      2.2403026E-002
          6110.35      2.2014117E-002
          6121.64      2.1599649E-002
          6132.93      2.1159314E-002
          6144.22      2.0692623E-002
          6155.51      2.0192372E-002
          6166.80      1.9651428E-002
          6178.09      1.9069026E-002
          6189.38      1.8444061E-002
          6200.66      1.7775097E-002
          6211.95      1.7060353E-002
          6223.24      1.6297696E-002
          6234.53      1.5484619E-002
          6245.82      1.4618210E-002
          6257.11      1.3695111E-002
          6268.40      1.2711475E-002
          6279.69      1.1662898E-002
          6290.98      1.0542512E-002
          6302.27      9.3425410E-003
          6313.55      8.0560704E-003
          6324.84      6.6751438E-003
          6336.13      5.1905806E-003
          6347.42      3.5917605E-003
          6358.71      1.8663582E-003
          6370.00      0.0000000E+000
