          3480.00      0.0000000E+000
          3491.29      2.4836723E-002
          3502.58      2.4063754E-002
          3513.87      2.3316108E-002
          3525.16      2.2593080E-002
          3536.45      2.1893943E-002
          3547.73      2.1217954E-002
          3559.02      2.0564354E-002
          3570.31      1.9932373E-002
          3581.60      1.9321231E-002
          3592.89      1.8730140E-002
          3604.18      1.8158306E-002
          3615.47      1.7604925E-002
          3626.76      1.7069185E-002
          3638.05      1.6550282E-002
          3649.34      1.6047420E-002
          3660.62      1.5559811E-002
          3671.91      1.5086680E-002
          3683.20      1.4627264E-002
          3694.49      1.4180818E-002
          3705.78      1.3746612E-002
          3717.07      1.3323934E-002
          3728.36      1.2908809E-002
          3739.65      1.2494182E-002
          3750.94      1.2077485E-002
          3762.23      1.1660210E-002
          3773.52      1.1243529E-002
          3784.80      1.0828358E-002
          3796.09      1.0415405E-002
          3807.38      1.0005211E-002
          3818.67      9.5981778E-003
          3829.96      9.1945918E-003
          3841.25      8.7946429E-003
          3852.54      8.3984413E-003
          3863.83      8.0060307E-003
          3875.12      7.6173990E-003
          3886.41      7.2324898E-003
          3897.70      6.8512077E-003
          3908.98      6.4734265E-003
          3920.27      6.0989961E-003
          3931.56      5.7277455E-003
          3942.85      5.3594881E-003
          3954.14      4.9940265E-003
          3965.43      4.6311555E-003
          3976.72      4.2706645E-003
          3988.01      3.9123377E-003
          3999.30      3.5559573E-003
          4010.59      3.2294946E-003
          4021.88      2.9548976E-003
          4033.16      2.7235238E-003
          4044.45      2.5275976E-003
          4055.74      2.3602289E-003
          4067.03      2.2153906E-003
          4078.32      2.0878678E-003
          4089.61      1.9731911E-003
          4100.90      1.8675639E-003
          4112.19      1.7677851E-003
          4123.48      1.6711767E-003
          4134.77      1.5755144E-003
          4146.05      1.4789642E-003
          4157.34      1.3800264E-003
          4168.63      1.2774848E-003
          4179.92      1.1703632E-003
          4191.21      1.0578873E-003
          4202.50      9.3945134E-004
          4213.79      8.1459077E-004
          4225.08      6.8295767E-004
          4236.37      5.4430055E-004
          4247.66      3.9844744E-004
          4258.95      2.4529055E-004
          4270.23      8.4774379E-005
          4281.52     -2.6577888E-005
          4292.81     -2.7199362E-005
          4304.10      7.7134099E-005
          4315.39      2.6169443E-004
          4326.68      5.0488144E-004
          4337.97      7.8836674E-004
          4349.26      1.0969759E-003
          4360.55      1.4184134E-003
          4371.84      1.7429136E-003
          4383.12      2.0628686E-003
          4394.41      2.3724670E-003
          4405.70      2.6673725E-003
          4416.99      2.9444397E-003
          4428.28      3.2014709E-003
          4439.57      3.4370154E-003
          4450.86      3.6502023E-003
          4462.15      3.8406057E-003
          4473.44      4.0081375E-003
          4484.73      4.1529608E-003
          4496.02      4.2754223E-003
          4507.30      4.3759992E-003
          4518.59      4.4552573E-003
          4529.88      4.5138197E-003
          4541.17      4.5523420E-003
          4552.46      4.5714934E-003
          4563.75      4.5719433E-003
          4575.04      4.5543503E-003
          4586.33      4.5193546E-003
          4597.62      4.4675729E-003
          4608.91      4.3995944E-003
          4620.20      4.3159784E-003
          4631.48      4.2172528E-003
          4642.77      4.1039136E-003
          4654.06      3.9764245E-003
          4665.35      3.8352172E-003
          4676.64      3.6806918E-003
          4687.93      3.5132177E-003
          4699.22      3.3331347E-003
          4710.51      3.1407532E-003
          4721.80      2.9363556E-003
          4733.09      2.7201980E-003
          4744.38      2.4925098E-003
          4755.66      2.2534956E-003
          4766.95      2.0033362E-003
          4778.24      1.7421884E-003
          4789.53      1.4701879E-003
          4800.82      1.1874477E-003
          4812.11      8.9405999E-004
          4823.40      5.9009751E-004
          4834.69      2.7561253E-004
          4845.98     -7.9887184E-005
          4857.27     -5.0184525E-004
          4868.55     -9.8362647E-004
          4879.84     -1.5196704E-003
          4891.13     -2.1052719E-003
          4902.42     -2.7364110E-003
          4913.71     -3.4096222E-003
          4925.00     -4.1218970E-003
          4936.29     -4.8706040E-003
          4947.58     -5.6534281E-003
          4958.87     -6.4683227E-003
          4970.16     -7.3134683E-003
          4981.45     -8.1872466E-003
          4992.73     -9.0882141E-003
          5004.02     -1.0015080E-002
          5015.31     -1.0966694E-002
          5026.60     -1.1942034E-002
          5037.89     -1.2940194E-002
          5049.18     -1.3960376E-002
          5060.47     -1.5001882E-002
          5071.76     -1.6064113E-002
          5083.05     -1.7146563E-002
          5094.34     -1.8272717E-002
          5105.62     -1.9464960E-002
          5116.91     -2.0721517E-002
          5128.20     -2.2041006E-002
          5139.49     -2.3422384E-002
          5150.78     -2.4864915E-002
          5162.07     -2.6368141E-002
          5173.36     -2.7931865E-002
          5184.65     -2.9556127E-002
          5195.94     -3.1241202E-002
          5207.23     -3.2987589E-002
          5218.52     -3.4796010E-002
          5229.80     -3.6667409E-002
          5241.09     -3.8602949E-002
          5252.38     -4.0604027E-002
          5263.67     -4.2672277E-002
          5274.96     -4.4809572E-002
          5286.25     -4.7018048E-002
          5297.54     -4.9300112E-002
          5308.83     -5.1658456E-002
          5320.12     -5.4096083E-002
          5331.41     -5.6616316E-002
          5342.70     -5.9222835E-002
          5353.98     -6.1919703E-002
          5365.27     -6.3788770E-002
          5376.56     -6.3998881E-002
          5387.85     -6.2785719E-002
          5399.14     -6.0463795E-002
          5410.43     -5.7362244E-002
          5421.72     -5.3779279E-002
          5433.01     -4.9958801E-002
          5444.30     -4.6084735E-002
          5455.59     -4.2286153E-002
          5466.88     -3.8647130E-002
          5478.16     -3.5217522E-002
          5489.45     -3.2022591E-002
          5500.74     -2.9070773E-002
          5512.03     -2.6359536E-002
          5523.32     -2.3879587E-002
          5534.61     -2.1617805E-002
          5545.90     -1.9559209E-002
          5557.19     -1.7688224E-002
          5568.48     -1.5989495E-002
          5579.77     -1.4448368E-002
          5591.05     -1.3051145E-002
          5602.34     -1.1785192E-002
          5613.63     -1.0638958E-002
          5624.92     -9.6019618E-003
          5636.21     -8.6647392E-003
          5647.50     -7.8187662E-003
          5658.79     -7.0563860E-003
          5670.08     -6.3707289E-003
          5681.37     -5.7556967E-003
          5692.66     -5.2058669E-003
          5703.95     -4.7163502E-003
          5715.23     -3.8424704E-003
          5726.52     -2.3212438E-003
          5737.81     -4.1166103E-004
          5749.10      1.6715682E-003
          5760.39      3.7733696E-003
          5771.68      5.7940686E-003
          5782.97      7.7345784E-003
          5794.26      9.5844895E-003
          5805.55      1.1291924E-002
          5816.84      1.2834305E-002
          5828.12      1.4207116E-002
          5839.41      1.5416025E-002
          5850.70      1.6471775E-002
          5861.99      1.7387092E-002
          5873.28      1.8174896E-002
          5884.57      1.8847347E-002
          5895.86      1.9415378E-002
          5907.15      1.9888511E-002
          5918.44      2.0274820E-002
          5929.73      2.0580996E-002
          5941.02      2.0812434E-002
          5952.30      2.0973313E-002
          5963.59      2.1066656E-002
          5974.88      2.1094378E-002
          5986.17      2.1068841E-002
          5997.46      2.1004266E-002
          6008.75      2.0903926E-002
          6020.04      2.0770418E-002
          6031.33      2.0605795E-002
          6042.62      2.0411661E-002
          6053.91      2.0189241E-002
          6065.20      1.9939439E-002
          6076.48      1.9662878E-002
          6087.77      1.9359940E-002
          6099.06      1.9030783E-002
          6110.35      1.8675361E-002
          6121.64      1.8293439E-002
          6132.93      1.7884590E-002
          6144.22      1.7448211E-002
          6155.51      1.6981428E-002
          6166.80      1.6481587E-002
          6178.09      1.5948127E-002
          6189.38      1.5380283E-002
          6200.66      1.4777083E-002
          6211.95      1.4137346E-002
          6223.24      1.3459676E-002
          6234.53      1.2742456E-002
          6245.82      1.1983826E-002
          6257.11      1.1181676E-002
          6268.40      1.0333617E-002
          6279.69      9.4369590E-003
          6290.98      8.4878409E-003
          6302.27      7.4819919E-003
          6313.55      6.4155285E-003
          6324.84      5.2840819E-003
          6336.13      4.0827280E-003
          6347.42      2.8059142E-003
          6358.71      1.4473714E-003
          6370.00      0.0000000E+000
