          3480.00     -2.3059593E-004
          3491.29     -2.3043103E-004
          3502.58     -2.2846383E-004
          3513.87     -2.2502716E-004
          3525.16     -2.2040658E-004
          3536.45     -2.1484663E-004
          3547.73     -2.0855629E-004
          3559.02     -2.0171380E-004
          3570.31     -1.9447078E-004
          3581.60     -1.8695595E-004
          3592.89     -1.7927831E-004
          3604.18     -1.7152996E-004
          3615.47     -1.6378859E-004
          3626.76     -1.5611951E-004
          3638.05     -1.4857743E-004
          3649.34     -1.4120818E-004
          3660.62     -1.3405017E-004
          3671.91     -1.2713568E-004
          3683.20     -1.2049200E-004
          3694.49     -1.1414249E-004
          3705.78     -1.0810750E-004
          3717.07     -1.0240514E-004
          3728.36     -9.7023794E-005
          3739.65     -9.1913515E-005
          3750.94     -8.7043297E-005
          3762.23     -8.2410093E-005
          3773.52     -7.8009464E-005
          3784.80     -7.3835822E-005
          3796.09     -6.9882659E-005
          3807.38     -6.6142696E-005
          3818.67     -6.2608046E-005
          3829.96     -5.9270348E-005
          3841.25     -5.6120842E-005
          3852.54     -5.3150454E-005
          3863.83     -5.0349851E-005
          3875.12     -4.7709475E-005
          3886.41     -4.5219577E-005
          3897.70     -4.2870210E-005
          3908.98     -4.0651236E-005
          3920.27     -3.8552316E-005
          3931.56     -3.6562874E-005
          3942.85     -3.4672070E-005
          3954.14     -3.2868750E-005
          3965.43     -3.1141391E-005
          3976.72     -2.9478046E-005
          3988.01     -2.7866259E-005
          3999.30     -2.6292989E-005
          4010.59     -2.4785669E-005
          4021.88     -2.3376650E-005
          4033.16     -2.2059998E-005
          4044.45     -2.0830043E-005
          4055.74     -1.9681365E-005
          4067.03     -1.8608778E-005
          4078.32     -1.7607307E-005
          4089.61     -1.6672167E-005
          4100.90     -1.5798753E-005
          4112.19     -1.4982606E-005
          4123.48     -1.4219399E-005
          4134.77     -1.3504914E-005
          4146.05     -1.2835019E-005
          4157.34     -1.2205643E-005
          4168.63     -1.1612753E-005
          4179.92     -1.1052325E-005
          4191.21     -1.0520326E-005
          4202.50     -1.0012676E-005
          4213.79     -9.5252229E-006
          4225.08     -9.0537148E-006
          4236.37     -8.5937630E-006
          4247.66     -8.1408115E-006
          4258.95     -7.6900976E-006
          4270.23     -7.2366147E-006
          4281.52     -6.7902289E-006
          4292.81     -6.3673505E-006
          4304.10     -5.9707893E-006
          4315.39     -5.5988705E-006
          4326.68     -5.2500244E-006
          4337.97     -4.9227812E-006
          4349.26     -4.6157625E-006
          4360.55     -4.3276776E-006
          4371.84     -4.0573174E-006
          4383.12     -3.8035490E-006
          4394.41     -3.5653119E-006
          4405.70     -3.3416135E-006
          4416.99     -3.1315237E-006
          4428.28     -2.9341729E-006
          4439.57     -2.7487461E-006
          4450.86     -2.5744809E-006
          4462.15     -2.4106643E-006
          4473.44     -2.2566289E-006
          4484.73     -2.1117508E-006
          4496.02     -1.9754468E-006
          4507.30     -1.8471719E-006
          4518.59     -1.7264174E-006
          4529.88     -1.6127086E-006
          4541.17     -1.5056024E-006
          4552.46     -1.4046867E-006
          4563.75     -1.3095777E-006
          4575.04     -1.2199188E-006
          4586.33     -1.1353794E-006
          4597.62     -1.0556534E-006
          4608.91     -9.8045843E-007
          4620.20     -9.0953441E-007
          4631.48     -8.4264297E-007
          4642.77     -7.7956677E-007
          4654.06     -7.2010850E-007
          4665.35     -6.6409060E-007
          4676.64     -6.1135471E-007
          4687.93     -5.6176131E-007
          4699.22     -5.1518962E-007
          4710.51     -4.7153724E-007
          4721.80     -4.3072026E-007
          4733.09     -3.9267338E-007
          4744.38     -3.5734992E-007
          4755.66     -3.2472223E-007
          4766.95     -2.9478207E-007
          4778.24     -2.6754110E-007
          4789.53     -2.4303158E-007
          4800.82     -2.2130702E-007
          4812.11     -2.0244312E-007
          4823.40     -1.8653882E-007
          4834.69     -1.7371739E-007
          4845.98     -1.6282821E-007
          4857.27     -1.5259852E-007
          4868.55     -1.4298961E-007
          4879.84     -1.3396575E-007
          4891.13     -1.2549394E-007
          4902.42     -1.1754380E-007
          4913.71     -1.1008751E-007
          4925.00     -1.0309960E-007
          4936.29     -9.6556901E-008
          4947.58     -9.0438474E-008
          4958.87     -8.4725501E-008
          4970.16     -7.9401251E-008
          4981.45     -7.4450997E-008
          4992.73     -6.9861986E-008
          5004.02     -6.5623421E-008
          5015.31     -6.1726409E-008
          5026.60     -5.8163968E-008
          5037.89     -5.4931016E-008
          5049.18     -5.2024376E-008
          5060.47     -4.9442804E-008
          5071.76     -4.7186997E-008
          5083.05     -4.5259644E-008
          5094.34     -4.3553427E-008
          5105.62     -4.1953630E-008
          5116.91     -4.0453498E-008
          5128.20     -3.9046426E-008
          5139.49     -3.7725932E-008
          5150.78     -3.6485629E-008
          5162.07     -3.5319185E-008
          5173.36     -3.4220302E-008
          5184.65     -3.3182677E-008
          5195.94     -3.2199971E-008
          5207.23     -3.1265775E-008
          5218.52     -3.0373574E-008
          5229.80     -2.9516712E-008
          5241.09     -2.8688354E-008
          5252.38     -2.7881444E-008
          5263.67     -2.7088666E-008
          5274.96     -2.6302401E-008
          5286.25     -2.5514680E-008
          5297.54     -2.4717137E-008
          5308.83     -2.3900961E-008
          5320.12     -2.3056837E-008
          5331.41     -2.2174899E-008
          5342.70     -2.1244662E-008
          5353.98     -2.0254964E-008
          5365.27     -1.9265293E-008
          5376.56     -1.8340119E-008
          5387.85     -1.7475392E-008
          5399.14     -1.6667285E-008
          5410.43     -1.5912179E-008
          5421.72     -1.5206646E-008
          5433.01     -1.4547427E-008
          5444.30     -1.3931422E-008
          5455.59     -1.3355672E-008
          5466.88     -1.2817344E-008
          5478.16     -1.2313718E-008
          5489.45     -1.1842173E-008
          5500.74     -1.1400174E-008
          5512.03     -1.0985257E-008
          5523.32     -1.0595020E-008
          5534.61     -1.0227106E-008
          5545.90     -9.8791966E-009
          5557.19     -9.5489936E-009
          5568.48     -9.2342106E-009
          5579.77     -8.9325612E-009
          5591.05     -8.6417475E-009
          5602.34     -8.3594476E-009
          5613.63     -8.0833017E-009
          5624.92     -7.8109002E-009
          5636.21     -7.5397719E-009
          5647.50     -7.2673690E-009
          5658.79     -6.9910545E-009
          5670.08     -6.7080884E-009
          5681.37     -6.4156227E-009
          5692.66     -6.1106947E-009
          5703.95     -5.7902092E-009
          5715.23     -5.4638110E-009
          5726.52     -5.1428687E-009
          5737.81     -4.8267467E-009
          5749.10     -4.5147870E-009
          5760.39     -4.2063080E-009
          5771.68     -3.9006047E-009
          5782.97     -3.6007892E-009
          5794.26     -3.3106861E-009
          5805.55     -3.0306554E-009
          5816.84     -2.7610901E-009
          5828.12     -2.5024202E-009
          5839.41     -2.2551187E-009
          5850.70     -2.0197074E-009
          5861.99     -1.7967616E-009
          5873.28     -1.5869169E-009
          5884.57     -1.3908738E-009
          5895.86     -1.2094041E-009
          5907.15     -1.0433576E-009
          5918.44     -8.9366944E-010
          5929.73     -7.6136404E-010
          5941.02     -6.4755834E-010
          5952.30     -5.5346835E-010
          5963.59     -4.8041682E-010
          5974.88     -4.2984051E-010
          5986.17     -3.9215798E-010
          5997.46     -3.5672439E-010
          6008.75     -3.2347937E-010
          6020.04     -2.9237279E-010
          6031.33     -2.6336422E-010
          6042.62     -2.3642306E-010
          6053.91     -2.1152913E-010
          6065.20     -1.8867262E-010
          6076.48     -1.6785410E-010
          6087.77     -1.4908471E-010
          6099.06     -1.3238637E-010
          6110.35     -1.1779225E-010
          6121.64     -1.0534694E-010
          6132.93     -9.5106897E-011
          6144.22     -8.7140388E-011
          6155.51     -8.0523597E-011
          6166.80     -7.4265542E-011
          6178.09     -6.8343533E-011
          6189.38     -6.2736228E-011
          6200.66     -5.7423659E-011
          6211.95     -5.2387176E-011
          6223.24     -4.7609370E-011
          6234.53     -4.3074024E-011
          6245.82     -3.8766017E-011
          6257.11     -3.4671288E-011
          6268.40     -3.0776784E-011
          6279.69     -2.7070390E-011
          6290.98     -2.3501751E-011
          6302.27     -2.0017287E-011
          6313.55     -1.6600996E-011
          6324.84     -1.3237187E-011
          6336.13     -9.9104037E-012
          6347.42     -6.6053665E-012
          6358.71     -3.3069283E-012
          6370.00     -4.1043725E-047
