          3480.00     -3.4365767E-036
          3491.29     -3.0112533E-009
          3502.58     -5.9631768E-009
          3513.87     -8.8594371E-009
          3525.16     -1.1703508E-008
          3536.45     -1.4498695E-008
          3547.73     -1.7248131E-008
          3559.02     -1.9954782E-008
          3570.31     -2.2621461E-008
          3581.60     -2.5250829E-008
          3592.89     -2.7845400E-008
          3604.18     -3.0407540E-008
          3615.47     -3.2939447E-008
          3626.76     -3.5443175E-008
          3638.05     -3.7920654E-008
          3649.34     -4.0373680E-008
          3660.62     -4.2803937E-008
          3671.91     -4.5212990E-008
          3683.20     -4.7602286E-008
          3694.49     -4.9973166E-008
          3705.78     -5.2326851E-008
          3717.07     -5.4664462E-008
          3728.36     -5.6983388E-008
          3739.65     -5.9276681E-008
          3750.94     -6.1541381E-008
          3762.23     -6.3779065E-008
          3773.52     -6.5991173E-008
          3784.80     -6.8179016E-008
          3796.09     -7.0343768E-008
          3807.38     -7.2486487E-008
          3818.67     -7.4608107E-008
          3829.96     -7.6709436E-008
          3841.25     -7.8791164E-008
          3852.54     -8.0853860E-008
          3863.83     -8.2897972E-008
          3875.12     -8.4923834E-008
          3886.41     -8.6931658E-008
          3897.70     -8.8921541E-008
          3908.98     -9.0893467E-008
          3920.27     -9.2847299E-008
          3931.56     -9.4782788E-008
          3942.85     -9.6699566E-008
          3954.14     -9.8597156E-008
          3965.43     -1.0047497E-007
          3976.72     -1.0233229E-007
          3988.01     -1.0416830E-007
          3999.30     -1.0598205E-007
          4010.59     -1.0783332E-007
          4021.88     -1.0977882E-007
          4033.16     -1.1181304E-007
          4044.45     -1.1393054E-007
          4055.74     -1.1612597E-007
          4067.03     -1.1839406E-007
          4078.32     -1.2072960E-007
          4089.61     -1.2312742E-007
          4100.90     -1.2558240E-007
          4112.19     -1.2808943E-007
          4123.48     -1.3064345E-007
          4134.77     -1.3323936E-007
          4146.05     -1.3587210E-007
          4157.34     -1.3853657E-007
          4168.63     -1.4122765E-007
          4179.92     -1.4394020E-007
          4191.21     -1.4666902E-007
          4202.50     -1.4940886E-007
          4213.79     -1.5215440E-007
          4225.08     -1.5490028E-007
          4236.37     -1.5764102E-007
          4247.66     -1.6037108E-007
          4258.95     -1.6308479E-007
          4270.23     -1.6577639E-007
          4281.52     -1.6866872E-007
          4292.81     -1.7205255E-007
          4304.10     -1.7598022E-007
          4315.39     -1.8042290E-007
          4326.68     -1.8535255E-007
          4337.97     -1.9074181E-007
          4349.26     -1.9656405E-007
          4360.55     -2.0279322E-007
          4371.84     -2.0940385E-007
          4383.12     -2.1637102E-007
          4394.41     -2.2367023E-007
          4405.70     -2.3127740E-007
          4416.99     -2.3916885E-007
          4428.28     -2.4732119E-007
          4439.57     -2.5571136E-007
          4450.86     -2.6431654E-007
          4462.15     -2.7311411E-007
          4473.44     -2.8208163E-007
          4484.73     -2.9119680E-007
          4496.02     -3.0043739E-007
          4507.30     -3.0978126E-007
          4518.59     -3.1920623E-007
          4529.88     -3.2869017E-007
          4541.17     -3.3821087E-007
          4552.46     -3.4774601E-007
          4563.75     -3.5727317E-007
          4575.04     -3.6676979E-007
          4586.33     -3.7621309E-007
          4597.62     -3.8558009E-007
          4608.91     -3.9484752E-007
          4620.20     -4.0399185E-007
          4631.48     -4.1298923E-007
          4642.77     -4.2181542E-007
          4654.06     -4.3044582E-007
          4665.35     -4.3885541E-007
          4676.64     -4.4701870E-007
          4687.93     -4.5490973E-007
          4699.22     -4.6250201E-007
          4710.51     -4.6976851E-007
          4721.80     -4.7668163E-007
          4733.09     -4.8321311E-007
          4744.38     -4.8933409E-007
          4755.66     -4.9501502E-007
          4766.95     -5.0022563E-007
          4778.24     -5.0493490E-007
          4789.53     -5.0911104E-007
          4800.82     -5.1272146E-007
          4812.11     -5.1573270E-007
          4823.40     -5.1811042E-007
          4834.69     -5.1981940E-007
          4845.98     -5.2041715E-007
          4857.27     -5.1948962E-007
          4868.55     -5.1704191E-007
          4879.84     -5.1307713E-007
          4891.13     -5.0759641E-007
          4902.42     -5.0059892E-007
          4913.71     -4.9208187E-007
          4925.00     -4.8204059E-007
          4936.29     -4.7046848E-007
          4947.58     -4.5735706E-007
          4958.87     -4.4269596E-007
          4970.16     -4.2647300E-007
          4981.45     -4.0867411E-007
          4992.73     -3.8928336E-007
          5004.02     -3.6828303E-007
          5015.31     -3.4565354E-007
          5026.60     -3.2137346E-007
          5037.89     -2.9541956E-007
          5049.18     -2.6776675E-007
          5060.47     -2.3838818E-007
          5071.76     -2.0725509E-007
          5083.05     -1.7433689E-007
          5094.34     -1.3933812E-007
          5105.62     -1.0197063E-007
          5116.91     -6.2211766E-008
          5128.20     -2.0036456E-008
          5139.49      2.4582852E-008
          5150.78      7.1676009E-008
          5162.07      1.2127541E-007
          5173.36      1.7341585E-007
          5184.65      2.2813443E-007
          5195.94      2.8547079E-007
          5207.23      3.4546692E-007
          5218.52      4.0816727E-007
          5229.80      4.7361876E-007
          5241.09      5.4187057E-007
          5252.38      6.1297451E-007
          5263.67      6.8698486E-007
          5274.96      7.6395819E-007
          5286.25      8.4395373E-007
          5297.54      9.2703319E-007
          5308.83      1.0132608E-006
          5320.12      1.1027033E-006
          5331.41      1.1954301E-006
          5342.70      1.2915130E-006
          5353.98      1.3910267E-006
          5365.27      1.4880093E-006
          5376.56      1.5767236E-006
          5387.85      1.6575757E-006
          5399.14      1.7309629E-006
          5410.43      1.7972742E-006
          5421.72      1.8568904E-006
          5433.01      1.9101848E-006
          5444.30      1.9575240E-006
          5455.59      1.9992673E-006
          5466.88      2.0357681E-006
          5478.16      2.0673737E-006
          5489.45      2.0944258E-006
          5500.74      2.1172611E-006
          5512.03      2.1362112E-006
          5523.32      2.1516032E-006
          5534.61      2.1637601E-006
          5545.90      2.1730011E-006
          5557.19      2.1796418E-006
          5568.48      2.1839948E-006
          5579.77      2.1863701E-006
          5591.05      2.1870763E-006
          5602.34      2.1864193E-006
          5613.63      2.1847031E-006
          5624.92      2.1822294E-006
          5636.21      2.1792985E-006
          5647.50      2.1762090E-006
          5658.79      2.1732586E-006
          5670.08      2.1707441E-006
          5681.37      2.1689675E-006
          5692.66      2.1682358E-006
          5703.95      2.1688542E-006
          5715.23      2.1397067E-006
          5726.52      2.0526896E-006
          5737.81      1.9125580E-006
          5749.10      1.7239803E-006
          5760.39      1.4915414E-006
          5771.68      1.2197451E-006
          5782.97      9.0359132E-007
          5794.26      5.3944176E-007
          5805.55      1.3371806E-007
          5816.84     -3.0721828E-007
          5828.12     -7.7706048E-007
          5839.41     -1.2695497E-006
          5850.70     -1.7784699E-006
          5861.99     -2.2976435E-006
          5873.28     -2.8209237E-006
          5884.57     -3.3421929E-006
          5895.86     -3.8553561E-006
          5907.15     -4.3543344E-006
          5918.44     -4.8330561E-006
          5929.73     -5.2854595E-006
          5941.02     -5.7055059E-006
          5952.30     -6.0871771E-006
          5963.59     -6.4244702E-006
          5974.88     -6.7113946E-006
          5986.17     -6.9599025E-006
          5997.46     -7.1856198E-006
          6008.75     -7.3880641E-006
          6020.04     -7.5667396E-006
          6031.33     -7.7211439E-006
          6042.62     -7.8507665E-006
          6053.91     -7.9550792E-006
          6065.20     -8.0335376E-006
          6076.48     -8.0855813E-006
          6087.77     -8.1106351E-006
          6099.06     -8.1081057E-006
          6110.35     -8.0773797E-006
          6121.64     -8.0178225E-006
          6132.93     -7.9287734E-006
          6144.22     -7.8095495E-006
          6155.51     -7.6627016E-006
          6166.80     -7.4911879E-006
          6178.09     -7.2949153E-006
          6189.38     -7.0737764E-006
          6200.66     -6.8276461E-006
          6211.95     -6.5563796E-006
          6223.24     -6.2598130E-006
          6234.53     -5.9377636E-006
          6245.82     -5.5900290E-006
          6257.11     -5.2163873E-006
          6268.40     -4.8165991E-006
          6279.69     -4.3904048E-006
          6290.98     -3.9375717E-006
          6302.27     -3.4578858E-006
          6313.55     -2.9510872E-006
          6324.84     -2.4168983E-006
          6336.13     -1.8550212E-006
          6347.42     -1.2651389E-006
          6358.71     -6.4691681E-007
          6370.00     -4.9072069E-039
