          3480.00      3.8384637E-036
          3491.29     -8.3209188E-009
          3502.58     -1.6513906E-008
          3513.87     -2.4584914E-008
          3525.16     -3.2539594E-008
          3536.45     -4.0383346E-008
          3547.73     -4.8121308E-008
          3559.02     -5.5758341E-008
          3570.31     -6.3299082E-008
          3581.60     -7.0747918E-008
          3592.89     -7.8109007E-008
          3604.18     -8.5386256E-008
          3615.47     -9.2583264E-008
          3626.76     -9.9703389E-008
          3638.05     -1.0674978E-007
          3649.34     -1.1372537E-007
          3660.62     -1.2063291E-007
          3671.91     -1.2747495E-007
          3683.20     -1.3425383E-007
          3694.49     -1.4097175E-007
          3705.78     -1.4763067E-007
          3717.07     -1.5423239E-007
          3728.36     -1.6077248E-007
          3739.65     -1.6723922E-007
          3750.94     -1.7362765E-007
          3762.23     -1.7994044E-007
          3773.52     -1.8618004E-007
          3784.80     -1.9234869E-007
          3796.09     -1.9844843E-007
          3807.38     -2.0448112E-007
          3818.67     -2.1044840E-007
          3829.96     -2.1635175E-007
          3841.25     -2.2219244E-007
          3852.54     -2.2797156E-007
          3863.83     -2.3368999E-007
          3875.12     -2.3934845E-007
          3886.41     -2.4494746E-007
          3897.70     -2.5048736E-007
          3908.98     -2.5596832E-007
          3920.27     -2.6139031E-007
          3931.56     -2.6675314E-007
          3942.85     -2.7205643E-007
          3954.14     -2.7729963E-007
          3965.43     -2.8248204E-007
          3976.72     -2.8760276E-007
          3988.01     -2.9266072E-007
          3999.30     -2.9765469E-007
          4010.59     -3.0267996E-007
          4021.88     -3.0782734E-007
          4033.16     -3.1308873E-007
          4044.45     -3.1845611E-007
          4055.74     -3.2392151E-007
          4067.03     -3.2947700E-007
          4078.32     -3.3511468E-007
          4089.61     -3.4082667E-007
          4100.90     -3.4660507E-007
          4112.19     -3.5244203E-007
          4123.48     -3.5832963E-007
          4134.77     -3.6425996E-007
          4146.05     -3.7022508E-007
          4157.34     -3.7621696E-007
          4168.63     -3.8222755E-007
          4179.92     -3.8824875E-007
          4191.21     -3.9427234E-007
          4202.50     -4.0029005E-007
          4213.79     -4.0629350E-007
          4225.08     -4.1227421E-007
          4236.37     -4.1822360E-007
          4247.66     -4.2413294E-007
          4258.95     -4.2999338E-007
          4270.23     -4.3579596E-007
          4281.52     -4.4186027E-007
          4292.81     -4.4860515E-007
          4304.10     -4.5610804E-007
          4315.39     -4.6432983E-007
          4326.68     -4.7323214E-007
          4337.97     -4.8277725E-007
          4349.26     -4.9292813E-007
          4360.55     -5.0364833E-007
          4371.84     -5.1490195E-007
          4383.12     -5.2665362E-007
          4394.41     -5.3886837E-007
          4405.70     -5.5151165E-007
          4416.99     -5.6454924E-007
          4428.28     -5.7794728E-007
          4439.57     -5.9167216E-007
          4450.86     -6.0569058E-007
          4462.15     -6.1996937E-007
          4473.44     -6.3447559E-007
          4484.73     -6.4917640E-007
          4496.02     -6.6403909E-007
          4507.30     -6.7903099E-007
          4518.59     -6.9411943E-007
          4529.88     -7.0927177E-007
          4541.17     -7.2445535E-007
          4552.46     -7.3963736E-007
          4563.75     -7.5478494E-007
          4575.04     -7.6986508E-007
          4586.33     -7.8484459E-007
          4597.62     -7.9969010E-007
          4608.91     -8.1436796E-007
          4620.20     -8.2884427E-007
          4631.48     -8.4308487E-007
          4642.77     -8.5705521E-007
          4654.06     -8.7072042E-007
          4665.35     -8.8404523E-007
          4676.64     -8.9699398E-007
          4687.93     -9.0953054E-007
          4699.22     -9.2161828E-007
          4710.51     -9.3322010E-007
          4721.80     -9.4429838E-007
          4733.09     -9.5481489E-007
          4744.38     -9.6473084E-007
          4755.66     -9.7400681E-007
          4766.95     -9.8260275E-007
          4778.24     -9.9047791E-007
          4789.53     -9.9759085E-007
          4800.82     -1.0038994E-006
          4812.11     -1.0093606E-006
          4823.40     -1.0139307E-006
          4834.69     -1.0175651E-006
          4845.98     -1.0198122E-006
          4857.27     -1.0202508E-006
          4868.55     -1.0188805E-006
          4879.84     -1.0156992E-006
          4891.13     -1.0107035E-006
          4902.42     -1.0038881E-006
          4913.71     -9.9524635E-007
          4925.00     -9.8477008E-007
          4936.29     -9.7244954E-007
          4947.58     -9.5827348E-007
          4958.87     -9.4222913E-007
          4970.16     -9.2430227E-007
          4981.45     -9.0447718E-007
          4992.73     -8.8273660E-007
          5004.02     -8.5906189E-007
          5015.31     -8.3343284E-007
          5026.60     -8.0582782E-007
          5037.89     -7.7622372E-007
          5049.18     -7.4459592E-007
          5060.47     -7.1091844E-007
          5071.76     -6.7516376E-007
          5083.05     -6.3730286E-007
          5094.34     -5.9707169E-007
          5105.62     -5.5421336E-007
          5116.91     -5.0870730E-007
          5128.20     -4.6053112E-007
          5139.49     -4.0966058E-007
          5150.78     -3.5606978E-007
          5162.07     -2.9973090E-007
          5173.36     -2.4061428E-007
          5184.65     -1.7868868E-007
          5195.94     -1.1392089E-007
          5207.23     -4.6275984E-008
          5218.52      2.4282745E-008
          5229.80      9.7793853E-008
          5241.09      1.7429748E-007
          5252.38      2.5383574E-007
          5263.67      3.3645255E-007
          5274.96      4.2219339E-007
          5286.25      5.1110576E-007
          5297.54      6.0323888E-007
          5308.83      6.9864378E-007
          5320.12      7.9737339E-007
          5331.41      8.9948220E-007
          5342.70      1.0050268E-006
          5353.98      1.1140656E-006
          5365.27      1.2213336E-006
          5376.56      1.3217450E-006
          5387.85      1.4156240E-006
          5399.14      1.5032897E-006
          5410.43      1.5850569E-006
          5421.72      1.6612353E-006
          5433.01      1.7321309E-006
          5444.30      1.7980454E-006
          5455.59      1.8592767E-006
          5466.88      1.9161192E-006
          5478.16      1.9688641E-006
          5489.45      2.0177990E-006
          5500.74      2.0632089E-006
          5512.03      2.1053759E-006
          5523.32      2.1445794E-006
          5534.61      2.1810965E-006
          5545.90      2.2152022E-006
          5557.19      2.2471693E-006
          5568.48      2.2772687E-006
          5579.77      2.3057705E-006
          5591.05      2.3329439E-006
          5602.34      2.3590563E-006
          5613.63      2.3843743E-006
          5624.92      2.4091629E-006
          5636.21      2.4336861E-006
          5647.50      2.4582070E-006
          5658.79      2.4829881E-006
          5670.08      2.5082910E-006
          5681.37      2.5343823E-006
          5692.66      2.5615324E-006
          5703.95      2.5900103E-006
          5715.23      2.5956216E-006
          5726.52      2.5564019E-006
          5737.81      2.4759232E-006
          5749.10      2.3577035E-006
          5760.39      2.2052083E-006
          5771.68      2.0218514E-006
          5782.97      1.8035753E-006
          5794.26      1.5473250E-006
          5805.55      1.2579365E-006
          5816.84      9.4020823E-007
          5828.12      5.9890389E-007
          5839.41      2.3875593E-007
          5850.70     -1.3553202E-007
          5861.99     -5.1928293E-007
          5873.28     -9.0784251E-007
          5884.57     -1.2965788E-006
          5895.86     -1.6808788E-006
          5907.15     -2.0561449E-006
          5918.44     -2.4177886E-006
          5929.73     -2.7612339E-006
          5941.02     -3.0819289E-006
          5952.30     -3.3753451E-006
          5963.59     -3.6369744E-006
          5974.88     -3.8623280E-006
          5986.17     -4.0602726E-006
          5997.46     -4.2423658E-006
          6008.75     -4.4081665E-006
          6020.04     -4.5572302E-006
          6031.33     -4.6891146E-006
          6042.62     -4.8033787E-006
          6053.91     -4.8995747E-006
          6065.20     -4.9772486E-006
          6076.48     -5.0359413E-006
          6087.77     -5.0751896E-006
          6099.06     -5.0945233E-006
          6110.35     -5.0934635E-006
          6121.64     -5.0715216E-006
          6132.93     -5.0282290E-006
          6144.22     -4.9630032E-006
          6155.51     -4.8783187E-006
          6166.80     -4.7769212E-006
          6178.09     -4.6587507E-006
          6189.38     -4.5237438E-006
          6200.66     -4.3718298E-006
          6211.95     -4.2029297E-006
          6223.24     -4.0169556E-006
          6234.53     -3.8138116E-006
          6245.82     -3.5933927E-006
          6257.11     -3.3555855E-006
          6268.40     -3.1002687E-006
          6279.69     -2.8273122E-006
          6290.98     -2.5366809E-006
          6302.27     -2.2283591E-006
          6313.55     -1.9022331E-006
          6324.84     -1.5581818E-006
          6336.13     -1.1960752E-006
          6347.42     -8.1577487E-007
          6358.71     -4.1713489E-007
          6370.00     -3.2924428E-044
