          3480.00     -7.2120477E-032
          3491.29     -3.0851771E-013
          3502.58     -5.7490853E-013
          3513.87     -8.0379524E-013
          3525.16     -9.9922663E-013
          3536.45     -1.1647326E-012
          3547.73     -1.3033708E-012
          3559.02     -1.4177678E-012
          3570.31     -1.5101561E-012
          3581.60     -1.5824048E-012
          3592.89     -1.6360463E-012
          3604.18     -1.6722979E-012
          3615.47     -1.6920762E-012
          3626.76     -1.6960141E-012
          3638.05     -1.6844750E-012
          3649.34     -1.6575622E-012
          3660.62     -1.6151254E-012
          3671.91     -1.5567644E-012
          3683.20     -1.4818303E-012
          3694.49     -1.3894243E-012
          3705.78     -1.2783942E-012
          3717.07     -1.1473277E-012
          3728.36     -9.8948451E-013
          3739.65     -7.9183869E-013
          3750.94     -5.4687472E-013
          3762.23     -2.5332161E-013
          3773.52      9.0657402E-014
          3784.80      4.8746733E-013
          3796.09      9.4008687E-013
          3807.38      1.4520801E-012
          3818.67      2.0276120E-012
          3829.96      2.6714700E-012
          3841.25      3.3890924E-012
          3852.54      4.1865977E-012
          3863.83      5.0708197E-012
          3875.12      6.0493492E-012
          3886.41      7.1305754E-012
          3897.70      8.3237415E-012
          3908.98      9.6389986E-012
          3920.27      1.1087463E-011
          3931.56      1.2681291E-011
          3942.85      1.4433747E-011
          3954.14      1.6359280E-011
          3965.43      1.8473612E-011
          3976.72      2.0793828E-011
          3988.01      2.3338489E-011
          3999.30      2.6127735E-011
          4010.59      2.8979320E-011
          4021.88      3.1731595E-011
          4033.16      3.4435293E-011
          4044.45      3.7139448E-011
          4055.74      3.9891858E-011
          4067.03      4.2739498E-011
          4078.32      4.5728955E-011
          4089.61      4.8906814E-011
          4100.90      5.2320042E-011
          4112.19      5.6016382E-011
          4123.48      6.0044722E-011
          4134.77      6.4455467E-011
          4146.05      6.9300920E-011
          4157.34      7.4635642E-011
          4168.63      8.0516857E-011
          4179.92      8.7004832E-011
          4191.21      9.4163260E-011
          4202.50      1.0205970E-010
          4213.79      1.1076598E-010
          4225.08      1.2035866E-010
          4236.37      1.3091949E-010
          4247.66      1.4253586E-010
          4258.95      1.5530136E-010
          4270.23      1.6931630E-010
          4281.52      1.8254019E-010
          4292.81      1.9237893E-010
          4304.10      1.9854010E-010
          4315.39      2.0149235E-010
          4326.68      2.0166977E-010
          4337.97      1.9947614E-010
          4349.26      1.9528887E-010
          4360.55      1.8946263E-010
          4371.84      1.8233274E-010
          4383.12      1.7421851E-010
          4394.41      1.6542656E-010
          4405.70      1.5625355E-010
          4416.99      1.4698901E-010
          4428.28      1.3791804E-010
          4439.57      1.2932392E-010
          4450.86      1.2149064E-010
          4462.15      1.1470551E-010
          4473.44      1.0926154E-010
          4484.73      1.0545999E-010
          4496.02      1.0361280E-010
          4507.30      1.0404509E-010
          4518.59      1.0709772E-010
          4529.88      1.1312981E-010
          4541.17      1.2252141E-010
          4552.46      1.3567615E-010
          4563.75      1.5302410E-010
          4575.04      1.7502464E-010
          4586.33      2.0216949E-010
          4597.62      2.3498596E-010
          4608.91      2.7404003E-010
          4620.20      3.1994010E-010
          4631.48      3.7334052E-010
          4642.77      4.3494530E-010
          4654.06      5.0551241E-010
          4665.35      5.8585798E-010
          4676.64      6.7686078E-010
          4687.93      7.7946721E-010
          4699.22      8.9469596E-010
          4710.51      1.0236440E-009
          4721.80      1.1674922E-009
          4733.09      1.3275106E-009
          4744.38      1.5050661E-009
          4755.66      1.7016286E-009
          4766.95      1.9187782E-009
          4778.24      2.1582136E-009
          4789.53      2.4217590E-009
          4800.82      2.7113745E-009
          4812.11      3.0291644E-009
          4823.40      3.3773864E-009
          4834.69      3.7584637E-009
          4845.98      4.2125693E-009
          4857.27      4.7769195E-009
          4868.55      5.4501645E-009
          4879.84      6.2316432E-009
          4891.13      7.1213669E-009
          4902.42      8.1200019E-009
          4913.71      9.2288534E-009
          4925.00      1.0449861E-008
          4936.29      1.1785591E-008
          4947.58      1.3239231E-008
          4958.87      1.4814595E-008
          4970.16      1.6516117E-008
          4981.45      1.8348867E-008
          4992.73      2.0318558E-008
          5004.02      2.2431546E-008
          5015.31      2.4694862E-008
          5026.60      2.7116214E-008
          5037.89      2.9704016E-008
          5049.18      3.2467407E-008
          5060.47      3.5416266E-008
          5071.76      3.8561261E-008
          5083.05      4.1913864E-008
          5094.34      4.5538969E-008
          5105.62      4.9499069E-008
          5116.91      5.3803829E-008
          5128.20      5.8464492E-008
          5139.49      6.3493898E-008
          5150.78      6.8906483E-008
          5162.07      7.4718336E-008
          5173.36      8.0947217E-008
          5184.65      8.7612576E-008
          5195.94      9.4735633E-008
          5207.23      1.0233941E-007
          5218.52      1.1044878E-007
          5229.80      1.1909056E-007
          5241.09      1.2829354E-007
          5252.38      1.3808859E-007
          5263.67      1.4850875E-007
          5274.96      1.5958929E-007
          5286.25      1.7136783E-007
          5297.54      1.8388443E-007
          5308.83      1.9718171E-007
          5320.12      2.1130501E-007
          5331.41      2.2630240E-007
          5342.70      2.4222495E-007
          5353.98      2.5912681E-007
          5365.27      2.7434223E-007
          5376.56      2.8541231E-007
          5387.85      2.9268406E-007
          5399.14      2.9647979E-007
          5410.43      2.9709912E-007
          5421.72      2.9482083E-007
          5433.01      2.8990465E-007
          5444.30      2.8259289E-007
          5455.59      2.7311200E-007
          5466.88      2.6167405E-007
          5478.16      2.4847806E-007
          5489.45      2.3371133E-007
          5500.74      2.1755063E-007
          5512.03      2.0016349E-007
          5523.32      1.8170917E-007
          5534.61      1.6233978E-007
          5545.90      1.4220141E-007
          5557.19      1.2143492E-007
          5568.48      1.0017705E-007
          5579.77      7.8561572E-008
          5591.05      5.6720205E-008
          5602.34      3.4783151E-008
          5613.63      1.2879752E-008
          5624.92     -8.8606085E-009
          5636.21     -3.0307631E-008
          5647.50     -5.1329394E-008
          5658.79     -7.1791469E-008
          5670.08     -9.1556107E-008
          5681.37     -1.1047834E-007
          5692.66     -1.2840546E-007
          5703.95     -1.4517986E-007
          5715.23     -2.0743088E-007
          5726.52     -3.5684492E-007
          5737.81     -5.8621817E-007
          5749.10     -8.8881059E-007
          5760.39     -1.2583074E-006
          5771.68     -1.6887832E-006
          5782.97     -2.1901981E-006
          5794.26     -2.7701278E-006
          5805.55     -3.4196648E-006
          5816.84     -4.1302580E-006
          5828.12     -4.8936644E-006
          5839.41     -5.7019000E-006
          5850.70     -6.5471947E-006
          5861.99     -7.4219496E-006
          5873.28     -8.3186908E-006
          5884.57     -9.2300326E-006
          5895.86     -1.0148634E-005
          5907.15     -1.1067158E-005
          5918.44     -1.1978224E-005
          5929.73     -1.2874378E-005
          5941.02     -1.3748085E-005
          5952.30     -1.4591689E-005
          5963.59     -1.5397375E-005
          5974.88     -1.6157134E-005
          5986.17     -1.6858438E-005
          5997.46     -1.7496716E-005
          6008.75     -1.8075419E-005
          6020.04     -1.8597606E-005
          6031.33     -1.9065971E-005
          6042.62     -1.9482858E-005
          6053.91     -1.9850264E-005
          6065.20     -2.0169848E-005
          6076.48     -2.0442946E-005
          6087.77     -2.0670580E-005
          6099.06     -2.0853462E-005
          6110.35     -2.0991996E-005
          6121.64     -2.1086279E-005
          6132.93     -2.1136102E-005
          6144.22     -2.1140945E-005
          6155.51     -2.1075079E-005
          6166.80     -2.0914086E-005
          6178.09     -2.0658807E-005
          6189.38     -2.0309584E-005
          6200.66     -1.9866251E-005
          6211.95     -1.9328147E-005
          6223.24     -1.8694110E-005
          6234.53     -1.7962487E-005
          6245.82     -1.7131131E-005
          6257.11     -1.6197395E-005
          6268.40     -1.5158135E-005
          6279.69     -1.4009702E-005
          6290.98     -1.2743119E-005
          6302.27     -1.1349175E-005
          6313.55     -9.8230554E-006
          6324.84     -8.1593668E-006
          6336.13     -6.3521210E-006
          6347.42     -4.3947238E-006
          6358.71     -2.2799663E-006
          6370.00      0.0000000E+000
