          3480.00     -2.1937725E-025
          3491.29     -1.4969087E-009
          3502.58     -3.0044418E-009
          3513.87     -4.5351336E-009
          3525.16     -6.1015207E-009
          3536.45     -7.7162529E-009
          3547.73     -9.3921905E-009
          3559.02     -1.1142499E-008
          3570.31     -1.2980759E-008
          3581.60     -1.4921056E-008
          3592.89     -1.6978090E-008
          3604.18     -1.9167267E-008
          3615.47     -2.1504792E-008
          3626.76     -2.4007791E-008
          3638.05     -2.6694429E-008
          3649.34     -2.9584020E-008
          3660.62     -3.2697162E-008
          3671.91     -3.6055857E-008
          3683.20     -3.9683651E-008
          3694.49     -4.3605777E-008
          3705.78     -4.7849298E-008
          3717.07     -5.2443285E-008
          3728.36     -5.7400939E-008
          3739.65     -6.2716464E-008
          3750.94     -6.8408097E-008
          3762.23     -7.4520668E-008
          3773.52     -8.1100875E-008
          3784.80     -8.8197629E-008
          3796.09     -9.5862375E-008
          3807.38     -1.0414948E-007
          3818.67     -1.1311659E-007
          3829.96     -1.2282492E-007
          3841.25     -1.3333974E-007
          3852.54     -1.4473069E-007
          3863.83     -1.5707219E-007
          3875.12     -1.7044394E-007
          3886.41     -1.8493124E-007
          3897.70     -2.0062560E-007
          3908.98     -2.1762517E-007
          3920.27     -2.3603525E-007
          3931.56     -2.5596890E-007
          3942.85     -2.7754750E-007
          3954.14     -3.0090142E-007
          3965.43     -3.2617071E-007
          3976.72     -3.5350569E-007
          3988.01     -3.8306786E-007
          3999.30     -4.1503065E-007
          4010.59     -4.5060531E-007
          4021.88     -4.9090936E-007
          4033.16     -5.3601619E-007
          4044.45     -5.8603988E-007
          4055.74     -6.4113422E-007
          4067.03     -7.0149179E-007
          4078.32     -7.6734392E-007
          4089.61     -8.3896051E-007
          4100.90     -9.1665001E-007
          4112.19     -1.0007603E-006
          4123.48     -1.0916794E-006
          4134.77     -1.1898363E-006
          4146.05     -1.2957023E-006
          4157.34     -1.4097925E-006
          4168.63     -1.5326681E-006
          4179.92     -1.6649376E-006
          4191.21     -1.8072594E-006
          4202.50     -1.9603448E-006
          4213.79     -2.1249600E-006
          4225.08     -2.3019295E-006
          4236.37     -2.4921397E-006
          4247.66     -2.6965416E-006
          4258.95     -2.9161555E-006
          4270.23     -3.1520748E-006
          4281.52     -3.4196869E-006
          4292.81     -3.7380429E-006
          4304.10     -4.1110251E-006
          4315.39     -4.5376794E-006
          4326.68     -5.0175347E-006
          4337.97     -5.5505744E-006
          4349.26     -6.1372170E-006
          4360.55     -6.7782963E-006
          4371.84     -7.4750452E-006
          4383.12     -8.2290868E-006
          4394.41     -9.0424214E-006
          4405.70     -9.9174226E-006
          4416.99     -1.0856834E-005
          4428.28     -1.1863767E-005
          4439.57     -1.2941702E-005
          4450.86     -1.4094495E-005
          4462.15     -1.5326378E-005
          4473.44     -1.6641971E-005
          4484.73     -1.8046287E-005
          4496.02     -1.9544749E-005
          4507.30     -2.1143198E-005
          4518.59     -2.2847906E-005
          4529.88     -2.4665603E-005
          4541.17     -2.6603487E-005
          4552.46     -2.8669240E-005
          4563.75     -3.0871064E-005
          4575.04     -3.3217692E-005
          4586.33     -3.5718422E-005
          4597.62     -3.8383139E-005
          4608.91     -4.1222341E-005
          4620.20     -4.4247184E-005
          4631.48     -4.7469503E-005
          4642.77     -5.0901844E-005
          4654.06     -5.4557516E-005
          4665.35     -5.8450617E-005
          4676.64     -6.2596081E-005
          4687.93     -6.7009725E-005
          4699.22     -7.1708275E-005
          4710.51     -7.6709446E-005
          4721.80     -8.2031973E-005
          4733.09     -8.7695654E-005
          4744.38     -9.3721433E-005
          4755.66     -1.0013144E-004
          4766.95     -1.0694905E-004
          4778.24     -1.1419898E-004
          4789.53     -1.2190728E-004
          4800.82     -1.3010149E-004
          4812.11     -1.3881068E-004
          4823.40     -1.4806549E-004
          4834.69     -1.5789827E-004
          4845.98     -1.6792376E-004
          4857.27     -1.7779743E-004
          4868.55     -1.8760994E-004
          4879.84     -1.9744689E-004
          4891.13     -2.0738959E-004
          4902.42     -2.1751560E-004
          4913.71     -2.2789921E-004
          4925.00     -2.3861207E-004
          4936.29     -2.4972357E-004
          4947.58     -2.6130131E-004
          4958.87     -2.7341149E-004
          4970.16     -2.8611928E-004
          4981.45     -2.9948923E-004
          4992.73     -3.1358555E-004
          5004.02     -3.2847241E-004
          5015.31     -3.4421430E-004
          5026.60     -3.6087626E-004
          5037.89     -3.7852414E-004
          5049.18     -3.9722492E-004
          5060.47     -4.1704684E-004
          5071.76     -4.3805973E-004
          5083.05     -4.6033525E-004
          5094.34     -4.8323319E-004
          5105.62     -5.0616841E-004
          5116.91     -5.2928951E-004
          5128.20     -5.5273661E-004
          5139.49     -5.7664225E-004
          5150.78     -6.0113208E-004
          5162.07     -6.2632568E-004
          5173.36     -6.5233713E-004
          5184.65     -6.7927550E-004
          5195.94     -7.0724553E-004
          5207.23     -7.3634795E-004
          5218.52     -7.6667993E-004
          5229.80     -7.9833545E-004
          5241.09     -8.3140548E-004
          5252.38     -8.6597837E-004
          5263.67     -9.0214005E-004
          5274.96     -9.3997399E-004
          5286.25     -9.7956159E-004
          5297.54     -1.0209821E-003
          5308.83     -1.0643126E-003
          5320.12     -1.1096283E-003
          5331.41     -1.1570019E-003
          5342.70     -1.2065040E-003
          5353.98     -1.2582029E-003
          5365.27     -1.3594672E-003
          5376.56     -1.5536370E-003
          5387.85     -1.8352520E-003
          5399.14     -2.1994990E-003
          5410.43     -2.6421661E-003
          5421.72     -3.1595985E-003
          5433.01     -3.7486618E-003
          5444.30     -4.4067058E-003
          5455.59     -5.1315295E-003
          5466.88     -5.9213552E-003
          5478.16     -6.7747996E-003
          5489.45     -7.6908498E-003
          5500.74     -8.6688421E-003
          5512.03     -9.7084378E-003
          5523.32     -1.0809610E-002
          5534.61     -1.1972626E-002
          5545.90     -1.3198025E-002
          5557.19     -1.4486617E-002
          5568.48     -1.5839459E-002
          5579.77     -1.7257844E-002
          5591.05     -1.8743294E-002
          5602.34     -2.0297545E-002
          5613.63     -2.1922558E-002
          5624.92     -2.3620498E-002
          5636.21     -2.5393733E-002
          5647.50     -2.7244828E-002
          5658.79     -2.9176540E-002
          5670.08     -3.1191813E-002
          5681.37     -3.3293715E-002
          5692.66     -3.5485440E-002
          5703.95     -3.7770376E-002
          5715.23     -4.1242875E-002
          5726.52     -4.6879608E-002
          5737.81     -5.4519157E-002
          5749.10     -6.4014501E-002
          5760.39     -7.5231829E-002
          5771.68     -8.8049438E-002
          5782.97     -1.0273097E-001
          5794.26     -1.1948240E-001
          5805.55     -1.3811426E-001
          5816.84     -1.5844867E-001
          5828.12     -1.8031800E-001
          5839.41     -2.0356333E-001
          5850.70     -2.2803316E-001
          5861.99     -2.5358213E-001
          5873.28     -2.8006972E-001
          5884.57     -3.0735915E-001
          5895.86     -3.3531618E-001
          5907.15     -3.6380785E-001
          5918.44     -3.9270128E-001
          5929.73     -4.2186272E-001
          5941.02     -4.5115716E-001
          5952.30     -4.8044720E-001
          5963.59     -5.0959197E-001
          5974.88     -5.3844614E-001
          5986.17     -5.6642025E-001
          5997.46     -5.9314378E-001
          6008.75     -6.1878510E-001
          6020.04     -6.4349894E-001
          6031.33     -6.6742765E-001
          6042.62     -6.9070201E-001
          6053.91     -7.1344172E-001
          6065.20     -7.3575617E-001
          6076.48     -7.5774498E-001
          6087.77     -7.7949860E-001
          6099.06     -8.0109876E-001
          6110.35     -8.2261873E-001
          6121.64     -8.4412368E-001
          6132.93     -8.6567064E-001
          6144.22     -8.8730885E-001
          6155.51     -9.0809026E-001
          6166.80     -9.2711904E-001
          6178.09     -9.4450341E-001
          6189.38     -9.6033379E-001
          6200.66     -9.7468315E-001
          6211.95     -9.8760737E-001
          6223.24     -9.9914567E-001
          6234.53     -1.0093208E+000
          6245.82     -1.0181392E+000
          6257.11     -1.0255911E+000
          6268.40     -1.0316508E+000
          6279.69     -1.0362761E+000
          6290.98     -1.0392120E+000
          6302.27     -1.0401998E+000
          6313.55     -1.0391653E+000
          6324.84     -1.0360145E+000
          6336.13     -1.0306342E+000
          6347.42     -1.0228903E+000
          6358.71     -1.0126283E+000
          6370.00     -9.9967245E-001
