          3480.00     -2.1811531E-025
          3491.29     -8.4056263E-010
          3502.58     -1.6875329E-009
          3513.87     -2.5484712E-009
          3525.16     -3.4309477E-009
          3536.45     -4.3426135E-009
          3547.73     -5.2912634E-009
          3559.02     -6.2848989E-009
          3570.31     -7.3317971E-009
          3581.60     -8.4405736E-009
          3592.89     -9.6202488E-009
          3604.18     -1.0880314E-008
          3615.47     -1.2230792E-008
          3626.76     -1.3682316E-008
          3638.05     -1.5246208E-008
          3649.34     -1.6934556E-008
          3660.62     -1.8760300E-008
          3671.91     -2.0737318E-008
          3683.20     -2.2880518E-008
          3694.49     -2.5205937E-008
          3705.78     -2.7730839E-008
          3717.07     -3.0473838E-008
          3728.36     -3.3443788E-008
          3739.65     -3.6637836E-008
          3750.94     -4.0068256E-008
          3762.23     -4.3764046E-008
          3773.52     -4.7755493E-008
          3784.80     -5.2074416E-008
          3796.09     -5.6754392E-008
          3807.38     -6.1831022E-008
          3818.67     -6.7342178E-008
          3829.96     -7.3328233E-008
          3841.25     -7.9832365E-008
          3852.54     -8.6900809E-008
          3863.83     -9.4583158E-008
          3875.12     -1.0293268E-007
          3886.41     -1.1200660E-007
          3897.70     -1.2186649E-007
          3908.98     -1.3257865E-007
          3920.27     -1.4421438E-007
          3931.56     -1.5685054E-007
          3942.85     -1.7056987E-007
          3954.14     -1.8546153E-007
          3965.43     -2.0162158E-007
          3976.72     -2.1915347E-007
          3988.01     -2.3816867E-007
          3999.30     -2.5878723E-007
          4010.59     -2.8182271E-007
          4021.88     -3.0802478E-007
          4033.16     -3.3744685E-007
          4044.45     -3.7017150E-007
          4055.74     -4.0630982E-007
          4067.03     -4.4600079E-007
          4078.32     -4.8941130E-007
          4089.61     -5.3673611E-007
          4100.90     -5.8819792E-007
          4112.19     -6.4404812E-007
          4123.48     -7.0456729E-007
          4134.77     -7.7006610E-007
          4146.05     -8.4088645E-007
          4157.34     -9.1740246E-007
          4168.63     -1.0000223E-006
          4179.92     -1.0891896E-006
          4191.21     -1.1853854E-006
          4202.50     -1.2891298E-006
          4213.79     -1.4009850E-006
          4225.08     -1.5215570E-006
          4236.37     -1.6514987E-006
          4247.66     -1.7915121E-006
          4258.95     -1.9423526E-006
          4270.23     -2.1048313E-006
          4281.52     -2.2899740E-006
          4292.81     -2.5114043E-006
          4304.10     -2.7719028E-006
          4315.39     -3.0708109E-006
          4326.68     -3.4078389E-006
          4337.97     -3.7830437E-006
          4349.26     -4.1968148E-006
          4360.55     -4.6498589E-006
          4371.84     -5.1431892E-006
          4383.12     -5.6781177E-006
          4394.41     -6.2562477E-006
          4405.70     -6.8794706E-006
          4416.99     -7.5499653E-006
          4428.28     -8.2701960E-006
          4439.57     -9.0429182E-006
          4450.86     -9.8711809E-006
          4462.15     -1.0758330E-005
          4473.44     -1.1708020E-005
          4484.73     -1.2724220E-005
          4496.02     -1.3811226E-005
          4507.30     -1.4973673E-005
          4518.59     -1.6216544E-005
          4529.88     -1.7545192E-005
          4541.17     -1.8965355E-005
          4552.46     -2.0483170E-005
          4563.75     -2.2105198E-005
          4575.04     -2.3838443E-005
          4586.33     -2.5690376E-005
          4597.62     -2.7668959E-005
          4608.91     -2.9782668E-005
          4620.20     -3.2040527E-005
          4631.48     -3.4452139E-005
          4642.77     -3.7027704E-005
          4654.06     -3.9778072E-005
          4665.35     -4.2714765E-005
          4676.64     -4.5850019E-005
          4687.93     -4.9196824E-005
          4699.22     -5.2768961E-005
          4710.51     -5.6581053E-005
          4721.80     -6.0648615E-005
          4733.09     -6.4988080E-005
          4744.38     -6.9616882E-005
          4755.66     -7.4553488E-005
          4766.95     -7.9817465E-005
          4778.24     -8.5429539E-005
          4789.53     -9.1411641E-005
          4800.82     -9.7787001E-005
          4812.11     -1.0458020E-004
          4823.40     -1.1181724E-004
          4834.69     -1.1952563E-004
          4845.98     -1.2739371E-004
          4857.27     -1.3514391E-004
          4868.55     -1.4285245E-004
          4879.84     -1.5059134E-004
          4891.13     -1.5842890E-004
          4902.42     -1.6643036E-004
          4913.71     -1.7465823E-004
          4925.00     -1.8317290E-004
          4936.29     -1.9203294E-004
          4947.58     -2.0129554E-004
          4958.87     -2.1101690E-004
          4970.16     -2.2125246E-004
          4981.45     -2.3205737E-004
          4992.73     -2.4348669E-004
          5004.02     -2.5559566E-004
          5015.31     -2.6844007E-004
          5026.60     -2.8207639E-004
          5037.89     -2.9656211E-004
          5049.18     -3.1195594E-004
          5060.47     -3.2831799E-004
          5071.76     -3.4571005E-004
          5083.05     -3.6419582E-004
          5094.34     -3.8323207E-004
          5105.62     -4.0232471E-004
          5116.91     -4.2160641E-004
          5128.20     -4.4120245E-004
          5139.49     -4.6123155E-004
          5150.78     -4.8180654E-004
          5162.07     -5.0303513E-004
          5173.36     -5.2502045E-004
          5184.65     -5.4786154E-004
          5195.94     -5.7165399E-004
          5207.23     -5.9649024E-004
          5218.52     -6.2246004E-004
          5229.80     -6.4965078E-004
          5241.09     -6.7814770E-004
          5252.38     -7.0803427E-004
          5263.67     -7.3939239E-004
          5274.96     -7.7230239E-004
          5286.25     -8.0684340E-004
          5297.54     -8.4309330E-004
          5308.83     -8.8112878E-004
          5320.12     -9.2102546E-004
          5331.41     -9.6285766E-004
          5342.70     -1.0066986E-003
          5353.98     -1.0526201E-003
          5365.27     -1.1435973E-003
          5376.56     -1.3188438E-003
          5387.85     -1.5732878E-003
          5399.14     -1.9024841E-003
          5410.43     -2.3025682E-003
          5421.72     -2.7702129E-003
          5433.01     -3.3025926E-003
          5444.30     -3.8973471E-003
          5455.59     -4.5525484E-003
          5466.88     -5.2666754E-003
          5478.16     -6.0385855E-003
          5489.45     -6.8674921E-003
          5500.74     -7.7529439E-003
          5512.03     -8.6948023E-003
          5523.32     -9.6932291E-003
          5534.61     -1.0748669E-002
          5545.90     -1.1861831E-002
          5557.19     -1.3033683E-002
          5568.48     -1.4265438E-002
          5579.77     -1.5558537E-002
          5591.05     -1.6914641E-002
          5602.34     -1.8335630E-002
          5613.63     -1.9823598E-002
          5624.92     -2.1380847E-002
          5636.21     -2.3009877E-002
          5647.50     -2.4713388E-002
          5658.79     -2.6494274E-002
          5670.08     -2.8355616E-002
          5681.37     -3.0300631E-002
          5692.66     -3.2332668E-002
          5703.95     -3.4455276E-002
          5715.23     -3.7735806E-002
          5726.52     -4.3126079E-002
          5737.81     -5.0468488E-002
          5749.10     -5.9620330E-002
          5760.39     -7.0452564E-002
          5771.68     -8.2848666E-002
          5782.97     -9.7071579E-002
          5794.26     -1.1332735E-001
          5805.55     -1.3143348E-001
          5816.84     -1.5121961E-001
          5828.12     -1.7252602E-001
          5839.41     -1.9520214E-001
          5850.70     -2.1910513E-001
          5861.99     -2.4409864E-001
          5873.28     -2.7005141E-001
          5884.57     -2.9683616E-001
          5895.86     -3.2432839E-001
          5907.15     -3.5240504E-001
          5918.44     -3.8094329E-001
          5929.73     -4.0981960E-001
          5941.02     -4.3890919E-001
          5952.30     -4.6808504E-001
          5963.59     -4.9721661E-001
          5974.88     -5.2616891E-001
          5986.17     -5.5428112E-001
          5997.46     -5.8111566E-001
          6008.75     -6.0685654E-001
          6020.04     -6.3167280E-001
          6031.33     -6.5571988E-001
          6042.62     -6.7914065E-001
          6053.91     -7.0206591E-001
          6065.20     -7.2461534E-001
          6076.48     -7.4689812E-001
          6087.77     -7.6901360E-001
          6099.06     -7.9105183E-001
          6110.35     -8.1309390E-001
          6121.64     -8.3521230E-001
          6132.93     -8.5747102E-001
          6144.22     -8.7992579E-001
          6155.51     -9.0153851E-001
          6166.80     -9.2132888E-001
          6178.09     -9.3941811E-001
          6189.38     -9.5590748E-001
          6200.66     -9.7087873E-001
          6211.95     -9.8439459E-001
          6223.24     -9.9649918E-001
          6234.53     -1.0072183E+000
          6245.82     -1.0165596E+000
          6257.11     -1.0245127E+000
          6268.40     -1.0310493E+000
          6279.69     -1.0361229E+000
          6290.98     -1.0394506E+000
          6302.27     -1.0407454E+000
          6313.55     -1.0399255E+000
          6324.84     -1.0368869E+000
          6336.13     -1.0315033E+000
          6347.42     -1.0236256E+000
          6358.71     -1.0130810E+000
          6370.00     -9.9967245E-001
