          3480.00      0.0000000E+000
          3491.29     -1.7156189E+002
          3502.58     -1.9065948E+002
          3513.87     -2.0889243E+002
          3525.16     -2.2608688E+002
          3536.45     -2.4208415E+002
          3547.73     -2.5674591E+002
          3559.02     -2.6995849E+002
          3570.31     -2.8163620E+002
          3581.60     -2.9172315E+002
          3592.89     -3.0019372E+002
          3604.18     -3.0705186E+002
          3615.47     -3.1232924E+002
          3626.76     -3.1608218E+002
          3638.05     -3.1955770E+002
          3649.34     -3.2361323E+002
          3660.62     -3.2785223E+002
          3671.91     -3.3199046E+002
          3683.20     -3.3582227E+002
          3694.49     -3.3920005E+002
          3705.78     -3.4202084E+002
          3717.07     -3.4421717E+002
          3728.36     -3.4575020E+002
          3739.65     -3.4660432E+002
          3750.94     -3.4678269E+002
          3762.23     -3.4630342E+002
          3773.52     -3.4519622E+002
          3784.80     -3.4130047E+002
          3796.09     -3.3330109E+002
          3807.38     -3.2242441E+002
          3818.67     -3.0971621E+002
          3829.96     -2.9600413E+002
          3841.25     -2.8190521E+002
          3852.54     -2.6785609E+002
          3863.83     -2.5414994E+002
          3875.12     -2.4097171E+002
          3886.41     -2.2842793E+002
          3897.70     -2.1657017E+002
          3908.98     -2.0541272E+002
          3920.27     -1.9494552E+002
          3931.56     -1.8514320E+002
          3942.85     -1.7625138E+002
          3954.14     -1.6837426E+002
          3965.43     -1.6131267E+002
          3976.72     -1.5491467E+002
          3988.01     -1.4906271E+002
          3999.30     -1.4366490E+002
          4010.59     -1.3864868E+002
          4021.88     -1.3395625E+002
          4033.16     -1.2954125E+002
          4044.45     -1.2536621E+002
          4055.74     -1.2140070E+002
          4067.03     -1.1761982E+002
          4078.32     -1.1400308E+002
          4089.61     -1.1068511E+002
          4100.90     -1.0774858E+002
          4112.19     -1.0511360E+002
          4123.48     -1.0271717E+002
          4134.77     -1.0050931E+002
          4146.05     -9.8450161E+001
          4157.34     -9.6507930E+001
          4168.63     -9.4657211E+001
          4179.92     -9.2877755E+001
          4191.21     -9.1153491E+001
          4202.50     -8.9471733E+001
          4213.79     -8.7822561E+001
          4225.08     -8.6198306E+001
          4236.37     -8.4423417E+001
          4247.66     -8.2252366E+001
          4258.95     -7.9670643E+001
          4270.23     -7.6793227E+001
          4281.52     -7.3716819E+001
          4292.81     -7.0520599E+001
          4304.10     -6.7267864E+001
          4315.39     -6.4008062E+001
          4326.68     -6.0778913E+001
          4337.97     -5.7608459E+001
          4349.26     -5.4516876E+001
          4360.55     -5.1518082E+001
          4371.84     -4.8621071E+001
          4383.12     -4.5831027E+001
          4394.41     -4.2132155E+001
          4405.70     -3.6964553E+001
          4416.99     -3.0951118E+001
          4428.28     -2.4585064E+001
          4439.57     -1.8217372E+001
          4450.86     -1.2074817E+001
          4462.15     -6.2887979E+000
          4473.44     -9.2356069E-001
          4484.73      4.0007366E+000
          4496.02      8.4910738E+000
          4507.30      1.2569896E+001
          4518.59      1.6267452E+001
          4529.88      1.9617020E+001
          4541.17      2.2950528E+001
          4552.46      2.6425236E+001
          4563.75      2.9868283E+001
          4575.04      3.3169989E+001
          4586.33      3.6268210E+001
          4597.62      3.9133836E+001
          4608.91      4.1759243E+001
          4620.20      4.4149943E+001
          4631.48      4.6318850E+001
          4642.77      4.8282535E+001
          4654.06      5.0058913E+001
          4665.35      5.1665827E+001
          4676.64      5.3120276E+001
          4687.93      5.4438011E+001
          4699.22      5.5707013E+001
          4710.51      5.6977225E+001
          4721.80      5.8216441E+001
          4733.09      5.9403633E+001
          4744.38      6.0526205E+001
          4755.66      6.1577650E+001
          4766.95      6.2555696E+001
          4778.24      6.3460907E+001
          4789.53      6.4295661E+001
          4800.82      6.5063426E+001
          4812.11      6.5768256E+001
          4823.40      6.6414452E+001
          4834.69      6.7006337E+001
          4845.98      6.7591093E+001
          4857.27      6.8197231E+001
          4868.55      6.8805522E+001
          4879.84      6.9402009E+001
          4891.13      6.9977018E+001
          4902.42      7.0524213E+001
          4913.71      7.1039778E+001
          4925.00      7.1521748E+001
          4936.29      7.1969477E+001
          4947.58      7.2383234E+001
          4958.87      7.2763900E+001
          4970.16      7.3112745E+001
          4981.45      7.3431266E+001
          4992.73      7.3720372E+001
          5004.02      7.3979367E+001
          5015.31      7.4209016E+001
          5026.60      7.4412033E+001
          5037.89      7.4590797E+001
          5049.18      7.4747398E+001
          5060.47      7.4883681E+001
          5071.76      7.5001278E+001
          5083.05      7.5101633E+001
          5094.34      7.5186029E+001
          5105.62      7.5255607E+001
          5116.91      7.5311387E+001
          5128.20      7.5354276E+001
          5139.49      7.5385089E+001
          5150.78      7.5432558E+001
          5162.07      7.5517798E+001
          5173.36      7.5630979E+001
          5184.65      7.5763534E+001
          5195.94      7.5908207E+001
          5207.23      7.6058997E+001
          5218.52      7.6211043E+001
          5229.80      7.6360489E+001
          5241.09      7.6504325E+001
          5252.38      7.6640254E+001
          5263.67      7.6766554E+001
          5274.96      7.6881964E+001
          5286.25      7.6985591E+001
          5297.54      7.7077243E+001
          5308.83      7.7156806E+001
          5320.12      7.7223867E+001
          5331.41      7.7278167E+001
          5342.70      7.7319558E+001
          5353.98      7.7347968E+001
          5365.27      7.7363382E+001
          5376.56      7.7365810E+001
          5387.85      7.7355282E+001
          5399.14      7.7331825E+001
          5410.43      7.7295461E+001
          5421.72      7.7246192E+001
          5433.01      7.7183995E+001
          5444.30      7.7108818E+001
          5455.59      7.7014704E+001
          5466.88      7.6897200E+001
          5478.16      7.6758192E+001
          5489.45      7.6599226E+001
          5500.74      7.6421576E+001
          5512.03      7.6226292E+001
          5523.32      7.6014234E+001
          5534.61      7.5786102E+001
          5545.90      7.5542464E+001
          5557.19      7.5283768E+001
          5568.48      7.5010361E+001
          5579.77      7.4722498E+001
          5591.05      7.4420348E+001
          5602.34      7.4098532E+001
          5613.63      7.3751893E+001
          5624.92      7.3380750E+001
          5636.21      7.2985254E+001
          5647.50      7.2565404E+001
          5658.79      7.2121058E+001
          5670.08      7.1651948E+001
          5681.37      7.1157672E+001
          5692.66      7.0637707E+001
          5703.95      7.0088189E+001
          5715.23      6.9505024E+001
          5726.52      6.8887108E+001
          5737.81      6.8236582E+001
          5749.10      6.7555580E+001
          5760.39      6.6842719E+001
          5771.68      6.6091669E+001
          5782.97      6.5295616E+001
          5794.26      6.4452119E+001
          5805.55      6.3558411E+001
          5816.84      6.2611365E+001
          5828.12      6.1613967E+001
          5839.41      6.0569362E+001
          5850.70      5.9474115E+001
          5861.99      5.8324414E+001
          5873.28      5.7116020E+001
          5884.57      5.5866070E+001
          5895.86      5.4592959E+001
          5907.15      5.3293646E+001
          5918.44      5.1964617E+001
          5929.73      5.0638101E+001
          5941.02      4.9346836E+001
          5952.30      4.8086717E+001
          5963.59      4.6852464E+001
          5974.88      4.5699470E+001
          5986.17      4.4677477E+001
          5997.46      4.3769428E+001
          6008.75      4.2955935E+001
          6020.04      4.2216408E+001
          6031.33      4.1615210E+001
          6042.62      4.1192973E+001
          6053.91      4.0893481E+001
          6065.20      4.0663347E+001
          6076.48      4.0472923E+001
          6087.77      4.0283881E+001
          6099.06      4.0038246E+001
          6110.35      3.9683746E+001
          6121.64      3.9171676E+001
          6132.93      3.8512760E+001
          6144.22      3.7747136E+001
          6155.51      3.6882137E+001
          6166.80      3.5928419E+001
          6178.09      3.4885908E+001
          6189.38      3.3753408E+001
          6200.66      3.2529191E+001
          6211.95      3.1210802E+001
          6223.24      2.9795062E+001
          6234.53      2.8278080E+001
          6245.82      2.6655183E+001
          6257.11      2.4920865E+001
          6268.40      2.3068725E+001
          6279.69      2.1093290E+001
          6290.98      1.8989913E+001
          6302.27      1.6752027E+001
          6313.55      1.4372117E+001
          6324.84      1.1841635E+001
          6336.13      9.1508870E+000
          6347.42      6.2888997E+000
          6358.71      3.2432780E+000
          6370.00      0.0000000E+000
