          3480.00     -2.3059593E-004
          3491.29     -2.3228523E-004
          3502.58     -2.3394999E-004
          3513.87     -2.3559065E-004
          3525.16     -2.3720760E-004
          3536.45     -2.3880126E-004
          3547.73     -2.4037200E-004
          3559.02     -2.4192017E-004
          3570.31     -2.4344613E-004
          3581.60     -2.4495020E-004
          3592.89     -2.4643269E-004
          3604.18     -2.4789391E-004
          3615.47     -2.4933412E-004
          3626.76     -2.5075360E-004
          3638.05     -2.5215184E-004
          3649.34     -2.5352824E-004
          3660.62     -2.5488298E-004
          3671.91     -2.5621621E-004
          3683.20     -2.5752806E-004
          3694.49     -2.5881867E-004
          3705.78     -2.6008815E-004
          3717.07     -2.6133660E-004
          3728.36     -2.6256411E-004
          3739.65     -2.6377075E-004
          3750.94     -2.6495661E-004
          3762.23     -2.6612172E-004
          3773.52     -2.6726615E-004
          3784.80     -2.6839183E-004
          3796.09     -2.6950076E-004
          3807.38     -2.7059304E-004
          3818.67     -2.7166878E-004
          3829.96     -2.7272805E-004
          3841.25     -2.7377093E-004
          3852.54     -2.7479748E-004
          3863.83     -2.7580776E-004
          3875.12     -2.7680181E-004
          3886.41     -2.7777969E-004
          3897.70     -2.7874140E-004
          3908.98     -2.7968699E-004
          3920.27     -2.8061645E-004
          3931.56     -2.8152979E-004
          3942.85     -2.8242615E-004
          3954.14     -2.8330459E-004
          3965.43     -2.8416508E-004
          3976.72     -2.8500755E-004
          3988.01     -2.8583192E-004
          3999.30     -2.8663812E-004
          4010.59     -2.8742606E-004
          4021.88     -2.8819564E-004
          4033.16     -2.8894675E-004
          4044.45     -2.8967929E-004
          4055.74     -2.9039314E-004
          4067.03     -2.9108817E-004
          4078.32     -2.9176424E-004
          4089.61     -2.9242065E-004
          4100.90     -2.9305667E-004
          4112.19     -2.9367211E-004
          4123.48     -2.9426680E-004
          4134.77     -2.9484054E-004
          4146.05     -2.9539312E-004
          4157.34     -2.9592433E-004
          4168.63     -2.9643397E-004
          4179.92     -2.9692179E-004
          4191.21     -2.9738759E-004
          4202.50     -2.9783111E-004
          4213.79     -2.9825211E-004
          4225.08     -2.9865034E-004
          4236.37     -2.9902578E-004
          4247.66     -2.9937859E-004
          4258.95     -2.9970870E-004
          4270.23     -3.0001586E-004
          4281.52     -3.0029983E-004
          4292.81     -3.0056035E-004
          4304.10     -3.0079715E-004
          4315.39     -3.0100997E-004
          4326.68     -3.0119853E-004
          4337.97     -3.0136255E-004
          4349.26     -3.0150174E-004
          4360.55     -3.0161581E-004
          4371.84     -3.0170445E-004
          4383.12     -3.0176735E-004
          4394.41     -3.0180248E-004
          4405.70     -3.0180796E-004
          4416.99     -3.0178364E-004
          4428.28     -3.0172941E-004
          4439.57     -3.0164512E-004
          4450.86     -3.0153063E-004
          4462.15     -3.0138577E-004
          4473.44     -3.0121040E-004
          4484.73     -3.0100434E-004
          4496.02     -3.0076741E-004
          4507.30     -3.0049943E-004
          4518.59     -3.0020021E-004
          4529.88     -2.9986956E-004
          4541.17     -2.9950315E-004
          4552.46     -2.9909687E-004
          4563.75     -2.9865084E-004
          4575.04     -2.9816514E-004
          4586.33     -2.9763988E-004
          4597.62     -2.9707513E-004
          4608.91     -2.9647098E-004
          4620.20     -2.9582748E-004
          4631.48     -2.9514471E-004
          4642.77     -2.9442270E-004
          4654.06     -2.9366150E-004
          4665.35     -2.9286114E-004
          4676.64     -2.9202165E-004
          4687.93     -2.9114306E-004
          4699.22     -2.9022003E-004
          4710.51     -2.8924756E-004
          4721.80     -2.8822608E-004
          4733.09     -2.8715605E-004
          4744.38     -2.8603788E-004
          4755.66     -2.8487201E-004
          4766.95     -2.8365883E-004
          4778.24     -2.8239875E-004
          4789.53     -2.8109218E-004
          4800.82     -2.7973948E-004
          4812.11     -2.7834104E-004
          4823.40     -2.7689722E-004
          4834.69     -2.7540840E-004
          4845.98     -2.7386687E-004
          4857.27     -2.7226555E-004
          4868.55     -2.7060567E-004
          4879.84     -2.6888843E-004
          4891.13     -2.6711505E-004
          4902.42     -2.6528672E-004
          4913.71     -2.6340463E-004
          4925.00     -2.6146996E-004
          4936.29     -2.5948386E-004
          4947.58     -2.5744751E-004
          4958.87     -2.5536205E-004
          4970.16     -2.5322862E-004
          4981.45     -2.5104836E-004
          4992.73     -2.4882261E-004
          5004.02     -2.4655327E-004
          5015.31     -2.4424190E-004
          5026.60     -2.4188944E-004
          5037.89     -2.3949682E-004
          5049.18     -2.3706493E-004
          5060.47     -2.3459471E-004
          5071.76     -2.3208705E-004
          5083.05     -2.2954286E-004
          5094.34     -2.2696303E-004
          5105.62     -2.2434845E-004
          5116.91     -2.2170001E-004
          5128.20     -2.1901858E-004
          5139.49     -2.1630505E-004
          5150.78     -2.1355746E-004
          5162.07     -2.1077556E-004
          5173.36     -2.0796280E-004
          5184.65     -2.0512265E-004
          5195.94     -2.0225853E-004
          5207.23     -1.9937390E-004
          5218.52     -1.9647218E-004
          5229.80     -1.9355680E-004
          5241.09     -1.9063120E-004
          5252.38     -1.8769878E-004
          5263.67     -1.8476297E-004
          5274.96     -1.8182720E-004
          5286.25     -1.7889486E-004
          5297.54     -1.7596982E-004
          5308.83     -1.7305599E-004
          5320.12     -1.7015689E-004
          5331.41     -1.6727604E-004
          5342.70     -1.6441697E-004
          5353.98     -1.6158319E-004
          5365.27     -1.5877823E-004
          5376.56     -1.5600561E-004
          5387.85     -1.5326887E-004
          5399.14     -1.5057153E-004
          5410.43     -1.4791712E-004
          5421.72     -1.4530920E-004
          5433.01     -1.4275129E-004
          5444.30     -1.4024694E-004
          5455.59     -1.3777263E-004
          5466.88     -1.3530297E-004
          5478.16     -1.3283873E-004
          5489.45     -1.3038065E-004
          5500.74     -1.2792950E-004
          5512.03     -1.2548605E-004
          5523.32     -1.2305106E-004
          5534.61     -1.2062528E-004
          5545.90     -1.1820949E-004
          5557.19     -1.1580446E-004
          5568.48     -1.1341095E-004
          5579.77     -1.1102976E-004
          5591.05     -1.0866166E-004
          5602.34     -1.0629649E-004
          5613.63     -1.0392351E-004
          5624.92     -1.0154268E-004
          5636.21     -9.9153958E-005
          5647.50     -9.6757315E-005
          5658.79     -9.4352711E-005
          5670.08     -9.1940110E-005
          5681.37     -8.9519562E-005
          5692.66     -8.7091206E-005
          5703.95     -8.4652966E-005
          5715.23     -8.2202641E-005
          5726.52     -7.9740188E-005
          5737.81     -7.7266978E-005
          5749.10     -7.4784488E-005
          5760.39     -7.2292817E-005
          5771.68     -6.9790411E-005
          5782.97     -6.7275590E-005
          5794.26     -6.4748176E-005
          5805.55     -6.2207915E-005
          5816.84     -5.9654559E-005
          5828.12     -5.7088416E-005
          5839.41     -5.4509939E-005
          5850.70     -5.1919085E-005
          5861.99     -4.9315810E-005
          5873.28     -4.6700077E-005
          5884.57     -4.4073047E-005
          5895.86     -4.1436380E-005
          5907.15     -3.8790783E-005
          5918.44     -3.6136986E-005
          5929.73     -3.3479515E-005
          5941.02     -3.0823809E-005
          5952.30     -2.8171983E-005
          5963.59     -2.5526143E-005
          5974.88     -2.2901034E-005
          5986.17     -2.0313309E-005
          5997.46     -1.7767896E-005
          6008.75     -1.5269671E-005
          6020.04     -1.2823465E-005
          6031.33     -1.0480749E-005
          6042.62     -8.2974431E-006
          6053.91     -6.2849623E-006
          6065.20     -4.4546585E-006
          6076.48     -2.8574781E-006
          6087.77     -1.5472695E-006
          6099.06     -5.3965631E-007
          6110.35      1.4976462E-007
          6121.64      5.0542155E-007
          6132.93      6.6318642E-007
          6144.22      7.6774130E-007
          6155.51      8.4010650E-007
          6166.80      9.0254323E-007
          6178.09      9.5255175E-007
          6189.38      9.8753880E-007
          6200.66      1.0069026E-006
          6211.95      1.0100401E-006
          6223.24      9.9654652E-007
          6234.53      9.6602436E-007
          6245.82      9.1787894E-007
          6257.11      8.5151401E-007
          6268.40      7.6633196E-007
          6279.69      6.7260765E-007
          6290.98      5.8101770E-007
          6302.27      4.9156593E-007
          6313.55      4.0425631E-007
          6324.84      3.1909327E-007
          6336.13      2.3608129E-007
          6347.42      1.5522506E-007
          6358.71      7.6529649E-008
          6370.00      0.0000000E+000
