          3480.00     -5.3907741E-035
          3491.29     -1.9568214E-009
          3502.58     -3.5069320E-009
          3513.87     -4.6557351E-009
          3525.16     -5.4082109E-009
          3536.45     -5.7689343E-009
          3547.73     -5.7420820E-009
          3559.02     -5.3314455E-009
          3570.31     -4.5404415E-009
          3581.60     -3.3721213E-009
          3592.89     -1.8291809E-009
          3604.18      8.6053507E-011
          3615.47      2.3716471E-009
          3626.76      5.0260351E-009
          3638.05      8.0740949E-009
          3649.34      1.1539997E-008
          3660.62      1.5421642E-008
          3671.91      1.9717284E-008
          3683.20      2.4425522E-008
          3694.49      2.9545298E-008
          3705.78      3.5075874E-008
          3717.07      4.1016845E-008
          3728.36      4.7368129E-008
          3739.65      5.4129935E-008
          3750.94      6.1302794E-008
          3762.23      6.8887531E-008
          3773.52      7.6885264E-008
          3784.80      8.5198531E-008
          3796.09      9.3732107E-008
          3807.38      1.0249080E-007
          3818.67      1.1147949E-007
          3829.96      1.2070316E-007
          3841.25      1.3016690E-007
          3852.54      1.3987591E-007
          3863.83      1.4983548E-007
          3875.12      1.6005101E-007
          3886.41      1.7052800E-007
          3897.70      1.8127205E-007
          3908.98      1.9228890E-007
          3920.27      2.0358435E-007
          3931.56      2.1516434E-007
          3942.85      2.2708351E-007
          3954.14      2.3939556E-007
          3965.43      2.5210526E-007
          3976.72      2.6521752E-007
          3988.01      2.7873751E-007
          3999.30      2.9267057E-007
          4010.59      3.0702218E-007
          4021.88      3.2179807E-007
          4033.16      3.3700414E-007
          4044.45      3.5264648E-007
          4055.74      3.6873138E-007
          4067.03      3.8526526E-007
          4078.32      4.0225480E-007
          4089.61      4.1975425E-007
          4100.90      4.3781704E-007
          4112.19      4.5644898E-007
          4123.48      4.7565614E-007
          4134.77      4.9544482E-007
          4146.05      5.1582162E-007
          4157.34      5.3679332E-007
          4168.63      5.5836702E-007
          4179.92      5.8055006E-007
          4191.21      6.0334999E-007
          4202.50      6.2677466E-007
          4213.79      6.5083213E-007
          4225.08      6.7553073E-007
          4236.37      7.0080672E-007
          4247.66      7.2654230E-007
          4258.95      7.5269405E-007
          4270.23      7.7927477E-007
          4281.52      8.0629724E-007
          4292.81      8.3377441E-007
          4304.10      8.6171929E-007
          4315.39      8.9014498E-007
          4326.68      9.1906469E-007
          4337.97      9.4849166E-007
          4349.26      9.7843930E-007
          4360.55      1.0089211E-006
          4371.84      1.0399507E-006
          4383.12      1.0715417E-006
          4394.41      1.1027962E-006
          4405.70      1.1328356E-006
          4416.99      1.1617024E-006
          4428.28      1.1894381E-006
          4439.57      1.2160832E-006
          4450.86      1.2416772E-006
          4462.15      1.2662587E-006
          4473.44      1.2898654E-006
          4484.73      1.3125343E-006
          4496.02      1.3343015E-006
          4507.30      1.3552022E-006
          4518.59      1.3752710E-006
          4529.88      1.3945417E-006
          4541.17      1.4116365E-006
          4552.46      1.4252158E-006
          4563.75      1.4353685E-006
          4575.04      1.4421813E-006
          4586.33      1.4457387E-006
          4597.62      1.4461230E-006
          4608.91      1.4434145E-006
          4620.20      1.4376914E-006
          4631.48      1.4290302E-006
          4642.77      1.4175054E-006
          4654.06      1.4031896E-006
          4665.35      1.3861538E-006
          4676.64      1.3664673E-006
          4687.93      1.3441978E-006
          4699.22      1.3177158E-006
          4710.51      1.2854519E-006
          4721.80      1.2475607E-006
          4733.09      1.2041936E-006
          4744.38      1.1554987E-006
          4755.66      1.1016213E-006
          4766.95      1.0427035E-006
          4778.24      9.7888501E-007
          4789.53      9.1030260E-007
          4800.82      8.3709053E-007
          4812.11      7.5938051E-007
          4823.40      6.7730210E-007
          4834.69      5.9098234E-007
          4845.98      4.9779973E-007
          4857.27      3.9526298E-007
          4868.55      2.8368922E-007
          4879.84      1.6339116E-007
          4891.13      3.4676767E-008
          4902.42     -1.0215031E-007
          4913.71     -2.4679013E-007
          4925.00     -3.9894699E-007
          4936.29     -5.5832877E-007
          4947.58     -7.2464683E-007
          4958.87     -8.9761602E-007
          4970.16     -1.0769539E-006
          4981.45     -1.2623813E-006
          4992.73     -1.4535208E-006
          5004.02     -1.6497224E-006
          5015.31     -1.8504647E-006
          5026.60     -2.0555198E-006
          5037.89     -2.2646616E-006
          5049.18     -2.4776658E-006
          5060.47     -2.6943093E-006
          5071.76     -2.9143708E-006
          5083.05     -3.1376301E-006
          5094.34     -3.3638680E-006
          5105.62     -3.5928667E-006
          5116.91     -3.8244090E-006
          5128.20     -4.0582789E-006
          5139.49     -4.2942610E-006
          5150.78     -4.5363030E-006
          5162.07     -4.7879325E-006
          5173.36     -5.0483066E-006
          5184.65     -5.3165856E-006
          5195.94     -5.5919340E-006
          5207.23     -5.8735195E-006
          5218.52     -6.1605123E-006
          5229.80     -6.4520853E-006
          5241.09     -6.7474128E-006
          5252.38     -7.0456712E-006
          5263.67     -7.3460385E-006
          5274.96     -7.6476926E-006
          5286.25     -7.9498127E-006
          5297.54     -8.2516256E-006
          5308.83     -8.5523399E-006
          5320.12     -8.8511082E-006
          5331.41     -9.1470814E-006
          5342.70     -9.4394102E-006
          5353.98     -9.7272436E-006
          5365.27     -1.0009729E-005
          5376.56     -1.0286010E-005
          5387.85     -1.0555232E-005
          5399.14     -1.0816532E-005
          5410.43     -1.1069050E-005
          5421.72     -1.1311917E-005
          5433.01     -1.1544264E-005
          5444.30     -1.1765217E-005
          5455.59     -1.1976093E-005
          5466.88     -1.2178672E-005
          5478.16     -1.2372769E-005
          5489.45     -1.2558193E-005
          5500.74     -1.2734753E-005
          5512.03     -1.2902252E-005
          5523.32     -1.3060488E-005
          5534.61     -1.3209258E-005
          5545.90     -1.3348354E-005
          5557.19     -1.3477563E-005
          5568.48     -1.3596671E-005
          5579.77     -1.3705455E-005
          5591.05     -1.3803691E-005
          5602.34     -1.3892180E-005
          5613.63     -1.3971859E-005
          5624.92     -1.4042700E-005
          5636.21     -1.4104670E-005
          5647.50     -1.4157735E-005
          5658.79     -1.4201855E-005
          5670.08     -1.4236989E-005
          5681.37     -1.4263086E-005
          5692.66     -1.4280086E-005
          5703.95     -1.4288008E-005
          5715.23     -1.4286899E-005
          5726.52     -1.4276739E-005
          5737.81     -1.4257553E-005
          5749.10     -1.4229335E-005
          5760.39     -1.4192024E-005
          5771.68     -1.4145454E-005
          5782.97     -1.4089492E-005
          5794.26     -1.4024120E-005
          5805.55     -1.3949319E-005
          5816.84     -1.3865069E-005
          5828.12     -1.3771754E-005
          5839.41     -1.3669719E-005
          5850.70     -1.3558880E-005
          5861.99     -1.3439152E-005
          5873.28     -1.3310445E-005
          5884.57     -1.3174188E-005
          5895.86     -1.3031675E-005
          5907.15     -1.2882618E-005
          5918.44     -1.2726723E-005
          5929.73     -1.2566025E-005
          5941.02     -1.2402313E-005
          5952.30     -1.2234934E-005
          5963.59     -1.2063235E-005
          5974.88     -1.1890169E-005
          5986.17     -1.1718181E-005
          5997.46     -1.1545871E-005
          6008.75     -1.1371848E-005
          6020.04     -1.1194736E-005
          6031.33     -1.1017638E-005
          6042.62     -1.0842447E-005
          6053.91     -1.0665991E-005
          6065.20     -1.0485119E-005
          6076.48     -1.0297309E-005
          6087.77     -1.0099250E-005
          6099.06     -9.8866304E-006
          6110.35     -9.6551491E-006
          6121.64     -9.4005156E-006
          6132.93     -9.1254363E-006
          6144.22     -8.8350241E-006
          6155.51     -8.5300500E-006
          6166.80     -8.2116213E-006
          6178.09     -7.8794278E-006
          6189.38     -7.5331289E-006
          6200.66     -7.1725073E-006
          6211.95     -6.7973418E-006
          6223.24     -6.4074237E-006
          6234.53     -6.0025438E-006
          6245.82     -5.5824719E-006
          6257.11     -5.1469735E-006
          6268.40     -4.6958113E-006
          6279.69     -4.2298902E-006
          6290.98     -3.7502217E-006
          6302.27     -3.2567204E-006
          6313.55     -2.7492974E-006
          6324.84     -2.2278608E-006
          6336.13     -1.6923144E-006
          6347.42     -1.1425577E-006
          6358.71     -5.7848866E-007
          6370.00     -5.9148341E-043
