          3480.00      5.0107688E-035
          3491.29     -9.3679336E-010
          3502.58     -1.6260351E-009
          3513.87     -2.0719978E-009
          3525.16     -2.2786215E-009
          3536.45     -2.2495270E-009
          3547.73     -1.9880235E-009
          3559.02     -1.4971208E-009
          3570.31     -7.7953637E-010
          3581.60      1.6229496E-010
          3592.89      1.3262127E-009
          3604.18      2.7103360E-009
          3615.47      4.3130701E-009
          3626.76      6.1330962E-009
          3638.05      8.1887275E-009
          3649.34      1.0497918E-008
          3660.62      1.3059217E-008
          3671.91      1.5871451E-008
          3683.20      1.8933718E-008
          3694.49      2.2245384E-008
          3705.78      2.5806066E-008
          3717.07      2.9615641E-008
          3728.36      3.3674238E-008
          3739.65      3.7982214E-008
          3750.94      4.2540178E-008
          3762.23      4.7348968E-008
          3773.52      5.2409651E-008
          3784.80      5.7651664E-008
          3796.09      6.3005975E-008
          3807.38      6.8476175E-008
          3818.67      7.4065907E-008
          3829.96      7.9778853E-008
          3841.25      8.5618770E-008
          3852.54      9.1589464E-008
          3863.83      9.7694803E-008
          3875.12      1.0393872E-007
          3886.41      1.1032520E-007
          3897.70      1.1685830E-007
          3908.98      1.2354215E-007
          3920.27      1.3038092E-007
          3931.56      1.3737887E-007
          3942.85      1.4457629E-007
          3954.14      1.5201273E-007
          3965.43      1.5969157E-007
          3976.72      1.6761627E-007
          3988.01      1.7579048E-007
          3999.30      1.8421800E-007
          4010.59      1.9290275E-007
          4021.88      2.0184882E-007
          4033.16      2.1106042E-007
          4044.45      2.2054193E-007
          4055.74      2.3029787E-007
          4067.03      2.4033288E-007
          4078.32      2.5065178E-007
          4089.61      2.6129602E-007
          4100.90      2.7230641E-007
          4112.19      2.8368705E-007
          4123.48      2.9544228E-007
          4134.77      3.0757663E-007
          4146.05      3.2009488E-007
          4157.34      3.3300197E-007
          4168.63      3.4630308E-007
          4179.92      3.6000363E-007
          4191.21      3.7410917E-007
          4202.50      3.8862553E-007
          4213.79      4.0355873E-007
          4225.08      4.1891498E-007
          4236.37      4.3464220E-007
          4247.66      4.5064455E-007
          4258.95      4.6688645E-007
          4270.23      4.8337789E-007
          4281.52      5.0012887E-007
          4292.81      5.1714946E-007
          4304.10      5.3444976E-007
          4315.39      5.5203990E-007
          4326.68      5.6993009E-007
          4337.97      5.8813055E-007
          4349.26      6.0665160E-007
          4360.55      6.2550363E-007
          4371.84      6.4469704E-007
          4383.12      6.6424232E-007
          4394.41      6.8338200E-007
          4405.70      7.0137644E-007
          4416.99      7.1826217E-007
          4428.28      7.3407447E-007
          4439.57      7.4884762E-007
          4450.86      7.6261480E-007
          4462.15      7.7540811E-007
          4473.44      7.8725872E-007
          4484.73      7.9819680E-007
          4496.02      8.0825160E-007
          4507.30      8.1745148E-007
          4518.59      8.2582391E-007
          4529.88      8.3339555E-007
          4541.17      8.3897890E-007
          4552.46      8.4142265E-007
          4563.75      8.4080516E-007
          4575.04      8.3720223E-007
          4586.33      8.3068719E-007
          4597.62      8.2133098E-007
          4608.91      8.0920227E-007
          4620.20      7.9436749E-007
          4631.48      7.7689090E-007
          4642.77      7.5683474E-007
          4654.06      7.3425917E-007
          4665.35      7.0922245E-007
          4676.64      6.8178096E-007
          4687.93      6.5198924E-007
          4699.22      6.1840419E-007
          4710.51      5.7964129E-007
          4721.80      5.3583891E-007
          4733.09      4.8713188E-007
          4744.38      4.3365139E-007
          4755.66      3.7552530E-007
          4766.95      3.1287821E-007
          4778.24      2.4583152E-007
          4789.53      1.7450383E-007
          4800.82      9.9010638E-008
          4812.11      1.9464693E-008
          4823.40     -6.4023725E-008
          4834.69     -1.5134709E-007
          4845.98     -2.4489120E-007
          4857.27     -3.4691278E-007
          4868.55     -4.5711680E-007
          4879.84     -5.7521327E-007
          4891.13     -7.0091762E-007
          4902.42     -8.3395015E-007
          4913.71     -9.7403545E-007
          4925.00     -1.1209028E-006
          4936.29     -1.2742857E-006
          4947.58     -1.4339212E-006
          4958.87     -1.5995507E-006
          4970.16     -1.7709183E-006
          4981.45     -1.9477719E-006
          4992.73     -2.1297687E-006
          5004.02     -2.3163132E-006
          5015.31     -2.5069312E-006
          5026.60     -2.7014232E-006
          5037.89     -2.8995914E-006
          5049.18     -3.1012398E-006
          5060.47     -3.3061739E-006
          5071.76     -3.5142008E-006
          5083.05     -3.7251291E-006
          5094.34     -3.9387679E-006
          5105.62     -4.1549280E-006
          5116.91     -4.3734210E-006
          5128.20     -4.5940590E-006
          5139.49     -4.8166552E-006
          5150.78     -5.0452404E-006
          5162.07     -5.2834193E-006
          5173.36     -5.5303688E-006
          5184.65     -5.7852704E-006
          5195.94     -6.0473100E-006
          5207.23     -6.3156777E-006
          5218.52     -6.5895664E-006
          5229.80     -6.8681725E-006
          5241.09     -7.1506937E-006
          5252.38     -7.4363304E-006
          5263.67     -7.7242843E-006
          5274.96     -8.0137574E-006
          5286.25     -8.3039527E-006
          5297.54     -8.5941295E-006
          5308.83     -8.8835285E-006
          5320.12     -9.1713245E-006
          5331.41     -9.4566905E-006
          5342.70     -9.7387987E-006
          5353.98     -1.0016819E-005
          5365.27     -1.0289918E-005
          5376.56     -1.0557261E-005
          5387.85     -1.0818008E-005
          5399.14     -1.1071316E-005
          5410.43     -1.1316340E-005
          5421.72     -1.1552226E-005
          5433.01     -1.1778118E-005
          5444.30     -1.1993156E-005
          5455.59     -1.2198256E-005
          5466.88     -1.2394808E-005
          5478.16     -1.2582652E-005
          5489.45     -1.2761618E-005
          5500.74     -1.2931534E-005
          5512.03     -1.3092221E-005
          5523.32     -1.3243497E-005
          5534.61     -1.3385172E-005
          5545.90     -1.3517051E-005
          5557.19     -1.3638937E-005
          5568.48     -1.3750623E-005
          5579.77     -1.3851898E-005
          5591.05     -1.3942544E-005
          5602.34     -1.4023105E-005
          5613.63     -1.4094265E-005
          5624.92     -1.4156000E-005
          5636.21     -1.4208284E-005
          5647.50     -1.4251087E-005
          5658.79     -1.4284371E-005
          5670.08     -1.4308096E-005
          5681.37     -1.4322211E-005
          5692.66     -1.4326657E-005
          5703.95     -1.4321355E-005
          5715.23     -1.4306255E-005
          5726.52     -1.4281333E-005
          5737.81     -1.4246695E-005
          5749.10     -1.4202415E-005
          5760.39     -1.4148422E-005
          5771.68     -1.4084432E-005
          5782.97     -1.4010195E-005
          5794.26     -1.3925679E-005
          5805.55     -1.3830849E-005
          5816.84     -1.3725670E-005
          5828.12     -1.3610610E-005
          5839.41     -1.3486099E-005
          5850.70     -1.3352030E-005
          5861.99     -1.3208291E-005
          5873.28     -1.3054767E-005
          5884.57     -1.2893151E-005
          5895.86     -1.2724992E-005
          5907.15     -1.2549964E-005
          5918.44     -1.2367734E-005
          5929.73     -1.2180761E-005
          5941.02     -1.1991249E-005
          5952.30     -1.1798483E-005
          5963.59     -1.1601755E-005
          5974.88     -1.1404823E-005
          5986.17     -1.1210912E-005
          5997.46     -1.1018521E-005
          6008.75     -1.0826165E-005
          6020.04     -1.0632615E-005
          6031.33     -1.0442213E-005
          6042.62     -1.0258749E-005
          6053.91     -1.0078851E-005
          6065.20     -9.8991668E-006
          6076.48     -9.7180462E-006
          6087.77     -9.5330028E-006
          6099.06     -9.3394568E-006
          6110.35     -9.1328423E-006
          6121.64     -8.9086043E-006
          6132.93     -8.6664969E-006
          6144.22     -8.4088318E-006
          6155.51     -8.1359691E-006
          6166.80     -7.8486256E-006
          6178.09     -7.5465190E-006
          6189.38     -7.2293341E-006
          6200.66     -6.8968401E-006
          6211.95     -6.5488004E-006
          6223.24     -6.1849861E-006
          6234.53     -5.8051657E-006
          6245.82     -5.4090886E-006
          6257.11     -4.9964983E-006
          6268.40     -4.5671336E-006
          6279.69     -4.1217031E-006
          6290.98     -3.6610269E-006
          6302.27     -3.1850010E-006
          6313.55     -2.6935157E-006
          6324.84     -2.1864570E-006
          6336.13     -1.6637043E-006
          6347.42     -1.1251316E-006
          6358.71     -5.7060901E-007
          6370.00     -1.4440064E-043
