          3480.00      1.2581834E-033
          3491.29      3.4015726E-011
          3502.58      8.0403146E-011
          3513.87      1.3857897E-010
          3525.16      2.0801436E-010
          3536.45      2.8823164E-010
          3547.73      3.7880090E-010
          3559.02      4.7933660E-010
          3570.31      5.8949516E-010
          3581.60      7.0897200E-010
          3592.89      8.3749910E-010
          3604.18      9.7484304E-010
          3615.47      1.1208028E-009
          3626.76      1.2752087E-009
          3638.05      1.4399758E-009
          3649.34      1.6170813E-009
          3660.62      1.8065026E-009
          3671.91      2.0082584E-009
          3683.20      2.2224067E-009
          3694.49      2.4490441E-009
          3705.78      2.6883039E-009
          3717.07      2.9403566E-009
          3728.36      3.2054079E-009
          3739.65      3.4836980E-009
          3750.94      3.7755018E-009
          3762.23      4.0811278E-009
          3773.52      4.4009176E-009
          3784.80      4.7277513E-009
          3796.09      5.0546441E-009
          3807.38      5.3821485E-009
          3818.67      5.7107932E-009
          3829.96      6.0410833E-009
          3841.25      6.3735033E-009
          3852.54      6.7085170E-009
          3863.83      7.0465682E-009
          3875.12      7.3880825E-009
          3886.41      7.7334661E-009
          3897.70      8.0831085E-009
          3908.98      8.4373823E-009
          3920.27      8.7966424E-009
          3931.56      9.1612284E-009
          3942.85      9.5362976E-009
          3954.14      9.9268358E-009
          3965.43      1.0332926E-008
          3976.72      1.0754668E-008
          3988.01      1.1192177E-008
          3999.30      1.1645587E-008
          4010.59      1.2115042E-008
          4021.88      1.2600700E-008
          4033.16      1.3102732E-008
          4044.45      1.3621319E-008
          4055.74      1.4156654E-008
          4067.03      1.4708936E-008
          4078.32      1.5278372E-008
          4089.61      1.5872710E-008
          4100.90      1.6499449E-008
          4112.19      1.7158474E-008
          4123.48      1.7849726E-008
          4134.77      1.8573191E-008
          4146.05      1.9328903E-008
          4157.34      2.0116942E-008
          4168.63      2.0937428E-008
          4179.92      2.1790522E-008
          4191.21      2.2676421E-008
          4202.50      2.3595361E-008
          4213.79      2.4547609E-008
          4225.08      2.5533466E-008
          4236.37      2.6534743E-008
          4247.66      2.7519316E-008
          4258.95      2.8474285E-008
          4270.23      2.9401386E-008
          4281.52      3.0302182E-008
          4292.81      3.1178079E-008
          4304.10      3.2030320E-008
          4315.39      3.2859992E-008
          4326.68      3.3668034E-008
          4337.97      3.4455229E-008
          4349.26      3.5222217E-008
          4360.55      3.5969491E-008
          4371.84      3.6697392E-008
          4383.12      3.7406122E-008
          4394.41      3.7758032E-008
          4405.70      3.7428190E-008
          4416.99      3.6434231E-008
          4428.28      3.4791816E-008
          4439.57      3.2514686E-008
          4450.86      2.9614732E-008
          4462.15      2.6102058E-008
          4473.44      2.1985023E-008
          4484.73      1.7270300E-008
          4496.02      1.1962915E-008
          4507.30      6.0662830E-009
          4518.59     -4.1773165E-010
          4529.88     -7.4888168E-009
          4541.17     -1.5796181E-008
          4552.46     -2.5956197E-008
          4563.75     -3.7924101E-008
          4575.04     -5.1659822E-008
          4586.33     -6.7127809E-008
          4597.62     -8.4296883E-008
          4608.91     -1.0314002E-007
          4620.20     -1.2363430E-007
          4631.48     -1.4576074E-007
          4642.77     -1.6950408E-007
          4654.06     -1.9485285E-007
          4665.35     -2.2179909E-007
          4676.64     -2.5033836E-007
          4687.93     -2.8046965E-007
          4699.22     -3.1321436E-007
          4710.51     -3.4952978E-007
          4721.80     -3.8932720E-007
          4733.09     -4.3252564E-007
          4744.38     -4.7905168E-007
          4755.66     -5.2883905E-007
          4766.95     -5.8182832E-007
          4778.24     -6.3796672E-007
          4789.53     -6.9720762E-007
          4800.82     -7.5951060E-007
          4812.11     -8.2484106E-007
          4823.40     -8.9316983E-007
          4834.69     -9.6447328E-007
          4845.98     -1.0409116E-006
          4857.27     -1.1244807E-006
          4868.55     -1.2149252E-006
          4879.84     -1.3120035E-006
          4891.13     -1.4154875E-006
          4902.42     -1.5251613E-006
          4913.71     -1.6408205E-006
          4925.00     -1.7622719E-006
          4936.29     -1.8893322E-006
          4947.58     -2.0218279E-006
          4958.87     -2.1595946E-006
          4970.16     -2.3024756E-006
          4981.45     -2.4503225E-006
          4992.73     -2.6028896E-006
          5004.02     -2.7596480E-006
          5015.31     -2.9202144E-006
          5026.60     -3.0845251E-006
          5037.89     -3.2525200E-006
          5049.18     -3.4241420E-006
          5060.47     -3.5993366E-006
          5071.76     -3.7780521E-006
          5083.05     -3.9602391E-006
          5094.34     -4.1458495E-006
          5105.62     -4.3348373E-006
          5116.91     -4.5271574E-006
          5128.20     -4.7227658E-006
          5139.49     -4.9216192E-006
          5150.78     -5.1315662E-006
          5162.07     -5.3597554E-006
          5173.36     -5.6051166E-006
          5184.65     -5.8666075E-006
          5195.94     -6.1432127E-006
          5207.23     -6.4339401E-006
          5218.52     -6.7378188E-006
          5229.80     -7.0538968E-006
          5241.09     -7.3812377E-006
          5252.38     -7.7189200E-006
          5263.67     -8.0660338E-006
          5274.96     -8.4216780E-006
          5286.25     -8.7849600E-006
          5297.54     -9.1552086E-006
          5308.83     -9.5317229E-006
          5320.12     -9.9135710E-006
          5331.41     -1.0299820E-005
          5342.70     -1.0689535E-005
          5353.98     -1.1081778E-005
          5365.27     -1.1475603E-005
          5376.56     -1.1870056E-005
          5387.85     -1.2264171E-005
          5399.14     -1.2656973E-005
          5410.43     -1.3047469E-005
          5421.72     -1.3434651E-005
          5433.01     -1.3817491E-005
          5444.30     -1.4194941E-005
          5455.59     -1.4562505E-005
          5466.88     -1.4916605E-005
          5478.16     -1.5257530E-005
          5489.45     -1.5585531E-005
          5500.74     -1.5900818E-005
          5512.03     -1.6203567E-005
          5523.32     -1.6493916E-005
          5534.61     -1.6771967E-005
          5545.90     -1.7037785E-005
          5557.19     -1.7291400E-005
          5568.48     -1.7532807E-005
          5579.77     -1.7761961E-005
          5591.05     -1.7978785E-005
          5602.34     -1.8179611E-005
          5613.63     -1.8361046E-005
          5624.92     -1.8523360E-005
          5636.21     -1.8666773E-005
          5647.50     -1.8791460E-005
          5658.79     -1.8897551E-005
          5670.08     -1.8985132E-005
          5681.37     -1.9054237E-005
          5692.66     -1.9104855E-005
          5703.95     -1.9134927E-005
          5715.23     -1.9142435E-005
          5726.52     -1.9127363E-005
          5737.81     -1.9091694E-005
          5749.10     -1.9037296E-005
          5760.39     -1.8963908E-005
          5771.68     -1.8868571E-005
          5782.97     -1.8748383E-005
          5794.26     -1.8603115E-005
          5805.55     -1.8432484E-005
          5816.84     -1.8236163E-005
          5828.12     -1.8016905E-005
          5839.41     -1.7777284E-005
          5850.70     -1.7516631E-005
          5861.99     -1.7234234E-005
          5873.28     -1.6929344E-005
          5884.57     -1.6610045E-005
          5895.86     -1.6283850E-005
          5907.15     -1.5949111E-005
          5918.44     -1.5604165E-005
          5929.73     -1.5260304E-005
          5941.02     -1.4927761E-005
          5952.30     -1.4603292E-005
          5963.59     -1.4283681E-005
          5974.88     -1.3986250E-005
          5986.17     -1.3726047E-005
          5997.46     -1.3496533E-005
          6008.75     -1.3291265E-005
          6020.04     -1.3103885E-005
          6031.33     -1.2958089E-005
          6042.62     -1.2871938E-005
          6053.91     -1.2830803E-005
          6065.20     -1.2820197E-005
          6076.48     -1.2834949E-005
          6087.77     -1.2866167E-005
          6099.06     -1.2893953E-005
          6110.35     -1.2898470E-005
          6121.64     -1.2859911E-005
          6132.93     -1.2771024E-005
          6144.22     -1.2636003E-005
          6155.51     -1.2455410E-005
          6166.80     -1.2231362E-005
          6178.09     -1.1963377E-005
          6189.38     -1.1650777E-005
          6200.66     -1.1292883E-005
          6211.95     -1.0888945E-005
          6223.24     -1.0438154E-005
          6234.53     -9.9396443E-006
          6245.82     -9.3924760E-006
          6257.11     -8.7956398E-006
          6268.40     -8.1480571E-006
          6279.69     -7.4497102E-006
          6290.98     -6.7010355E-006
          6302.27     -5.9015283E-006
          6313.55     -5.0506138E-006
          6324.84     -4.1476501E-006
          6336.13     -3.1919237E-006
          6347.42     -2.1826515E-006
          6358.71     -1.1189841E-006
          6370.00     -2.3870847E-047
