          3480.00     -3.7019111E-035
          3491.29     -2.4789904E-007
          3502.58     -4.9400834E-007
          3513.87     -7.3837123E-007
          3525.16     -9.8102924E-007
          3536.45     -1.2220235E-006
          3547.73     -1.4613940E-006
          3559.02     -1.6991792E-006
          3570.31     -1.9354169E-006
          3581.60     -2.1701441E-006
          3592.89     -2.4033964E-006
          3604.18     -2.6352081E-006
          3615.47     -2.8656099E-006
          3626.76     -3.0946304E-006
          3638.05     -3.3221483E-006
          3649.34     -3.5480598E-006
          3660.62     -3.7724199E-006
          3671.91     -3.9952820E-006
          3683.20     -4.2166990E-006
          3694.49     -4.4367225E-006
          3705.78     -4.6554028E-006
          3717.07     -4.8727900E-006
          3728.36     -5.0889331E-006
          3739.65     -5.3038797E-006
          3750.94     -5.5176772E-006
          3762.23     -5.7303718E-006
          3773.52     -5.9420091E-006
          3784.80     -6.1533810E-006
          3796.09     -6.3652475E-006
          3807.38     -6.5776076E-006
          3818.67     -6.7904602E-006
          3829.96     -7.0038037E-006
          3841.25     -7.2176371E-006
          3852.54     -7.4319590E-006
          3863.83     -7.6467683E-006
          3875.12     -7.8620636E-006
          3886.41     -8.0778432E-006
          3897.70     -8.2941057E-006
          3908.98     -8.5108497E-006
          3920.27     -8.7280734E-006
          3931.56     -8.9457751E-006
          3942.85     -9.1635918E-006
          3954.14     -9.3811731E-006
          3965.43     -9.5985361E-006
          3976.72     -9.8156974E-006
          3988.01     -1.0032674E-005
          3999.30     -1.0249481E-005
          4010.59     -1.0466135E-005
          4021.88     -1.0682651E-005
          4033.16     -1.0899044E-005
          4044.45     -1.1115329E-005
          4055.74     -1.1331522E-005
          4067.03     -1.1547635E-005
          4078.32     -1.1763682E-005
          4089.61     -1.1979324E-005
          4100.90     -1.2194227E-005
          4112.19     -1.2408418E-005
          4123.48     -1.2621925E-005
          4134.77     -1.2834773E-005
          4146.05     -1.3046989E-005
          4157.34     -1.3258598E-005
          4168.63     -1.3469624E-005
          4179.92     -1.3680092E-005
          4191.21     -1.3890026E-005
          4202.50     -1.4099450E-005
          4213.79     -1.4308386E-005
          4225.08     -1.4516859E-005
          4236.37     -1.4725446E-005
          4247.66     -1.4935145E-005
          4258.95     -1.5146382E-005
          4270.23     -1.5359149E-005
          4281.52     -1.5573439E-005
          4292.81     -1.5789245E-005
          4304.10     -1.6006561E-005
          4315.39     -1.6225381E-005
          4326.68     -1.6445697E-005
          4337.97     -1.6667503E-005
          4349.26     -1.6890794E-005
          4360.55     -1.7115564E-005
          4371.84     -1.7341806E-005
          4383.12     -1.7569516E-005
          4394.41     -1.7805746E-005
          4405.70     -1.8057420E-005
          4416.99     -1.8324343E-005
          4428.28     -1.8606321E-005
          4439.57     -1.8903167E-005
          4450.86     -1.9214695E-005
          4462.15     -1.9540723E-005
          4473.44     -1.9881073E-005
          4484.73     -2.0235567E-005
          4496.02     -2.0604034E-005
          4507.30     -2.0986304E-005
          4518.59     -2.1382209E-005
          4529.88     -2.1791585E-005
          4541.17     -2.2225034E-005
          4552.46     -2.2692936E-005
          4563.75     -2.3194796E-005
          4575.04     -2.3730132E-005
          4586.33     -2.4298463E-005
          4597.62     -2.4899319E-005
          4608.91     -2.5532234E-005
          4620.20     -2.6196751E-005
          4631.48     -2.6892419E-005
          4642.77     -2.7618790E-005
          4654.06     -2.8375425E-005
          4665.35     -2.9161890E-005
          4676.64     -2.9977758E-005
          4687.93     -3.0822605E-005
          4699.22     -3.1708556E-005
          4710.51     -3.2647414E-005
          4721.80     -3.3638280E-005
          4733.09     -3.4680267E-005
          4744.38     -3.5772496E-005
          4755.66     -3.6914099E-005
          4766.95     -3.8104217E-005
          4778.24     -3.9342000E-005
          4789.53     -4.0626604E-005
          4800.82     -4.1957196E-005
          4812.11     -4.3332953E-005
          4823.40     -4.4753054E-005
          4834.69     -4.6216690E-005
          4845.98     -4.7742670E-005
          4857.27     -4.9349141E-005
          4868.55     -5.1034320E-005
          4879.84     -5.2796431E-005
          4891.13     -5.4633718E-005
          4902.42     -5.6544437E-005
          4913.71     -5.8526852E-005
          4925.00     -6.0579247E-005
          4936.29     -6.2699911E-005
          4947.58     -6.4887149E-005
          4958.87     -6.7139276E-005
          4970.16     -6.9454614E-005
          4981.45     -7.1831499E-005
          4992.73     -7.4267558E-005
          5004.02     -7.6758467E-005
          5015.31     -7.9300753E-005
          5026.60     -8.1892989E-005
          5037.89     -8.4533753E-005
          5049.18     -8.7221636E-005
          5060.47     -8.9955224E-005
          5071.76     -9.2733119E-005
          5083.05     -9.5553930E-005
          5094.34     -9.8416263E-005
          5105.62     -1.0131874E-004
          5116.91     -1.0425997E-004
          5128.20     -1.0723860E-004
          5139.49     -1.1025324E-004
          5150.78     -1.1332812E-004
          5162.07     -1.1648543E-004
          5173.36     -1.1972080E-004
          5184.65     -1.2302984E-004
          5195.94     -1.2640821E-004
          5207.23     -1.2985155E-004
          5218.52     -1.3335555E-004
          5229.80     -1.3691586E-004
          5241.09     -1.4052818E-004
          5252.38     -1.4418820E-004
          5263.67     -1.4789163E-004
          5274.96     -1.5163416E-004
          5286.25     -1.5541151E-004
          5297.54     -1.5921974E-004
          5308.83     -1.6305482E-004
          5320.12     -1.6691235E-004
          5331.41     -1.7078794E-004
          5342.70     -1.7467720E-004
          5353.98     -1.7857575E-004
          5365.27     -1.8247922E-004
          5376.56     -1.8638321E-004
          5387.85     -1.9028335E-004
          5399.14     -1.9417528E-004
          5410.43     -1.9805460E-004
          5421.72     -2.0191694E-004
          5433.01     -2.0575793E-004
          5444.30     -2.0957319E-004
          5455.59     -2.1336935E-004
          5466.88     -2.1715528E-004
          5478.16     -2.2092995E-004
          5489.45     -2.2469232E-004
          5500.74     -2.2844133E-004
          5512.03     -2.3217595E-004
          5523.32     -2.3589511E-004
          5534.61     -2.3959777E-004
          5545.90     -2.4328286E-004
          5557.19     -2.4694933E-004
          5568.48     -2.5059612E-004
          5579.77     -2.5422213E-004
          5591.05     -2.5782629E-004
          5602.34     -2.6141445E-004
          5613.63     -2.6499314E-004
          5624.92     -2.6856228E-004
          5636.21     -2.7212177E-004
          5647.50     -2.7567152E-004
          5658.79     -2.7921143E-004
          5670.08     -2.8274141E-004
          5681.37     -2.8626126E-004
          5692.66     -2.8977072E-004
          5703.95     -2.9327087E-004
          5715.23     -2.9676296E-004
          5726.52     -3.0024695E-004
          5737.81     -3.0372207E-004
          5749.10     -3.0718747E-004
          5760.39     -3.1064293E-004
          5771.68     -3.1408904E-004
          5782.97     -3.1752654E-004
          5794.26     -3.2095554E-004
          5805.55     -3.2437620E-004
          5816.84     -3.2778869E-004
          5828.12     -3.3119355E-004
          5839.41     -3.3459113E-004
          5850.70     -3.3798134E-004
          5861.99     -3.4136408E-004
          5873.28     -3.4473924E-004
          5884.57     -3.4810847E-004
          5895.86     -3.5147281E-004
          5907.15     -3.5483122E-004
          5918.44     -3.5818266E-004
          5929.73     -3.6152713E-004
          5941.02     -3.6486349E-004
          5952.30     -3.6818900E-004
          5963.59     -3.7150092E-004
          5974.88     -3.7479272E-004
          5986.17     -3.7805554E-004
          5997.46     -3.8128314E-004
          6008.75     -3.8446937E-004
          6020.04     -3.8760811E-004
          6031.33     -3.9066407E-004
          6042.62     -3.9359638E-004
          6053.91     -3.9639073E-004
          6065.20     -3.9903289E-004
          6076.48     -4.0147843E-004
          6087.77     -4.0367930E-004
          6099.06     -4.0561595E-004
          6110.35     -4.0726889E-004
          6121.64     -4.0861866E-004
          6132.93     -4.0977728E-004
          6144.22     -4.1086776E-004
          6155.51     -4.1190810E-004
          6166.80     -4.1291788E-004
          6178.09     -4.1389462E-004
          6189.38     -4.1483574E-004
          6200.66     -4.1574047E-004
          6211.95     -4.1660800E-004
          6223.24     -4.1743775E-004
          6234.53     -4.1822910E-004
          6245.82     -4.1898128E-004
          6257.11     -4.1969350E-004
          6268.40     -4.2036497E-004
          6279.69     -4.2100561E-004
          6290.98     -4.2162588E-004
          6302.27     -4.2222572E-004
          6313.55     -4.2280508E-004
          6324.84     -4.2336390E-004
          6336.13     -4.2390212E-004
          6347.42     -4.2441968E-004
          6358.71     -4.2491650E-004
          6370.00     -4.2539253E-004
