          3480.00      0.0000000E+000
          3491.29     -5.1253899E+002
          3502.58     -5.4435746E+002
          3513.87     -5.7384438E+002
          3525.16     -6.0128888E+002
          3536.45     -6.2694746E+002
          3547.73     -6.5104867E+002
          3559.02     -6.7379692E+002
          3570.31     -6.9537579E+002
          3581.60     -7.1595060E+002
          3592.89     -7.3567055E+002
          3604.18     -7.5467077E+002
          3615.47     -7.7307395E+002
          3626.76     -7.9099151E+002
          3638.05     -8.0852462E+002
          3649.34     -8.2512052E+002
          3660.62     -8.4050873E+002
          3671.91     -8.5511528E+002
          3683.20     -8.6926717E+002
          3694.49     -8.8321605E+002
          3705.78     -8.9715662E+002
          3717.07     -9.1124078E+002
          3728.36     -9.2558845E+002
          3739.65     -9.4029557E+002
          3750.94     -9.5544048E+002
          3762.23     -9.7108853E+002
          3773.52     -9.8729575E+002
          3784.80     -1.0041116E+003
          3796.09     -1.0206294E+003
          3807.38     -1.0363308E+003
          3818.67     -1.0517462E+003
          3829.96     -1.0672927E+003
          3841.25     -1.0832971E+003
          3852.54     -1.1000158E+003
          3863.83     -1.1176520E+003
          3875.12     -1.1363703E+003
          3886.41     -1.1563075E+003
          3897.70     -1.1775823E+003
          3908.98     -1.2003018E+003
          3920.27     -1.2245679E+003
          3931.56     -1.2504812E+003
          3942.85     -1.2770963E+003
          3954.14     -1.3039501E+003
          3965.43     -1.3317703E+003
          3976.72     -1.3611743E+003
          3988.01     -1.3926974E+003
          3999.30     -1.4268203E+003
          4010.59     -1.4639930E+003
          4021.88     -1.5046573E+003
          4033.16     -1.5492670E+003
          4044.45     -1.5983075E+003
          4055.74     -1.6523156E+003
          4067.03     -1.7119006E+003
          4078.32     -1.7777681E+003
          4089.61     -1.8522199E+003
          4100.90     -1.9381480E+003
          4112.19     -2.0375586E+003
          4123.48     -2.1530186E+003
          4134.77     -2.2878689E+003
          4146.05     -2.4465377E+003
          4157.34     -2.6350140E+003
          4168.63     -2.8615938E+003
          4179.92     -3.1380945E+003
          4191.21     -3.4819287E+003
          4202.50     -3.9198413E+003
          4213.79     -4.4951020E+003
          4225.08     -5.2825676E+003
          4236.37     -6.4895380E+003
          4247.66     -8.6361494E+003
          4258.95     -1.3325470E+004
          4270.23     -3.0898335E+004
          4281.52     -8.4458531E+004
          4292.81     -1.7468289E+004
          4304.10     -9.6523727E+003
          4315.39     -6.6354382E+003
          4326.68     -5.0401890E+003
          4337.97     -4.0554834E+003
          4349.26     -3.3882456E+003
          4360.55     -2.9068828E+003
          4371.84     -2.5435709E+003
          4383.12     -2.2598249E+003
          4394.41     -2.0309668E+003
          4405.70     -1.8418769E+003
          4416.99     -1.6834383E+003
          4428.28     -1.5490263E+003
          4439.57     -1.4337338E+003
          4450.86     -1.3338632E+003
          4462.15     -1.2465850E+003
          4473.44     -1.1697028E+003
          4484.73     -1.1014902E+003
          4496.02     -1.0405739E+003
          4507.30     -9.8585022E+002
          4518.59     -9.3642310E+002
          4529.88     -8.9244872E+002
          4541.17     -8.5585363E+002
          4552.46     -8.2639984E+002
          4563.75     -8.0185172E+002
          4575.04     -7.8070338E+002
          4586.33     -7.6191912E+002
          4597.62     -7.4477847E+002
          4608.91     -7.2877890E+002
          4620.20     -7.1357177E+002
          4631.48     -6.9891862E+002
          4642.77     -6.8466035E+002
          4654.06     -6.7069493E+002
          4665.35     -6.5696102E+002
          4676.64     -6.4649198E+002
          4687.93     -6.4098716E+002
          4699.22     -6.3889013E+002
          4710.51     -6.3909056E+002
          4721.80     -6.4076889E+002
          4733.09     -6.4330581E+002
          4744.38     -6.4622735E+002
          4755.66     -6.4917003E+002
          4766.95     -6.5185758E+002
          4778.24     -6.5408457E+002
          4789.53     -6.5570408E+002
          4800.82     -6.5661778E+002
          4812.11     -6.5676765E+002
          4823.40     -6.5612865E+002
          4834.69     -6.5777506E+002
          4845.98     -6.6382602E+002
          4857.27     -6.7314505E+002
          4868.55     -6.8487605E+002
          4879.84     -6.9834637E+002
          4891.13     -7.1300940E+002
          4902.42     -7.2840976E+002
          4913.71     -7.4416194E+002
          4925.00     -7.5993730E+002
          4936.29     -7.7545591E+002
          4947.58     -7.9048138E+002
          4958.87     -8.0481733E+002
          4970.16     -8.1830459E+002
          4981.45     -8.3376733E+002
          4992.73     -8.5347102E+002
          5004.02     -8.7661394E+002
          5015.31     -9.0255634E+002
          5026.60     -9.3076645E+002
          5037.89     -9.6078682E+002
          5049.18     -9.9221319E+002
          5060.47     -1.0246813E+003
          5071.76     -1.0578591E+003
          5083.05     -1.0914422E+003
          5094.34     -1.1251519E+003
          5105.62     -1.1587341E+003
          5116.91     -1.1919592E+003
          5128.20     -1.2264549E+003
          5139.49     -1.2636441E+003
          5150.78     -1.3030612E+003
          5162.07     -1.3442966E+003
          5173.36     -1.3869833E+003
          5184.65     -1.4307893E+003
          5195.94     -1.4754125E+003
          5207.23     -1.5205779E+003
          5218.52     -1.5660356E+003
          5229.80     -1.6115603E+003
          5241.09     -1.6569504E+003
          5252.38     -1.7020280E+003
          5263.67     -1.7466382E+003
          5274.96     -1.7882675E+003
          5286.25     -1.8227782E+003
          5297.54     -1.8490775E+003
          5308.83     -1.8683681E+003
          5320.12     -1.8818277E+003
          5331.41     -1.8905505E+003
          5342.70     -1.8955154E+003
          5353.98     -1.8975721E+003
          5365.27     -1.8974403E+003
          5376.56     -1.8957174E+003
          5387.85     -1.8928909E+003
          5399.14     -1.8893523E+003
          5410.43     -1.8854113E+003
          5421.72     -1.8665444E+003
          5433.01     -1.8243582E+003
          5444.30     -1.7675741E+003
          5455.59     -1.7032315E+003
          5466.88     -1.6364495E+003
          5478.16     -1.5706442E+003
          5489.45     -1.5079093E+003
          5500.74     -1.4493943E+003
          5512.03     -1.3956170E+003
          5523.32     -1.3466930E+003
          5534.61     -1.3024968E+003
          5545.90     -1.2627685E+003
          5557.19     -1.2271816E+003
          5568.48     -1.1953863E+003
          5579.77     -1.1638885E+003
          5591.05     -1.1265570E+003
          5602.34     -1.0831599E+003
          5613.63     -1.0376879E+003
          5624.92     -9.9280590E+002
          5636.21     -9.5013741E+002
          5647.50     -9.1056428E+002
          5658.79     -8.7447608E+002
          5670.08     -8.4195427E+002
          5681.37     -8.1290175E+002
          5692.66     -7.8712398E+002
          5703.95     -7.6437786E+002
          5715.23     -7.4440461E+002
          5726.52     -5.0983164E+002
          5737.81     -2.5845009E+002
          5749.10     -1.2648397E+002
          5760.39     -5.7794923E+001
          5771.68     -1.8825011E+001
          5782.97      5.1681421E+000
          5794.26      2.0938601E+001
          5805.55      3.1844000E+001
          5816.84      3.9687180E+001
          5828.12      4.5502266E+001
          5839.41      4.9915967E+001
          5850.70      5.3325890E+001
          5861.99      5.5994150E+001
          5873.28      5.8062854E+001
          5884.57      5.9652191E+001
          5895.86      6.0881602E+001
          5907.15      6.1832436E+001
          5918.44      6.2561883E+001
          5929.73      6.3111213E+001
          5941.02      6.3510877E+001
          5952.30      6.3783728E+001
          5963.59      6.3947148E+001
          5974.88      6.4014484E+001
          5986.17      6.3996040E+001
          5997.46      6.3899787E+001
          6008.75      6.3731876E+001
          6020.04      6.3466593E+001
          6031.33      6.3087156E+001
          6042.62      6.2608507E+001
          6053.91      6.2042011E+001
          6065.20      6.1396411E+001
          6076.48      6.0678486E+001
          6087.77      5.9893513E+001
          6099.06      5.9045579E+001
          6110.35      5.8137808E+001
          6121.64      5.7172524E+001
          6132.93      5.6151354E+001
          6144.22      5.5075322E+001
          6155.51      5.3944930E+001
          6166.80      5.2720466E+001
          6178.09      5.1364527E+001
          6189.38      4.9879210E+001
          6200.66      4.8264862E+001
          6211.95      4.6520284E+001
          6223.24      4.4642861E+001
          6234.53      4.2628624E+001
          6245.82      4.0472241E+001
          6257.11      3.8166972E+001
          6268.40      3.5704587E+001
          6279.69      3.3075210E+001
          6290.98      3.0267141E+001
          6302.27      2.7197534E+001
          6313.55      2.3775507E+001
          6324.84      1.9970482E+001
          6336.13      1.5743987E+001
          6347.42      1.1048293E+001
          6358.71      5.8245191E+000
          6370.00      0.0000000E+000
