          3480.00     -2.3059593E-004
          3491.29     -2.3102845E-004
          3502.58     -2.3141034E-004
          3513.87     -2.3174222E-004
          3525.16     -2.3202465E-004
          3536.45     -2.3225816E-004
          3547.73     -2.3244324E-004
          3559.02     -2.3258034E-004
          3570.31     -2.3266986E-004
          3581.60     -2.3271217E-004
          3592.89     -2.3270760E-004
          3604.18     -2.3265646E-004
          3615.47     -2.3255903E-004
          3626.76     -2.3241554E-004
          3638.05     -2.3222621E-004
          3649.34     -2.3199157E-004
          3660.62     -2.3171221E-004
          3671.91     -2.3138843E-004
          3683.20     -2.3102051E-004
          3694.49     -2.3060870E-004
          3705.78     -2.3015320E-004
          3717.07     -2.2965420E-004
          3728.36     -2.2911186E-004
          3739.65     -2.2852629E-004
          3750.94     -2.2789761E-004
          3762.23     -2.2722588E-004
          3773.52     -2.2651116E-004
          3784.80     -2.2575346E-004
          3796.09     -2.2495334E-004
          3807.38     -2.2411154E-004
          3818.67     -2.2322836E-004
          3829.96     -2.2230403E-004
          3841.25     -2.2133879E-004
          3852.54     -2.2033285E-004
          3863.83     -2.1928638E-004
          3875.12     -2.1819955E-004
          3886.41     -2.1707248E-004
          3897.70     -2.1590530E-004
          3908.98     -2.1469809E-004
          3920.27     -2.1345092E-004
          3931.56     -2.1216385E-004
          3942.85     -2.1083785E-004
          3954.14     -2.0947434E-004
          3965.43     -2.0807395E-004
          3976.72     -2.0663732E-004
          3988.01     -2.0516505E-004
          3999.30     -2.0365774E-004
          4010.59     -2.0211594E-004
          4021.88     -2.0054021E-004
          4033.16     -1.9893109E-004
          4044.45     -1.9728907E-004
          4055.74     -1.9561466E-004
          4067.03     -1.9390835E-004
          4078.32     -1.9217059E-004
          4089.61     -1.9040448E-004
          4100.90     -1.8861380E-004
          4112.19     -1.8679997E-004
          4123.48     -1.8496442E-004
          4134.77     -1.8310857E-004
          4146.05     -1.8123381E-004
          4157.34     -1.7934153E-004
          4168.63     -1.7743311E-004
          4179.92     -1.7550990E-004
          4191.21     -1.7357325E-004
          4202.50     -1.7162452E-004
          4213.79     -1.6966503E-004
          4225.08     -1.6769612E-004
          4236.37     -1.6572494E-004
          4247.66     -1.6375940E-004
          4258.95     -1.6180190E-004
          4270.23     -1.5985483E-004
          4281.52     -1.5792059E-004
          4292.81     -1.5600156E-004
          4304.10     -1.5410014E-004
          4315.39     -1.5221870E-004
          4326.68     -1.5035965E-004
          4337.97     -1.4852536E-004
          4349.26     -1.4671824E-004
          4360.55     -1.4494068E-004
          4371.84     -1.4319507E-004
          4383.12     -1.4148382E-004
          4394.41     -1.3981053E-004
          4405.70     -1.3817886E-004
          4416.99     -1.3659138E-004
          4428.28     -1.3505065E-004
          4439.57     -1.3355922E-004
          4450.86     -1.3211967E-004
          4462.15     -1.3073459E-004
          4473.44     -1.2940658E-004
          4484.73     -1.2813824E-004
          4496.02     -1.2693221E-004
          4507.30     -1.2579110E-004
          4518.59     -1.2471758E-004
          4529.88     -1.2371004E-004
          4541.17     -1.2275530E-004
          4552.46     -1.2184382E-004
          4563.75     -1.2097722E-004
          4575.04     -1.2015710E-004
          4586.33     -1.1938510E-004
          4597.62     -1.1866285E-004
          4608.91     -1.1799200E-004
          4620.20     -1.1737420E-004
          4631.48     -1.1681113E-004
          4642.77     -1.1630447E-004
          4654.06     -1.1585591E-004
          4665.35     -1.1546716E-004
          4676.64     -1.1511828E-004
          4687.93     -1.1478855E-004
          4699.22     -1.1447857E-004
          4710.51     -1.1418894E-004
          4721.80     -1.1392026E-004
          4733.09     -1.1367313E-004
          4744.38     -1.1344817E-004
          4755.66     -1.1324598E-004
          4766.95     -1.1306719E-004
          4778.24     -1.1291242E-004
          4789.53     -1.1278229E-004
          4800.82     -1.1267743E-004
          4812.11     -1.1259849E-004
          4823.40     -1.1254609E-004
          4834.69     -1.1250757E-004
          4845.98     -1.1246988E-004
          4857.27     -1.1243313E-004
          4868.55     -1.1239740E-004
          4879.84     -1.1236279E-004
          4891.13     -1.1232939E-004
          4902.42     -1.1229730E-004
          4913.71     -1.1226660E-004
          4925.00     -1.1223738E-004
          4936.29     -1.1220973E-004
          4947.58     -1.1218375E-004
          4958.87     -1.1215951E-004
          4970.16     -1.1213712E-004
          4981.45     -1.1211218E-004
          4992.73     -1.1208020E-004
          5004.02     -1.1204112E-004
          5015.31     -1.1199483E-004
          5026.60     -1.1194126E-004
          5037.89     -1.1188032E-004
          5049.18     -1.1181192E-004
          5060.47     -1.1173596E-004
          5071.76     -1.1165234E-004
          5083.05     -1.1156097E-004
          5094.34     -1.1146175E-004
          5105.62     -1.1135457E-004
          5116.91     -1.1123933E-004
          5128.20     -1.1111522E-004
          5139.49     -1.1098141E-004
          5150.78     -1.1083775E-004
          5162.07     -1.1068411E-004
          5173.36     -1.1052034E-004
          5184.65     -1.1034628E-004
          5195.94     -1.1016178E-004
          5207.23     -1.0996669E-004
          5218.52     -1.0976086E-004
          5229.80     -1.0954410E-004
          5241.09     -1.0931628E-004
          5252.38     -1.0907721E-004
          5263.67     -1.0882673E-004
          5274.96     -1.0856486E-004
          5286.25     -1.0829176E-004
          5297.54     -1.0800744E-004
          5308.83     -1.0771173E-004
          5320.12     -1.0740448E-004
          5331.41     -1.0708554E-004
          5342.70     -1.0675474E-004
          5353.98     -1.0641192E-004
          5365.27     -1.0605691E-004
          5376.56     -1.0568955E-004
          5387.85     -1.0530967E-004
          5399.14     -1.0491708E-004
          5410.43     -1.0451162E-004
          5421.72     -1.0409310E-004
          5433.01     -1.0366140E-004
          5444.30     -1.0321643E-004
          5455.59     -1.0275809E-004
          5466.88     -1.0228630E-004
          5478.16     -1.0180094E-004
          5489.45     -1.0130192E-004
          5500.74     -1.0078914E-004
          5512.03     -1.0026250E-004
          5523.32     -9.9721871E-005
          5534.61     -9.9167156E-005
          5545.90     -9.8598239E-005
          5557.19     -9.8015002E-005
          5568.48     -9.7417327E-005
          5579.77     -9.6804688E-005
          5591.05     -9.6175974E-005
          5602.34     -9.5530580E-005
          5613.63     -9.4868566E-005
          5624.92     -9.4189988E-005
          5636.21     -9.3494901E-005
          5647.50     -9.2783357E-005
          5658.79     -9.2055404E-005
          5670.08     -9.1311090E-005
          5681.37     -9.0550493E-005
          5692.66     -8.9773727E-005
          5703.95     -8.8980903E-005
          5715.23     -8.8172130E-005
          5726.52     -8.7194353E-005
          5737.81     -8.5911363E-005
          5749.10     -8.4348334E-005
          5760.39     -8.2530171E-005
          5771.68     -8.0481500E-005
          5782.97     -7.8226670E-005
          5794.26     -7.5789677E-005
          5805.55     -7.3194243E-005
          5816.84     -7.0463978E-005
          5828.12     -6.7622367E-005
          5839.41     -6.4692791E-005
          5850.70     -6.1698521E-005
          5861.99     -5.8662724E-005
          5873.28     -5.5607496E-005
          5884.57     -5.2549591E-005
          5895.86     -4.9504050E-005
          5907.15     -4.6485865E-005
          5918.44     -4.3509992E-005
          5929.73     -4.0591339E-005
          5941.02     -3.7744714E-005
          5952.30     -3.4984816E-005
          5963.59     -3.2326247E-005
          5974.88     -2.9783502E-005
          5986.17     -2.7370981E-005
          5997.46     -2.5102975E-005
          6008.75     -2.2993644E-005
          6020.04     -2.1002075E-005
          6031.33     -1.9081615E-005
          6042.62     -1.7237675E-005
          6053.91     -1.5475649E-005
          6065.20     -1.3800903E-005
          6076.48     -1.2218775E-005
          6087.77     -1.0734576E-005
          6099.06     -9.3536033E-006
          6110.35     -8.0811493E-006
          6121.64     -6.9225080E-006
          6132.93     -5.8829858E-006
          6144.22     -4.9678845E-006
          6155.51     -4.1824601E-006
          6166.80     -3.4894573E-006
          6178.09     -2.8494389E-006
          6189.38     -2.2643469E-006
          6200.66     -1.7361256E-006
          6211.95     -1.2667275E-006
          6223.24     -8.5811348E-007
          6234.53     -5.1225425E-007
          6245.82     -2.3112858E-007
          6257.11     -1.6724835E-008
          6268.40      1.2895854E-007
          6279.69      2.0391400E-007
          6290.98      2.0612330E-007
          6302.27      1.7204835E-007
          6313.55      1.3950608E-007
          6324.84      1.0850243E-007
          6336.13      7.9043542E-008
          6347.42      5.1135767E-008
          6358.71      2.4785707E-008
          6370.00     -8.3526947E-040
