          3480.00     -3.1076277E-031
          3491.29      1.5157961E-013
          3502.58      3.2576617E-013
          3513.87      5.2219385E-013
          3525.16      7.4075631E-013
          3536.45      9.8159467E-013
          3547.73      1.2450864E-012
          3559.02      1.5318363E-012
          3570.31      1.8426720E-012
          3581.60      2.1786387E-012
          3592.89      2.5409978E-012
          3604.18      2.9312267E-012
          3615.47      3.3510187E-012
          3626.76      3.8022888E-012
          3638.05      4.2871782E-012
          3649.34      4.8075029E-012
          3660.62      5.3651714E-012
          3671.91      5.9628132E-012
          3683.20      6.6033026E-012
          3694.49      7.2897695E-012
          3705.78      8.0256083E-012
          3717.07      8.8144948E-012
          3728.36      9.6603981E-012
          3739.65      1.0567595E-011
          3750.94      1.1540691E-011
          3762.23      1.2584636E-011
          3773.52      1.3704748E-011
          3784.80      1.4906733E-011
          3796.09      1.6196093E-011
          3807.38      1.7578573E-011
          3818.67      1.9060891E-011
          3829.96      2.0650238E-011
          3841.25      2.2354320E-011
          3852.54      2.4181378E-011
          3863.83      2.6140223E-011
          3875.12      2.8240277E-011
          3886.41      3.0491600E-011
          3897.70      3.2904941E-011
          3908.98      3.5491779E-011
          3920.27      3.8264355E-011
          3931.56      4.1235742E-011
          3942.85      4.4417465E-011
          3954.14      4.7821703E-011
          3965.43      5.1463861E-011
          3976.72      5.5360330E-011
          3988.01      5.9528568E-011
          3999.30      6.3987151E-011
          4010.59      6.8755837E-011
          4021.88      7.3855657E-011
          4033.16      7.9308979E-011
          4044.45      8.5139592E-011
          4055.74      9.1372800E-011
          4067.03      9.8035489E-011
          4078.32      1.0515626E-010
          4089.61      1.1275067E-010
          4100.90      1.2083624E-010
          4112.19      1.2944723E-010
          4123.48      1.3861977E-010
          4134.77      1.4839200E-010
          4146.05      1.5880418E-010
          4157.34      1.6989884E-010
          4168.63      1.8172097E-010
          4179.92      1.9431812E-010
          4191.21      2.0774055E-010
          4202.50      2.2204147E-010
          4213.79      2.3727715E-010
          4225.08      2.5350713E-010
          4236.37      2.7074431E-010
          4247.66      2.8900718E-010
          4258.95      3.0836855E-010
          4270.23      3.2890457E-010
          4281.52      3.5069483E-010
          4292.81      3.7382282E-010
          4304.10      3.9837610E-010
          4315.39      4.2444658E-010
          4326.68      4.5213089E-010
          4337.97      4.8153053E-010
          4349.26      5.1275238E-010
          4360.55      5.4590890E-010
          4371.84      5.8111842E-010
          4383.12      6.1850564E-010
          4394.41      6.5818495E-010
          4405.70      7.0027863E-010
          4416.99      7.4493364E-010
          4428.28      7.9230444E-010
          4439.57      8.4255363E-010
          4450.86      8.9585233E-010
          4462.15      9.5238050E-010
          4473.44      1.0123277E-009
          4484.73      1.0758935E-009
          4496.02      1.1432880E-009
          4507.30      1.2147325E-009
          4518.59      1.2904596E-009
          4529.88      1.3708280E-009
          4541.17      1.4565260E-009
          4552.46      1.5481238E-009
          4563.75      1.6458800E-009
          4575.04      1.7500744E-009
          4586.33      1.8610082E-009
          4597.62      1.9790050E-009
          4608.91      2.1044108E-009
          4620.20      2.2375956E-009
          4631.48      2.3789536E-009
          4642.77      2.5289038E-009
          4654.06      2.6878917E-009
          4665.35      2.8563900E-009
          4676.64      3.0363901E-009
          4687.93      3.2298456E-009
          4699.22      3.4372300E-009
          4710.51      3.6590689E-009
          4721.80      3.8959402E-009
          4733.09      4.1484741E-009
          4744.38      4.4173552E-009
          4755.66      4.7033233E-009
          4766.95      5.0071744E-009
          4778.24      5.3297629E-009
          4789.53      5.6720021E-009
          4800.82      6.0348677E-009
          4812.11      6.4193991E-009
          4823.40      6.8267009E-009
          4834.69      7.2612582E-009
          4845.98      7.7274959E-009
          4857.27      8.2265673E-009
          4868.55      8.7597442E-009
          4879.84      9.3284169E-009
          4891.13      9.9340990E-009
          4902.42      1.0578429E-008
          4913.71      1.1263172E-008
          4925.00      1.1990224E-008
          4936.29      1.2761618E-008
          4947.58      1.3579526E-008
          4958.87      1.4446262E-008
          4970.16      1.5364291E-008
          4981.45      1.6340610E-008
          4992.73      1.7382221E-008
          5004.02      1.8491875E-008
          5015.31      1.9672547E-008
          5026.60      2.0927445E-008
          5037.89      2.2260013E-008
          5049.18      2.3673940E-008
          5060.47      2.5173164E-008
          5071.76      2.6761887E-008
          5083.05      2.8444582E-008
          5094.34      3.0225995E-008
          5105.62      3.2111169E-008
          5116.91      3.4105447E-008
          5128.20      3.6217259E-008
          5139.49      3.8455255E-008
          5150.78      4.0825622E-008
          5162.07      4.3334938E-008
          5173.36      4.5990184E-008
          5184.65      4.8798749E-008
          5195.94      5.1768464E-008
          5207.23      5.4907611E-008
          5218.52      5.8224940E-008
          5229.80      6.1729696E-008
          5241.09      6.5431627E-008
          5252.38      6.9341024E-008
          5263.67      7.3468737E-008
          5274.96      7.7822631E-008
          5286.25      8.2408250E-008
          5297.54      8.7235547E-008
          5308.83      9.2318271E-008
          5320.12      9.7670811E-008
          5331.41      1.0330820E-007
          5342.70      1.0924620E-007
          5353.98      1.1550130E-007
          5365.27      1.2209074E-007
          5376.56      1.2903264E-007
          5387.85      1.3634592E-007
          5399.14      1.4405045E-007
          5410.43      1.5216703E-007
          5421.72      1.6067767E-007
          5433.01      1.6956804E-007
          5444.30      1.7886571E-007
          5455.59      1.8859901E-007
          5466.88      1.9879712E-007
          5478.16      2.0949017E-007
          5489.45      2.2070928E-007
          5500.74      2.3248667E-007
          5512.03      2.4485573E-007
          5523.32      2.5785109E-007
          5534.61      2.7150877E-007
          5545.90      2.8586614E-007
          5557.19      3.0096215E-007
          5568.48      3.1683734E-007
          5579.77      3.3349191E-007
          5591.05      3.5086777E-007
          5602.34      3.6895790E-007
          5613.63      3.8782309E-007
          5624.92      4.0752532E-007
          5636.21      4.2812792E-007
          5647.50      4.4969581E-007
          5658.79      4.7229564E-007
          5670.08      4.9599598E-007
          5681.37      5.2086764E-007
          5692.66      5.4698378E-007
          5703.95      5.7442003E-007
          5715.23      6.0325463E-007
          5726.52      6.1604892E-007
          5737.81      5.9728291E-007
          5749.10      5.4978466E-007
          5760.39      4.7622025E-007
          5771.68      3.7910722E-007
          5782.97      2.6082754E-007
          5794.26      1.2363581E-007
          5805.55     -3.0321320E-008
          5816.84     -1.9898147E-007
          5828.12     -3.8035585E-007
          5839.41     -5.7251830E-007
          5850.70     -7.7359534E-007
          5861.99     -9.8175668E-007
          5873.28     -1.1932888E-006
          5884.57     -1.4052523E-006
          5895.86     -1.6170007E-006
          5907.15     -1.8278804E-006
          5918.44     -2.0372251E-006
          5929.73     -2.2443527E-006
          5941.02     -2.4485664E-006
          5952.30     -2.6491516E-006
          5963.59     -2.8453712E-006
          5974.88     -3.0364629E-006
          5986.17     -3.2216341E-006
          5997.46     -3.4000598E-006
          6008.75     -3.5708804E-006
          6020.04     -3.7306912E-006
          6031.33     -3.8769617E-006
          6042.62     -4.0100602E-006
          6053.91     -4.1302799E-006
          6065.20     -4.2378410E-006
          6076.48     -4.3328926E-006
          6087.77     -4.4155137E-006
          6099.06     -4.4857134E-006
          6110.35     -4.5434301E-006
          6121.64     -4.5885311E-006
          6132.93     -4.6208100E-006
          6144.22     -4.6399879E-006
          6155.51     -4.6457176E-006
          6166.80     -4.6332774E-006
          6178.09     -4.5983351E-006
          6189.38     -4.5409959E-006
          6200.66     -4.4612574E-006
          6211.95     -4.3590098E-006
          6223.24     -4.2340365E-006
          6234.53     -4.0860154E-006
          6245.82     -3.9145178E-006
          6257.11     -3.7190087E-006
          6268.40     -3.4988468E-006
          6279.69     -3.2532826E-006
          6290.98     -2.9814579E-006
          6302.27     -2.6767596E-006
          6313.55     -2.3328905E-006
          6324.84     -1.9492663E-006
          6336.13     -1.5251443E-006
          6347.42     -1.0596242E-006
          6358.71     -5.5164858E-007
          6370.00     -1.6674017E-039
