          3480.00     -3.1974136E-029
          3491.29      4.4377767E-015
          3502.58      9.6092562E-015
          3513.87      1.5504793E-014
          3525.16      2.2127541E-014
          3536.45      2.9492794E-014
          3547.73      3.7627463E-014
          3559.02      4.6569720E-014
          3570.31      5.6368855E-014
          3581.60      6.7085220E-014
          3592.89      7.8790339E-014
          3604.18      9.1567162E-014
          3615.47      1.0551037E-013
          3626.76      1.2072698E-013
          3638.05      1.3733692E-013
          3649.34      1.5546569E-013
          3660.62      1.7524641E-013
          3671.91      1.9683197E-013
          3683.20      2.2039142E-013
          3694.49      2.4611103E-013
          3705.78      2.7419547E-013
          3717.07      3.0486928E-013
          3728.36      3.3837835E-013
          3739.65      3.7499152E-013
          3750.94      4.1500257E-013
          3762.23      4.5873218E-013
          3773.52      5.0653011E-013
          3784.80      5.5877775E-013
          3796.09      6.1592661E-013
          3807.38      6.7845164E-013
          3818.67      7.4682575E-013
          3829.96      8.2156592E-013
          3841.25      9.0323689E-013
          3852.54      9.9245461E-013
          3863.83      1.0898903E-012
          3875.12      1.1962747E-012
          3886.41      1.3124027E-012
          3897.70      1.4391390E-012
          3908.98      1.5774231E-012
          3920.27      1.7282754E-012
          3931.56      1.8928040E-012
          3942.85      2.0723311E-012
          3954.14      2.2682393E-012
          3965.43      2.4818846E-012
          3976.72      2.7147441E-012
          3988.01      2.9684257E-012
          3999.30      3.2446773E-012
          4010.59      3.5453959E-012
          4021.88      3.8726409E-012
          4033.16      4.2286445E-012
          4044.45      4.6158255E-012
          4055.74      5.0368037E-012
          4067.03      5.4944136E-012
          4078.32      5.9917233E-012
          4089.61      6.5317658E-012
          4100.90      7.1177653E-012
          4112.19      7.7534775E-012
          4123.48      8.4429589E-012
          4134.77      9.1905900E-012
          4146.05      1.0001100E-011
          4157.34      1.0879588E-011
          4168.63      1.1831558E-011
          4179.92      1.2862943E-011
          4191.21      1.3980137E-011
          4202.50      1.5190031E-011
          4213.79      1.6500048E-011
          4225.08      1.7918186E-011
          4236.37      1.9450132E-011
          4247.66      2.1102253E-011
          4258.95      2.2884505E-011
          4270.23      2.4807526E-011
          4281.52      2.6882684E-011
          4292.81      2.9122153E-011
          4304.10      3.1538960E-011
          4315.39      3.4147057E-011
          4326.68      3.6961391E-011
          4337.97      3.9997968E-011
          4349.26      4.3273946E-011
          4360.55      4.6807714E-011
          4371.84      5.0618965E-011
          4383.12      5.4728811E-011
          4394.41      5.9158286E-011
          4405.70      6.3930118E-011
          4416.99      6.9070366E-011
          4428.28      7.4606888E-011
          4439.57      8.0569501E-011
          4450.86      8.6990102E-011
          4462.15      9.3902794E-011
          4473.44      1.0134408E-010
          4484.73      1.0935300E-010
          4496.02      1.1797132E-010
          4507.30      1.2724370E-010
          4518.59      1.3721790E-010
          4529.88      1.4795905E-010
          4541.17      1.5957607E-010
          4552.46      1.7216495E-010
          4563.75      1.8578452E-010
          4575.04      2.0049903E-010
          4586.33      2.1637841E-010
          4597.62      2.3349854E-010
          4608.91      2.5194148E-010
          4620.20      2.7179589E-010
          4631.48      2.9315731E-010
          4642.77      3.1612849E-010
          4654.06      3.4081990E-010
          4665.35      3.6735013E-010
          4676.64      3.9608567E-010
          4687.93      4.2738879E-010
          4699.22      4.6138904E-010
          4710.51      4.9823113E-010
          4721.80      5.3807522E-010
          4733.09      5.8109735E-010
          4744.38      6.2749021E-010
          4755.66      6.7746366E-010
          4766.95      7.3124553E-010
          4778.24      7.8908250E-010
          4789.53      8.5124079E-010
          4800.82      9.1800753E-010
          4812.11      9.8969165E-010
          4823.40      1.0666249E-009
          4834.69      1.1498376E-009
          4845.98      1.2403503E-009
          4857.27      1.3385291E-009
          4868.55      1.4447815E-009
          4879.84      1.5595577E-009
          4891.13      1.6833522E-009
          4902.42      1.8167054E-009
          4913.71      1.9602050E-009
          4925.00      2.1144888E-009
          4936.29      2.2802465E-009
          4947.58      2.4582225E-009
          4958.87      2.6492187E-009
          4970.16      2.8540971E-009
          4981.45      3.0748883E-009
          4992.73      3.3136367E-009
          5004.02      3.5713403E-009
          5015.31      3.8490932E-009
          5026.60      4.1480876E-009
          5037.89      4.4696188E-009
          5049.18      4.8150894E-009
          5060.47      5.1860139E-009
          5071.76      5.5840253E-009
          5083.05      6.0108812E-009
          5094.34      6.4684682E-009
          5105.62      6.9588121E-009
          5116.91      7.4840835E-009
          5128.20      8.0474632E-009
          5139.49      8.6522500E-009
          5150.78      9.3010453E-009
          5162.07      9.9966486E-009
          5173.36      1.0742066E-008
          5184.65      1.1540520E-008
          5195.94      1.2395465E-008
          5207.23      1.3310595E-008
          5218.52      1.4289863E-008
          5229.80      1.5337492E-008
          5241.09      1.6457991E-008
          5252.38      1.7656173E-008
          5263.67      1.8937175E-008
          5274.96      2.0305120E-008
          5286.25      2.1763390E-008
          5297.54      2.3317202E-008
          5308.83      2.4973372E-008
          5320.12      2.6739114E-008
          5331.41      2.8622054E-008
          5342.70      3.0630270E-008
          5353.98      3.2772322E-008
          5365.27      3.5057274E-008
          5376.56      3.7494739E-008
          5387.85      4.0094912E-008
          5399.14      4.2868604E-008
          5410.43      4.5827287E-008
          5421.72      4.8964703E-008
          5433.01      5.2276823E-008
          5444.30      5.5779358E-008
          5455.59      5.9488579E-008
          5466.88      6.3421411E-008
          5478.16      6.7595482E-008
          5489.45      7.2029205E-008
          5500.74      7.6741855E-008
          5512.03      8.1753622E-008
          5523.32      8.7085723E-008
          5534.61      9.2760462E-008
          5545.90      9.8801305E-008
          5557.19      1.0523299E-007
          5568.48      1.1208160E-007
          5579.77      1.1935064E-007
          5591.05      1.2701070E-007
          5602.34      1.3506271E-007
          5613.63      1.4354736E-007
          5624.92      1.5250644E-007
          5636.21      1.6198294E-007
          5647.50      1.7202135E-007
          5658.79      1.8266776E-007
          5670.08      1.9397011E-007
          5681.37      2.0597842E-007
          5692.66      2.1874495E-007
          5703.95      2.3232440E-007
          5715.23      2.4677404E-007
          5726.52      2.4997134E-007
          5737.81      2.3123687E-007
          5749.10      1.9266110E-007
          5760.39      1.3616975E-007
          5771.68      6.3539346E-008
          5782.97     -2.3588103E-008
          5794.26     -1.2369420E-007
          5805.55     -2.3536569E-007
          5816.84     -3.5727361E-007
          5828.12     -4.8816194E-007
          5839.41     -6.2683633E-007
          5850.70     -7.7215377E-007
          5861.99     -9.2301273E-007
          5873.28     -1.0765775E-006
          5884.57     -1.2306541E-006
          5895.86     -1.3851197E-006
          5907.15     -1.5398383E-006
          5918.44     -1.6946564E-006
          5929.73     -1.8494012E-006
          5941.02     -2.0038807E-006
          5952.30     -2.1578819E-006
          5963.59     -2.3111665E-006
          5974.88     -2.4634696E-006
          5986.17     -2.6144949E-006
          5997.46     -2.7639131E-006
          6008.75     -2.9113597E-006
          6020.04     -3.0519199E-006
          6031.33     -3.1815011E-006
          6042.62     -3.3008625E-006
          6053.91     -3.4106581E-006
          6065.20     -3.5114408E-006
          6076.48     -3.6036673E-006
          6087.77     -3.6877007E-006
          6099.06     -3.7638130E-006
          6110.35     -3.8321857E-006
          6121.64     -3.8929112E-006
          6132.93     -3.9459906E-006
          6144.22     -3.9913353E-006
          6155.51     -4.0287709E-006
          6166.80     -4.0510727E-006
          6178.09     -4.0515070E-006
          6189.38     -4.0304416E-006
          6200.66     -3.9880709E-006
          6211.95     -3.9244189E-006
          6223.24     -3.8393407E-006
          6234.53     -3.7325242E-006
          6245.82     -3.6034897E-006
          6257.11     -3.4515896E-006
          6268.40     -3.2760074E-006
          6279.69     -3.0757552E-006
          6290.98     -2.8496706E-006
          6302.27     -2.5871550E-006
          6313.55     -2.2781408E-006
          6324.84     -1.9219075E-006
          6336.13     -1.5174385E-006
          6347.42     -1.0634211E-006
          6358.71     -5.5824546E-007
          6370.00     -5.5478529E-057
