          3480.00      3.9813988E-034
          3491.29     -2.2732221E-011
          3502.58     -1.6347307E-011
          3513.87      1.8299172E-011
          3525.16      8.0450186E-011
          3536.45      1.6944314E-010
          3547.73      2.8470590E-010
          3559.02      4.2575270E-010
          3570.31      5.9218140E-010
          3581.60      7.8367000E-010
          3592.89      9.9997388E-010
          3604.18      1.2409243E-009
          3615.47      1.5064262E-009
          3626.76      1.7964576E-009
          3638.05      2.1110653E-009
          3649.34      2.4483027E-009
          3660.62      2.8063441E-009
          3671.91      3.1855058E-009
          3683.20      3.5861546E-009
          3694.49      4.0087082E-009
          3705.78      4.4536331E-009
          3717.07      4.9214462E-009
          3728.36      5.4127139E-009
          3739.65      5.9280503E-009
          3750.94      6.4681199E-009
          3762.23      7.0336361E-009
          3773.52      7.6253615E-009
          3784.80      8.2441090E-009
          3796.09      8.8842521E-009
          3807.38      9.5404351E-009
          3818.67      1.0213922E-008
          3829.96      1.0905989E-008
          3841.25      1.1617932E-008
          3852.54      1.2351065E-008
          3863.83      1.3106723E-008
          3875.12      1.3886264E-008
          3886.41      1.4691070E-008
          3897.70      1.5522550E-008
          3908.98      1.6382143E-008
          3920.27      1.7271317E-008
          3931.56      1.8191574E-008
          3942.85      1.9126370E-008
          3954.14      2.0059963E-008
          3965.43      2.0995037E-008
          3976.72      2.1934218E-008
          3988.01      2.2880089E-008
          3999.30      2.3835190E-008
          4010.59      2.4802022E-008
          4021.88      2.5783059E-008
          4033.16      2.6780746E-008
          4044.45      2.7797508E-008
          4055.74      2.8835756E-008
          4067.03      2.9897885E-008
          4078.32      3.0986285E-008
          4089.61      3.2067418E-008
          4100.90      3.3109546E-008
          4112.19      3.4117638E-008
          4123.48      3.5096496E-008
          4134.77      3.6050772E-008
          4146.05      3.6984981E-008
          4157.34      3.7903508E-008
          4168.63      3.8810622E-008
          4179.92      3.9710488E-008
          4191.21      4.0607168E-008
          4202.50      4.1504642E-008
          4213.79      4.2406809E-008
          4225.08      4.3317499E-008
          4236.37      4.4193211E-008
          4247.66      4.4993103E-008
          4258.95      4.5724757E-008
          4270.23      4.6395504E-008
          4281.52      4.7012448E-008
          4292.81      4.7582482E-008
          4304.10      4.8112307E-008
          4315.39      4.8608444E-008
          4326.68      4.9077255E-008
          4337.97      4.9524954E-008
          4349.26      4.9957623E-008
          4360.55      5.0381227E-008
          4371.84      5.0801619E-008
          4383.12      5.1224559E-008
          4394.41      5.1649042E-008
          4405.70      5.2074411E-008
          4416.99      5.2506841E-008
          4428.28      5.2952438E-008
          4439.57      5.3417249E-008
          4450.86      5.3907279E-008
          4462.15      5.4428498E-008
          4473.44      5.4986860E-008
          4484.73      5.5588308E-008
          4496.02      5.6238786E-008
          4507.30      5.6944256E-008
          4518.59      5.7710702E-008
          4529.88      5.8567277E-008
          4541.17      5.9604252E-008
          4552.46      6.0884720E-008
          4563.75      6.2407966E-008
          4575.04      6.4173672E-008
          4586.33      6.6181912E-008
          4597.62      6.8433144E-008
          4608.91      7.0928197E-008
          4620.20      7.3668282E-008
          4631.48      7.6654976E-008
          4642.77      7.9890216E-008
          4654.06      8.3376306E-008
          4665.35      8.7115907E-008
          4676.64      9.1277132E-008
          4687.93      9.6021787E-008
          4699.22      1.0134404E-007
          4710.51      1.0723903E-007
          4721.80      1.1370280E-007
          4733.09      1.2073229E-007
          4744.38      1.2832532E-007
          4755.66      1.3648057E-007
          4766.95      1.4519755E-007
          4778.24      1.5447662E-007
          4789.53      1.6431891E-007
          4800.82      1.7472637E-007
          4812.11      1.8570173E-007
          4823.40      1.9724846E-007
          4834.69      2.0958869E-007
          4845.98      2.2294020E-007
          4857.27      2.3730163E-007
          4868.55      2.5267312E-007
          4879.84      2.6905621E-007
          4891.13      2.8645390E-007
          4902.42      3.0487058E-007
          4913.71      3.2431198E-007
          4925.00      3.4478524E-007
          4936.29      3.6629882E-007
          4947.58      3.8886253E-007
          4958.87      4.1248751E-007
          4970.16      4.3718612E-007
          4981.45      4.6315543E-007
          4992.73      4.9059092E-007
          5004.02      5.1950506E-007
          5015.31      5.4991221E-007
          5026.60      5.8182861E-007
          5037.89      6.1527230E-007
          5049.18      6.5026322E-007
          5060.47      6.8682300E-007
          5071.76      7.2497523E-007
          5083.05      7.6474528E-007
          5094.34      8.0616024E-007
          5105.62      8.4924913E-007
          5116.91      8.9404274E-007
          5128.20      9.4064995E-007
          5139.49      9.8918040E-007
          5150.78      1.0396688E-006
          5162.07      1.0921519E-006
          5173.36      1.1466689E-006
          5184.65      1.2032606E-006
          5195.94      1.2619703E-006
          5207.23      1.3228430E-006
          5218.52      1.3859263E-006
          5229.80      1.4512696E-006
          5241.09      1.5189247E-006
          5252.38      1.5889453E-006
          5263.67      1.6613876E-006
          5274.96      1.7362462E-006
          5286.25      1.8134650E-006
          5297.54      1.8930555E-006
          5308.83      1.9750862E-006
          5320.12      2.0596274E-006
          5331.41      2.1467516E-006
          5342.70      2.2365334E-006
          5353.98      2.3290496E-006
          5365.27      2.4243790E-006
          5376.56      2.5226028E-006
          5387.85      2.6238044E-006
          5399.14      2.7280696E-006
          5410.43      2.8354866E-006
          5421.72      2.9456943E-006
          5433.01      3.0583492E-006
          5444.30      3.1735684E-006
          5455.59      3.2914702E-006
          5466.88      3.4121746E-006
          5478.16      3.5358032E-006
          5489.45      3.6624791E-006
          5500.74      3.7923275E-006
          5512.03      3.9254750E-006
          5523.32      4.0620504E-006
          5534.61      4.2021847E-006
          5545.90      4.3460108E-006
          5557.19      4.4936641E-006
          5568.48      4.6452820E-006
          5579.77      4.8007161E-006
          5591.05      4.9594126E-006
          5602.34      5.1211413E-006
          5613.63      5.2861092E-006
          5624.92      5.4545245E-006
          5636.21      5.6265963E-006
          5647.50      5.8025354E-006
          5658.79      5.9825540E-006
          5670.08      6.1668662E-006
          5681.37      6.3556887E-006
          5692.66      6.5492407E-006
          5703.95      6.7477432E-006
          5715.23      6.9514192E-006
          5726.52      7.0904135E-006
          5737.81      7.1015551E-006
          5749.10      6.9949122E-006
          5760.39      6.7803192E-006
          5771.68      6.4673876E-006
          5782.97      6.0655162E-006
          5794.26      5.5838850E-006
          5805.55      5.0314945E-006
          5816.84      4.4172240E-006
          5828.12      3.7498436E-006
          5839.41      3.0380265E-006
          5850.70      2.2903594E-006
          5861.99      1.5153527E-006
          5873.28      7.2583815E-007
          5884.57     -6.7631702E-008
          5895.86     -8.6003042E-007
          5907.15     -1.6463474E-006
          5918.44     -2.4215756E-006
          5929.73     -3.1807110E-006
          5941.02     -3.9187669E-006
          5952.30     -4.6307704E-006
          5963.59     -5.3117549E-006
          5974.88     -5.9567569E-006
          5986.17     -6.5608089E-006
          5997.46     -7.1189389E-006
          6008.75     -7.6261737E-006
          6020.04     -8.0880217E-006
          6031.33     -8.5123872E-006
          6042.62     -8.8978668E-006
          6053.91     -9.2430197E-006
          6065.20     -9.5463689E-006
          6076.48     -9.8064011E-006
          6087.77     -1.0021566E-005
          6099.06     -1.0190271E-005
          6110.35     -1.0310875E-005
          6121.64     -1.0381687E-005
          6132.93     -1.0400959E-005
          6144.22     -1.0366890E-005
          6155.51     -1.0277642E-005
          6166.80     -1.0139216E-005
          6178.09     -9.9584660E-006
          6189.38     -9.7347731E-006
          6200.66     -9.4674740E-006
          6211.95     -9.1558572E-006
          6223.24     -8.7991629E-006
          6234.53     -8.3965839E-006
          6245.82     -7.9472630E-006
          6257.11     -7.4502939E-006
          6268.40     -6.9047221E-006
          6279.69     -6.3095416E-006
          6290.98     -5.6636962E-006
          6302.27     -4.9729242E-006
          6313.55     -4.2434438E-006
          6324.84     -3.4748539E-006
          6336.13     -2.6667129E-006
          6347.42     -1.8185410E-006
          6358.71     -9.2982208E-007
          6370.00     -5.8904969E-039
