          3480.00      4.4436121E-034
          3491.29     -2.7721632E-009
          3502.58     -5.4493931E-009
          3513.87     -8.0364039E-009
          3525.16     -1.0537677E-008
          3536.45     -1.2957484E-008
          3547.73     -1.5299892E-008
          3559.02     -1.7568764E-008
          3570.31     -1.9767784E-008
          3581.60     -2.1900452E-008
          3592.89     -2.3970100E-008
          3604.18     -2.5979886E-008
          3615.47     -2.7932779E-008
          3626.76     -2.9831585E-008
          3638.05     -3.1678964E-008
          3649.34     -3.3488690E-008
          3660.62     -3.5273672E-008
          3671.91     -3.7035106E-008
          3683.20     -3.8774106E-008
          3694.49     -4.0491712E-008
          3705.78     -4.2188883E-008
          3717.07     -4.3866509E-008
          3728.36     -4.5525411E-008
          3739.65     -4.7166331E-008
          3750.94     -4.8789952E-008
          3762.23     -5.0396882E-008
          3773.52     -5.1987669E-008
          3784.80     -5.3562793E-008
          3796.09     -5.5159428E-008
          3807.38     -5.6812951E-008
          3818.67     -5.8521150E-008
          3829.96     -6.0281879E-008
          3841.25     -6.2093053E-008
          3852.54     -6.3952645E-008
          3863.83     -6.5858678E-008
          3875.12     -6.7809223E-008
          3886.41     -6.9802386E-008
          3897.70     -7.1836318E-008
          3908.98     -7.3909200E-008
          3920.27     -7.6019237E-008
          3931.56     -7.8164664E-008
          3942.85     -8.0441215E-008
          3954.14     -8.2940145E-008
          3965.43     -8.5653242E-008
          3976.72     -8.8572610E-008
          3988.01     -9.1690658E-008
          3999.30     -9.5000083E-008
          4010.59     -9.8493842E-008
          4021.88     -1.0216515E-007
          4033.16     -1.0600746E-007
          4044.45     -1.1001444E-007
          4055.74     -1.1417999E-007
          4067.03     -1.1849816E-007
          4078.32     -1.2296322E-007
          4089.61     -1.2774234E-007
          4100.90     -1.3299405E-007
          4112.19     -1.3870028E-007
          4123.48     -1.4484364E-007
          4134.77     -1.5140731E-007
          4146.05     -1.5837507E-007
          4157.34     -1.6573120E-007
          4168.63     -1.7346050E-007
          4179.92     -1.8154828E-007
          4191.21     -1.8998023E-007
          4202.50     -1.9874250E-007
          4213.79     -2.0782161E-007
          4225.08     -2.1720446E-007
          4236.37     -2.2707198E-007
          4247.66     -2.3759394E-007
          4258.95     -2.4874138E-007
          4270.23     -2.6048613E-007
          4281.52     -2.7280072E-007
          4292.81     -2.8565838E-007
          4304.10     -2.9903298E-007
          4315.39     -3.1289900E-007
          4326.68     -3.2723143E-007
          4337.97     -3.4200575E-007
          4349.26     -3.5719794E-007
          4360.55     -3.7278437E-007
          4371.84     -3.8874181E-007
          4383.12     -4.0504738E-007
          4394.41     -4.2170040E-007
          4405.70     -4.3869893E-007
          4416.99     -4.5601855E-007
          4428.28     -4.7363507E-007
          4439.57     -4.9152450E-007
          4450.86     -5.0966306E-007
          4462.15     -5.2802701E-007
          4473.44     -5.4659278E-007
          4484.73     -5.6533683E-007
          4496.02     -5.8423562E-007
          4507.30     -6.0326563E-007
          4518.59     -6.2240325E-007
          4529.88     -6.4156450E-007
          4541.17     -6.6051014E-007
          4552.46     -6.7907455E-007
          4563.75     -6.9725673E-007
          4575.04     -7.1505498E-007
          4586.33     -7.3246687E-007
          4597.62     -7.4948928E-007
          4608.91     -7.6611835E-007
          4620.20     -7.8234956E-007
          4631.48     -7.9817767E-007
          4642.77     -8.1359668E-007
          4654.06     -8.2859993E-007
          4665.35     -8.4318002E-007
          4676.64     -8.5698371E-007
          4687.93     -8.6967579E-007
          4699.22     -8.8127418E-007
          4710.51     -8.9179537E-007
          4721.80     -9.0125440E-007
          4733.09     -9.0966487E-007
          4744.38     -9.1703900E-007
          4755.66     -9.2338767E-007
          4766.95     -9.2872040E-007
          4778.24     -9.3304540E-007
          4789.53     -9.3636958E-007
          4800.82     -9.3869860E-007
          4812.11     -9.4003685E-007
          4823.40     -9.4038749E-007
          4834.69     -9.3935200E-007
          4845.98     -9.3654174E-007
          4857.27     -9.3197234E-007
          4868.55     -9.2565740E-007
          4879.84     -9.1760862E-007
          4891.13     -9.0783577E-007
          4902.42     -8.9634674E-007
          4913.71     -8.8314761E-007
          4925.00     -8.6824263E-007
          4936.29     -8.5163425E-007
          4947.58     -8.3332316E-007
          4958.87     -8.1330829E-007
          4970.16     -7.9158692E-007
          4981.45     -7.6784394E-007
          4992.73     -7.4176704E-007
          5004.02     -7.1335479E-007
          5015.31     -6.8260345E-007
          5026.60     -6.4950710E-007
          5037.89     -6.1405761E-007
          5049.18     -5.7624468E-007
          5060.47     -5.3605597E-007
          5071.76     -4.9347689E-007
          5083.05     -4.4849076E-007
          5094.34     -4.0107893E-007
          5105.62     -3.5122053E-007
          5116.91     -2.9889268E-007
          5128.20     -2.4395081E-007
          5139.49     -1.8624963E-007
          5150.78     -1.2576203E-007
          5162.07     -6.2458546E-008
          5173.36      3.6925780E-009
          5184.65      7.2725137E-008
          5195.94      1.4467533E-007
          5207.23      2.1958154E-007
          5218.52      2.9748437E-007
          5229.80      3.7842670E-007
          5241.09      4.6245346E-007
          5252.38      5.4961199E-007
          5263.67      6.3995190E-007
          5274.96      7.3343328E-007
          5286.25      8.2994238E-007
          5297.54      9.2946091E-007
          5308.83      1.0320508E-006
          5320.12      1.1377761E-006
          5331.41      1.2467026E-006
          5342.70      1.3588984E-006
          5353.98      1.4744336E-006
          5365.27      1.5933802E-006
          5376.56      1.7158124E-006
          5387.85      1.8418065E-006
          5399.14      1.9714410E-006
          5410.43      2.1047966E-006
          5421.72      2.2413724E-006
          5433.01      2.3806846E-006
          5444.30      2.5228416E-006
          5455.59      2.6679528E-006
          5466.88      2.8161294E-006
          5478.16      2.9674838E-006
          5489.45      3.1221300E-006
          5500.74      3.2801837E-006
          5512.03      3.4417617E-006
          5523.32      3.6069830E-006
          5534.61      3.7759682E-006
          5545.90      3.9488392E-006
          5557.19      4.1257204E-006
          5568.48      4.3067377E-006
          5579.77      4.4916937E-006
          5591.05      4.6799362E-006
          5602.34      4.8711695E-006
          5613.63      5.0655827E-006
          5624.92      5.2633656E-006
          5636.21      5.4647086E-006
          5647.50      5.6698035E-006
          5658.79      5.8788433E-006
          5670.08      6.0920222E-006
          5681.37      6.3095361E-006
          5692.66      6.5315813E-006
          5703.95      6.7583557E-006
          5715.23      6.9900578E-006
          5726.52      7.1622041E-006
          5737.81      7.2162235E-006
          5749.10      7.1610631E-006
          5760.39      7.0055150E-006
          5771.68      6.7582197E-006
          5782.97      6.4276712E-006
          5794.26      6.0222060E-006
          5805.55      5.5500338E-006
          5816.84      5.0192855E-006
          5828.12      4.4380188E-006
          5839.41      3.8142260E-006
          5850.70      3.1558390E-006
          5861.99      2.4707343E-006
          5873.28      1.7706083E-006
          5884.57      1.0652014E-006
          5895.86      3.5940395E-007
          5907.15     -3.4191170E-007
          5918.44     -1.0338820E-006
          5929.73     -1.7116542E-006
          5941.02     -2.3704015E-006
          5952.30     -3.0053219E-006
          5963.59     -3.6116333E-006
          5974.88     -4.1845731E-006
          5986.17     -4.7193930E-006
          5997.46     -5.2113609E-006
          6008.75     -5.6557662E-006
          6020.04     -6.0597683E-006
          6031.33     -6.4326018E-006
          6042.62     -6.7726808E-006
          6053.91     -7.0784070E-006
          6065.20     -7.3481710E-006
          6076.48     -7.5803526E-006
          6087.77     -7.7733200E-006
          6099.06     -7.9254249E-006
          6110.35     -8.0349986E-006
          6121.64     -8.1003493E-006
          6132.93     -8.1197576E-006
          6144.22     -8.0914820E-006
          6155.51     -8.0137710E-006
          6166.80     -7.8947698E-006
          6178.09     -7.7433809E-006
          6189.38     -7.5589689E-006
          6200.66     -7.3408801E-006
          6211.95     -7.0884398E-006
          6223.24     -6.8009518E-006
          6234.53     -6.4776994E-006
          6245.82     -6.1179435E-006
          6257.11     -5.7209227E-006
          6268.40     -5.2858549E-006
          6279.69     -4.8119343E-006
          6290.98     -4.2983328E-006
          6302.27     -3.7533343E-006
          6313.55     -3.1856635E-006
          6324.84     -2.5951274E-006
          6336.13     -1.9815188E-006
          6347.42     -1.3446177E-006
          6358.71     -6.8419318E-007
          6370.00     -8.4884764E-045
