          3480.00     -2.8449514E-033
          3491.29      1.8577967E-011
          3502.58      3.9989728E-011
          3513.87      6.4179674E-011
          3525.16      9.1109409E-011
          3536.45      1.2075710E-010
          3547.73      1.5311674E-010
          3559.02      1.8819745E-010
          3570.31      2.2602316E-010
          3581.60      2.6663205E-010
          3592.89      3.1007623E-010
          3604.18      3.5642149E-010
          3615.47      4.0574694E-010
          3626.76      4.5814511E-010
          3638.05      5.1372181E-010
          3649.34      5.7247689E-010
          3660.62      6.3441585E-010
          3671.91      6.9967148E-010
          3683.20      7.6838855E-010
          3694.49      8.4072400E-010
          3705.78      9.1684682E-010
          3717.07      9.9693864E-010
          3728.36      1.0811938E-009
          3739.65      1.1698194E-009
          3750.94      1.2630359E-009
          3762.23      1.3610776E-009
          3773.52      1.4641925E-009
          3784.80      1.5726435E-009
          3796.09      1.6863947E-009
          3807.38      1.8054239E-009
          3818.67      1.9300342E-009
          3829.96      2.0605416E-009
          3841.25      2.1972764E-009
          3852.54      2.3405829E-009
          3863.83      2.4908208E-009
          3875.12      2.6483655E-009
          3886.41      2.8136088E-009
          3897.70      2.9869601E-009
          3908.98      3.1688471E-009
          3920.27      3.3597157E-009
          3931.56      3.5600324E-009
          3942.85      3.7693385E-009
          3954.14      3.9872247E-009
          3965.43      4.2142564E-009
          3976.72      4.4510124E-009
          3988.01      4.6980880E-009
          3999.30      4.9560950E-009
          4010.59      5.2256631E-009
          4021.88      5.5074420E-009
          4033.16      5.8021020E-009
          4044.45      6.1103358E-009
          4055.74      6.4328599E-009
          4067.03      6.7704146E-009
          4078.32      7.1237680E-009
          4089.61      7.4912935E-009
          4100.90      7.8715062E-009
          4112.19      8.2654144E-009
          4123.48      8.6740366E-009
          4134.77      9.0984040E-009
          4146.05      9.5395639E-009
          4157.34      9.9985799E-009
          4168.63      1.0476537E-008
          4179.92      1.0974543E-008
          4191.21      1.1493729E-008
          4202.50      1.2035254E-008
          4213.79      1.2600307E-008
          4225.08      1.3190109E-008
          4236.37      1.3801567E-008
          4247.66      1.4431865E-008
          4258.95      1.5082659E-008
          4270.23      1.5755612E-008
          4281.52      1.6452392E-008
          4292.81      1.7174685E-008
          4304.10      1.7924189E-008
          4315.39      1.8702625E-008
          4326.68      1.9511737E-008
          4337.97      2.0353298E-008
          4349.26      2.1229111E-008
          4360.55      2.2141015E-008
          4371.84      2.3090885E-008
          4383.12      2.4080640E-008
          4394.41      2.5111366E-008
          4405.70      2.6184249E-008
          4416.99      2.7301423E-008
          4428.28      2.8465067E-008
          4439.57      2.9677417E-008
          4450.86      3.0940764E-008
          4462.15      3.2257456E-008
          4473.44      3.3629907E-008
          4484.73      3.5060596E-008
          4496.02      3.6552076E-008
          4507.30      3.8106972E-008
          4518.59      3.9727985E-008
          4529.88      4.1421978E-008
          4541.17      4.3206959E-008
          4552.46      4.5096306E-008
          4563.75      4.7092042E-008
          4575.04      4.9196394E-008
          4586.33      5.1411798E-008
          4597.62      5.3740895E-008
          4608.91      5.6186525E-008
          4620.20      5.8751741E-008
          4631.48      6.1439803E-008
          4642.77      6.4254170E-008
          4654.06      6.7198516E-008
          4665.35      7.0276726E-008
          4676.64      7.3531288E-008
          4687.93      7.7003452E-008
          4699.22      8.0695752E-008
          4710.51      8.4611218E-008
          4721.80      8.8753360E-008
          4733.09      9.3126149E-008
          4744.38      9.7734038E-008
          4755.66      1.0258194E-007
          4766.95      1.0767525E-007
          4778.24      1.1301980E-007
          4789.53      1.1862190E-007
          4800.82      1.2448833E-007
          4812.11      1.3062634E-007
          4823.40      1.3704364E-007
          4834.69      1.4381162E-007
          4845.98      1.5100043E-007
          4857.27      1.5861691E-007
          4868.55      1.6666885E-007
          4879.84      1.7516486E-007
          4891.13      1.8411451E-007
          4902.42      1.9352824E-007
          4913.71      2.0341736E-007
          4925.00      2.1379411E-007
          4936.29      2.2467162E-007
          4947.58      2.3606392E-007
          4958.87      2.4798597E-007
          4970.16      2.6045364E-007
          4981.45      2.7354772E-007
          4992.73      2.8734856E-007
          5004.02      3.0187299E-007
          5015.31      3.1713927E-007
          5026.60      3.3316703E-007
          5037.89      3.4997727E-007
          5049.18      3.6759244E-007
          5060.47      3.8603634E-007
          5071.76      4.0533425E-007
          5083.05      4.2551293E-007
          5094.34      4.4660056E-007
          5105.62      4.6862687E-007
          5116.91      4.9162311E-007
          5128.20      5.1565370E-007
          5139.49      5.4078390E-007
          5150.78      5.6704875E-007
          5162.07      5.9448515E-007
          5173.36      6.2313194E-007
          5184.65      6.5302975E-007
          5195.94      6.8422130E-007
          5207.23      7.1675125E-007
          5218.52      7.5066632E-007
          5229.80      7.8601536E-007
          5241.09      8.2284926E-007
          5252.38      8.6122122E-007
          5263.67      9.0118670E-007
          5274.96      9.4277186E-007
          5286.25      9.8597917E-007
          5297.54      1.0308463E-006
          5308.83      1.0774407E-006
          5320.12      1.1258323E-006
          5331.41      1.1760932E-006
          5342.70      1.2282979E-006
          5353.98      1.2825237E-006
          5365.27      1.3388502E-006
          5376.56      1.3973598E-006
          5387.85      1.4581380E-006
          5399.14      1.5212728E-006
          5410.43      1.5868556E-006
          5421.72      1.6547084E-006
          5433.01      1.7246696E-006
          5444.30      1.7968582E-006
          5455.59      1.8713954E-006
          5466.88      1.9484046E-006
          5478.16      2.0280117E-006
          5489.45      2.1103450E-006
          5500.74      2.1955358E-006
          5512.03      2.2837183E-006
          5523.32      2.3750297E-006
          5534.61      2.4696109E-006
          5545.90      2.5676058E-006
          5557.19      2.6691624E-006
          5568.48      2.7744323E-006
          5579.77      2.8833533E-006
          5591.05      2.9955579E-006
          5602.34      3.1109308E-006
          5613.63      3.2296965E-006
          5624.92      3.3520818E-006
          5636.21      3.4783157E-006
          5647.50      3.6086308E-006
          5658.79      3.7432629E-006
          5670.08      3.8824516E-006
          5681.37      4.0264412E-006
          5692.66      4.1754811E-006
          5703.95      4.3298249E-006
          5715.23      4.4897316E-006
          5726.52      4.5865590E-006
          5737.81      4.5586071E-006
          5749.10      4.4162581E-006
          5760.39      4.1695246E-006
          5771.68      3.8280742E-006
          5782.97      3.4012525E-006
          5794.26      2.8980902E-006
          5805.55      2.3273541E-006
          5816.84      1.6976174E-006
          5828.12      1.0172816E-006
          5839.41      2.9459921E-007
          5850.70     -4.6230555E-007
          5861.99     -1.2454173E-006
          5873.28     -2.0414515E-006
          5884.57     -2.8396456E-006
          5895.86     -3.6358444E-006
          5907.15     -4.4258963E-006
          5918.44     -5.2056374E-006
          5929.73     -5.9708854E-006
          5941.02     -6.7174496E-006
          5952.30     -7.4411228E-006
          5963.59     -8.1376696E-006
          5974.88     -8.8028195E-006
          5986.17     -9.4322551E-006
          5997.46     -1.0021607E-005
          6008.75     -1.0566455E-005
          6020.04     -1.1065983E-005
          6031.33     -1.1522037E-005
          6042.62     -1.1934068E-005
          6053.91     -1.2301422E-005
          6065.20     -1.2623342E-005
          6076.48     -1.2898969E-005
          6087.77     -1.3127339E-005
          6099.06     -1.3307380E-005
          6110.35     -1.3437907E-005
          6121.64     -1.3517620E-005
          6132.93     -1.3545091E-005
          6144.22     -1.3518773E-005
          6155.51     -1.3437011E-005
          6166.80     -1.3298155E-005
          6178.09     -1.3101519E-005
          6189.38     -1.2846715E-005
          6200.66     -1.2533227E-005
          6211.95     -1.2160405E-005
          6223.24     -1.1727469E-005
          6234.53     -1.1233505E-005
          6245.82     -1.0677466E-005
          6257.11     -1.0058174E-005
          6268.40     -9.3743151E-006
          6279.69     -8.6244426E-006
          6290.98     -7.8069722E-006
          6302.27     -6.9185254E-006
          6313.55     -5.9562898E-006
          6324.84     -4.9193199E-006
          6336.13     -3.8065208E-006
          6347.42     -2.6166503E-006
          6358.71     -1.3483221E-006
          6370.00      0.0000000E+000
