          3480.00      2.1600797E-030
          3491.29      3.1247327E-013
          3502.58      6.3780613E-013
          3513.87      9.7659086E-013
          3525.16      1.3295618E-012
          3536.45      1.6975877E-012
          3547.73      2.0816630E-012
          3559.02      2.4829002E-012
          3570.31      2.9025263E-012
          3581.60      3.3418777E-012
          3592.89      3.8023964E-012
          3604.18      4.2856275E-012
          3615.47      4.7932144E-012
          3626.76      5.3269015E-012
          3638.05      5.8885340E-012
          3649.34      6.4827516E-012
          3660.62      7.1135607E-012
          3671.91      7.7820549E-012
          3683.20      8.4894817E-012
          3694.49      9.2372290E-012
          3705.78      1.0026808E-011
          3717.07      1.0859845E-011
          3728.36      1.1738065E-011
          3739.65      1.2663277E-011
          3750.94      1.3637365E-011
          3762.23      1.4662272E-011
          3773.52      1.5739983E-011
          3784.80      1.6872517E-011
          3796.09      1.8070501E-011
          3807.38      1.9342406E-011
          3818.67      2.0687140E-011
          3829.96      2.2103723E-011
          3841.25      2.3591234E-011
          3852.54      2.5148735E-011
          3863.83      2.6775215E-011
          3875.12      2.8469521E-011
          3886.41      3.0230283E-011
          3897.70      3.2055854E-011
          3908.98      3.3944226E-011
          3920.27      3.5892945E-011
          3931.56      3.7899038E-011
          3942.85      3.9957318E-011
          3954.14      4.2056038E-011
          3965.43      4.4181228E-011
          3976.72      4.6317806E-011
          3988.01      4.8449357E-011
          3999.30      5.0557897E-011
          4010.59      5.2623615E-011
          4021.88      5.4624621E-011
          4033.16      5.6536665E-011
          4044.45      5.8332829E-011
          4055.74      5.9983219E-011
          4067.03      6.1454612E-011
          4078.32      6.2710100E-011
          4089.61      6.3535997E-011
          4100.90      6.3709022E-011
          4112.19      6.3168266E-011
          4123.48      6.1843572E-011
          4134.77      5.9654924E-011
          4146.05      5.6511758E-011
          4157.34      5.2312216E-011
          4168.63      4.6942287E-011
          4179.92      4.0274894E-011
          4191.21      3.2168903E-011
          4202.50      2.2467980E-011
          4213.79      1.0999417E-011
          4225.08     -2.4271910E-012
          4236.37     -1.8803535E-011
          4247.66     -3.9118114E-011
          4258.95     -6.3599263E-011
          4270.23     -9.2514468E-011
          4281.52     -1.2617185E-010
          4292.81     -1.6492220E-010
          4304.10     -2.0916097E-010
          4315.39     -2.5933077E-010
          4326.68     -3.1592409E-010
          4337.97     -3.7948613E-010
          4349.26     -4.5061843E-010
          4360.55     -5.2998239E-010
          4371.84     -6.1830323E-010
          4383.12     -7.1637469E-010
          4394.41     -8.2537367E-010
          4405.70     -9.4653971E-010
          4416.99     -1.0808822E-009
          4428.28     -1.2295053E-009
          4439.57     -1.3936149E-009
          4450.86     -1.5745253E-009
          4462.15     -1.7736657E-009
          4473.44     -1.9925896E-009
          4484.73     -2.2329825E-009
          4496.02     -2.4966716E-009
          4507.30     -2.7856358E-009
          4518.59     -3.1020157E-009
          4529.88     -3.4458396E-009
          4541.17     -3.8108761E-009
          4552.46     -4.1937612E-009
          4563.75     -4.5979699E-009
          4575.04     -5.0270634E-009
          4586.33     -5.4847127E-009
          4597.62     -5.9747206E-009
          4608.91     -6.5010438E-009
          4620.20     -7.0678179E-009
          4631.48     -7.6793808E-009
          4642.77     -8.3402946E-009
          4654.06     -9.0553749E-009
          4665.35     -9.8297143E-009
          4676.64     -1.0635808E-008
          4687.93     -1.1448088E-008
          4699.22     -1.2274653E-008
          4710.51     -1.3123496E-008
          4721.80     -1.4002549E-008
          4733.09     -1.4919732E-008
          4744.38     -1.5883012E-008
          4755.66     -1.6900445E-008
          4766.95     -1.7980225E-008
          4778.24     -1.9130736E-008
          4789.53     -2.0360591E-008
          4800.82     -2.1678692E-008
          4812.11     -2.3094270E-008
          4823.40     -2.4616932E-008
          4834.69     -2.6177434E-008
          4845.98     -2.7710473E-008
          4857.27     -2.9231409E-008
          4868.55     -3.0755042E-008
          4879.84     -3.2295707E-008
          4891.13     -3.3867370E-008
          4902.42     -3.5483711E-008
          4913.71     -3.7158209E-008
          4925.00     -3.8904224E-008
          4936.29     -4.0735075E-008
          4947.58     -4.2664112E-008
          4958.87     -4.4704796E-008
          4970.16     -4.6870761E-008
          4981.45     -4.9063063E-008
          4992.73     -5.1187590E-008
          5004.02     -5.3264514E-008
          5015.31     -5.5312931E-008
          5026.60     -5.7350972E-008
          5037.89     -5.9395924E-008
          5049.18     -6.1464333E-008
          5060.47     -6.3572094E-008
          5071.76     -6.5734561E-008
          5083.05     -6.7966624E-008
          5094.34     -7.0282788E-008
          5105.62     -7.2697262E-008
          5116.91     -7.5224023E-008
          5128.20     -7.7800372E-008
          5139.49     -8.0366815E-008
          5150.78     -8.2941236E-008
          5162.07     -8.5540580E-008
          5173.36     -8.8180936E-008
          5184.65     -9.0877624E-008
          5195.94     -9.3645283E-008
          5207.23     -9.6497943E-008
          5218.52     -9.9449090E-008
          5229.80     -1.0251174E-007
          5241.09     -1.0569847E-007
          5252.38     -1.0902152E-007
          5263.67     -1.1249281E-007
          5274.96     -1.1622924E-007
          5286.25     -1.2043444E-007
          5297.54     -1.2519951E-007
          5308.83     -1.3052238E-007
          5320.12     -1.3640316E-007
          5331.41     -1.4284408E-007
          5342.70     -1.4984940E-007
          5353.98     -1.5742540E-007
          5365.27     -1.6558030E-007
          5376.56     -1.7432422E-007
          5387.85     -1.8366918E-007
          5399.14     -1.9362904E-007
          5410.43     -2.0421950E-007
          5421.72     -2.1671952E-007
          5433.01     -2.3232104E-007
          5444.30     -2.5092296E-007
          5455.59     -2.7243991E-007
          5466.88     -2.9680160E-007
          5478.16     -3.2395193E-007
          5489.45     -3.5384842E-007
          5500.74     -3.8646156E-007
          5512.03     -4.2177417E-007
          5523.32     -4.5978109E-007
          5534.61     -5.0048865E-007
          5545.90     -5.4391416E-007
          5557.19     -5.9008581E-007
          5568.48     -6.3904220E-007
          5579.77     -6.9226532E-007
          5591.05     -7.5329889E-007
          5602.34     -8.2400662E-007
          5613.63     -9.0401134E-007
          5624.92     -9.9298162E-007
          5636.21     -1.0906286E-006
          5647.50     -1.1967037E-006
          5658.79     -1.3109959E-006
          5670.08     -1.4333294E-006
          5681.37     -1.5635571E-006
          5692.66     -1.7015592E-006
          5703.95     -1.8472473E-006
          5715.23     -2.0005625E-006
          5726.52     -2.8009178E-006
          5737.81     -4.8160309E-006
          5749.10     -7.9438886E-006
          5760.39     -1.2089409E-005
          5771.68     -1.7163862E-005
          5782.97     -2.3084309E-005
          5794.26     -2.9773233E-005
          5805.55     -3.7157760E-005
          5816.84     -4.5168726E-005
          5828.12     -5.3740237E-005
          5839.41     -6.2809220E-005
          5850.70     -7.2315010E-005
          5861.99     -8.2198963E-005
          5873.28     -9.2327085E-005
          5884.57     -1.0259559E-004
          5895.86     -1.1299243E-004
          5907.15     -1.2350544E-004
          5918.44     -1.3412220E-004
          5929.73     -1.4482994E-004
          5941.02     -1.5561550E-004
          5952.30     -1.6646534E-004
          5963.59     -1.7736527E-004
          5974.88     -1.8830045E-004
          5986.17     -1.9925515E-004
          5997.46     -2.1021271E-004
          6008.75     -2.2115544E-004
          6020.04     -2.3192871E-004
          6031.33     -2.4241340E-004
          6042.62     -2.5264209E-004
          6053.91     -2.6264436E-004
          6065.20     -2.7244701E-004
          6076.48     -2.8207416E-004
          6087.77     -2.9154731E-004
          6099.06     -3.0088547E-004
          6110.35     -3.1010514E-004
          6121.64     -3.1922033E-004
          6132.93     -3.2824254E-004
          6144.22     -3.3718078E-004
          6155.51     -3.4604185E-004
          6166.80     -3.5461240E-004
          6178.09     -3.6269711E-004
          6189.38     -3.7032487E-004
          6200.66     -3.7752032E-004
          6211.95     -3.8430389E-004
          6223.24     -3.9069189E-004
          6234.53     -3.9669662E-004
          6245.82     -4.0232638E-004
          6257.11     -4.0758556E-004
          6268.40     -4.1247462E-004
          6279.69     -4.1699013E-004
          6290.98     -4.2112474E-004
          6302.27     -4.2458261E-004
          6313.55     -4.2708484E-004
          6324.84     -4.2864161E-004
          6336.13     -4.2925666E-004
          6347.42     -4.2892727E-004
          6358.71     -4.2764438E-004
          6370.00     -4.2539253E-004
