          3480.00      2.2482122E-032
          3491.29      2.8004368E-012
          3502.58      6.1017695E-012
          3513.87      9.8536638E-012
          3525.16      1.4009471E-011
          3536.45      1.8525758E-011
          3547.73      2.3361832E-011
          3559.02      2.8479294E-011
          3570.31      3.3841647E-011
          3581.60      3.9413888E-011
          3592.89      4.5162136E-011
          3604.18      5.1053282E-011
          3615.47      5.7054646E-011
          3626.76      6.3133709E-011
          3638.05      6.9257783E-011
          3649.34      7.5303103E-011
          3660.62      8.1141309E-011
          3671.91      8.6730585E-011
          3683.20      9.2026314E-011
          3694.49      9.6980734E-011
          3705.78      1.0154255E-010
          3717.07      1.0565659E-010
          3728.36      1.0926338E-010
          3739.65      1.1229876E-010
          3750.94      1.1469345E-010
          3762.23      1.1637261E-010
          3773.52      1.1725534E-010
          3784.80      1.1725423E-010
          3796.09      1.1578074E-010
          3807.38      1.1224727E-010
          3818.67      1.0655143E-010
          3829.96      9.8575497E-011
          3841.25      8.8185874E-011
          3852.54      7.5232532E-011
          3863.83      5.9548351E-011
          3875.12      4.0948373E-011
          3886.41      1.9229071E-011
          3897.70     -5.8326251E-012
          3908.98     -3.4480252E-011
          3920.27     -6.6978758E-011
          3931.56     -1.0361577E-010
          3942.85     -1.4722978E-010
          3954.14     -2.0058905E-010
          3965.43     -2.6393742E-010
          3976.72     -3.3757719E-010
          3988.01     -4.2186991E-010
          3999.30     -5.1723708E-010
          4010.59     -6.2416080E-010
          4021.88     -7.4318563E-010
          4033.16     -8.7491980E-010
          4044.45     -1.0200370E-009
          4055.74     -1.1792788E-009
          4067.03     -1.3534559E-009
          4078.32     -1.5434522E-009
          4089.61     -1.7588577E-009
          4100.90     -2.0089283E-009
          4112.19     -2.2942403E-009
          4123.48     -2.6155510E-009
          4134.77     -2.9737987E-009
          4146.05     -3.3701038E-009
          4157.34     -3.8057686E-009
          4168.63     -4.2822811E-009
          4179.92     -4.8013171E-009
          4191.21     -5.3647424E-009
          4202.50     -5.9746189E-009
          4213.79     -6.6332085E-009
          4225.08     -7.3429784E-009
          4236.37     -8.1251504E-009
          4247.66     -9.0001668E-009
          4258.95     -9.9698077E-009
          4270.23     -1.1036279E-008
          4281.52     -1.2202207E-008
          4292.81     -1.3470651E-008
          4304.10     -1.4845097E-008
          4315.39     -1.6329465E-008
          4326.68     -1.7928118E-008
          4337.97     -1.9645865E-008
          4349.26     -2.1487973E-008
          4360.55     -2.3460182E-008
          4371.84     -2.5568709E-008
          4383.12     -2.7820271E-008
          4394.41     -3.0226437E-008
          4405.70     -3.2799064E-008
          4416.99     -3.5546118E-008
          4428.28     -3.8476166E-008
          4439.57     -4.1598404E-008
          4450.86     -4.4922676E-008
          4462.15     -4.8459485E-008
          4473.44     -5.2220037E-008
          4484.73     -5.6216253E-008
          4496.02     -6.0460804E-008
          4507.30     -6.4967142E-008
          4518.59     -6.9749517E-008
          4529.88     -7.4800506E-008
          4541.17     -8.0051843E-008
          4552.46     -8.5462232E-008
          4563.75     -9.1055127E-008
          4575.04     -9.6854230E-008
          4586.33     -1.0288357E-007
          4597.62     -1.0916759E-007
          4608.91     -1.1573119E-007
          4620.20     -1.2259986E-007
          4631.48     -1.2979973E-007
          4642.77     -1.3735760E-007
          4654.06     -1.4530112E-007
          4665.35     -1.5365878E-007
          4676.64     -1.6222535E-007
          4687.93     -1.7080591E-007
          4699.22     -1.7944442E-007
          4710.51     -1.8818406E-007
          4721.80     -1.9706740E-007
          4733.09     -2.0613648E-007
          4744.38     -2.1543307E-007
          4755.66     -2.2499871E-007
          4766.95     -2.3487490E-007
          4778.24     -2.4510326E-007
          4789.53     -2.5572558E-007
          4800.82     -2.6678404E-007
          4812.11     -2.7832131E-007
          4823.40     -2.9038062E-007
          4834.69     -3.0258427E-007
          4845.98     -3.1456827E-007
          4857.27     -3.2639521E-007
          4868.55     -3.3812540E-007
          4879.84     -3.4981710E-007
          4891.13     -3.6152677E-007
          4902.42     -3.7330926E-007
          4913.71     -3.8521793E-007
          4925.00     -3.9730494E-007
          4936.29     -4.0962137E-007
          4947.58     -4.2221740E-007
          4958.87     -4.3514245E-007
          4970.16     -4.4844537E-007
          4981.45     -4.6171337E-007
          4992.73     -4.7454538E-007
          5004.02     -4.8700464E-007
          5015.31     -4.9915093E-007
          5026.60     -5.1104074E-007
          5037.89     -5.2272746E-007
          5049.18     -5.3426164E-007
          5060.47     -5.4569109E-007
          5071.76     -5.5706109E-007
          5083.05     -5.6841459E-007
          5094.34     -5.7979224E-007
          5105.62     -5.9123264E-007
          5116.91     -6.0277242E-007
          5128.20     -6.1420175E-007
          5139.49     -6.2531588E-007
          5150.78     -6.3615500E-007
          5162.07     -6.4675603E-007
          5173.36     -6.5715275E-007
          5184.65     -6.6737584E-007
          5195.94     -6.7745311E-007
          5207.23     -6.8740949E-007
          5218.52     -6.9726716E-007
          5229.80     -7.0704565E-007
          5241.09     -7.1676183E-007
          5252.38     -7.2643005E-007
          5263.67     -7.3606211E-007
          5274.96     -7.4592972E-007
          5286.25     -7.5651990E-007
          5297.54     -7.6804272E-007
          5308.83     -7.8047697E-007
          5320.12     -7.9380223E-007
          5331.41     -8.0799869E-007
          5342.70     -8.2304713E-007
          5353.98     -8.3892875E-007
          5365.27     -8.5562503E-007
          5376.56     -8.7311773E-007
          5387.85     -8.9138869E-007
          5399.14     -9.1041972E-007
          5410.43     -9.3019255E-007
          5421.72     -9.5313505E-007
          5433.01     -9.8154618E-007
          5444.30     -1.0152255E-006
          5455.59     -1.0539870E-006
          5466.88     -1.0976587E-006
          5478.16     -1.1460811E-006
          5489.45     -1.1991073E-006
          5500.74     -1.2566017E-006
          5512.03     -1.3184398E-006
          5523.32     -1.3845068E-006
          5534.61     -1.4546981E-006
          5545.90     -1.5289176E-006
          5557.19     -1.6070780E-006
          5568.48     -1.6890996E-006
          5579.77     -1.7770406E-006
          5591.05     -1.8760002E-006
          5602.34     -1.9886365E-006
          5613.63     -2.1143226E-006
          5624.92     -2.2524674E-006
          5636.21     -2.4025126E-006
          5647.50     -2.5639311E-006
          5658.79     -2.7362246E-006
          5670.08     -2.9189211E-006
          5681.37     -3.1115666E-006
          5692.66     -3.3137235E-006
          5703.95     -3.5249789E-006
          5715.23     -3.7449426E-006
          5726.52     -4.7077155E-006
          5737.81     -7.0718100E-006
          5749.10     -1.0727248E-005
          5760.39     -1.5568818E-005
          5771.68     -2.1495742E-005
          5782.97     -2.8411355E-005
          5794.26     -3.6222977E-005
          5805.55     -4.4841297E-005
          5816.84     -5.4179565E-005
          5828.12     -6.4153314E-005
          5839.41     -7.4680063E-005
          5850.70     -8.5679049E-005
          5861.99     -9.7070978E-005
          5873.28     -1.0871480E-004
          5884.57     -1.2049791E-004
          5895.86     -1.3238476E-004
          5907.15     -1.4433993E-004
          5918.44     -1.5632793E-004
          5929.73     -1.6831313E-004
          5941.02     -1.8025984E-004
          5952.30     -1.9213222E-004
          5963.59     -2.0389416E-004
          5974.88     -2.1550916E-004
          5986.17     -2.2694021E-004
          5997.46     -2.3814972E-004
          6008.75     -2.4909952E-004
          6020.04     -2.5975387E-004
          6031.33     -2.7010738E-004
          6042.62     -2.8016606E-004
          6053.91     -2.8993453E-004
          6065.20     -2.9941617E-004
          6076.48     -3.0861310E-004
          6087.77     -3.1752615E-004
          6099.06     -3.2615493E-004
          6110.35     -3.3449768E-004
          6121.64     -3.4255129E-004
          6132.93     -3.5031123E-004
          6144.22     -3.5777155E-004
          6155.51     -3.6492510E-004
          6166.80     -3.7172159E-004
          6178.09     -3.7812234E-004
          6189.38     -3.8413557E-004
          6200.66     -3.8976784E-004
          6211.95     -3.9502405E-004
          6223.24     -3.9990748E-004
          6234.53     -4.0441978E-004
          6245.82     -4.0856101E-004
          6257.11     -4.1232961E-004
          6268.40     -4.1572242E-004
          6279.69     -4.1873470E-004
          6290.98     -4.2136008E-004
          6302.27     -4.2352328E-004
          6313.55     -4.2515665E-004
          6324.84     -4.2626258E-004
          6336.13     -4.2684156E-004
          6347.42     -4.2689212E-004
          6358.71     -4.2641087E-004
          6370.00     -4.2539253E-004
