          3480.00     -1.7697870E-026
          3491.29      2.6149166E+000
          3502.58      5.2370354E+000
          3513.87      7.8672494E+000
          3525.16      1.0506438E+001
          3536.45      1.3155481E+001
          3547.73      1.5815254E+001
          3559.02      1.8486620E+001
          3570.31      2.1170443E+001
          3581.60      2.3867582E+001
          3592.89      2.6578892E+001
          3604.18      2.9305219E+001
          3615.47      3.2047382E+001
          3626.76      3.4806192E+001
          3638.05      3.7582456E+001
          3649.34      4.0378755E+001
          3660.62      4.3197477E+001
          3671.91      4.6039132E+001
          3683.20      4.8904233E+001
          3694.49      5.1793298E+001
          3705.78      5.4706839E+001
          3717.07      5.7645379E+001
          3728.36      6.0609444E+001
          3739.65      6.3599555E+001
          3750.94      6.6616244E+001
          3762.23      6.9660041E+001
          3773.52      7.2731480E+001
          3784.80      7.5831103E+001
          3796.09      7.8965250E+001
          3807.38      8.2139893E+001
          3818.67      8.5355019E+001
          3829.96      8.8610619E+001
          3841.25      9.1906707E+001
          3852.54      9.5243302E+001
          3863.83      9.8620438E+001
          3875.12      1.0203816E+002
          3886.41      1.0549651E+002
          3897.70      1.0899557E+002
          3908.98      1.1253540E+002
          3920.27      1.1611608E+002
          3931.56      1.1973772E+002
          3942.85      1.2341469E+002
          3954.14      1.2716060E+002
          3965.43      1.3097437E+002
          3976.72      1.3485494E+002
          3988.01      1.3880130E+002
          3999.30      1.4281245E+002
          4010.59      1.4688742E+002
          4021.88      1.5102526E+002
          4033.16      1.5522503E+002
          4044.45      1.5948584E+002
          4055.74      1.6380679E+002
          4067.03      1.6818702E+002
          4078.32      1.7262568E+002
          4089.61      1.7714375E+002
          4100.90      1.8176093E+002
          4112.19      1.8647442E+002
          4123.48      1.9128150E+002
          4134.77      1.9617947E+002
          4146.05      2.0116567E+002
          4157.34      2.0623748E+002
          4168.63      2.1139230E+002
          4179.92      2.1662758E+002
          4191.21      2.2194077E+002
          4202.50      2.2732939E+002
          4213.79      2.3279095E+002
          4225.08      2.3832300E+002
          4236.37      2.4394230E+002
          4247.66      2.4966412E+002
          4258.95      2.5548383E+002
          4270.23      2.6139682E+002
          4281.52      2.6739852E+002
          4292.81      2.7348439E+002
          4304.10      2.7964992E+002
          4315.39      2.8589064E+002
          4326.68      2.9220209E+002
          4337.97      2.9857983E+002
          4349.26      3.0501946E+002
          4360.55      3.1151658E+002
          4371.84      3.1806679E+002
          4383.12      3.2466575E+002
          4394.41      3.3131042E+002
          4405.70      3.3799762E+002
          4416.99      3.4472273E+002
          4428.28      3.5148111E+002
          4439.57      3.5826815E+002
          4450.86      3.6507923E+002
          4462.15      3.7190971E+002
          4473.44      3.7875496E+002
          4484.73      3.8561033E+002
          4496.02      3.9247117E+002
          4507.30      3.9933283E+002
          4518.59      4.0619059E+002
          4529.88      4.1303825E+002
          4541.17      4.1986643E+002
          4552.46      4.2666870E+002
          4563.75      4.3344279E+002
          4575.04      4.4018638E+002
          4586.33      4.4689716E+002
          4597.62      4.5357273E+002
          4608.91      4.6021069E+002
          4620.20      4.6680859E+002
          4631.48      4.7336395E+002
          4642.77      4.7987424E+002
          4654.06      4.8633690E+002
          4665.35      4.9274934E+002
          4676.64      4.9910807E+002
          4687.93      5.0541139E+002
          4699.22      5.1165925E+002
          4710.51      5.1785159E+002
          4721.80      5.2398828E+002
          4733.09      5.3006914E+002
          4744.38      5.3609398E+002
          4755.66      5.4206252E+002
          4766.95      5.4797447E+002
          4778.24      5.5382948E+002
          4789.53      5.5962714E+002
          4800.82      5.6536703E+002
          4812.11      5.7104866E+002
          4823.40      5.7667149E+002
          4834.69      5.8223189E+002
          4845.98      5.8772709E+002
          4857.27      5.9315776E+002
          4868.55      5.9852457E+002
          4879.84      6.0382810E+002
          4891.13      6.0906892E+002
          4902.42      6.1424753E+002
          4913.71      6.1936440E+002
          4925.00      6.2441994E+002
          4936.29      6.2941453E+002
          4947.58      6.3434850E+002
          4958.87      6.3922215E+002
          4970.16      6.4403572E+002
          4981.45      6.4878412E+002
          4992.73      6.5346251E+002
          5004.02      6.5807144E+002
          5015.31      6.6261140E+002
          5026.60      6.6708283E+002
          5037.89      6.7148616E+002
          5049.18      6.7582174E+002
          5060.47      6.8008989E+002
          5071.76      6.8429090E+002
          5083.05      6.8842500E+002
          5094.34      6.9249238E+002
          5105.62      6.9649321E+002
          5116.91      7.0042760E+002
          5128.20      7.0429305E+002
          5139.49      7.0808710E+002
          5150.78      7.1180982E+002
          5162.07      7.1546124E+002
          5173.36      7.1904137E+002
          5184.65      7.2255014E+002
          5195.94      7.2598748E+002
          5207.23      7.2935327E+002
          5218.52      7.3264734E+002
          5229.80      7.3586948E+002
          5241.09      7.3901945E+002
          5252.38      7.4209698E+002
          5263.67      7.4510174E+002
          5274.96      7.4803542E+002
          5286.25      7.5090137E+002
          5297.54      7.5370081E+002
          5308.83      7.5643317E+002
          5320.12      7.5909785E+002
          5331.41      7.6169420E+002
          5342.70      7.6422155E+002
          5353.98      7.6667919E+002
          5365.27      7.6906637E+002
          5376.56      7.7138232E+002
          5387.85      7.7362623E+002
          5399.14      7.7579725E+002
          5410.43      7.7789449E+002
          5421.72      7.7992940E+002
          5433.01      7.8191308E+002
          5444.30      7.8384409E+002
          5455.59      7.8572094E+002
          5466.88      7.8754212E+002
          5478.16      7.8930611E+002
          5489.45      7.9101134E+002
          5500.74      7.9265623E+002
          5512.03      7.9423917E+002
          5523.32      7.9575850E+002
          5534.61      7.9721256E+002
          5545.90      7.9859965E+002
          5557.19      7.9991803E+002
          5568.48      8.0116596E+002
          5579.77      8.0234740E+002
          5591.05      8.0347418E+002
          5602.34      8.0455181E+002
          5613.63      8.0557735E+002
          5624.92      8.0654789E+002
          5636.21      8.0746046E+002
          5647.50      8.0831211E+002
          5658.79      8.0909983E+002
          5670.08      8.0982063E+002
          5681.37      8.1047155E+002
          5692.66      8.1104972E+002
          5703.95      8.1155226E+002
          5715.23      8.1197633E+002
          5726.52      8.1295454E+002
          5737.81      8.1501440E+002
          5749.10      8.1799672E+002
          5760.39      8.2174412E+002
          5771.68      8.2610100E+002
          5782.97      8.3091352E+002
          5794.26      8.3602965E+002
          5805.55      8.4129857E+002
          5816.84      8.4657012E+002
          5828.12      8.5169473E+002
          5839.41      8.5652342E+002
          5850.70      8.6090771E+002
          5861.99      8.6469964E+002
          5873.28      8.6786807E+002
          5884.57      8.7041481E+002
          5895.86      8.7224190E+002
          5907.15      8.7325163E+002
          5918.44      8.7334655E+002
          5929.73      8.7242967E+002
          5941.02      8.7040453E+002
          5952.30      8.6717521E+002
          5963.59      8.6264633E+002
          5974.88      8.5672308E+002
          5986.17      8.4931121E+002
          5997.46      8.4031721E+002
          6008.75      8.2964817E+002
          6020.04      8.1770351E+002
          6031.33      8.0491732E+002
          6042.62      7.9124925E+002
          6053.91      7.7665906E+002
          6065.20      7.6110655E+002
          6076.48      7.4455146E+002
          6087.77      7.2695346E+002
          6099.06      7.0827205E+002
          6110.35      6.8846664E+002
          6121.64      6.6749663E+002
          6132.93      6.4532169E+002
          6144.22      6.2190199E+002
          6155.51      5.9719765E+002
          6166.80      5.7153164E+002
          6178.09      5.4523955E+002
          6189.38      5.1829993E+002
          6200.66      4.9069109E+002
          6211.95      4.6239123E+002
          6223.24      4.3337839E+002
          6234.53      4.0363058E+002
          6245.82      3.7312559E+002
          6257.11      3.4184109E+002
          6268.40      3.0975469E+002
          6279.69      2.7684372E+002
          6290.98      2.4308536E+002
          6302.27      2.0882995E+002
          6313.55      1.7443577E+002
          6324.84      1.3989190E+002
          6336.13      1.0518734E+002
          6347.42      7.0311086E+001
          6358.71      3.5252264E+001
          6370.00     -5.7765545E-033
