          3480.00      0.0000000E+000
          3491.29     -3.4025581E+003
          3502.58     -3.3580710E+003
          3513.87     -3.3571781E+003
          3525.16     -3.3987815E+003
          3536.45     -3.4859444E+003
          3547.73     -3.6265870E+003
          3559.02     -3.8355737E+003
          3570.31     -4.1393434E+003
          3581.60     -4.5862044E+003
          3592.89     -5.1405690E+003
          3604.18     -5.7222136E+003
          3615.47     -6.3453252E+003
          3626.76     -7.0310758E+003
          3638.05     -7.8103892E+003
          3649.34     -8.7290912E+003
          3660.62     -9.8577867E+003
          3671.91     -1.1311781E+004
          3683.20     -1.3294734E+004
          3694.49     -1.6206411E+004
          3705.78     -2.0959003E+004
          3717.07     -3.0196449E+004
          3728.36     -5.2997224E+004
          3739.65     -1.7219608E+005
          3750.94     -1.5825844E+005
          3762.23     -5.6425608E+004
          3773.52     -3.4982860E+004
          3784.80     -2.5599512E+004
          3796.09     -2.0356024E+004
          3807.38     -1.7165987E+004
          3818.67     -1.5116978E+004
          3829.96     -1.3696935E+004
          3841.25     -1.2658054E+004
          3852.54     -1.1865540E+004
          3863.83     -1.1239594E+004
          3875.12     -1.0729848E+004
          3886.41     -1.0302890E+004
          3897.70     -9.9356755E+003
          3908.98     -9.6118344E+003
          3920.27     -9.3194809E+003
          3931.56     -9.0498642E+003
          3942.85     -8.7965012E+003
          3954.14     -8.5545946E+003
          3965.43     -8.3206310E+003
          3976.72     -8.0920947E+003
          3988.01     -7.8672495E+003
          3999.30     -7.6449717E+003
          4010.59     -7.4592036E+003
          4021.88     -7.3337380E+003
          4033.16     -7.2562063E+003
          4044.45     -7.2176778E+003
          4055.74     -7.2115102E+003
          4067.03     -7.2326210E+003
          4078.32     -7.2770098E+003
          4089.61     -7.3414348E+003
          4100.90     -7.4231866E+003
          4112.19     -7.5199272E+003
          4123.48     -7.6295720E+003
          4134.77     -7.7502024E+003
          4146.05     -7.9089660E+003
          4157.34     -8.1345553E+003
          4168.63     -8.4296994E+003
          4179.92     -8.8001691E+003
          4191.21     -9.2551199E+003
          4202.50     -9.8078251E+003
          4213.79     -1.0476918E+004
          4225.08     -1.1288399E+004
          4236.37     -1.2278859E+004
          4247.66     -1.3500778E+004
          4258.95     -1.5031575E+004
          4270.23     -1.6989797E+004
          4281.52     -1.9712409E+004
          4292.81     -2.3897510E+004
          4304.10     -3.0951175E+004
          4315.39     -4.5017754E+004
          4326.68     -8.5884056E+004
          4337.97     -1.4786638E+006
          4349.26     -9.4171919E+004
          4360.55     -4.5087812E+004
          4371.84     -2.9457631E+004
          4383.12     -2.1799762E+004
          4394.41     -1.7268783E+004
          4405.70     -1.4282955E+004
          4416.99     -1.2172576E+004
          4428.28     -1.0628358E+004
          4439.57     -9.4683221E+003
          4450.86     -8.5657772E+003
          4462.15     -7.8442174E+003
          4473.44     -7.2547101E+003
          4484.73     -6.7645024E+003
          4496.02     -6.3508441E+003
          4507.30     -5.9974403E+003
          4518.59     -5.6923143E+003
          4529.88     -5.4264648E+003
          4541.17     -5.1929969E+003
          4552.46     -4.9865404E+003
          4563.75     -4.8157331E+003
          4575.04     -4.6854669E+003
          4586.33     -4.5879101E+003
          4597.62     -4.5174465E+003
          4608.91     -4.4699860E+003
          4620.20     -4.4425225E+003
          4631.48     -4.4328448E+003
          4642.77     -4.4393411E+003
          4654.06     -4.4608658E+003
          4665.35     -4.4966488E+003
          4676.64     -4.5462327E+003
          4687.93     -4.6094318E+003
          4699.22     -4.6950268E+003
          4710.51     -4.8125300E+003
          4721.80     -4.9639787E+003
          4733.09     -5.1527724E+003
          4744.38     -5.3839283E+003
          4755.66     -5.6645155E+003
          4766.95     -6.0043495E+003
          4778.24     -6.4170897E+003
          4789.53     -6.9219968E+003
          4800.82     -7.5468415E+003
          4812.11     -8.3329054E+003
          4823.40     -9.3440559E+003
          4834.69     -1.0738706E+004
          4845.98     -1.2831507E+004
          4857.27     -1.6241203E+004
          4868.55     -2.2653279E+004
          4879.84     -3.8838565E+004
          4891.13     -1.5444971E+005
          4902.42     -7.3578040E+004
          4913.71     -2.9094117E+004
          4925.00     -1.7923122E+004
          4936.29     -1.2854766E+004
          4947.58     -9.9086310E+003
          4958.87     -7.9568090E+003
          4970.16     -6.5826123E+003
          4981.45     -5.5711016E+003
          4992.73     -4.8007533E+003
          5004.02     -4.1980056E+003
          5015.31     -3.7159034E+003
          5026.60     -3.3231786E+003
          5037.89     -2.9982723E+003
          5049.18     -2.7258808E+003
          5060.47     -2.4948704E+003
          5071.76     -2.2969655E+003
          5083.05     -2.1217731E+003
          5094.34     -1.9630037E+003
          5105.62     -1.8197450E+003
          5116.91     -1.6907827E+003
          5128.20     -1.5747903E+003
          5139.49     -1.4704445E+003
          5150.78     -1.3764896E+003
          5162.07     -1.2917688E+003
          5173.36     -1.2152372E+003
          5184.65     -1.1459629E+003
          5195.94     -1.0831207E+003
          5207.23     -1.0259844E+003
          5218.52     -9.7275487E+002
          5229.80     -9.2226262E+002
          5241.09     -8.7467616E+002
          5252.38     -8.3004232E+002
          5263.67     -7.8832279E+002
          5274.96     -7.4942231E+002
          5286.25     -7.1320944E+002
          5297.54     -6.7953209E+002
          5308.83     -6.4822839E+002
          5320.12     -6.1913423E+002
          5331.41     -5.9208847E+002
          5342.70     -5.6693608E+002
          5353.98     -5.4255847E+002
          5365.27     -5.1823914E+002
          5376.56     -4.9434666E+002
          5387.85     -4.7114913E+002
          5399.14     -4.4883143E+002
          5410.43     -4.2751185E+002
          5421.72     -4.0725699E+002
          5433.01     -3.8809430E+002
          5444.30     -3.7002253E+002
          5455.59     -3.5302006E+002
          5466.88     -3.3705118E+002
          5478.16     -3.2207114E+002
          5489.45     -3.0802976E+002
          5500.74     -2.9487418E+002
          5512.03     -2.8255079E+002
          5523.32     -2.7100658E+002
          5534.61     -2.6019011E+002
          5545.90     -2.5005212E+002
          5557.19     -2.3994993E+002
          5568.48     -2.2945707E+002
          5579.77     -2.1881216E+002
          5591.05     -2.0820485E+002
          5602.34     -1.9778048E+002
          5613.63     -1.8764610E+002
          5624.92     -1.7787691E+002
          5636.21     -1.6852242E+002
          5647.50     -1.5961191E+002
          5658.79     -1.5115915E+002
          5670.08     -1.4316629E+002
          5681.37     -1.3562736E+002
          5692.66     -1.2853060E+002
          5703.95     -1.2135253E+002
          5715.23     -1.1376945E+002
          5726.52     -1.0602423E+002
          5737.81     -9.8305490E+001
          5749.10     -9.0752865E+001
          5760.39     -8.3464411E+001
          5771.68     -7.6565680E+001
          5782.97     -7.0127833E+001
          5794.26     -6.4135131E+001
          5805.55     -5.8566621E+001
          5816.84     -5.3398635E+001
          5828.12     -4.8606273E+001
          5839.41     -4.4164468E+001
          5850.70     -4.0048690E+001
          5861.99     -3.6235385E+001
          5873.28     -3.2702271E+001
          5884.57     -2.9428458E+001
          5895.86     -2.6383082E+001
          5907.15     -2.3541121E+001
          5918.44     -2.0891545E+001
          5929.73     -1.8423496E+001
          5941.02     -1.6126400E+001
          5952.30     -1.3990097E+001
          5963.59     -1.2004924E+001
          5974.88     -1.0137329E+001
          5986.17     -8.3632493E+000
          5997.46     -6.6861515E+000
          6008.75     -5.1078317E+000
          6020.04     -3.6288024E+000
          6031.33     -2.2485676E+000
          6042.62     -9.6590062E-001
          6053.91      2.2089292E-001
          6065.20      1.3138226E+000
          6076.48      2.3318596E+000
          6087.77      3.2849752E+000
          6099.06      4.1635271E+000
          6110.35      4.9597502E+000
          6121.64      5.6673486E+000
          6132.93      6.2811181E+000
          6144.22      6.7966709E+000
          6155.51      7.2139618E+000
          6166.80      7.5349176E+000
          6178.09      7.7585331E+000
          6189.38      7.8836197E+000
          6200.66      7.9086719E+000
          6211.95      7.8317721E+000
          6223.24      7.6505120E+000
          6234.53      7.3849056E+000
          6245.82      7.0571480E+000
          6257.11      6.6674627E+000
          6268.40      6.2157823E+000
          6279.69      5.7017523E+000
          6290.98      5.1348401E+000
          6302.27      4.5253239E+000
          6313.55      3.8737400E+000
          6324.84      3.1804845E+000
          6336.13      2.4458183E+000
          6347.42      1.6698761E+000
          6358.71      8.5407994E-001
          6370.00      0.0000000E+000
