          3480.00     -2.3059593E-004
          3491.29     -2.1792521E-004
          3502.58     -2.0508696E-004
          3513.87     -1.9229750E-004
          3525.16     -1.7977172E-004
          3536.45     -1.6772369E-004
          3547.73     -1.5636739E-004
          3559.02     -1.4591734E-004
          3570.31     -1.3658919E-004
          3581.60     -1.2860038E-004
          3592.89     -1.2143785E-004
          3604.18     -1.1445700E-004
          3615.47     -1.0767986E-004
          3626.76     -1.0112878E-004
          3638.05     -9.4826436E-005
          3649.34     -8.8795918E-005
          3660.62     -8.3060769E-005
          3671.91     -7.7645069E-005
          3683.20     -7.2573493E-005
          3694.49     -6.7871371E-005
          3705.78     -6.3564772E-005
          3717.07     -5.9680536E-005
          3728.36     -5.6102963E-005
          3739.65     -5.2702382E-005
          3750.94     -4.9485563E-005
          3762.23     -4.6459650E-005
          3773.52     -4.3632172E-005
          3784.80     -4.1011061E-005
          3796.09     -3.8586543E-005
          3807.38     -3.6294883E-005
          3818.67     -3.4085614E-005
          3829.96     -3.1959064E-005
          3841.25     -2.9915725E-005
          3852.54     -2.7956261E-005
          3863.83     -2.6081511E-005
          3875.12     -2.4292486E-005
          3886.41     -2.2590380E-005
          3897.70     -2.0976562E-005
          3908.98     -1.9452585E-005
          3920.27     -1.8020193E-005
          3931.56     -1.6681314E-005
          3942.85     -1.5438072E-005
          3954.14     -1.4292787E-005
          3965.43     -1.3247979E-005
          3976.72     -1.2306375E-005
          3988.01     -1.1470914E-005
          3999.30     -1.0744749E-005
          4010.59     -1.0094260E-005
          4021.88     -9.4837810E-006
          4033.16     -8.9136296E-006
          4044.45     -8.3842032E-006
          4055.74     -7.8959799E-006
          4067.03     -7.4495209E-006
          4078.32     -7.0454683E-006
          4089.61     -6.6845475E-006
          4100.90     -6.3675688E-006
          4112.19     -6.0954265E-006
          4123.48     -5.8691016E-006
          4134.77     -5.6896620E-006
          4146.05     -5.5402597E-006
          4157.34     -5.4033347E-006
          4168.63     -5.2789687E-006
          4179.92     -5.1672646E-006
          4191.21     -5.0683469E-006
          4202.50     -4.9823610E-006
          4213.79     -4.9094738E-006
          4225.08     -4.8498740E-006
          4236.37     -4.8037718E-006
          4247.66     -4.7713997E-006
          4258.95     -4.7530121E-006
          4270.23     -4.7488860E-006
          4281.52     -4.7510164E-006
          4292.81     -4.7511726E-006
          4304.10     -4.7493048E-006
          4315.39     -4.7453555E-006
          4326.68     -4.7392596E-006
          4337.97     -4.7309446E-006
          4349.26     -4.7203303E-006
          4360.55     -4.7073289E-006
          4371.84     -4.6918447E-006
          4383.12     -4.6737743E-006
          4394.41     -4.6530064E-006
          4405.70     -4.6294219E-006
          4416.99     -4.6028936E-006
          4428.28     -4.5743571E-006
          4439.57     -4.5447680E-006
          4450.86     -4.5140188E-006
          4462.15     -4.4819975E-006
          4473.44     -4.4485871E-006
          4484.73     -4.4136653E-006
          4496.02     -4.3771050E-006
          4507.30     -4.3387736E-006
          4518.59     -4.2985329E-006
          4529.88     -4.2562394E-006
          4541.17     -4.2117436E-006
          4552.46     -4.1648902E-006
          4563.75     -4.1170804E-006
          4575.04     -4.0697507E-006
          4586.33     -4.0227930E-006
          4597.62     -3.9760981E-006
          4608.91     -3.9295548E-006
          4620.20     -3.8830507E-006
          4631.48     -3.8364711E-006
          4642.77     -3.7896996E-006
          4654.06     -3.7426178E-006
          4665.35     -3.6951047E-006
          4676.64     -3.6470373E-006
          4687.93     -3.5982898E-006
          4699.22     -3.5495283E-006
          4710.51     -3.5014353E-006
          4721.80     -3.4539077E-006
          4733.09     -3.4068416E-006
          4744.38     -3.3601323E-006
          4755.66     -3.3136744E-006
          4766.95     -3.2673615E-006
          4778.24     -3.2210857E-006
          4789.53     -3.1747386E-006
          4800.82     -3.1282096E-006
          4812.11     -3.0813872E-006
          4823.40     -3.0341580E-006
          4834.69     -2.9870341E-006
          4845.98     -2.9405396E-006
          4857.27     -2.8945779E-006
          4868.55     -2.8490519E-006
          4879.84     -2.8038644E-006
          4891.13     -2.7589177E-006
          4902.42     -2.7141131E-006
          4913.71     -2.6693516E-006
          4925.00     -2.6245331E-006
          4936.29     -2.5795565E-006
          4947.58     -2.5348756E-006
          4958.87     -2.4909544E-006
          4970.16     -2.4477066E-006
          4981.45     -2.4050464E-006
          4992.73     -2.3628876E-006
          5004.02     -2.3211444E-006
          5015.31     -2.2797305E-006
          5026.60     -2.2385597E-006
          5037.89     -2.1975451E-006
          5049.18     -2.1565996E-006
          5060.47     -2.1156357E-006
          5071.76     -2.0745648E-006
          5083.05     -2.0337932E-006
          5094.34     -1.9937353E-006
          5105.62     -1.9543151E-006
          5116.91     -1.9154569E-006
          5128.20     -1.8770853E-006
          5139.49     -1.8391250E-006
          5150.78     -1.8015006E-006
          5162.07     -1.7641371E-006
          5173.36     -1.7269589E-006
          5184.65     -1.6898906E-006
          5195.94     -1.6528564E-006
          5207.23     -1.6157801E-006
          5218.52     -1.5789620E-006
          5229.80     -1.5427080E-006
          5241.09     -1.5069503E-006
          5252.38     -1.4716214E-006
          5263.67     -1.4366540E-006
          5274.96     -1.4019810E-006
          5286.25     -1.3675354E-006
          5297.54     -1.3332501E-006
          5308.83     -1.2990580E-006
          5320.12     -1.2648919E-006
          5331.41     -1.2306844E-006
          5342.70     -1.1963679E-006
          5353.98     -1.1623700E-006
          5365.27     -1.1291253E-006
          5376.56     -1.0965763E-006
          5387.85     -1.0646661E-006
          5399.14     -1.0333386E-006
          5410.43     -1.0025381E-006
          5421.72     -9.7220935E-007
          5433.01     -9.4229755E-007
          5444.30     -9.1274821E-007
          5455.59     -8.8350725E-007
          5466.88     -8.5452075E-007
          5478.16     -8.2573501E-007
          5489.45     -7.9709647E-007
          5500.74     -7.6855162E-007
          5512.03     -7.4004708E-007
          5523.32     -7.1152934E-007
          5534.61     -6.8294486E-007
          5545.90     -6.5424003E-007
          5557.19     -6.2580157E-007
          5568.48     -5.9801934E-007
          5579.77     -5.7084490E-007
          5591.05     -5.4423061E-007
          5602.34     -5.1812954E-007
          5613.63     -4.9249526E-007
          5624.92     -4.6728188E-007
          5636.21     -4.4244404E-007
          5647.50     -4.1793679E-007
          5658.79     -3.9371556E-007
          5670.08     -3.6973617E-007
          5681.37     -3.4595555E-007
          5692.66     -3.2233185E-007
          5703.95     -2.9940176E-007
          5715.23     -2.7770063E-007
          5726.52     -2.5718606E-007
          5737.81     -2.3781693E-007
          5749.10     -2.1955347E-007
          5760.39     -2.0235720E-007
          5771.68     -1.8606242E-007
          5782.97     -1.7050568E-007
          5794.26     -1.5565301E-007
          5805.55     -1.4147084E-007
          5816.84     -1.2792642E-007
          5828.12     -1.1498774E-007
          5839.41     -1.0262349E-007
          5850.70     -9.0803055E-008
          5861.99     -7.9496468E-008
          5873.28     -6.8674405E-008
          5884.57     -5.8308101E-008
          5895.86     -4.8419862E-008
          5907.15     -3.9031273E-008
          5918.44     -3.0113438E-008
          5929.73     -2.1638182E-008
          5941.02     -1.3577917E-008
          5952.30     -5.9056143E-009
          5963.59      1.4051936E-009
          5974.88      8.2327607E-009
          5986.17      1.4461411E-008
          5997.46      2.0125703E-008
          6008.75      2.5259422E-008
          6020.04      2.9895584E-008
          6031.33      3.4066555E-008
          6042.62      3.7804113E-008
          6053.91      4.1139438E-008
          6065.20      4.4103171E-008
          6076.48      4.6494200E-008
          6087.77      4.8131375E-008
          6099.06      4.9074205E-008
          6110.35      4.9381324E-008
          6121.64      4.9110559E-008
          6132.93      4.8318956E-008
          6144.22      4.7062737E-008
          6155.51      4.5446489E-008
          6166.80      4.3565129E-008
          6178.09      4.1459334E-008
          6189.38      3.9169342E-008
          6200.66      3.6735118E-008
          6211.95      3.4196430E-008
          6223.24      3.1592893E-008
          6234.53      2.8974115E-008
          6245.82      2.6370408E-008
          6257.11      2.3792365E-008
          6268.40      2.1250592E-008
          6279.69      1.8755711E-008
          6290.98      1.6302690E-008
          6302.27      1.3879848E-008
          6313.55      1.1487873E-008
          6324.84      9.1274892E-009
          6336.13      6.7994462E-009
          6347.42      4.5045267E-009
          6358.71      2.2395637E-009
          6370.00     -5.5742128E-042
