          3480.00     -1.7357732E-036
          3491.29      5.7154252E-010
          3502.58      1.1571687E-009
          3513.87      1.7515044E-009
          3525.16      2.3492253E-009
          3536.45      2.9450397E-009
          3547.73      3.5336665E-009
          3559.02      4.1098145E-009
          3570.31      4.6681660E-009
          3581.60      5.2033560E-009
          3592.89      5.7293585E-009
          3604.18      6.2637644E-009
          3615.47      6.8065897E-009
          3626.76      7.3578561E-009
          3638.05      7.9175894E-009
          3649.34      8.4858172E-009
          3660.62      9.0625702E-009
          3671.91      9.6478791E-009
          3683.20      1.0241774E-008
          3694.49      1.0844284E-008
          3705.78      1.1455433E-008
          3717.07      1.2075242E-008
          3728.36      1.2707364E-008
          3739.65      1.3355847E-008
          3750.94      1.4021312E-008
          3762.23      1.4704392E-008
          3773.52      1.5405731E-008
          3784.80      1.6125987E-008
          3796.09      1.6866296E-008
          3807.38      1.7629229E-008
          3818.67      1.8417046E-008
          3829.96      1.9230707E-008
          3841.25      2.0071199E-008
          3852.54      2.0939530E-008
          3863.83      2.1836739E-008
          3875.12      2.2763889E-008
          3886.41      2.3722069E-008
          3897.70      2.4712400E-008
          3908.98      2.5736030E-008
          3920.27      2.6794137E-008
          3931.56      2.7887934E-008
          3942.85      2.9018662E-008
          3954.14      3.0187598E-008
          3965.43      3.1396055E-008
          3976.72      3.2645375E-008
          3988.01      3.3936944E-008
          3999.30      3.5272182E-008
          4010.59      3.6654114E-008
          4021.88      3.8085860E-008
          4033.16      3.9569045E-008
          4044.45      4.1105342E-008
          4055.74      4.2696478E-008
          4067.03      4.4344228E-008
          4078.32      4.6050423E-008
          4089.61      4.7816952E-008
          4100.90      4.9645755E-008
          4112.19      5.1538833E-008
          4123.48      5.3498248E-008
          4134.77      5.5526121E-008
          4146.05      5.7626367E-008
          4157.34      5.9802965E-008
          4168.63      6.2058251E-008
          4179.92      6.4394633E-008
          4191.21      6.6814591E-008
          4202.50      6.9320692E-008
          4213.79      7.1915579E-008
          4225.08      7.4601980E-008
          4236.37      7.7382708E-008
          4247.66      8.0260659E-008
          4258.95      8.3238819E-008
          4270.23      8.6320271E-008
          4281.52      8.9510720E-008
          4292.81      9.2815961E-008
          4304.10      9.6239340E-008
          4315.39      9.9784315E-008
          4326.68      1.0345446E-007
          4337.97      1.0725345E-007
          4349.26      1.1118510E-007
          4360.55      1.1525332E-007
          4371.84      1.1946217E-007
          4383.12      1.2381581E-007
          4394.41      1.2831854E-007
          4405.70      1.3297480E-007
          4416.99      1.3778914E-007
          4428.28      1.4276346E-007
          4439.57      1.4789983E-007
          4450.86      1.5320325E-007
          4462.15      1.5867886E-007
          4473.44      1.6433193E-007
          4484.73      1.7016790E-007
          4496.02      1.7619233E-007
          4507.30      1.8241093E-007
          4518.59      1.8882958E-007
          4529.88      1.9545429E-007
          4541.17      2.0229127E-007
          4552.46      2.0934685E-007
          4563.75      2.1661460E-007
          4575.04      2.2408844E-007
          4586.33      2.3177551E-007
          4597.62      2.3968308E-007
          4608.91      2.4781851E-007
          4620.20      2.5618937E-007
          4631.48      2.6480335E-007
          4642.77      2.7366828E-007
          4654.06      2.8279218E-007
          4665.35      2.9218320E-007
          4676.64      3.0184970E-007
          4687.93      3.1180020E-007
          4699.22      3.2202888E-007
          4710.51      3.3253047E-007
          4721.80      3.4331451E-007
          4733.09      3.5439067E-007
          4744.38      3.6576881E-007
          4755.66      3.7745893E-007
          4766.95      3.8947121E-007
          4778.24      4.0181599E-007
          4789.53      4.1450381E-007
          4800.82      4.2754539E-007
          4812.11      4.4095167E-007
          4823.40      4.5473375E-007
          4834.69      4.6887625E-007
          4845.98      4.8336474E-007
          4857.27      4.9821202E-007
          4868.55      5.1343107E-007
          4879.84      5.2903499E-007
          4891.13      5.4503706E-007
          4902.42      5.6145075E-007
          4913.71      5.7828967E-007
          4925.00      5.9556766E-007
          4936.29      6.1329875E-007
          4947.58      6.3144889E-007
          4958.87      6.4998578E-007
          4970.16      6.6892616E-007
          4981.45      6.8828692E-007
          4992.73      7.0808507E-007
          5004.02      7.2833765E-007
          5015.31      7.4906190E-007
          5026.60      7.7027517E-007
          5037.89      7.9199497E-007
          5049.18      8.1423900E-007
          5060.47      8.3702508E-007
          5071.76      8.6037126E-007
          5083.05      8.8419429E-007
          5094.34      9.0841448E-007
          5105.62      9.3305546E-007
          5116.91      9.5814078E-007
          5128.20      9.8369393E-007
          5139.49      1.0097384E-006
          5150.78      1.0362977E-006
          5162.07      1.0633953E-006
          5173.36      1.0910547E-006
          5184.65      1.1192996E-006
          5195.94      1.1481536E-006
          5207.23      1.1776405E-006
          5218.52      1.2076002E-006
          5229.80      1.2378794E-006
          5241.09      1.2685123E-006
          5252.38      1.2995326E-006
          5263.67      1.3309736E-006
          5274.96      1.3628685E-006
          5286.25      1.3952502E-006
          5297.54      1.4281514E-006
          5308.83      1.4616044E-006
          5320.12      1.4956418E-006
          5331.41      1.5302956E-006
          5342.70      1.5655980E-006
          5353.98      1.6009435E-006
          5365.27      1.6357529E-006
          5376.56      1.6700960E-006
          5387.85      1.7040413E-006
          5399.14      1.7376554E-006
          5410.43      1.7710035E-006
          5421.72      1.8041494E-006
          5433.01      1.8371555E-006
          5444.30      1.8700831E-006
          5455.59      1.9029920E-006
          5466.88      1.9359413E-006
          5478.16      1.9689888E-006
          5489.45      2.0021915E-006
          5500.74      2.0356054E-006
          5512.03      2.0692858E-006
          5523.32      2.1032872E-006
          5534.61      2.1376633E-006
          5545.90      2.1724673E-006
          5557.19      2.2052511E-006
          5568.48      2.2336924E-006
          5579.77      2.2580274E-006
          5591.05      2.2784860E-006
          5602.34      2.2952920E-006
          5613.63      2.3086631E-006
          5624.92      2.3188112E-006
          5636.21      2.3259429E-006
          5647.50      2.3302598E-006
          5658.79      2.3319584E-006
          5670.08      2.3312310E-006
          5681.37      2.3282690E-006
          5692.66      2.3232632E-006
          5703.95      2.3089488E-006
          5715.23      2.2785774E-006
          5726.52      2.2330907E-006
          5737.81      2.1734043E-006
          5749.10      2.1004093E-006
          5760.39      2.0149725E-006
          5771.68      1.9195989E-006
          5782.97      1.8166212E-006
          5794.26      1.7066123E-006
          5805.55      1.5901255E-006
          5816.84      1.4677044E-006
          5828.12      1.3398829E-006
          5839.41      1.2071863E-006
          5850.70      1.0701323E-006
          5861.99      9.2923104E-007
          5873.28      7.8498656E-007
          5884.57      6.3789677E-007
          5895.86      4.8754375E-007
          5907.15      3.3361743E-007
          5918.44      1.7677156E-007
          5929.73      1.7657031E-008
          5941.02     -1.4308199E-007
          5952.30     -3.0480760E-007
          5963.59     -4.6688681E-007
          5974.88     -6.3209644E-007
          5986.17     -8.0269617E-007
          5997.46     -9.7729289E-007
          6008.75     -1.1545102E-006
          6020.04     -1.3329865E-006
          6031.33     -1.5113790E-006
          6042.62     -1.6883600E-006
          6053.91     -1.8626071E-006
          6065.20     -2.0328021E-006
          6076.48     -2.2022694E-006
          6087.77     -2.3728201E-006
          6099.06     -2.5408809E-006
          6110.35     -2.7028876E-006
          6121.64     -2.8552808E-006
          6132.93     -2.9944974E-006
          6144.22     -3.1169769E-006
          6155.51     -3.2198081E-006
          6166.80     -3.3007277E-006
          6178.09     -3.3571582E-006
          6189.38     -3.3865151E-006
          6200.66     -3.3861918E-006
          6211.95     -3.3535526E-006
          6223.24     -3.2859297E-006
          6234.53     -3.1872229E-006
          6245.82     -3.0626423E-006
          6257.11     -2.9114402E-006
          6268.40     -2.7328418E-006
          6279.69     -2.5260444E-006
          6290.98     -2.2932711E-006
          6302.27     -2.0371766E-006
          6313.55     -1.7575662E-006
          6324.84     -1.4542221E-006
          6336.13     -1.1269020E-006
          6347.42     -7.7534002E-007
          6358.71     -3.9964572E-007
          6370.00     -3.4722769E-039
