          3480.00      1.5633952E-030
          3491.29      7.5704638E-014
          3502.58      1.5667137E-013
          3513.87      2.4231430E-013
          3525.16      3.3211764E-013
          3536.45      4.2561879E-013
          3547.73      5.2239177E-013
          3559.02      6.2203133E-013
          3570.31      7.2413844E-013
          3581.60      8.2830515E-013
          3592.89      9.3612620E-013
          3604.18      1.0502063E-012
          3615.47      1.1716572E-012
          3626.76      1.3016269E-012
          3638.05      1.4413093E-012
          3649.34      1.5919551E-012
          3660.62      1.7548823E-012
          3671.91      1.9314866E-012
          3683.20      2.1232527E-012
          3694.49      2.3317658E-012
          3705.78      2.5587228E-012
          3717.07      2.8059456E-012
          3728.36      3.0739013E-012
          3739.65      3.3633988E-012
          3750.94      3.6769680E-012
          3762.23      4.0172792E-012
          3773.52      4.3871641E-012
          3784.80      4.7896382E-012
          3796.09      5.2274498E-012
          3807.38      5.7020952E-012
          3818.67      6.2159267E-012
          3829.96      6.7731090E-012
          3841.25      7.3780594E-012
          3852.54      8.0354779E-012
          3863.83      8.7503808E-012
          3875.12      9.5281364E-012
          3886.41      1.0374498E-011
          3897.70      1.1295645E-011
          3908.98      1.2298223E-011
          3920.27      1.3389383E-011
          3931.56      1.4576831E-011
          3942.85      1.5868871E-011
          3954.14      1.7274460E-011
          3965.43      1.8803262E-011
          3976.72      2.0465699E-011
          3988.01      2.2273024E-011
          3999.30      2.4237381E-011
          4010.59      2.6367522E-011
          4021.88      2.8673778E-011
          4033.16      3.1172133E-011
          4044.45      3.3879675E-011
          4055.74      3.6814703E-011
          4067.03      3.9996823E-011
          4078.32      4.3447085E-011
          4089.61      4.7188093E-011
          4100.90      5.1244128E-011
          4112.19      5.5641306E-011
          4123.48      6.0407710E-011
          4134.77      6.5573550E-011
          4146.05      7.1167671E-011
          4157.34      7.7221980E-011
          4168.63      8.3774967E-011
          4179.92      9.0867913E-011
          4191.21      9.8545095E-011
          4202.50      1.0685407E-010
          4213.79      1.1584591E-010
          4225.08      1.2557546E-010
          4236.37      1.3610169E-010
          4247.66      1.4748790E-010
          4258.95      1.5980216E-010
          4270.23      1.7311764E-010
          4281.52      1.8751955E-010
          4292.81      2.0309938E-010
          4304.10      2.1994855E-010
          4315.39      2.3816537E-010
          4326.68      2.5785560E-010
          4337.97      2.7913290E-010
          4349.26      3.0211948E-010
          4360.55      3.2694669E-010
          4371.84      3.5375559E-010
          4383.12      3.8269775E-010
          4394.41      4.1393594E-010
          4405.70      4.4764495E-010
          4416.99      4.8401243E-010
          4428.28      5.2319869E-010
          4439.57      5.6537991E-010
          4450.86      6.1078887E-010
          4462.15      6.5967420E-010
          4473.44      7.1230179E-010
          4484.73      7.6895590E-010
          4496.02      8.2994056E-010
          4507.30      8.9558101E-010
          4518.59      9.6622499E-010
          4529.88      1.0422447E-009
          4541.17      1.1240384E-009
          4552.46      1.2120319E-009
          4563.75      1.3063058E-009
          4575.04      1.4069912E-009
          4586.33      1.5146314E-009
          4597.62      1.6297988E-009
          4608.91      1.7530966E-009
          4620.20      1.8851631E-009
          4631.48      2.0266737E-009
          4642.77      2.1783437E-009
          4654.06      2.3409326E-009
          4665.35      2.5152466E-009
          4676.64      2.7021422E-009
          4687.93      2.9025305E-009
          4699.22      3.1166415E-009
          4710.51      3.3448177E-009
          4721.80      3.5882201E-009
          4733.09      3.8480667E-009
          4744.38      4.1256390E-009
          4755.66      4.4222866E-009
          4766.95      4.7394339E-009
          4778.24      5.0785859E-009
          4789.53      5.4413336E-009
          4800.82      5.8293623E-009
          4812.11      6.2444579E-009
          4823.40      6.6885125E-009
          4834.69      7.1610895E-009
          4845.98      7.6620486E-009
          4857.27      8.1938787E-009
          4868.55      8.7591674E-009
          4879.84      9.3606099E-009
          4891.13      1.0001024E-008
          4902.42      1.0683362E-008
          4913.71      1.1410717E-008
          4925.00      1.2186345E-008
          4936.29      1.3013671E-008
          4947.58      1.3889526E-008
          4958.87      1.4811453E-008
          4970.16      1.5784153E-008
          4981.45      1.6812448E-008
          4992.73      1.7901300E-008
          5004.02      1.9055829E-008
          5015.31      2.0281342E-008
          5026.60      2.1583351E-008
          5037.89      2.2967601E-008
          5049.18      2.4440089E-008
          5060.47      2.6007084E-008
          5071.76      2.7675161E-008
          5083.05      2.9427681E-008
          5094.34      3.1250192E-008
          5105.62      3.3152794E-008
          5116.91      3.5145622E-008
          5128.20      3.7238905E-008
          5139.49      3.9443015E-008
          5150.78      4.1768506E-008
          5162.07      4.4226176E-008
          5173.36      4.6827111E-008
          5184.65      4.9582720E-008
          5195.94      5.2504800E-008
          5207.23      5.5605569E-008
          5218.52      5.8829676E-008
          5229.80      6.2127867E-008
          5241.09      6.5521486E-008
          5252.38      6.9031510E-008
          5263.67      7.2678657E-008
          5274.96      7.6483490E-008
          5286.25      8.0466539E-008
          5297.54      8.4648397E-008
          5308.83      8.9049822E-008
          5320.12      9.3691836E-008
          5331.41      9.8595806E-008
          5342.70      1.0378356E-007
          5353.98      1.0890765E-007
          5365.27      1.1365280E-007
          5376.56      1.1808599E-007
          5387.85      1.2226991E-007
          5399.14      1.2626339E-007
          5410.43      1.3012186E-007
          5421.72      1.3389769E-007
          5433.01      1.3764061E-007
          5444.30      1.4139802E-007
          5455.59      1.4521534E-007
          5466.88      1.4913630E-007
          5478.16      1.5320322E-007
          5489.45      1.5745731E-007
          5500.74      1.6193887E-007
          5512.03      1.6668760E-007
          5523.32      1.7174280E-007
          5534.61      1.7714361E-007
          5545.90      1.8292920E-007
          5557.19      1.8630718E-007
          5568.48      1.8474125E-007
          5579.77      1.7862682E-007
          5591.05      1.6832417E-007
          5602.34      1.5416110E-007
          5613.63      1.3643557E-007
          5624.92      1.1541821E-007
          5636.21      9.1354767E-008
          5647.50      6.4468179E-008
          5658.79      3.4960696E-008
          5670.08      3.0157847E-009
          5681.37     -3.1197299E-008
          5692.66     -6.7522119E-008
          5703.95     -1.1816031E-007
          5715.23     -1.9385193E-007
          5726.52     -2.9239799E-007
          5737.81     -4.1177102E-007
          5749.10     -5.5009865E-007
          5760.39     -7.0564857E-007
          5771.68     -8.7398027E-007
          5782.97     -1.0512530E-006
          5794.26     -1.2367814E-006
          5805.55     -1.4299347E-006
          5816.84     -1.6301190E-006
          5828.12     -1.8367713E-006
          5839.41     -2.0493531E-006
          5850.70     -2.2673443E-006
          5861.99     -2.4902379E-006
          5873.28     -2.7175337E-006
          5884.57     -2.9487339E-006
          5895.86     -3.1863471E-006
          5907.15     -3.4324270E-006
          5918.44     -3.6858042E-006
          5929.73     -3.9453206E-006
          5941.02     -4.2098262E-006
          5952.30     -4.4781710E-006
          5963.59     -4.7491938E-006
          5974.88     -5.0383814E-006
          5986.17     -5.3587669E-006
          5997.46     -5.7056286E-006
          6008.75     -6.0743988E-006
          6020.04     -6.4606313E-006
          6031.33     -6.8599803E-006
          6042.62     -7.2681621E-006
          6053.91     -7.6809046E-006
          6065.20     -8.0939201E-006
          6076.48     -8.5461420E-006
          6087.77     -9.0678486E-006
          6099.06     -9.6420320E-006
          6110.35     -1.0251974E-005
          6121.64     -1.0881136E-005
          6132.93     -1.1513047E-005
          6144.22     -1.2131242E-005
          6155.51     -1.2710347E-005
          6166.80     -1.3228879E-005
          6178.09     -1.3675909E-005
          6189.38     -1.4040057E-005
          6200.66     -1.4309368E-005
          6211.95     -1.4471234E-005
          6223.24     -1.4512316E-005
          6234.53     -1.4413637E-005
          6245.82     -1.4164394E-005
          6257.11     -1.3762183E-005
          6268.40     -1.3203624E-005
          6279.69     -1.2484349E-005
          6290.98     -1.1592434E-005
          6302.27     -1.0518139E-005
          6313.55     -9.2587969E-006
          6324.84     -7.8106484E-006
          6336.13     -6.1688294E-006
          6347.42     -4.3273678E-006
          6358.71     -2.2749805E-006
          6370.00     -9.0977102E-056
