          3480.00      0.0000000E+000
          3491.29     -6.2652709E-002
          3502.58     -1.2510052E-001
          3513.87     -1.8661875E-001
          3525.16     -2.4648036E-001
          3536.45     -3.0395220E-001
          3547.73     -3.5829083E-001
          3559.02     -4.0873843E-001
          3570.31     -4.5451915E-001
          3581.60     -4.9483499E-001
          3592.89     -5.3126505E-001
          3604.18     -5.6593232E-001
          3615.47     -5.9882633E-001
          3626.76     -6.2992449E-001
          3638.05     -6.5919197E-001
          3649.34     -6.8658158E-001
          3660.62     -7.1203372E-001
          3671.91     -7.3547604E-001
          3683.20     -7.5682320E-001
          3694.49     -7.7597661E-001
          3705.78     -7.9282396E-001
          3717.07     -8.0723898E-001
          3728.36     -8.1952165E-001
          3739.65     -8.3001907E-001
          3750.94     -8.3865610E-001
          3762.23     -8.4534559E-001
          3773.52     -8.4998814E-001
          3784.80     -8.5247187E-001
          3796.09     -8.5277099E-001
          3807.38     -8.5117514E-001
          3818.67     -8.4788264E-001
          3829.96     -8.4276716E-001
          3841.25     -8.3569148E-001
          3852.54     -8.2650712E-001
          3863.83     -8.1505390E-001
          3875.12     -8.0115950E-001
          3886.41     -7.8463895E-001
          3897.70     -7.6529409E-001
          3908.98     -7.4291303E-001
          3920.27     -7.1726957E-001
          3931.56     -6.8812253E-001
          3942.85     -6.5521511E-001
          3954.14     -6.1827414E-001
          3965.43     -5.7700924E-001
          3976.72     -5.3111224E-001
          3988.01     -4.8025610E-001
          3999.30     -4.2409417E-001
          4010.59     -3.6418587E-001
          4021.88     -3.0204934E-001
          4033.16     -2.3725519E-001
          4044.45     -1.6936517E-001
          4055.74     -9.7930786E-002
          4067.03     -2.2492172E-002
          4078.32      5.7423591E-002
          4089.61      1.4230369E-001
          4100.90      2.3265072E-001
          4112.19      3.2898451E-001
          4123.48      4.3184327E-001
          4134.77      5.4178506E-001
          4146.05      6.5572067E-001
          4157.34      7.7063925E-001
          4168.63      8.8723145E-001
          4179.92      1.0061879E+000
          4191.21      1.1282008E+000
          4202.50      1.2539670E+000
          4213.79      1.3841895E+000
          4225.08      1.5195793E+000
          4236.37      1.6608580E+000
          4247.66      1.8087589E+000
          4258.95      1.9640302E+000
          4270.23      2.1274360E+000
          4281.52      2.2929375E+000
          4292.81      2.4546228E+000
          4304.10      2.6134419E+000
          4315.39      2.7703240E+000
          4326.68      2.9261804E+000
          4337.97      3.0819067E+000
          4349.26      3.2383867E+000
          4360.55      3.3964944E+000
          4371.84      3.5570967E+000
          4383.12      3.7210565E+000
          4394.41      3.8892341E+000
          4405.70      4.0624901E+000
          4416.99      4.2416879E+000
          4428.28      4.4359977E+000
          4439.57      4.6544826E+000
          4450.86      4.8978949E+000
          4462.15      5.1670495E+000
          4473.44      5.4628263E+000
          4484.73      5.7861710E+000
          4496.02      6.1380969E+000
          4507.30      6.5196864E+000
          4518.59      6.9320919E+000
          4529.88      7.3765395E+000
          4541.17      7.8543302E+000
          4552.46      8.3668407E+000
          4563.75      8.9550594E+000
          4575.04      9.6590832E+000
          4586.33      1.0479250E+001
          4597.62      1.1416214E+001
          4608.91      1.2470938E+001
          4620.20      1.3644698E+001
          4631.48      1.4939078E+001
          4642.77      1.6355963E+001
          4654.06      1.7897550E+001
          4665.35      1.9566340E+001
          4676.64      2.1365141E+001
          4687.93      2.3297071E+001
          4699.22      2.5411741E+001
          4710.51      2.7757446E+001
          4721.80      3.0335994E+001
          4733.09      3.3149752E+001
          4744.38      3.6201662E+001
          4755.66      3.9495224E+001
          4766.95      4.3034498E+001
          4778.24      4.6824108E+001
          4789.53      5.0869228E+001
          4800.82      5.5175602E+001
          4812.11      5.9749541E+001
          4823.40      6.4597909E+001
          4834.69      6.9819470E+001
          4845.98      7.5509890E+001
          4857.27      8.1672625E+001
          4868.55      8.8312189E+001
          4879.84      9.5434123E+001
          4891.13      1.0304502E+002
          4902.42      1.1115252E+002
          4913.71      1.1976526E+002
          4925.00      1.2889291E+002
          4936.29      1.3854620E+002
          4947.58      1.4891097E+002
          4958.87      1.6016649E+002
          4970.16      1.7231582E+002
          4981.45      1.8536392E+002
          4992.73      1.9931759E+002
          5004.02      2.1418548E+002
          5015.31      2.2997804E+002
          5026.60      2.4670756E+002
          5037.89      2.6438811E+002
          5049.18      2.8303557E+002
          5060.47      3.0266756E+002
          5071.76      3.2330351E+002
          5083.05      3.4535448E+002
          5094.34      3.6921495E+002
          5105.62      3.9488364E+002
          5116.91      4.2236283E+002
          5128.20      4.5165832E+002
          5139.49      4.8277938E+002
          5150.78      5.1573858E+002
          5162.07      5.5055196E+002
          5173.36      5.8723885E+002
          5184.65      6.2582177E+002
          5195.94      6.6632662E+002
          5207.23      7.0878248E+002
          5218.52      7.5396750E+002
          5229.80      8.0262506E+002
          5241.09      8.5473928E+002
          5252.38      9.1030078E+002
          5263.67      9.6930644E+002
          5274.96      1.0317591E+003
          5286.25      1.0976677E+003
          5297.54      1.1670471E+003
          5308.83      1.2399179E+003
          5320.12      1.3163063E+003
          5331.41      1.3962442E+003
          5342.70      1.4797689E+003
          5353.98      1.5696303E+003
          5365.27      1.6684324E+003
          5376.56      1.7760120E+003
          5387.85      1.8922215E+003
          5399.14      2.0169292E+003
          5410.43      2.1500189E+003
          5421.72      2.2913881E+003
          5433.01      2.4409493E+003
          5444.30      2.5986283E+003
          5455.59      2.7643639E+003
          5466.88      2.9381080E+003
          5478.16      3.1198247E+003
          5489.45      3.3094904E+003
          5500.74      3.5070931E+003
          5512.03      3.7126319E+003
          5523.32      3.9261175E+003
          5534.61      4.1475712E+003
          5545.90      4.3770247E+003
          5557.19      4.6256013E+003
          5568.48      4.9036786E+003
          5579.77      5.2102158E+003
          5591.05      5.5442224E+003
          5602.34      5.9047550E+003
          5613.63      6.2909178E+003
          5624.92      6.7018585E+003
          5636.21      7.1367653E+003
          5647.50      7.5948668E+003
          5658.79      8.0754280E+003
          5670.08      8.5777490E+003
          5681.37      9.1011489E+003
          5692.66      9.6449649E+003
          5703.95      1.0239894E+004
          5715.23      1.0913495E+004
          5726.52      1.1660557E+004
          5737.81      1.2476044E+004
          5749.10      1.3355081E+004
          5760.39      1.4292942E+004
          5771.68      1.5278849E+004
          5782.97      1.6303069E+004
          5794.26      1.7362657E+004
          5805.55      1.8454761E+004
          5816.84      1.9576584E+004
          5828.12      2.0725373E+004
          5839.41      2.1898416E+004
          5850.70      2.3093036E+004
          5861.99      2.4306583E+004
          5873.28      2.5536428E+004
          5884.57      2.6779959E+004
          5895.86      2.8037187E+004
          5907.15      2.9307446E+004
          5918.44      3.0587130E+004
          5929.73      3.1872628E+004
          5941.02      3.3160342E+004
          5952.30      3.4446684E+004
          5963.59      3.5728061E+004
          5974.88      3.7006613E+004
          5986.17      3.8281382E+004
          5997.46      3.9544143E+004
          6008.75      4.0786710E+004
          6020.04      4.2000912E+004
          6031.33      4.3178598E+004
          6042.62      4.4311604E+004
          6053.91      4.5391708E+004
          6065.20      4.6410619E+004
          6076.48      4.7336893E+004
          6087.77      4.8130275E+004
          6099.06      4.8769073E+004
          6110.35      4.9231380E+004
          6121.64      4.9495046E+004
          6132.93      4.9537652E+004
          6144.22      4.9336545E+004
          6155.51      4.8896775E+004
          6166.80      4.8226636E+004
          6178.09      4.7307968E+004
          6189.38      4.6122251E+004
          6200.66      4.4650539E+004
          6211.95      4.2873417E+004
          6223.24      4.0770976E+004
          6234.53      3.8429528E+004
          6245.82      3.5941825E+004
          6257.11      3.3297065E+004
          6268.40      3.0484201E+004
          6279.69      2.7491915E+004
          6290.98      2.4370186E+004
          6302.27      2.1170970E+004
          6313.55      1.7885617E+004
          6324.84      1.4505359E+004
          6336.13      1.1021284E+004
          6347.42      7.4243307E+003
          6358.71      3.7414854E+003
          6370.00      0.0000000E+000
