          3480.00      0.0000000E+000
          3491.29      1.3367372E-002
          3502.58      1.1126148E-002
          3513.87      9.0173002E-003
          3525.16      7.0365516E-003
          3536.45      5.1790310E-003
          3547.73      3.4393667E-003
          3559.02      1.8117834E-003
          3570.31      2.9018898E-004
          3581.60     -1.1317241E-003
          3592.89     -2.4603880E-003
          3604.18     -3.7022849E-003
          3615.47     -4.8638805E-003
          3626.76     -5.9515482E-003
          3638.05     -6.9714859E-003
          3649.34     -7.9296615E-003
          3660.62     -8.8317785E-003
          3671.91     -9.6832418E-003
          3683.20     -1.0489138E-002
          3694.49     -1.1254223E-002
          3705.78     -1.1982915E-002
          3717.07     -1.2679302E-002
          3728.36     -1.3347140E-002
          3739.65     -1.3989868E-002
          3750.94     -1.4610623E-002
          3762.23     -1.5212253E-002
          3773.52     -1.5797334E-002
          3784.80     -1.6368193E-002
          3796.09     -1.6926920E-002
          3807.38     -1.7475386E-002
          3818.67     -1.8015266E-002
          3829.96     -1.8548053E-002
          3841.25     -1.9075083E-002
          3852.54     -1.9597545E-002
          3863.83     -2.0116501E-002
          3875.12     -2.0632892E-002
          3886.41     -2.1147559E-002
          3897.70     -2.1661247E-002
          3908.98     -2.2174621E-002
          3920.27     -2.2688272E-002
          3931.56     -2.3202727E-002
          3942.85     -2.3718457E-002
          3954.14     -2.4235878E-002
          3965.43     -2.4755360E-002
          3976.72     -2.5277235E-002
          3988.01     -2.5801803E-002
          3999.30     -2.6329337E-002
          4010.59     -2.6860083E-002
          4021.88     -2.7394268E-002
          4033.16     -2.7932103E-002
          4044.45     -2.8473778E-002
          4055.74     -2.9019475E-002
          4067.03     -2.9569360E-002
          4078.32     -3.0123590E-002
          4089.61     -3.0682318E-002
          4100.90     -3.1245683E-002
          4112.19     -3.1813822E-002
          4123.48     -3.2386868E-002
          4134.77     -3.2964948E-002
          4146.05     -3.3548187E-002
          4157.34     -3.4136707E-002
          4168.63     -3.4730628E-002
          4179.92     -3.5330072E-002
          4191.21     -3.5935154E-002
          4202.50     -3.6545996E-002
          4213.79     -3.7162715E-002
          4225.08     -3.7785430E-002
          4236.37     -3.8414263E-002
          4247.66     -3.9049334E-002
          4258.95     -3.9690766E-002
          4270.23     -4.0338685E-002
          4281.52     -4.0993217E-002
          4292.81     -4.1654491E-002
          4304.10     -4.2322638E-002
          4315.39     -4.2997791E-002
          4326.68     -4.3680085E-002
          4337.97     -4.4369659E-002
          4349.26     -4.5066653E-002
          4360.55     -4.5771211E-002
          4371.84     -4.6483473E-002
          4383.12     -4.7203581E-002
          4394.41     -4.7931693E-002
          4405.70     -4.8667971E-002
          4416.99     -4.9412579E-002
          4428.28     -5.0165686E-002
          4439.57     -5.0927462E-002
          4450.86     -5.1698085E-002
          4462.15     -5.2477732E-002
          4473.44     -5.3266586E-002
          4484.73     -5.4064837E-002
          4496.02     -5.4872676E-002
          4507.30     -5.5690302E-002
          4518.59     -5.6517914E-002
          4529.88     -5.7355723E-002
          4541.17     -5.8203940E-002
          4552.46     -5.9062783E-002
          4563.75     -5.9932477E-002
          4575.04     -6.0813251E-002
          4586.33     -6.1705342E-002
          4597.62     -6.2608994E-002
          4608.91     -6.3524454E-002
          4620.20     -6.4451982E-002
          4631.48     -6.5391842E-002
          4642.77     -6.6344304E-002
          4654.06     -6.7309650E-002
          4665.35     -6.8288168E-002
          4676.64     -6.9280154E-002
          4687.93     -7.0285915E-002
          4699.22     -7.1305763E-002
          4710.51     -7.2340024E-002
          4721.80     -7.3389033E-002
          4733.09     -7.4453132E-002
          4744.38     -7.5532676E-002
          4755.66     -7.6628031E-002
          4766.95     -7.7739574E-002
          4778.24     -7.8867696E-002
          4789.53     -8.0012795E-002
          4800.82     -8.1175285E-002
          4812.11     -8.2355596E-002
          4823.40     -8.3554167E-002
          4834.69     -8.4771453E-002
          4845.98     -8.6007926E-002
          4857.27     -8.7264072E-002
          4868.55     -8.8540397E-002
          4879.84     -8.9837420E-002
          4891.13     -9.1155681E-002
          4902.42     -9.2495736E-002
          4913.71     -9.3858158E-002
          4925.00     -9.5243545E-002
          4936.29     -9.6652513E-002
          4947.58     -9.8085699E-002
          4958.87     -9.9543765E-002
          4970.16     -1.0102739E-001
          4981.45     -1.0253730E-001
          4992.73     -1.0407421E-001
          5004.02     -1.0563889E-001
          5015.31     -1.0723214E-001
          5026.60     -1.0885478E-001
          5037.89     -1.1050767E-001
          5049.18     -1.1219170E-001
          5060.47     -1.1390778E-001
          5071.76     -1.1565687E-001
          5083.05     -1.1743997E-001
          5094.34     -1.1925812E-001
          5105.62     -1.2111239E-001
          5116.91     -1.2300390E-001
          5128.20     -1.2493382E-001
          5139.49     -1.2690336E-001
          5150.78     -1.2891380E-001
          5162.07     -1.3096646E-001
          5173.36     -1.3306272E-001
          5184.65     -1.3520402E-001
          5195.94     -1.3739187E-001
          5207.23     -1.3962784E-001
          5218.52     -1.4191357E-001
          5229.80     -1.4425077E-001
          5241.09     -1.4664125E-001
          5252.38     -1.4908687E-001
          5263.67     -1.5158962E-001
          5274.96     -1.5415155E-001
          5286.25     -1.5677482E-001
          5297.54     -1.5946171E-001
          5308.83     -1.6221459E-001
          5320.12     -1.6503597E-001
          5331.41     -1.6792848E-001
          5342.70     -1.7089488E-001
          5353.98     -1.7393810E-001
          5365.27     -1.7706117E-001
          5376.56     -1.8026734E-001
          5387.85     -1.8356001E-001
          5399.14     -1.8694276E-001
          5410.43     -1.9041939E-001
          5421.72     -1.9399390E-001
          5433.01     -1.9767053E-001
          5444.30     -2.0145377E-001
          5455.59     -2.0534836E-001
          5466.88     -2.0935934E-001
          5478.16     -2.1349206E-001
          5489.45     -2.1775219E-001
          5500.74     -2.2214577E-001
          5512.03     -2.2667921E-001
          5523.32     -2.3135934E-001
          5534.61     -2.3619345E-001
          5545.90     -2.4118929E-001
          5557.19     -2.4635516E-001
          5568.48     -2.5169996E-001
          5579.77     -2.5723323E-001
          5591.05     -2.6296529E-001
          5602.34     -2.6890716E-001
          5613.63     -2.7507065E-001
          5624.92     -2.8146840E-001
          5636.21     -2.8811401E-001
          5647.50     -2.9502212E-001
          5658.79     -3.0220852E-001
          5670.08     -3.0969026E-001
          5681.37     -3.1748634E-001
          5692.66     -3.2561760E-001
          5703.95     -3.3410632E-001
          5715.23     -3.4297633E-001
          5726.52     -3.5225327E-001
          5737.81     -3.6196482E-001
          5749.10     -2.8095805E-001
          5760.39     -1.6439803E-001
          5771.68     -9.2992968E-002
          5782.97     -5.3013455E-002
          5794.26     -2.9497582E-002
          5805.55     -1.4729416E-002
          5816.84     -4.9035294E-003
          5828.12      1.9496463E-003
          5839.41      6.9137418E-003
          5850.70      1.0620058E-002
          5861.99      1.3455231E-002
          5873.28      1.5666425E-002
          5884.57      1.7417564E-002
          5895.86      1.8820837E-002
          5907.15      1.9955136E-002
          5918.44      2.0877244E-002
          5929.73      2.1628877E-002
          5941.02      2.2241254E-002
          5952.30      2.2738091E-002
          5963.59      2.3137639E-002
          5974.88      2.3454093E-002
          5986.17      2.3698587E-002
          5997.46      2.3879920E-002
          6008.75      2.4005075E-002
          6020.04      2.4079600E-002
          6031.33      2.4107908E-002
          6042.62      2.4093477E-002
          6053.91      2.4038993E-002
          6065.20      2.3946479E-002
          6076.48      2.3817388E-002
          6087.77      2.3652674E-002
          6099.06      2.3452833E-002
          6110.35      2.3217937E-002
          6121.64      2.2947651E-002
          6132.93      2.2641238E-002
          6144.22      2.2297565E-002
          6155.51      2.1915115E-002
          6166.80      2.1491952E-002
          6178.09      2.1025691E-002
          6189.38      2.0513439E-002
          6200.66      1.9951711E-002
          6211.95      1.9336340E-002
          6223.24      1.8662375E-002
          6234.53      1.7923942E-002
          6245.82      1.7114068E-002
          6257.11      1.6224467E-002
          6268.40      1.5245258E-002
          6279.69      1.4158721E-002
          6290.98      1.2950033E-002
          6302.27      1.1610604E-002
          6313.55      1.0129490E-002
          6324.84      8.4930968E-003
          6336.13      6.6847246E-003
          6347.42      4.6839698E-003
          6358.71      2.4659107E-003
          6370.00      0.0000000E+000
