          3480.00     -2.3059593E-004
          3491.29     -2.3141636E-004
          3502.58     -2.3174573E-004
          3513.87     -2.3162901E-004
          3525.16     -2.3110781E-004
          3536.45     -2.3022060E-004
          3547.73     -2.2900291E-004
          3559.02     -2.2748758E-004
          3570.31     -2.2570493E-004
          3581.60     -2.2368297E-004
          3592.89     -2.2144752E-004
          3604.18     -2.1902244E-004
          3615.47     -2.1642976E-004
          3626.76     -2.1368976E-004
          3638.05     -2.1082112E-004
          3649.34     -2.0784102E-004
          3660.62     -2.0476523E-004
          3671.91     -2.0160824E-004
          3683.20     -1.9838332E-004
          3694.49     -1.9510265E-004
          3705.78     -1.9177738E-004
          3717.07     -1.8841768E-004
          3728.36     -1.8503287E-004
          3739.65     -1.8163144E-004
          3750.94     -1.7822110E-004
          3762.23     -1.7480890E-004
          3773.52     -1.7140120E-004
          3784.80     -1.6800378E-004
          3796.09     -1.6462187E-004
          3807.38     -1.6126018E-004
          3818.67     -1.5792291E-004
          3829.96     -1.5461388E-004
          3841.25     -1.5133647E-004
          3852.54     -1.4809369E-004
          3863.83     -1.4488823E-004
          3875.12     -1.4172243E-004
          3886.41     -1.3859838E-004
          3897.70     -1.3551788E-004
          3908.98     -1.3248247E-004
          3920.27     -1.2949351E-004
          3931.56     -1.2655210E-004
          3942.85     -1.2365918E-004
          3954.14     -1.2081551E-004
          3965.43     -1.1802168E-004
          3976.72     -1.1527814E-004
          3988.01     -1.1258520E-004
          3999.30     -1.0994305E-004
          4010.59     -1.0735179E-004
          4021.88     -1.0481140E-004
          4033.16     -1.0232177E-004
          4044.45     -9.9882716E-005
          4055.74     -9.7493974E-005
          4067.03     -9.5155220E-005
          4078.32     -9.2866065E-005
          4089.61     -9.0626065E-005
          4100.90     -8.8434735E-005
          4112.19     -8.6291541E-005
          4123.48     -8.4195913E-005
          4134.77     -8.2147247E-005
          4146.05     -8.0144911E-005
          4157.34     -7.8188252E-005
          4168.63     -7.6276588E-005
          4179.92     -7.4409223E-005
          4191.21     -7.2585446E-005
          4202.50     -7.0804532E-005
          4213.79     -6.9065745E-005
          4225.08     -6.7368344E-005
          4236.37     -6.5711579E-005
          4247.66     -6.4094700E-005
          4258.95     -6.2516952E-005
          4270.23     -6.0977579E-005
          4281.52     -5.9475832E-005
          4292.81     -5.8010956E-005
          4304.10     -5.6582205E-005
          4315.39     -5.5188836E-005
          4326.68     -5.3830109E-005
          4337.97     -5.2505296E-005
          4349.26     -5.1213670E-005
          4360.55     -4.9954514E-005
          4371.84     -4.8727120E-005
          4383.12     -4.7530785E-005
          4394.41     -4.6364820E-005
          4405.70     -4.5228545E-005
          4416.99     -4.4121291E-005
          4428.28     -4.3042400E-005
          4439.57     -4.1991224E-005
          4450.86     -4.0967124E-005
          4462.15     -3.9969476E-005
          4473.44     -3.8997664E-005
          4484.73     -3.8051084E-005
          4496.02     -3.7129144E-005
          4507.30     -3.6231263E-005
          4518.59     -3.5356871E-005
          4529.88     -3.4505411E-005
          4541.17     -3.3676335E-005
          4552.46     -3.2869109E-005
          4563.75     -3.2083207E-005
          4575.04     -3.1318118E-005
          4586.33     -3.0573338E-005
          4597.62     -2.9848377E-005
          4608.91     -2.9142755E-005
          4620.20     -2.8456004E-005
          4631.48     -2.7787663E-005
          4642.77     -2.7137286E-005
          4654.06     -2.6504434E-005
          4665.35     -2.5888680E-005
          4676.64     -2.5289607E-005
          4687.93     -2.4706805E-005
          4699.22     -2.4139877E-005
          4710.51     -2.3588435E-005
          4721.80     -2.3052099E-005
          4733.09     -2.2530499E-005
          4744.38     -2.2023273E-005
          4755.66     -2.1530069E-005
          4766.95     -2.1050542E-005
          4778.24     -2.0584356E-005
          4789.53     -2.0131184E-005
          4800.82     -1.9690705E-005
          4812.11     -1.9262609E-005
          4823.40     -1.8846589E-005
          4834.69     -1.8442350E-005
          4845.98     -1.8049601E-005
          4857.27     -1.7668058E-005
          4868.55     -1.7297446E-005
          4879.84     -1.6937495E-005
          4891.13     -1.6587941E-005
          4902.42     -1.6248528E-005
          4913.71     -1.5919004E-005
          4925.00     -1.5599124E-005
          4936.29     -1.5288649E-005
          4947.58     -1.4987343E-005
          4958.87     -1.4694977E-005
          4970.16     -1.4411328E-005
          4981.45     -1.4136177E-005
          4992.73     -1.3869308E-005
          5004.02     -1.3610512E-005
          5015.31     -1.3359583E-005
          5026.60     -1.3116319E-005
          5037.89     -1.2880524E-005
          5049.18     -1.2652003E-005
          5060.47     -1.2430565E-005
          5071.76     -1.2216025E-005
          5083.05     -1.2008199E-005
          5094.34     -1.1806905E-005
          5105.62     -1.1611967E-005
          5116.91     -1.1423209E-005
          5128.20     -1.1240459E-005
          5139.49     -1.1063547E-005
          5150.78     -1.0892305E-005
          5162.07     -1.0726566E-005
          5173.36     -1.0566167E-005
          5184.65     -1.0410946E-005
          5195.94     -1.0260741E-005
          5207.23     -1.0115392E-005
          5218.52     -9.9747419E-006
          5229.80     -9.8386318E-006
          5241.09     -9.7069051E-006
          5252.38     -9.5794053E-006
          5263.67     -9.4559763E-006
          5274.96     -9.3364624E-006
          5286.25     -9.2207076E-006
          5297.54     -9.1085559E-006
          5308.83     -8.9998508E-006
          5320.12     -8.8944353E-006
          5331.41     -8.7921519E-006
          5342.70     -8.6928418E-006
          5353.98     -8.5963449E-006
          5365.27     -8.5025003E-006
          5376.56     -8.4111451E-006
          5387.85     -8.3221147E-006
          5399.14     -8.2352425E-006
          5410.43     -8.1503598E-006
          5421.72     -8.0672955E-006
          5433.01     -7.9858758E-006
          5444.30     -7.9059239E-006
          5455.59     -7.8272604E-006
          5466.88     -7.7497021E-006
          5478.16     -7.6730625E-006
          5489.45     -7.5971514E-006
          5500.74     -7.5217743E-006
          5512.03     -7.4467326E-006
          5523.32     -7.3718233E-006
          5534.61     -7.2968383E-006
          5545.90     -7.2215646E-006
          5557.19     -7.1457839E-006
          5568.48     -7.0692722E-006
          5579.77     -6.9918002E-006
          5591.05     -6.9131329E-006
          5602.34     -6.8330293E-006
          5613.63     -6.7512418E-006
          5624.92     -6.6675158E-006
          5636.21     -6.5815898E-006
          5647.50     -6.4931950E-006
          5658.79     -6.4020545E-006
          5670.08     -6.3078837E-006
          5681.37     -6.2103931E-006
          5692.66     -6.1092896E-006
          5703.95     -6.0042727E-006
          5715.23     -5.8950350E-006
          5726.52     -5.7812618E-006
          5737.81     -5.6626308E-006
          5749.10     -5.5389602E-006
          5760.39     -5.4105672E-006
          5771.68     -5.2778600E-006
          5782.97     -5.1412319E-006
          5794.26     -5.0010580E-006
          5805.55     -4.8576972E-006
          5816.84     -4.7114998E-006
          5828.12     -4.5628070E-006
          5839.41     -4.4119524E-006
          5850.70     -4.2592626E-006
          5861.99     -4.1050575E-006
          5873.28     -3.9496517E-006
          5884.57     -3.7933539E-006
          5895.86     -3.6364686E-006
          5907.15     -3.4792965E-006
          5918.44     -3.3221363E-006
          5929.73     -3.1652851E-006
          5941.02     -3.0090363E-006
          5952.30     -2.8536804E-006
          5963.59     -2.6995053E-006
          5974.88     -2.5467970E-006
          5986.17     -2.3958401E-006
          5997.46     -2.2469189E-006
          6008.75     -2.1003155E-006
          6020.04     -1.9563115E-006
          6031.33     -1.8151860E-006
          6042.62     -1.6772169E-006
          6053.91     -1.5426846E-006
          6065.20     -1.4118714E-006
          6076.48     -1.2850623E-006
          6087.77     -1.1625453E-006
          6099.06     -1.0446123E-006
          6110.35     -9.3156050E-007
          6121.64     -8.2369335E-007
          6132.93     -7.2132179E-007
          6144.22     -6.2476378E-007
          6155.51     -5.3434109E-007
          6166.80     -4.5038037E-007
          6178.09     -3.7321372E-007
          6189.38     -3.0317939E-007
          6200.66     -2.4062492E-007
          6211.95     -1.8590831E-007
          6223.24     -1.3939850E-007
          6234.53     -1.0147597E-007
          6245.82     -7.2533016E-008
          6257.11     -5.2974299E-008
          6268.40     -4.3217410E-008
          6279.69     -3.8503537E-008
          6290.98     -3.3784180E-008
          6302.27     -2.9052269E-008
          6313.55     -2.4300730E-008
          6324.84     -1.9522488E-008
          6336.13     -1.4710436E-008
          6347.42     -9.8574409E-009
          6358.71     -4.9563577E-009
          6370.00     -6.9566954E-043
