          3480.00     -2.3059593E-004
          3491.29     -2.3014018E-004
          3502.58     -2.2968562E-004
          3513.87     -2.2923217E-004
          3525.16     -2.2877978E-004
          3536.45     -2.2832838E-004
          3547.73     -2.2787789E-004
          3559.02     -2.2742826E-004
          3570.31     -2.2697942E-004
          3581.60     -2.2653130E-004
          3592.89     -2.2608385E-004
          3604.18     -2.2563699E-004
          3615.47     -2.2519068E-004
          3626.76     -2.2474487E-004
          3638.05     -2.2429953E-004
          3649.34     -2.2385460E-004
          3660.62     -2.2341004E-004
          3671.91     -2.2296582E-004
          3683.20     -2.2252188E-004
          3694.49     -2.2207818E-004
          3705.78     -2.2163469E-004
          3717.07     -2.2119136E-004
          3728.36     -2.2074814E-004
          3739.65     -2.2030501E-004
          3750.94     -2.1986192E-004
          3762.23     -2.1941883E-004
          3773.52     -2.1897569E-004
          3784.80     -2.1853248E-004
          3796.09     -2.1808914E-004
          3807.38     -2.1764565E-004
          3818.67     -2.1720196E-004
          3829.96     -2.1675803E-004
          3841.25     -2.1631381E-004
          3852.54     -2.1586927E-004
          3863.83     -2.1542438E-004
          3875.12     -2.1497908E-004
          3886.41     -2.1453334E-004
          3897.70     -2.1408713E-004
          3908.98     -2.1364039E-004
          3920.27     -2.1319311E-004
          3931.56     -2.1274523E-004
          3942.85     -2.1229672E-004
          3954.14     -2.1184754E-004
          3965.43     -2.1139765E-004
          3976.72     -2.1094701E-004
          3988.01     -2.1049559E-004
          3999.30     -2.1004334E-004
          4010.59     -2.0959023E-004
          4021.88     -2.0913621E-004
          4033.16     -2.0868126E-004
          4044.45     -2.0822533E-004
          4055.74     -2.0776838E-004
          4067.03     -2.0731039E-004
          4078.32     -2.0685130E-004
          4089.61     -2.0639109E-004
          4100.90     -2.0592971E-004
          4112.19     -2.0546714E-004
          4123.48     -2.0500333E-004
          4134.77     -2.0453825E-004
          4146.05     -2.0407187E-004
          4157.34     -2.0360414E-004
          4168.63     -2.0313504E-004
          4179.92     -2.0266452E-004
          4191.21     -2.0219256E-004
          4202.50     -2.0171912E-004
          4213.79     -2.0124416E-004
          4225.08     -2.0076766E-004
          4236.37     -2.0028957E-004
          4247.66     -1.9980986E-004
          4258.95     -1.9932850E-004
          4270.23     -1.9884546E-004
          4281.52     -1.9836070E-004
          4292.81     -1.9787419E-004
          4304.10     -1.9738590E-004
          4315.39     -1.9689580E-004
          4326.68     -1.9640384E-004
          4337.97     -1.9591001E-004
          4349.26     -1.9541427E-004
          4360.55     -1.9491659E-004
          4371.84     -1.9441693E-004
          4383.12     -1.9391526E-004
          4394.41     -1.9341156E-004
          4405.70     -1.9290578E-004
          4416.99     -1.9239790E-004
          4428.28     -1.9188789E-004
          4439.57     -1.9137572E-004
          4450.86     -1.9086136E-004
          4462.15     -1.9034478E-004
          4473.44     -1.8982595E-004
          4484.73     -1.8930483E-004
          4496.02     -1.8878141E-004
          4507.30     -1.8825565E-004
          4518.59     -1.8772752E-004
          4529.88     -1.8719699E-004
          4541.17     -1.8666404E-004
          4552.46     -1.8612864E-004
          4563.75     -1.8559075E-004
          4575.04     -1.8505035E-004
          4586.33     -1.8450741E-004
          4597.62     -1.8396190E-004
          4608.91     -1.8341379E-004
          4620.20     -1.8286306E-004
          4631.48     -1.8230968E-004
          4642.77     -1.8175362E-004
          4654.06     -1.8119485E-004
          4665.35     -1.8063334E-004
          4676.64     -1.8006907E-004
          4687.93     -1.7950201E-004
          4699.22     -1.7893214E-004
          4710.51     -1.7835942E-004
          4721.80     -1.7778382E-004
          4733.09     -1.7720533E-004
          4744.38     -1.7662391E-004
          4755.66     -1.7603954E-004
          4766.95     -1.7545220E-004
          4778.24     -1.7486184E-004
          4789.53     -1.7426846E-004
          4800.82     -1.7367202E-004
          4812.11     -1.7307249E-004
          4823.40     -1.7246986E-004
          4834.69     -1.7186409E-004
          4845.98     -1.7125516E-004
          4857.27     -1.7064304E-004
          4868.55     -1.7002771E-004
          4879.84     -1.6940914E-004
          4891.13     -1.6878731E-004
          4902.42     -1.6816219E-004
          4913.71     -1.6753376E-004
          4925.00     -1.6690199E-004
          4936.29     -1.6626686E-004
          4947.58     -1.6562835E-004
          4958.87     -1.6498642E-004
          4970.16     -1.6434105E-004
          4981.45     -1.6369223E-004
          4992.73     -1.6303992E-004
          5004.02     -1.6238411E-004
          5015.31     -1.6172476E-004
          5026.60     -1.6106186E-004
          5037.89     -1.6039537E-004
          5049.18     -1.5972529E-004
          5060.47     -1.5905158E-004
          5071.76     -1.5837421E-004
          5083.05     -1.5769318E-004
          5094.34     -1.5700845E-004
          5105.62     -1.5632000E-004
          5116.91     -1.5562782E-004
          5128.20     -1.5493186E-004
          5139.49     -1.5423212E-004
          5150.78     -1.5352857E-004
          5162.07     -1.5282119E-004
          5173.36     -1.5210995E-004
          5184.65     -1.5139484E-004
          5195.94     -1.5067582E-004
          5207.23     -1.4995289E-004
          5218.52     -1.4922602E-004
          5229.80     -1.4849518E-004
          5241.09     -1.4776035E-004
          5252.38     -1.4702152E-004
          5263.67     -1.4627866E-004
          5274.96     -1.4553174E-004
          5286.25     -1.4478076E-004
          5297.54     -1.4402568E-004
          5308.83     -1.4326649E-004
          5320.12     -1.4250316E-004
          5331.41     -1.4173567E-004
          5342.70     -1.4096401E-004
          5353.98     -1.4018815E-004
          5365.27     -1.3940807E-004
          5376.56     -1.3862375E-004
          5387.85     -1.3783517E-004
          5399.14     -1.3704231E-004
          5410.43     -1.3624515E-004
          5421.72     -1.3544367E-004
          5433.01     -1.3463785E-004
          5444.30     -1.3382766E-004
          5455.59     -1.3301310E-004
          5466.88     -1.3219414E-004
          5478.16     -1.3137075E-004
          5489.45     -1.3054293E-004
          5500.74     -1.2971065E-004
          5512.03     -1.2887389E-004
          5523.32     -1.2803264E-004
          5534.61     -1.2718687E-004
          5545.90     -1.2633657E-004
          5557.19     -1.2548172E-004
          5568.48     -1.2462230E-004
          5579.77     -1.2375829E-004
          5591.05     -1.2288969E-004
          5602.34     -1.2201649E-004
          5613.63     -1.2113869E-004
          5624.92     -1.2025628E-004
          5636.21     -1.1936925E-004
          5647.50     -1.1847761E-004
          5658.79     -1.1758134E-004
          5670.08     -1.1668044E-004
          5681.37     -1.1577493E-004
          5692.66     -1.1486490E-004
          5703.95     -1.1395041E-004
          5715.23     -1.1303154E-004
          5726.52     -1.1210835E-004
          5737.81     -1.1118091E-004
          5749.10     -1.1021343E-004
          5760.39     -1.0917165E-004
          5771.68     -1.0805789E-004
          5782.97     -1.0687448E-004
          5794.26     -1.0562366E-004
          5805.55     -1.0430765E-004
          5816.84     -1.0292862E-004
          5828.12     -1.0148876E-004
          5839.41     -9.9990250E-005
          5850.70     -9.8435245E-005
          5861.99     -9.6825900E-005
          5873.28     -9.5164363E-005
          5884.57     -9.3452771E-005
          5895.86     -9.1693249E-005
          5907.15     -8.9887921E-005
          5918.44     -8.8038917E-005
          5929.73     -8.6148383E-005
          5941.02     -8.4218449E-005
          5952.30     -8.2251232E-005
          5963.59     -8.0248839E-005
          5974.88     -7.8213364E-005
          5986.17     -7.6146895E-005
          5997.46     -7.4051516E-005
          6008.75     -7.1929290E-005
          6020.04     -6.9782263E-005
          6031.33     -6.7612435E-005
          6042.62     -6.5421754E-005
          6053.91     -6.3212166E-005
          6065.20     -6.0985599E-005
          6076.48     -5.8743959E-005
          6087.77     -5.6489129E-005
          6099.06     -5.4222973E-005
          6110.35     -5.1947345E-005
          6121.64     -4.9664104E-005
          6132.93     -4.7375133E-005
          6144.22     -4.5082349E-005
          6155.51     -4.2787628E-005
          6166.80     -4.0492820E-005
          6178.09     -3.8199735E-005
          6189.38     -3.5910125E-005
          6200.66     -3.3625728E-005
          6211.95     -3.1348281E-005
          6223.24     -2.9079516E-005
          6234.53     -2.6821173E-005
          6245.82     -2.4574983E-005
          6257.11     -2.2342678E-005
          6268.40     -2.0125993E-005
          6279.69     -1.7914694E-005
          6290.98     -1.5697342E-005
          6302.27     -1.3473861E-005
          6313.55     -1.1244170E-005
          6324.84     -9.0082001E-006
          6336.13     -6.7658711E-006
          6347.42     -4.5171067E-006
          6358.71     -2.2618391E-006
          6370.00     -7.6409513E-038
