          3480.00     -2.3059593E-004
          3491.29     -2.3131589E-004
          3502.58     -2.3133859E-004
          3513.87     -2.3074086E-004
          3525.16     -2.2959264E-004
          3536.45     -2.2795765E-004
          3547.73     -2.2589388E-004
          3559.02     -2.2345405E-004
          3570.31     -2.2068611E-004
          3581.60     -2.1763360E-004
          3592.89     -2.1433604E-004
          3604.18     -2.1082928E-004
          3615.47     -2.0714587E-004
          3626.76     -2.0331523E-004
          3638.05     -1.9936396E-004
          3649.34     -1.9531602E-004
          3660.62     -1.9119300E-004
          3671.91     -1.8701431E-004
          3683.20     -1.8279736E-004
          3694.49     -1.7855773E-004
          3705.78     -1.7430937E-004
          3717.07     -1.7006469E-004
          3728.36     -1.6583473E-004
          3739.65     -1.6162927E-004
          3750.94     -1.5745694E-004
          3762.23     -1.5332535E-004
          3773.52     -1.4924112E-004
          3784.80     -1.4521005E-004
          3796.09     -1.4123713E-004
          3807.38     -1.3732665E-004
          3818.67     -1.3348225E-004
          3829.96     -1.2970699E-004
          3841.25     -1.2600340E-004
          3852.54     -1.2237355E-004
          3863.83     -1.1881908E-004
          3875.12     -1.1534123E-004
          3886.41     -1.1194092E-004
          3897.70     -1.0861874E-004
          3908.98     -1.0537502E-004
          3920.27     -1.0220983E-004
          3931.56     -9.9123031E-005
          3942.85     -9.6114269E-005
          3954.14     -9.3183028E-005
          3965.43     -9.0328632E-005
          3976.72     -8.7550276E-005
          3988.01     -8.4847032E-005
          3999.30     -8.2217874E-005
          4010.59     -7.9661691E-005
          4021.88     -7.7177296E-005
          4033.16     -7.4763437E-005
          4044.45     -7.2418812E-005
          4055.74     -7.0142072E-005
          4067.03     -6.7931840E-005
          4078.32     -6.5786705E-005
          4089.61     -6.3705237E-005
          4100.90     -6.1685994E-005
          4112.19     -5.9727524E-005
          4123.48     -5.7828368E-005
          4134.77     -5.5987071E-005
          4146.05     -5.4202179E-005
          4157.34     -5.2472252E-005
          4168.63     -5.0795853E-005
          4179.92     -4.9171563E-005
          4191.21     -4.7597979E-005
          4202.50     -4.6073715E-005
          4213.79     -4.4597406E-005
          4225.08     -4.3167705E-005
          4236.37     -4.1783290E-005
          4247.66     -4.0442864E-005
          4258.95     -3.9145154E-005
          4270.23     -3.7888911E-005
          4281.52     -3.6672913E-005
          4292.81     -3.5495965E-005
          4304.10     -3.4356899E-005
          4315.39     -3.3254571E-005
          4326.68     -3.2187867E-005
          4337.97     -3.1155701E-005
          4349.26     -3.0157012E-005
          4360.55     -2.9190767E-005
          4371.84     -2.8255958E-005
          4383.12     -2.7351604E-005
          4394.41     -2.6476752E-005
          4405.70     -2.5630477E-005
          4416.99     -2.4811877E-005
          4428.28     -2.4020078E-005
          4439.57     -2.3254229E-005
          4450.86     -2.2513503E-005
          4462.15     -2.1797101E-005
          4473.44     -2.1104244E-005
          4484.73     -2.0434176E-005
          4496.02     -1.9786166E-005
          4507.30     -1.9159502E-005
          4518.59     -1.8553497E-005
          4529.88     -1.7967482E-005
          4541.17     -1.7400812E-005
          4552.46     -1.6852859E-005
          4563.75     -1.6323016E-005
          4575.04     -1.5810696E-005
          4586.33     -1.5315328E-005
          4597.62     -1.4836361E-005
          4608.91     -1.4373262E-005
          4620.20     -1.3925514E-005
          4631.48     -1.3492616E-005
          4642.77     -1.3074087E-005
          4654.06     -1.2669456E-005
          4665.35     -1.2278272E-005
          4676.64     -1.1900097E-005
          4687.93     -1.1534506E-005
          4699.22     -1.1181091E-005
          4710.51     -1.0839455E-005
          4721.80     -1.0509215E-005
          4733.09     -1.0190001E-005
          4744.38     -9.8814551E-006
          4755.66     -9.5832305E-006
          4766.95     -9.2949929E-006
          4778.24     -9.0164186E-006
          4789.53     -8.7471955E-006
          4800.82     -8.4870210E-006
          4812.11     -8.2356030E-006
          4823.40     -7.9926594E-006
          4834.69     -7.7579173E-006
          4845.98     -7.5311128E-006
          4857.27     -7.3119912E-006
          4868.55     -7.1003060E-006
          4879.84     -6.8958194E-006
          4891.13     -6.6983011E-006
          4902.42     -6.5075286E-006
          4913.71     -6.3232871E-006
          4925.00     -6.1453686E-006
          4936.29     -5.9735720E-006
          4947.58     -5.8077030E-006
          4958.87     -5.6475734E-006
          4970.16     -5.4930017E-006
          4981.45     -5.3438119E-006
          4992.73     -5.1998338E-006
          5004.02     -5.0609030E-006
          5015.31     -4.9268599E-006
          5026.60     -4.7975505E-006
          5037.89     -4.6728254E-006
          5049.18     -4.5525397E-006
          5060.47     -4.4365536E-006
          5071.76     -4.3247310E-006
          5083.05     -4.2169401E-006
          5094.34     -4.1130533E-006
          5105.62     -4.0129464E-006
          5116.91     -3.9164990E-006
          5128.20     -3.8235941E-006
          5139.49     -3.7341178E-006
          5150.78     -3.6479597E-006
          5162.07     -3.5650121E-006
          5173.36     -3.4851699E-006
          5184.65     -3.4083312E-006
          5195.94     -3.3343960E-006
          5207.23     -3.2632670E-006
          5218.52     -3.1948489E-006
          5229.80     -3.1290486E-006
          5241.09     -3.0657748E-006
          5252.38     -3.0049380E-006
          5263.67     -2.9464501E-006
          5274.96     -2.8902250E-006
          5286.25     -2.8361774E-006
          5297.54     -2.7842235E-006
          5308.83     -2.7342804E-006
          5320.12     -2.6862662E-006
          5331.41     -2.6401000E-006
          5342.70     -2.5957011E-006
          5353.98     -2.5529896E-006
          5365.27     -2.5118861E-006
          5376.56     -2.4723110E-006
          5387.85     -2.4341852E-006
          5399.14     -2.3974293E-006
          5410.43     -2.3619638E-006
          5421.72     -2.3277088E-006
          5433.01     -2.2945840E-006
          5444.30     -2.2625084E-006
          5455.59     -2.2314003E-006
          5466.88     -2.2011769E-006
          5478.16     -2.1717546E-006
          5489.45     -2.1430483E-006
          5500.74     -2.1149715E-006
          5512.03     -2.0874363E-006
          5523.32     -2.0603529E-006
          5534.61     -2.0336298E-006
          5545.90     -2.0071733E-006
          5557.19     -1.9808873E-006
          5568.48     -1.9546735E-006
          5579.77     -1.9284311E-006
          5591.05     -1.9020565E-006
          5602.34     -1.8754436E-006
          5613.63     -1.8484827E-006
          5624.92     -1.8210612E-006
          5636.21     -1.7930629E-006
          5647.50     -1.7643677E-006
          5658.79     -1.7348518E-006
          5670.08     -1.7043873E-006
          5681.37     -1.6728429E-006
          5692.66     -1.6400846E-006
          5703.95     -1.6059742E-006
          5715.23     -1.5703695E-006
          5726.52     -1.5331241E-006
          5737.81     -1.4940870E-006
          5749.10     -1.4538040E-006
          5760.39     -1.4129795E-006
          5771.68     -1.3716942E-006
          5782.97     -1.3300247E-006
          5794.26     -1.2880426E-006
          5805.55     -1.2458149E-006
          5816.84     -1.2034067E-006
          5828.12     -1.1608805E-006
          5839.41     -1.1182972E-006
          5850.70     -1.0757156E-006
          5861.99     -1.0331934E-006
          5873.28     -9.9078678E-007
          5884.57     -9.4855075E-007
          5895.86     -9.0653942E-007
          5907.15     -8.6480624E-007
          5918.44     -8.2340445E-007
          5929.73     -7.8238722E-007
          5941.02     -7.4180716E-007
          5952.30     -7.0171643E-007
          5963.59     -6.6216709E-007
          5974.88     -6.2321103E-007
          5986.17     -5.8490037E-007
          5997.46     -5.4728756E-007
          6008.75     -5.1042511E-007
          6020.04     -4.7436591E-007
          6031.33     -4.3916284E-007
          6042.62     -4.0486909E-007
          6053.91     -3.7153909E-007
          6065.20     -3.3922848E-007
          6076.48     -3.0799422E-007
          6087.77     -2.7789474E-007
          6099.06     -2.4899023E-007
          6110.35     -2.2134302E-007
          6121.64     -1.9501774E-007
          6132.93     -1.7008181E-007
          6144.22     -1.4660523E-007
          6155.51     -1.2465993E-007
          6166.80     -1.0432001E-007
          6178.09     -8.5661980E-008
          6189.38     -6.8764917E-008
          6200.66     -5.3711333E-008
          6211.95     -4.0587492E-008
          6223.24     -2.9483576E-008
          6234.53     -2.0493895E-008
          6245.82     -1.3716997E-008
          6257.11     -9.2558783E-009
          6268.40     -7.2181755E-009
          6279.69     -6.4300619E-009
          6290.98     -5.6424466E-009
          6302.27     -4.8536311E-009
          6313.55     -4.0619158E-009
          6324.84     -3.2655995E-009
          6336.13     -2.4629725E-009
          6347.42     -1.6523166E-009
          6358.71     -8.3190567E-010
          6370.00      0.0000000E+000
