          3480.00     -2.3294910E-032
          3491.29     -7.0580607E-004
          3502.58     -1.4007630E-003
          3513.87     -2.0851108E-003
          3525.16     -2.7590771E-003
          3536.45     -3.4228807E-003
          3547.73     -4.0767305E-003
          3559.02     -4.7208233E-003
          3570.31     -5.3553483E-003
          3581.60     -5.9804847E-003
          3592.89     -6.5964022E-003
          3604.18     -7.2032598E-003
          3615.47     -7.8011996E-003
          3626.76     -8.3903526E-003
          3638.05     -8.9708416E-003
          3649.34     -9.5427801E-003
          3660.62     -1.0106275E-002
          3671.91     -1.0661424E-002
          3683.20     -1.1208320E-002
          3694.49     -1.1747046E-002
          3705.78     -1.2277677E-002
          3717.07     -1.2800284E-002
          3728.36     -1.3314928E-002
          3739.65     -1.3821664E-002
          3750.94     -1.4320541E-002
          3762.23     -1.4811600E-002
          3773.52     -1.5294876E-002
          3784.80     -1.5770398E-002
          3796.09     -1.6238186E-002
          3807.38     -1.6698258E-002
          3818.67     -1.7150625E-002
          3829.96     -1.7595291E-002
          3841.25     -1.8032256E-002
          3852.54     -1.8461511E-002
          3863.83     -1.8883043E-002
          3875.12     -1.9296833E-002
          3886.41     -1.9702855E-002
          3897.70     -2.0101077E-002
          3908.98     -2.0491463E-002
          3920.27     -2.0873969E-002
          3931.56     -2.1248546E-002
          3942.85     -2.1615139E-002
          3954.14     -2.1973690E-002
          3965.43     -2.2324134E-002
          3976.72     -2.2666400E-002
          3988.01     -2.3000414E-002
          3999.30     -2.3326095E-002
          4010.59     -2.3643355E-002
          4021.88     -2.3952103E-002
          4033.16     -2.4252240E-002
          4044.45     -2.4543664E-002
          4055.74     -2.4826266E-002
          4067.03     -2.5099931E-002
          4078.32     -2.5364539E-002
          4089.61     -2.5619965E-002
          4100.90     -2.5866078E-002
          4112.19     -2.6102741E-002
          4123.48     -2.6329814E-002
          4134.77     -2.6547148E-002
          4146.05     -2.6754591E-002
          4157.34     -2.6951984E-002
          4168.63     -2.7139163E-002
          4179.92     -2.7315959E-002
          4191.21     -2.7482197E-002
          4202.50     -2.7637695E-002
          4213.79     -2.7782269E-002
          4225.08     -2.7915725E-002
          4236.37     -2.8037866E-002
          4247.66     -2.8148490E-002
          4258.95     -2.8247386E-002
          4270.23     -2.8334341E-002
          4281.52     -2.8409134E-002
          4292.81     -2.8471537E-002
          4304.10     -2.8521321E-002
          4315.39     -2.8558245E-002
          4326.68     -2.8582067E-002
          4337.97     -2.8592537E-002
          4349.26     -2.8589399E-002
          4360.55     -2.8572392E-002
          4371.84     -2.8541249E-002
          4383.12     -2.8495698E-002
          4394.41     -2.8435460E-002
          4405.70     -2.8360248E-002
          4416.99     -2.8269770E-002
          4428.28     -2.8163727E-002
          4439.57     -2.8041814E-002
          4450.86     -2.7903720E-002
          4462.15     -2.7749128E-002
          4473.44     -2.7577713E-002
          4484.73     -2.7389145E-002
          4496.02     -2.7183088E-002
          4507.30     -2.6959198E-002
          4518.59     -2.6717124E-002
          4529.88     -2.6456511E-002
          4541.17     -2.6176994E-002
          4552.46     -2.5878204E-002
          4563.75     -2.5559764E-002
          4575.04     -2.5221290E-002
          4586.33     -2.4862392E-002
          4597.62     -2.4482671E-002
          4608.91     -2.4081723E-002
          4620.20     -2.3659137E-002
          4631.48     -2.3214492E-002
          4642.77     -2.2747364E-002
          4654.06     -2.2257319E-002
          4665.35     -2.1743914E-002
          4676.64     -2.1206703E-002
          4687.93     -2.0645227E-002
          4699.22     -2.0059026E-002
          4710.51     -1.9447627E-002
          4721.80     -1.8810551E-002
          4733.09     -1.8147311E-002
          4744.38     -1.7457414E-002
          4755.66     -1.6740355E-002
          4766.95     -1.5995625E-002
          4778.24     -1.5222705E-002
          4789.53     -1.4421068E-002
          4800.82     -1.3590180E-002
          4812.11     -1.2729495E-002
          4823.40     -1.1838464E-002
          4834.69     -1.0916525E-002
          4845.98     -9.9631103E-003
          4857.27     -8.9776414E-003
          4868.55     -7.9595313E-003
          4879.84     -6.9081863E-003
          4891.13     -5.8230015E-003
          4902.42     -4.7033627E-003
          4913.71     -3.5486498E-003
          4925.00     -2.3582305E-003
          4936.29     -1.1314643E-003
          4947.58      1.3229840E-004
          4958.87      1.4337180E-003
          4970.16      2.7734609E-003
          4981.45      4.1522062E-003
          4992.73      5.5706432E-003
          5004.02      7.0294670E-003
          5015.31      8.5293866E-003
          5026.60      1.0071120E-002
          5037.89      1.1655394E-002
          5049.18      1.3282949E-002
          5060.47      1.4954530E-002
          5071.76      1.6670896E-002
          5083.05      1.8432818E-002
          5094.34      2.0241071E-002
          5105.62      2.2096446E-002
          5116.91      2.3999745E-002
          5128.20      2.5951777E-002
          5139.49      2.7953367E-002
          5150.78      3.0005345E-002
          5162.07      3.2108555E-002
          5173.36      3.4263856E-002
          5184.65      3.6472110E-002
          5195.94      3.8734197E-002
          5207.23      4.1051006E-002
          5218.52      4.3423440E-002
          5229.80      4.5852411E-002
          5241.09      4.8338841E-002
          5252.38      5.0883668E-002
          5263.67      5.3487842E-002
          5274.96      5.6152319E-002
          5286.25      5.8878073E-002
          5297.54      6.1666089E-002
          5308.83      6.4517365E-002
          5320.12      6.7432913E-002
          5331.41      7.0413750E-002
          5342.70      7.3460914E-002
          5353.98      7.6575456E-002
          5365.27      7.9758431E-002
          5376.56      8.3010916E-002
          5387.85      8.6333997E-002
          5399.14      8.9728775E-002
          5410.43      9.3196366E-002
          5421.72      9.6737892E-002
          5433.01      1.0035450E-001
          5444.30      1.0404734E-001
          5455.59      1.0781758E-001
          5466.88      1.1166640E-001
          5478.16      1.1559501E-001
          5489.45      1.1960460E-001
          5500.74      1.2369642E-001
          5512.03      1.2787169E-001
          5523.32      1.3213167E-001
          5534.61      1.3647763E-001
          5545.90      1.4091085E-001
          5557.19      1.4543263E-001
          5568.48      1.5004428E-001
          5579.77      1.5474713E-001
          5591.05      1.5954254E-001
          5602.34      1.6443186E-001
          5613.63      1.6941648E-001
          5624.92      1.7449779E-001
          5636.21      1.7967719E-001
          5647.50      1.8495610E-001
          5658.79      1.9033597E-001
          5670.08      1.9581823E-001
          5681.37      2.0140438E-001
          5692.66      2.0709591E-001
          5703.95      2.1289436E-001
          5715.23      2.1880123E-001
          5726.52      2.2481805E-001
          5737.81      2.3094636E-001
          5749.10      2.3633958E-001
          5760.39      2.4020091E-001
          5771.68      2.4260584E-001
          5782.97      2.4362888E-001
          5794.26      2.4334345E-001
          5805.55      2.4182201E-001
          5816.84      2.3913645E-001
          5828.12      2.3535811E-001
          5839.41      2.3055781E-001
          5850.70      2.2480587E-001
          5861.99      2.1817210E-001
          5873.28      2.1072587E-001
          5884.57      2.0253608E-001
          5895.86      1.9367118E-001
          5907.15      1.8419921E-001
          5918.44      1.7418798E-001
          5929.73      1.6370499E-001
          5941.02      1.5281720E-001
          5952.30      1.4159101E-001
          5963.59      1.3009230E-001
          5974.88      1.1838642E-001
          5986.17      1.0653827E-001
          5997.46      9.4612238E-002
          6008.75      8.2672095E-002
          6020.04      7.0781020E-002
          6031.33      5.9001347E-002
          6042.62      4.7394684E-002
          6053.91      3.6022334E-002
          6065.20      2.4945260E-002
          6076.48      1.4224044E-002
          6087.77      3.9189092E-003
          6099.06     -5.9101675E-003
          6110.35     -1.5203313E-002
          6121.64     -2.3900710E-002
          6132.93     -3.1942400E-002
          6144.22     -3.9268450E-002
          6155.51     -4.5819443E-002
          6166.80     -5.1536404E-002
          6178.09     -5.6360798E-002
          6189.38     -6.0234456E-002
          6200.66     -6.3099178E-002
          6211.95     -6.4896595E-002
          6223.24     -6.5568149E-002
          6234.53     -6.5055083E-002
          6245.82     -6.3298429E-002
          6257.11     -6.0238991E-002
          6268.40     -5.5817345E-002
          6279.69     -5.0575408E-002
          6290.98     -4.5094592E-002
          6302.27     -3.9374493E-002
          6313.55     -3.3414651E-002
          6324.84     -2.7214572E-002
          6336.13     -2.0773697E-002
          6347.42     -1.4091418E-002
          6358.71     -7.1670916E-003
          6370.00      1.5998662E-034
