          3480.00     -5.5884364E-026
          3491.29     -1.1085252E-009
          3502.58     -1.8398051E-009
          3513.87     -2.2269403E-009
          3525.16     -2.2972694E-009
          3536.45     -2.0728718E-009
          3547.73     -1.5709926E-009
          3559.02     -8.0440640E-010
          3570.31      2.1828430E-010
          3581.60      1.4924022E-009
          3592.89      3.0170001E-009
          3604.18      4.7947241E-009
          3615.47      6.8317245E-009
          3626.76      9.1375999E-009
          3638.05      1.1725355E-008
          3649.34      1.4611405E-008
          3660.62      1.7815633E-008
          3671.91      2.1361462E-008
          3683.20      2.5275972E-008
          3694.49      2.9590052E-008
          3705.78      3.4338565E-008
          3717.07      3.9560584E-008
          3728.36      4.5299634E-008
          3739.65      5.1603958E-008
          3750.94      5.8526871E-008
          3762.23      6.6127093E-008
          3773.52      7.4469160E-008
          3784.80      8.3623864E-008
          3796.09      9.3668710E-008
          3807.38      1.0468847E-007
          3818.67      1.1677575E-007
          3829.96      1.3003160E-007
          3841.25      1.4456623E-007
          3852.54      1.6049978E-007
          3863.83      1.7796306E-007
          3875.12      1.9709853E-007
          3886.41      2.1806109E-007
          3897.70      2.4101926E-007
          3908.98      2.6615626E-007
          3920.27      2.9367107E-007
          3931.56      3.2377992E-007
          3942.85      3.5671757E-007
          3954.14      3.9273879E-007
          3965.43      4.3212003E-007
          3976.72      4.7516106E-007
          3988.01      5.2218703E-007
          3999.30      5.7355046E-007
          4010.59      6.2963322E-007
          4021.88      6.9084920E-007
          4033.16      7.5764663E-007
          4044.45      8.3051083E-007
          4055.74      9.0996726E-007
          4067.03      9.9658430E-007
          4078.32      1.0909771E-006
          4089.61      1.1938111E-006
          4100.90      1.3058054E-006
          4112.19      1.4277378E-006
          4123.48      1.5604486E-006
          4134.77      1.7048458E-006
          4146.05      1.8619103E-006
          4157.34      2.0327011E-006
          4168.63      2.2183615E-006
          4179.92      2.4201260E-006
          4191.21      2.6393259E-006
          4202.50      2.8773978E-006
          4213.79      3.1358912E-006
          4225.08      3.4164768E-006
          4236.37      3.7209558E-006
          4247.66      4.0512685E-006
          4258.95      4.4095067E-006
          4270.23      4.7979234E-006
          4281.52      5.2189443E-006
          4292.81      5.6751821E-006
          4304.10      6.1694490E-006
          4315.39      6.7047714E-006
          4326.68      7.2844063E-006
          4337.97      7.9118559E-006
          4349.26      8.5908880E-006
          4360.55      9.3255543E-006
          4371.84      1.0120208E-005
          4383.12      1.0979529E-005
          4394.41      1.1908547E-005
          4405.70      1.2912666E-005
          4416.99      1.3997690E-005
          4428.28      1.5169850E-005
          4439.57      1.6435838E-005
          4450.86      1.7802838E-005
          4462.15      1.9278555E-005
          4473.44      2.0871262E-005
          4484.73      2.2589830E-005
          4496.02      2.4443774E-005
          4507.30      2.6443301E-005
          4518.59      2.8599346E-005
          4529.88      3.0923636E-005
          4541.17      3.3428739E-005
          4552.46      3.6128114E-005
          4563.75      3.9036187E-005
          4575.04      4.2168405E-005
          4586.33      4.5541309E-005
          4597.62      4.9172613E-005
          4608.91      5.3081267E-005
          4620.20      5.7287564E-005
          4631.48      6.1813217E-005
          4642.77      6.6681443E-005
          4654.06      7.1917089E-005
          4665.35      7.7546721E-005
          4676.64      8.3598747E-005
          4687.93      9.0103540E-005
          4699.22      9.7093549E-005
          4710.51      1.0460347E-004
          4721.80      1.1267036E-004
          4733.09      1.2133382E-004
          4744.38      1.3063613E-004
          4755.66      1.4062246E-004
          4766.95      1.5134103E-004
          4778.24      1.6284333E-004
          4789.53      1.7518427E-004
          4800.82      1.8842251E-004
          4812.11      2.0262063E-004
          4823.40      2.1784534E-004
          4834.69      2.3416785E-004
          4845.98      2.5166408E-004
          4857.27      2.7041498E-004
          4868.55      2.9050690E-004
          4879.84      3.1203179E-004
          4891.13      3.3508772E-004
          4902.42      3.5977920E-004
          4913.71      3.8621750E-004
          4925.00      4.1452123E-004
          4936.29      4.4481669E-004
          4947.58      4.7723836E-004
          4958.87      5.1192950E-004
          4970.16      5.4904248E-004
          4981.45      5.8873963E-004
          4992.73      6.3119367E-004
          5004.02      6.7658830E-004
          5015.31      7.2511909E-004
          5026.60      7.7699402E-004
          5037.89      8.3243430E-004
          5049.18      8.9167525E-004
          5060.47      9.5496691E-004
          5071.76      1.0225752E-003
          5083.05      1.0947830E-003
          5094.34      1.1718905E-003
          5105.62      1.2542171E-003
          5116.91      1.3421019E-003
          5128.20      1.4359053E-003
          5139.49      1.5360103E-003
          5150.78      1.6428231E-003
          5162.07      1.7567755E-003
          5173.36      1.8783261E-003
          5184.65      2.0079611E-003
          5195.94      2.1461972E-003
          5207.23      2.2935825E-003
          5218.52      2.4506986E-003
          5229.80      2.6181630E-003
          5241.09      2.7966299E-003
          5252.38      2.9867940E-003
          5263.67      3.1893919E-003
          5274.96      3.4052044E-003
          5286.25      3.6350598E-003
          5297.54      3.8798358E-003
          5308.83      4.1404632E-003
          5320.12      4.4179284E-003
          5331.41      4.7132763E-003
          5342.70      5.0276144E-003
          5353.98      5.3621164E-003
          5365.27      5.7180245E-003
          5376.56      6.0966555E-003
          5387.85      6.4994035E-003
          5399.14      6.9277447E-003
          5410.43      7.3832424E-003
          5421.72      7.8675504E-003
          5433.01      8.3824206E-003
          5444.30      8.9297068E-003
          5455.59      9.5113697E-003
          5466.88      1.0129485E-002
          5478.16      1.0786249E-002
          5489.45      1.1483984E-002
          5500.74      1.2225147E-002
          5512.03      1.3012336E-002
          5523.32      1.3848298E-002
          5534.61      1.4735938E-002
          5545.90      1.5678327E-002
          5557.19      1.6678711E-002
          5568.48      1.7740520E-002
          5579.77      1.8867382E-002
          5591.05      2.0063129E-002
          5602.34      2.1331809E-002
          5613.63      2.2677699E-002
          5624.92      2.4105317E-002
          5636.21      2.5619433E-002
          5647.50      2.7225085E-002
          5658.79      2.8927593E-002
          5670.08      3.0732571E-002
          5681.37      3.2645955E-002
          5692.66      3.4674008E-002
          5703.95      3.6823340E-002
          5715.23      3.9100925E-002
          5726.52      4.1514111E-002
          5737.81      4.4070650E-002
          5749.10      4.5586405E-002
          5760.39      4.4995601E-002
          5771.68      4.2473275E-002
          5782.97      3.8181262E-002
          5794.26      3.2269083E-002
          5805.55      2.4875378E-002
          5816.84      1.6129545E-002
          5828.12      6.1526266E-003
          5839.41     -4.9418308E-003
          5850.70     -1.7046996E-002
          5861.99     -3.0062015E-002
          5873.28     -4.3891252E-002
          5884.57     -5.8443675E-002
          5895.86     -7.3632175E-002
          5907.15     -8.9372890E-002
          5918.44     -1.0558447E-001
          5929.73     -1.2218758E-001
          5941.02     -1.3910476E-001
          5952.30     -1.5625986E-001
          5963.59     -1.7357749E-001
          5974.88     -1.9098254E-001
          5986.17     -2.0839954E-001
          5997.46     -2.2575230E-001
          6008.75     -2.4296358E-001
          6020.04     -2.5995452E-001
          6031.33     -2.7664454E-001
          6042.62     -2.9295059E-001
          6053.91     -3.0878604E-001
          6065.20     -3.2406024E-001
          6076.48     -3.3867802E-001
          6087.77     -3.5253916E-001
          6099.06     -3.6553758E-001
          6110.35     -3.7756061E-001
          6121.64     -3.8848831E-001
          6132.93     -3.9819257E-001
          6144.22     -4.0653693E-001
          6155.51     -4.1337676E-001
          6166.80     -4.1855846E-001
          6178.09     -4.2191873E-001
          6189.38     -4.2328357E-001
          6200.66     -4.2246668E-001
          6211.95     -4.1926831E-001
          6223.24     -4.1347436E-001
          6234.53     -4.0485546E-001
          6245.82     -3.9316595E-001
          6257.11     -3.7814287E-001
          6268.40     -3.5950488E-001
          6279.69     -3.3689054E-001
          6290.98     -3.1011860E-001
          6302.27     -2.7914696E-001
          6313.55     -2.4391154E-001
          6324.84     -2.0432646E-001
          6336.13     -1.6028384E-001
          6347.42     -1.1165371E-001
          6358.71     -5.8283993E-002
          6370.00     -1.4498817E-050
