          3480.00      3.1378529E-034
          3491.29     -1.2449148E-011
          3502.58     -2.2257573E-011
          3513.87     -2.9570130E-011
          3525.16     -3.4514350E-011
          3536.45     -3.7201512E-011
          3547.73     -3.7727550E-011
          3559.02     -3.6173908E-011
          3570.31     -3.2608289E-011
          3581.60     -2.7085330E-011
          3592.89     -1.9647194E-011
          3604.18     -1.0323996E-011
          3615.47      8.6586468E-013
          3626.76      1.3915328E-011
          3638.05      2.8828198E-011
          3649.34      4.5618824E-011
          3660.62      6.4311956E-011
          3671.91      8.4942523E-011
          3683.20      1.0755552E-010
          3694.49      1.3220596E-010
          3705.78      1.5895872E-010
          3717.07      1.8788874E-010
          3728.36      2.1908095E-010
          3739.65      2.5263031E-010
          3750.94      2.8864208E-010
          3762.23      3.2723189E-010
          3773.52      3.6852596E-010
          3784.80      4.1266138E-010
          3796.09      4.5978623E-010
          3807.38      5.1006004E-010
          3818.67      5.6365404E-010
          3829.96      6.2075145E-010
          3841.25      6.8154818E-010
          3852.54      7.4625307E-010
          3863.83      8.1508847E-010
          3875.12      8.8829081E-010
          3886.41      9.6611086E-010
          3897.70      1.0488148E-009
          3908.98      1.1366846E-009
          3920.27      1.2300186E-009
          3931.56      1.3291323E-009
          3942.85      1.4343594E-009
          3954.14      1.5460521E-009
          3965.43      1.6645822E-009
          3976.72      1.7903418E-009
          3988.01      1.9237445E-009
          3999.30      2.0652266E-009
          4010.59      2.2152472E-009
          4021.88      2.3742905E-009
          4033.16      2.5428662E-009
          4044.45      2.7215109E-009
          4055.74      2.9107893E-009
          4067.03      3.1112951E-009
          4078.32      3.3236535E-009
          4089.61      3.5485216E-009
          4100.90      3.7865899E-009
          4112.19      4.0385846E-009
          4123.48      4.3052685E-009
          4134.77      4.5874434E-009
          4146.05      4.8859513E-009
          4157.34      5.2016761E-009
          4168.63      5.5355464E-009
          4179.92      5.8885373E-009
          4191.21      6.2616711E-009
          4202.50      6.6560218E-009
          4213.79      7.0727157E-009
          4225.08      7.5129348E-009
          4236.37      7.9779189E-009
          4247.66      8.4689671E-009
          4258.95      8.9874428E-009
          4270.23      9.5347757E-009
          4281.52      1.0112463E-008
          4292.81      1.0722074E-008
          4304.10      1.1365256E-008
          4315.39      1.2043730E-008
          4326.68      1.2759304E-008
          4337.97      1.3513868E-008
          4349.26      1.4309403E-008
          4360.55      1.5147984E-008
          4371.84      1.6031779E-008
          4383.12      1.6963063E-008
          4394.41      1.7944213E-008
          4405.70      1.8977721E-008
          4416.99      2.0066193E-008
          4428.28      2.1212353E-008
          4439.57      2.2419053E-008
          4450.86      2.3689278E-008
          4462.15      2.5026144E-008
          4473.44      2.6432915E-008
          4484.73      2.7913001E-008
          4496.02      2.9469966E-008
          4507.30      3.1107539E-008
          4518.59      3.2829612E-008
          4529.88      3.4640255E-008
          4541.17      3.6543723E-008
          4552.46      3.8544455E-008
          4563.75      4.0647092E-008
          4575.04      4.2856481E-008
          4586.33      4.5177684E-008
          4597.62      4.7615989E-008
          4608.91      5.0176908E-008
          4620.20      5.2866206E-008
          4631.48      5.5689896E-008
          4642.77      5.8654251E-008
          4654.06      6.1765822E-008
          4665.35      6.5031442E-008
          4676.64      6.8458241E-008
          4687.93      7.2053660E-008
          4699.22      7.5825451E-008
          4710.51      7.9781708E-008
          4721.80      8.3930873E-008
          4733.09      8.8281737E-008
          4744.38      9.2843477E-008
          4755.66      9.7625655E-008
          4766.95      1.0263824E-007
          4778.24      1.0789163E-007
          4789.53      1.1339663E-007
          4800.82      1.1916454E-007
          4812.11      1.2520711E-007
          4823.40      1.3153658E-007
          4834.69      1.3816571E-007
          4845.98      1.4510779E-007
          4857.27      1.5237666E-007
          4868.55      1.5998672E-007
          4879.84      1.6795298E-007
          4891.13      1.7629105E-007
          4902.42      1.8501721E-007
          4913.71      1.9414838E-007
          4925.00      2.0370217E-007
          4936.29      2.1369691E-007
          4947.58      2.2415170E-007
          4958.87      2.3508638E-007
          4970.16      2.4652159E-007
          4981.45      2.5847883E-007
          4992.73      2.7098045E-007
          5004.02      2.8404967E-007
          5015.31      2.9771068E-007
          5026.60      3.1198861E-007
          5037.89      3.2690960E-007
          5049.18      3.4250083E-007
          5060.47      3.5879052E-007
          5071.76      3.7580805E-007
          5083.05      3.9358395E-007
          5094.34      4.1214990E-007
          5105.62      4.3153887E-007
          5116.91      4.5178511E-007
          5128.20      4.7292419E-007
          5139.49      4.9499310E-007
          5150.78      5.1803018E-007
          5162.07      5.4207535E-007
          5173.36      5.6717004E-007
          5184.65      5.9335723E-007
          5195.94      6.2068159E-007
          5207.23      6.4918950E-007
          5218.52      6.7892912E-007
          5229.80      7.0995044E-007
          5241.09      7.4230530E-007
          5252.38      7.7604758E-007
          5263.67      8.1123319E-007
          5274.96      8.4792008E-007
          5286.25      8.8616844E-007
          5297.54      9.2604073E-007
          5308.83      9.6760173E-007
          5320.12      1.0109187E-006
          5331.41      1.0560612E-006
          5342.70      1.1031017E-006
          5353.98      1.1521152E-006
          5365.27      1.2031793E-006
          5376.56      1.2563747E-006
          5387.85      1.3117851E-006
          5399.14      1.3694972E-006
          5410.43      1.4296008E-006
          5421.72      1.4921890E-006
          5433.01      1.5573585E-006
          5444.30      1.6252094E-006
          5455.59      1.6958452E-006
          5466.88      1.7693736E-006
          5478.16      1.8459060E-006
          5489.45      1.9255576E-006
          5500.74      2.0084481E-006
          5512.03      2.0947013E-006
          5523.32      2.1844455E-006
          5534.61      2.2778136E-006
          5545.90      2.3749431E-006
          5557.19      2.4759767E-006
          5568.48      2.5810618E-006
          5579.77      2.6903514E-006
          5591.05      2.8040038E-006
          5602.34      2.9221828E-006
          5613.63      3.0450581E-006
          5624.92      3.1728054E-006
          5636.21      3.3056061E-006
          5647.50      3.4436484E-006
          5658.79      3.5871268E-006
          5670.08      3.7362426E-006
          5681.37      3.8912047E-006
          5692.66      4.0522289E-006
          5703.95      4.2195386E-006
          5715.23      4.3933649E-006
          5726.52      4.5739460E-006
          5737.81      4.7615284E-006
          5749.10      4.9071976E-006
          5760.39      4.9659192E-006
          5771.68      4.9435711E-006
          5782.97      4.8457818E-006
          5794.26      4.6779371E-006
          5805.55      4.4452070E-006
          5816.84      4.1525851E-006
          5828.12      3.8049019E-006
          5839.41      3.4068386E-006
          5850.70      2.9629392E-006
          5861.99      2.4776219E-006
          5873.28      1.9551926E-006
          5884.57      1.3998536E-006
          5895.86      8.1571521E-007
          5907.15      2.0680877E-007
          5918.44     -4.2289731E-007
          5929.73     -1.0694909E-006
          5941.02     -1.7291227E-006
          5952.30     -2.3979984E-006
          5963.59     -3.0723669E-006
          5974.88     -3.7485137E-006
          5986.17     -4.4227485E-006
          5997.46     -5.0914001E-006
          6008.75     -5.7508162E-006
          6020.04     -6.3973536E-006
          6031.33     -7.0273837E-006
          6042.62     -7.6372780E-006
          6053.91     -8.2233757E-006
          6065.20     -8.7819790E-006
          6076.48     -9.3093478E-006
          6087.77     -9.8016903E-006
          6099.06     -1.0255149E-005
          6110.35     -1.0665786E-005
          6121.64     -1.1029572E-005
          6132.93     -1.1342370E-005
          6144.22     -1.1599939E-005
          6155.51     -1.1797958E-005
          6166.80     -1.1932010E-005
          6178.09     -1.1997577E-005
          6189.38     -1.1990023E-005
          6200.66     -1.1904564E-005
          6211.95     -1.1736247E-005
          6223.24     -1.1479943E-005
          6234.53     -1.1130340E-005
          6245.82     -1.0681931E-005
          6257.11     -1.0129005E-005
          6268.40     -9.4656402E-006
          6279.69     -8.7094223E-006
          6290.98     -7.8815729E-006
          6302.27     -6.9813477E-006
          6313.55     -6.0078554E-006
          6324.84     -4.9600608E-006
          6336.13     -3.8367804E-006
          6347.42     -2.6366840E-006
          6358.71     -1.3582983E-006
          6370.00      0.0000000E+000
