          3480.00     -2.4506976E-030
          3491.29     -9.1100343E-015
          3502.58     -1.5290494E-014
          3513.87     -1.8838885E-014
          3525.16     -1.9998230E-014
          3536.45     -1.8962345E-014
          3547.73     -1.5880242E-014
          3559.02     -1.0859822E-014
          3570.31     -3.9708637E-015
          3581.60      4.7525817E-015
          3592.89      1.5310359E-014
          3604.18      2.7734987E-014
          3615.47      4.2090966E-014
          3626.76      5.8474452E-014
          3638.05      7.7013162E-014
          3649.34      9.7866772E-014
          3660.62      1.2122786E-013
          3671.91      1.4732307E-013
          3683.20      1.7641478E-013
          3694.49      2.0880314E-013
          3705.78      2.4482838E-013
          3717.07      2.8487382E-013
          3728.36      3.2936905E-013
          3739.65      3.7879350E-013
          3750.94      4.3368090E-013
          3762.23      4.9462371E-013
          3773.52      5.6227845E-013
          3784.80      6.3737147E-013
          3796.09      7.2070503E-013
          3807.38      8.1316460E-013
          3818.67      9.1572635E-013
          3829.96      1.0294655E-012
          3841.25      1.1555659E-012
          3852.54      1.2953304E-012
          3863.83      1.4501913E-012
          3875.12      1.6217230E-012
          3886.41      1.8116548E-012
          3897.70      2.0218858E-012
          3908.98      2.2545007E-012
          3920.27      2.5117857E-012
          3931.56      2.7962493E-012
          3942.85      3.1106407E-012
          3954.14      3.4579728E-012
          3965.43      3.8415461E-012
          3976.72      4.2649735E-012
          3988.01      4.7322113E-012
          3999.30      5.2475895E-012
          4010.59      5.8158431E-012
          4021.88      6.4421521E-012
          4033.16      7.1321789E-012
          4044.45      7.8921117E-012
          4055.74      8.7287126E-012
          4067.03      9.6493643E-012
          4078.32      1.0662130E-011
          4089.61      1.1775811E-011
          4100.90      1.3000008E-011
          4112.19      1.4345197E-011
          4123.48      1.5822800E-011
          4134.77      1.7445271E-011
          4146.05      1.9226181E-011
          4157.34      2.1180316E-011
          4168.63      2.3323782E-011
          4179.92      2.5674118E-011
          4191.21      2.8250413E-011
          4202.50      3.1073444E-011
          4213.79      3.4165815E-011
          4225.08      3.7552113E-011
          4236.37      4.1259075E-011
          4247.66      4.5315755E-011
          4258.95      4.9753740E-011
          4270.23      5.4607351E-011
          4281.52      5.9913853E-011
          4292.81      6.5713724E-011
          4304.10      7.2050906E-011
          4315.39      7.8973090E-011
          4326.68      8.6532029E-011
          4337.97      9.4783846E-011
          4349.26      1.0378943E-010
          4360.55      1.1361478E-010
          4371.84      1.2433144E-010
          4383.12      1.3601693E-010
          4394.41      1.4875526E-010
          4405.70      1.6263743E-010
          4416.99      1.7776200E-010
          4428.28      1.9423561E-010
          4439.57      2.1217377E-010
          4450.86      2.3170145E-010
          4462.15      2.5295380E-010
          4473.44      2.7607707E-010
          4484.73      3.0122939E-010
          4496.02      3.2858172E-010
          4507.30      3.5831887E-010
          4518.59      3.9064048E-010
          4529.88      4.2576232E-010
          4541.17      4.6391746E-010
          4552.46      5.0535751E-010
          4563.75      5.5035422E-010
          4575.04      5.9920090E-010
          4586.33      6.5221408E-010
          4597.62      7.0973539E-010
          4608.91      7.7213317E-010
          4620.20      8.3980485E-010
          4631.48      9.1317902E-010
          4642.77      9.9271750E-010
          4654.06      1.0789183E-009
          4665.35      1.1723180E-009
          4676.64      1.2734948E-009
          4687.93      1.3830715E-009
          4699.22      1.5017186E-009
          4710.51      1.6301585E-009
          4721.80      1.7691687E-009
          4733.09      1.9195858E-009
          4744.38      2.0823105E-009
          4755.66      2.2583118E-009
          4766.95      2.4486318E-009
          4778.24      2.6543917E-009
          4789.53      2.8767965E-009
          4800.82      3.1171423E-009
          4812.11      3.3768222E-009
          4823.40      3.6573326E-009
          4834.69      3.9602823E-009
          4845.98      4.2873992E-009
          4857.27      4.6405391E-009
          4868.55      5.0216956E-009
          4879.84      5.4330079E-009
          4891.13      5.8767736E-009
          4902.42      6.3554588E-009
          4913.71      6.8717085E-009
          4925.00      7.4283621E-009
          4936.29      8.0284647E-009
          4947.58      8.6752826E-009
          4958.87      9.3723190E-009
          4970.16      1.0123328E-008
          4981.45      1.0932335E-008
          4992.73      1.1803657E-008
          5004.02      1.2741915E-008
          5015.31      1.3752064E-008
          5026.60      1.4839410E-008
          5037.89      1.6009638E-008
          5049.18      1.7268836E-008
          5060.47      1.8623519E-008
          5071.76      2.0080664E-008
          5083.05      2.1647742E-008
          5094.34      2.3332742E-008
          5105.62      2.5144215E-008
          5116.91      2.7091311E-008
          5128.20      2.9183815E-008
          5139.49      3.1432195E-008
          5150.78      3.3847638E-008
          5162.07      3.6442112E-008
          5173.36      3.9228409E-008
          5184.65      4.2220194E-008
          5195.94      4.5432080E-008
          5207.23      4.8879676E-008
          5218.52      5.2579656E-008
          5229.80      5.6549836E-008
          5241.09      6.0809231E-008
          5252.38      6.5378158E-008
          5263.67      7.0278307E-008
          5274.96      7.5532820E-008
          5286.25      8.1166412E-008
          5297.54      8.7205450E-008
          5308.83      9.3678072E-008
          5320.12      1.0061430E-007
          5331.41      1.0804615E-007
          5342.70      1.1600776E-007
          5353.98      1.2453557E-007
          5365.27      1.3366840E-007
          5376.56      1.4344763E-007
          5387.85      1.5391741E-007
          5399.14      1.6512475E-007
          5410.43      1.7711977E-007
          5421.72      1.8995586E-007
          5433.01      2.0368990E-007
          5444.30      2.1838248E-007
          5455.59      2.3409813E-007
          5466.88      2.5090555E-007
          5478.16      2.6887791E-007
          5489.45      2.8809310E-007
          5500.74      3.0863405E-007
          5512.03      3.3058894E-007
          5523.32      3.5405168E-007
          5534.61      3.7912221E-007
          5545.90      4.0590675E-007
          5557.19      4.3451838E-007
          5568.48      4.6507734E-007
          5579.77      4.9771149E-007
          5591.05      5.3255688E-007
          5602.34      5.6975799E-007
          5613.63      6.0946853E-007
          5624.92      6.5185185E-007
          5636.21      6.9708142E-007
          5647.50      7.4534167E-007
          5658.79      7.9682850E-007
          5670.08      8.5174999E-007
          5681.37      9.1032739E-007
          5692.66      9.7279560E-007
          5703.95      1.0394041E-006
          5715.23      1.1104177E-006
          5726.52      1.1861170E-006
          5737.81      1.2668001E-006
          5749.10      1.3077580E-006
          5760.39      1.2690434E-006
          5771.68      1.1576269E-006
          5782.97      9.7987906E-007
          5794.26      7.4161559E-007
          5805.55      4.4816368E-007
          5816.84      1.0443416E-007
          5828.12     -2.8503632E-007
          5839.41     -7.1604504E-007
          5850.70     -1.1846865E-006
          5861.99     -1.6873179E-006
          5873.28     -2.2205244E-006
          5884.57     -2.7810904E-006
          5895.86     -3.3659680E-006
          5907.15     -3.9722472E-006
          5918.44     -4.5971225E-006
          5929.73     -5.2378710E-006
          5941.02     -5.8918408E-006
          5952.30     -6.5564279E-006
          5963.59     -7.2290490E-006
          5974.88     -7.9071196E-006
          5986.17     -8.5880270E-006
          5997.46     -9.2691105E-006
          6008.75     -9.9476452E-006
          6020.04     -1.0620817E-005
          6031.33     -1.1285714E-005
          6042.62     -1.1939292E-005
          6053.91     -1.2578325E-005
          6065.20     -1.3199387E-005
          6076.48     -1.3798826E-005
          6087.77     -1.4372731E-005
          6099.06     -1.4916906E-005
          6110.35     -1.5426823E-005
          6121.64     -1.5897592E-005
          6132.93     -1.6323922E-005
          6144.22     -1.6700099E-005
          6155.51     -1.7019992E-005
          6166.80     -1.7277007E-005
          6178.09     -1.7464053E-005
          6189.38     -1.7573485E-005
          6200.66     -1.7597027E-005
          6211.95     -1.7525713E-005
          6223.24     -1.7349834E-005
          6234.53     -1.7058888E-005
          6245.82     -1.6641522E-005
          6257.11     -1.6085472E-005
          6268.40     -1.5377498E-005
          6279.69     -1.4490760E-005
          6290.98     -1.3407224E-005
          6302.27     -1.2125112E-005
          6313.55     -1.0641355E-005
          6324.84     -8.9515987E-006
          6336.13     -7.0501929E-006
          6347.42     -4.9301871E-006
          6358.71     -2.5833220E-006
          6370.00     -2.4371141E-056
