          3480.00      0.0000000E+000
          3491.29      4.7255710E+001
          3502.58      9.4640434E+001
          3513.87      1.4216504E+002
          3525.16      1.8984016E+002
          3536.45      2.3767645E+002
          3547.73      2.8568448E+002
          3559.02      3.3387458E+002
          3570.31      3.8225711E+002
          3581.60      4.3084231E+002
          3592.89      4.7964029E+002
          3604.18      5.2866103E+002
          3615.47      5.7791393E+002
          3626.76      6.2740824E+002
          3638.05      6.7715314E+002
          3649.34      7.2715760E+002
          3660.62      7.7743064E+002
          3671.91      8.2798116E+002
          3683.20      8.7881801E+002
          3694.49      9.2994999E+002
          3705.78      9.8138569E+002
          3717.07      1.0331338E+003
          3728.36      1.0852028E+003
          3739.65      1.1376012E+003
          3750.94      1.1903373E+003
          3762.23      1.2434196E+003
          3773.52      1.2968562E+003
          3784.80      1.3506553E+003
          3796.09      1.4048250E+003
          3807.38      1.4593734E+003
          3818.67      1.5143086E+003
          3829.96      1.5696385E+003
          3841.25      1.6253710E+003
          3852.54      1.6815139E+003
          3863.83      1.7380751E+003
          3875.12      1.7950622E+003
          3886.41      1.8524827E+003
          3897.70      1.9103441E+003
          3908.98      1.9686540E+003
          3920.27      2.0274196E+003
          3931.56      2.0866483E+003
          3942.85      2.1463471E+003
          3954.14      2.2065233E+003
          3965.43      2.2671841E+003
          3976.72      2.3283363E+003
          3988.01      2.3899869E+003
          3999.30      2.4521429E+003
          4010.59      2.5148109E+003
          4021.88      2.5779977E+003
          4033.16      2.6417098E+003
          4044.45      2.7059538E+003
          4055.74      2.7707360E+003
          4067.03      2.8360628E+003
          4078.32      2.9019403E+003
          4089.61      2.9683746E+003
          4100.90      3.0353718E+003
          4112.19      3.1029378E+003
          4123.48      3.1710783E+003
          4134.77      3.2397991E+003
          4146.05      3.3091058E+003
          4157.34      3.3790038E+003
          4168.63      3.4494985E+003
          4179.92      3.5205952E+003
          4191.21      3.5922989E+003
          4202.50      3.6646148E+003
          4213.79      3.7375477E+003
          4225.08      3.8111024E+003
          4236.37      3.8852836E+003
          4247.66      3.9600957E+003
          4258.95      4.0355432E+003
          4270.23      4.1116304E+003
          4281.52      4.1883613E+003
          4292.81      4.2657400E+003
          4304.10      4.3437702E+003
          4315.39      4.4224557E+003
          4326.68      4.5018000E+003
          4337.97      4.5818066E+003
          4349.26      4.6624786E+003
          4360.55      4.7438194E+003
          4371.84      4.8258316E+003
          4383.12      4.9085184E+003
          4394.41      4.9918823E+003
          4405.70      5.0759257E+003
          4416.99      5.1606510E+003
          4428.28      5.2460601E+003
          4439.57      5.3321550E+003
          4450.86      5.4189375E+003
          4462.15      5.5064090E+003
          4473.44      5.5945709E+003
          4484.73      5.6834243E+003
          4496.02      5.7729703E+003
          4507.30      5.8632098E+003
          4518.59      5.9541430E+003
          4529.88      6.0457704E+003
          4541.17      6.1380924E+003
          4552.46      6.2311086E+003
          4563.75      6.3248188E+003
          4575.04      6.4192226E+003
          4586.33      6.5143192E+003
          4597.62      6.6101078E+003
          4608.91      6.7065870E+003
          4620.20      6.8037554E+003
          4631.48      6.9016115E+003
          4642.77      7.0001530E+003
          4654.06      7.0993780E+003
          4665.35      7.1992840E+003
          4676.64      7.2998682E+003
          4687.93      7.4011277E+003
          4699.22      7.5030592E+003
          4710.51      7.6056591E+003
          4721.80      7.7089237E+003
          4733.09      7.8128487E+003
          4744.38      7.9174298E+003
          4755.66      8.0226623E+003
          4766.95      8.1285410E+003
          4778.24      8.2350608E+003
          4789.53      8.3422158E+003
          4800.82      8.4500002E+003
          4812.11      8.5584076E+003
          4823.40      8.6674313E+003
          4834.69      8.7770643E+003
          4845.98      8.8872994E+003
          4857.27      8.9981287E+003
          4868.55      9.1095443E+003
          4879.84      9.2215376E+003
          4891.13      9.3340999E+003
          4902.42      9.4472219E+003
          4913.71      9.5608941E+003
          4925.00      9.6751064E+003
          4936.29      9.7898486E+003
          4947.58      9.9051097E+003
          4958.87      1.0020879E+004
          4970.16      1.0137144E+004
          4981.45      1.0253893E+004
          4992.73      1.0371115E+004
          5004.02      1.0488795E+004
          5015.31      1.0606920E+004
          5026.60      1.0725477E+004
          5037.89      1.0844451E+004
          5049.18      1.0963828E+004
          5060.47      1.1083592E+004
          5071.76      1.1203727E+004
          5083.05      1.1324218E+004
          5094.34      1.1445047E+004
          5105.62      1.1566198E+004
          5116.91      1.1687652E+004
          5128.20      1.1809391E+004
          5139.49      1.1931397E+004
          5150.78      1.2053651E+004
          5162.07      1.2176131E+004
          5173.36      1.2298819E+004
          5184.65      1.2421692E+004
          5195.94      1.2544729E+004
          5207.23      1.2667908E+004
          5218.52      1.2791207E+004
          5229.80      1.2914602E+004
          5241.09      1.3038068E+004
          5252.38      1.3161582E+004
          5263.67      1.3285118E+004
          5274.96      1.3408650E+004
          5286.25      1.3532152E+004
          5297.54      1.3655596E+004
          5308.83      1.3778956E+004
          5320.12      1.3902201E+004
          5331.41      1.4025304E+004
          5342.70      1.4148235E+004
          5353.98      1.4270962E+004
          5365.27      1.4393454E+004
          5376.56      1.4515680E+004
          5387.85      1.4637607E+004
          5399.14      1.4759201E+004
          5410.43      1.4880429E+004
          5421.72      1.5001254E+004
          5433.01      1.5121642E+004
          5444.30      1.5241556E+004
          5455.59      1.5360959E+004
          5466.88      1.5479812E+004
          5478.16      1.5598077E+004
          5489.45      1.5715714E+004
          5500.74      1.5832682E+004
          5512.03      1.5948940E+004
          5523.32      1.6064446E+004
          5534.61      1.6179156E+004
          5545.90      1.6293027E+004
          5557.19      1.6406013E+004
          5568.48      1.6518069E+004
          5579.77      1.6629149E+004
          5591.05      1.6739203E+004
          5602.34      1.6848184E+004
          5613.63      1.6956042E+004
          5624.92      1.7062726E+004
          5636.21      1.7168184E+004
          5647.50      1.7272365E+004
          5658.79      1.7375217E+004
          5670.08      1.7476683E+004
          5681.37      1.7576710E+004
          5692.66      1.7675240E+004
          5703.95      1.7772216E+004
          5715.23      1.7867580E+004
          5726.52      1.7961274E+004
          5737.81      1.8053241E+004
          5749.10      1.8190691E+004
          5760.39      1.8416374E+004
          5771.68      1.8723607E+004
          5782.97      1.9105799E+004
          5794.26      1.9556450E+004
          5805.55      2.0069141E+004
          5816.84      2.0637495E+004
          5828.12      2.1255176E+004
          5839.41      2.1915892E+004
          5850.70      2.2613385E+004
          5861.99      2.3341435E+004
          5873.28      2.4093855E+004
          5884.57      2.4864488E+004
          5895.86      2.5647212E+004
          5907.15      2.6435928E+004
          5918.44      2.7224560E+004
          5929.73      2.8007059E+004
          5941.02      2.8777416E+004
          5952.30      2.9529666E+004
          5963.59      3.0257881E+004
          5974.88      3.0956173E+004
          5986.17      3.1618691E+004
          5997.46      3.2239625E+004
          6008.75      3.2813213E+004
          6020.04      3.3333735E+004
          6031.33      3.3795519E+004
          6042.62      3.4192927E+004
          6053.91      3.4520337E+004
          6065.20      3.4772139E+004
          6076.48      3.4942737E+004
          6087.77      3.5026541E+004
          6099.06      3.5017957E+004
          6110.35      3.4911382E+004
          6121.64      3.4701206E+004
          6132.93      3.4381819E+004
          6144.22      3.3947624E+004
          6155.51      3.3393045E+004
          6166.80      3.2712518E+004
          6178.09      3.1900477E+004
          6189.38      3.0951325E+004
          6200.66      2.9859434E+004
          6211.95      2.8619133E+004
          6223.24      2.7224711E+004
          6234.53      2.5670419E+004
          6245.82      2.3950462E+004
          6257.11      2.2058998E+004
          6268.40      1.9990145E+004
          6279.69      1.7825126E+004
          6290.98      1.5648441E+004
          6302.27      1.3459080E+004
          6313.55      1.1256030E+004
          6324.84      9.0382815E+003
          6336.13      6.8048193E+003
          6347.42      4.5546258E+003
          6358.71      2.2866904E+003
          6370.00      2.7519023E-034
