          3480.00     -6.1894827E-032
          3491.29     -5.5265619E-004
          3502.58     -1.1058636E-003
          3513.87     -1.6597669E-003
          3525.16     -2.2145069E-003
          3536.45     -2.7702241E-003
          3547.73     -3.3270565E-003
          3559.02     -3.8851387E-003
          3570.31     -4.4446050E-003
          3581.60     -5.0055869E-003
          3592.89     -5.5682143E-003
          3604.18     -6.1326139E-003
          3615.47     -6.6989056E-003
          3626.76     -7.2672061E-003
          3638.05     -7.8376309E-003
          3649.34     -8.4102923E-003
          3660.62     -8.9853024E-003
          3671.91     -9.5627714E-003
          3683.20     -1.0142808E-002
          3694.49     -1.0725520E-002
          3705.78     -1.1311012E-002
          3717.07     -1.1899389E-002
          3728.36     -1.2490754E-002
          3739.65     -1.3085208E-002
          3750.94     -1.3682851E-002
          3762.23     -1.4283782E-002
          3773.52     -1.4888099E-002
          3784.80     -1.5495897E-002
          3796.09     -1.6107270E-002
          3807.38     -1.6722313E-002
          3818.67     -1.7341120E-002
          3829.96     -1.7963781E-002
          3841.25     -1.8590388E-002
          3852.54     -1.9221029E-002
          3863.83     -1.9855792E-002
          3875.12     -2.0494765E-002
          3886.41     -2.1138031E-002
          3897.70     -2.1785675E-002
          3908.98     -2.2437780E-002
          3920.27     -2.3094427E-002
          3931.56     -2.3755695E-002
          3942.85     -2.4421663E-002
          3954.14     -2.5092409E-002
          3965.43     -2.5768010E-002
          3976.72     -2.6448541E-002
          3988.01     -2.7134078E-002
          3999.30     -2.7824693E-002
          4010.59     -2.8520456E-002
          4021.88     -2.9221440E-002
          4033.16     -2.9927712E-002
          4044.45     -3.0639340E-002
          4055.74     -3.1356391E-002
          4067.03     -3.2078928E-002
          4078.32     -3.2807014E-002
          4089.61     -3.3540712E-002
          4100.90     -3.4280081E-002
          4112.19     -3.5025180E-002
          4123.48     -3.5776067E-002
          4134.77     -3.6532796E-002
          4146.05     -3.7295423E-002
          4157.34     -3.8064000E-002
          4168.63     -3.8838576E-002
          4179.92     -3.9619203E-002
          4191.21     -4.0405928E-002
          4202.50     -4.1198795E-002
          4213.79     -4.1997851E-002
          4225.08     -4.2803137E-002
          4236.37     -4.3614695E-002
          4247.66     -4.4432563E-002
          4258.95     -4.5256779E-002
          4270.23     -4.6087379E-002
          4281.52     -4.6924394E-002
          4292.81     -4.7767858E-002
          4304.10     -4.8617800E-002
          4315.39     -4.9474247E-002
          4326.68     -5.0337227E-002
          4337.97     -5.1206762E-002
          4349.26     -5.2082873E-002
          4360.55     -5.2965582E-002
          4371.84     -5.3854906E-002
          4383.12     -5.4750862E-002
          4394.41     -5.5653462E-002
          4405.70     -5.6562718E-002
          4416.99     -5.7478640E-002
          4428.28     -5.8401230E-002
          4439.57     -5.9330495E-002
          4450.86     -6.0266436E-002
          4462.15     -6.1209050E-002
          4473.44     -6.2158335E-002
          4484.73     -6.3114285E-002
          4496.02     -6.4076892E-002
          4507.30     -6.5046143E-002
          4518.59     -6.6022026E-002
          4529.88     -6.7004522E-002
          4541.17     -6.7993615E-002
          4552.46     -6.8989280E-002
          4563.75     -6.9991494E-002
          4575.04     -7.1000228E-002
          4586.33     -7.2015451E-002
          4597.62     -7.3037132E-002
          4608.91     -7.4065231E-002
          4620.20     -7.5099709E-002
          4631.48     -7.6140525E-002
          4642.77     -7.7187630E-002
          4654.06     -7.8240975E-002
          4665.35     -7.9300507E-002
          4676.64     -8.0366171E-002
          4687.93     -8.1437907E-002
          4699.22     -8.2515650E-002
          4710.51     -8.3599334E-002
          4721.80     -8.4688889E-002
          4733.09     -8.5784240E-002
          4744.38     -8.6885308E-002
          4755.66     -8.7992013E-002
          4766.95     -8.9104267E-002
          4778.24     -9.0221983E-002
          4789.53     -9.1345065E-002
          4800.82     -9.2473414E-002
          4812.11     -9.3606931E-002
          4823.40     -9.4745507E-002
          4834.69     -9.5889032E-002
          4845.98     -9.7037391E-002
          4857.27     -9.8190464E-002
          4868.55     -9.9348127E-002
          4879.84     -1.0051025E-001
          4891.13     -1.0167670E-001
          4902.42     -1.0284734E-001
          4913.71     -1.0402202E-001
          4925.00     -1.0520060E-001
          4936.29     -1.0638292E-001
          4947.58     -1.0756883E-001
          4958.87     -1.0875816E-001
          4970.16     -1.0995074E-001
          4981.45     -1.1114640E-001
          4992.73     -1.1234496E-001
          5004.02     -1.1354623E-001
          5015.31     -1.1475003E-001
          5026.60     -1.1595615E-001
          5037.89     -1.1716439E-001
          5049.18     -1.1837455E-001
          5060.47     -1.1958640E-001
          5071.76     -1.2079974E-001
          5083.05     -1.2201433E-001
          5094.34     -1.2322994E-001
          5105.62     -1.2444633E-001
          5116.91     -1.2566326E-001
          5128.20     -1.2688048E-001
          5139.49     -1.2809772E-001
          5150.78     -1.2931472E-001
          5162.07     -1.3053121E-001
          5173.36     -1.3174691E-001
          5184.65     -1.3296153E-001
          5195.94     -1.3417478E-001
          5207.23     -1.3538636E-001
          5218.52     -1.3659596E-001
          5229.80     -1.3780326E-001
          5241.09     -1.3900795E-001
          5252.38     -1.4020969E-001
          5263.67     -1.4140815E-001
          5274.96     -1.4260298E-001
          5286.25     -1.4379382E-001
          5297.54     -1.4498031E-001
          5308.83     -1.4616208E-001
          5320.12     -1.4733876E-001
          5331.41     -1.4850996E-001
          5342.70     -1.4967528E-001
          5353.98     -1.5083431E-001
          5365.27     -1.5198665E-001
          5376.56     -1.5313187E-001
          5387.85     -1.5426954E-001
          5399.14     -1.5539922E-001
          5410.43     -1.5652047E-001
          5421.72     -1.5763282E-001
          5433.01     -1.5873580E-001
          5444.30     -1.5982895E-001
          5455.59     -1.6091176E-001
          5466.88     -1.6198375E-001
          5478.16     -1.6304440E-001
          5489.45     -1.6409320E-001
          5500.74     -1.6512963E-001
          5512.03     -1.6615313E-001
          5523.32     -1.6716317E-001
          5534.61     -1.6815919E-001
          5545.90     -1.6914061E-001
          5557.19     -1.7010686E-001
          5568.48     -1.7105733E-001
          5579.77     -1.7199144E-001
          5591.05     -1.7290856E-001
          5602.34     -1.7380805E-001
          5613.63     -1.7468927E-001
          5624.92     -1.7555158E-001
          5636.21     -1.7639431E-001
          5647.50     -1.7721679E-001
          5658.79     -1.7801833E-001
          5670.08     -1.7879824E-001
          5681.37     -1.7955579E-001
          5692.66     -1.8029024E-001
          5703.95     -1.8100084E-001
          5715.23     -1.8168681E-001
          5726.52     -1.8234742E-001
          5737.81     -1.8298190E-001
          5749.10     -1.8453215E-001
          5760.39     -1.8788285E-001
          5771.68     -1.9294831E-001
          5782.97     -1.9964409E-001
          5794.26     -2.0788720E-001
          5805.55     -2.1759585E-001
          5816.84     -2.2868904E-001
          5828.12     -2.4108653E-001
          5839.41     -2.5470876E-001
          5850.70     -2.6947687E-001
          5861.99     -2.8531267E-001
          5873.28     -3.0213853E-001
          5884.57     -3.1987749E-001
          5895.86     -3.3845316E-001
          5907.15     -3.5778964E-001
          5918.44     -3.7781143E-001
          5929.73     -3.9844337E-001
          5941.02     -4.1961102E-001
          5952.30     -4.4124060E-001
          5963.59     -4.6325895E-001
          5974.88     -4.8559353E-001
          5986.17     -5.0817238E-001
          5997.46     -5.3092409E-001
          6008.75     -5.5377800E-001
          6020.04     -5.7666410E-001
          6031.33     -5.9951334E-001
          6042.62     -6.2225749E-001
          6053.91     -6.4482862E-001
          6065.20     -6.6715918E-001
          6076.48     -6.8918204E-001
          6087.77     -7.1083040E-001
          6099.06     -7.3203774E-001
          6110.35     -7.5273758E-001
          6121.64     -7.7286348E-001
          6132.93     -7.9234882E-001
          6144.22     -8.1112690E-001
          6155.51     -8.2913162E-001
          6166.80     -8.4629727E-001
          6178.09     -8.6255855E-001
          6189.38     -8.7785050E-001
          6200.66     -8.9210803E-001
          6211.95     -9.0526577E-001
          6223.24     -9.1725804E-001
          6234.53     -9.2801882E-001
          6245.82     -9.3748177E-001
          6257.11     -9.4558020E-001
          6268.40     -9.5224700E-001
          6279.69     -9.5810128E-001
          6290.98     -9.6380762E-001
          6302.27     -9.6936689E-001
          6313.55     -9.7477986E-001
          6324.84     -9.8004723E-001
          6336.13     -9.8516965E-001
          6347.42     -9.9014767E-001
          6358.71     -9.9498180E-001
          6370.00     -9.9967245E-001
