          3480.00     -3.0153795E-033
          3491.29     -2.4320406E-003
          3502.58     -4.8632474E-003
          3513.87     -7.2937731E-003
          3525.16     -9.7237609E-003
          3536.45     -1.2153358E-002
          3547.73     -1.4582708E-002
          3559.02     -1.7011947E-002
          3570.31     -1.9441214E-002
          3581.60     -2.1870642E-002
          3592.89     -2.4300364E-002
          3604.18     -2.6730504E-002
          3615.47     -2.9161158E-002
          3626.76     -3.1592415E-002
          3638.05     -3.4024361E-002
          3649.34     -3.6457074E-002
          3660.62     -3.8890637E-002
          3671.91     -4.1325128E-002
          3683.20     -4.3760623E-002
          3694.49     -4.6197200E-002
          3705.78     -4.8634926E-002
          3717.07     -5.1073874E-002
          3728.36     -5.3514116E-002
          3739.65     -5.5955714E-002
          3750.94     -5.8398735E-002
          3762.23     -6.0843243E-002
          3773.52     -6.3289299E-002
          3784.80     -6.5736966E-002
          3796.09     -6.8186298E-002
          3807.38     -7.0637356E-002
          3818.67     -7.3090203E-002
          3829.96     -7.5544894E-002
          3841.25     -7.8001487E-002
          3852.54     -8.0460037E-002
          3863.83     -8.2920600E-002
          3875.12     -8.5383227E-002
          3886.41     -8.7847966E-002
          3897.70     -9.0314867E-002
          3908.98     -9.2783979E-002
          3920.27     -9.5255344E-002
          3931.56     -9.7729007E-002
          3942.85     -1.0020501E-001
          3954.14     -1.0268340E-001
          3965.43     -1.0516421E-001
          3976.72     -1.0764750E-001
          3988.01     -1.1013329E-001
          3999.30     -1.1262163E-001
          4010.59     -1.1511257E-001
          4021.88     -1.1760612E-001
          4033.16     -1.2010233E-001
          4044.45     -1.2260124E-001
          4055.74     -1.2510287E-001
          4067.03     -1.2760725E-001
          4078.32     -1.3011441E-001
          4089.61     -1.3262439E-001
          4100.90     -1.3513720E-001
          4112.19     -1.3765287E-001
          4123.48     -1.4017142E-001
          4134.77     -1.4269288E-001
          4146.05     -1.4521727E-001
          4157.34     -1.4774459E-001
          4168.63     -1.5027488E-001
          4179.92     -1.5280816E-001
          4191.21     -1.5534442E-001
          4202.50     -1.5788368E-001
          4213.79     -1.6042597E-001
          4225.08     -1.6297128E-001
          4236.37     -1.6551964E-001
          4247.66     -1.6807104E-001
          4258.95     -1.7062549E-001
          4270.23     -1.7318300E-001
          4281.52     -1.7574356E-001
          4292.81     -1.7830719E-001
          4304.10     -1.8087389E-001
          4315.39     -1.8344365E-001
          4326.68     -1.8601647E-001
          4337.97     -1.8859234E-001
          4349.26     -1.9117127E-001
          4360.55     -1.9375325E-001
          4371.84     -1.9633828E-001
          4383.12     -1.9892634E-001
          4394.41     -2.0151744E-001
          4405.70     -2.0411155E-001
          4416.99     -2.0670867E-001
          4428.28     -2.0930879E-001
          4439.57     -2.1191188E-001
          4450.86     -2.1451793E-001
          4462.15     -2.1712693E-001
          4473.44     -2.1973885E-001
          4484.73     -2.2235367E-001
          4496.02     -2.2497138E-001
          4507.30     -2.2759195E-001
          4518.59     -2.3021536E-001
          4529.88     -2.3284158E-001
          4541.17     -2.3547058E-001
          4552.46     -2.3810235E-001
          4563.75     -2.4073685E-001
          4575.04     -2.4337404E-001
          4586.33     -2.4601392E-001
          4597.62     -2.4865643E-001
          4608.91     -2.5130155E-001
          4620.20     -2.5394924E-001
          4631.48     -2.5659948E-001
          4642.77     -2.5925221E-001
          4654.06     -2.6190742E-001
          4665.35     -2.6456504E-001
          4676.64     -2.6722506E-001
          4687.93     -2.6988742E-001
          4699.22     -2.7255209E-001
          4710.51     -2.7521902E-001
          4721.80     -2.7788817E-001
          4733.09     -2.8055949E-001
          4744.38     -2.8323294E-001
          4755.66     -2.8590846E-001
          4766.95     -2.8858601E-001
          4778.24     -2.9126555E-001
          4789.53     -2.9394701E-001
          4800.82     -2.9663035E-001
          4812.11     -2.9931551E-001
          4823.40     -3.0200244E-001
          4834.69     -3.0469109E-001
          4845.98     -3.0738139E-001
          4857.27     -3.1007329E-001
          4868.55     -3.1276673E-001
          4879.84     -3.1546165E-001
          4891.13     -3.1815799E-001
          4902.42     -3.2085569E-001
          4913.71     -3.2355468E-001
          4925.00     -3.2625489E-001
          4936.29     -3.2895626E-001
          4947.58     -3.3165873E-001
          4958.87     -3.3436223E-001
          4970.16     -3.3706668E-001
          4981.45     -3.3977202E-001
          4992.73     -3.4247818E-001
          5004.02     -3.4518508E-001
          5015.31     -3.4789264E-001
          5026.60     -3.5060081E-001
          5037.89     -3.5330948E-001
          5049.18     -3.5601860E-001
          5060.47     -3.5872808E-001
          5071.76     -3.6143785E-001
          5083.05     -3.6414781E-001
          5094.34     -3.6685790E-001
          5105.62     -3.6956802E-001
          5116.91     -3.7227810E-001
          5128.20     -3.7498804E-001
          5139.49     -3.7769777E-001
          5150.78     -3.8040720E-001
          5162.07     -3.8311623E-001
          5173.36     -3.8582479E-001
          5184.65     -3.8853277E-001
          5195.94     -3.9124008E-001
          5207.23     -3.9394664E-001
          5218.52     -3.9665235E-001
          5229.80     -3.9935712E-001
          5241.09     -4.0206085E-001
          5252.38     -4.0476343E-001
          5263.67     -4.0746479E-001
          5274.96     -4.1016481E-001
          5286.25     -4.1286340E-001
          5297.54     -4.1556045E-001
          5308.83     -4.1825587E-001
          5320.12     -4.2094955E-001
          5331.41     -4.2364138E-001
          5342.70     -4.2633127E-001
          5353.98     -4.2901910E-001
          5365.27     -4.3170476E-001
          5376.56     -4.3438816E-001
          5387.85     -4.3706917E-001
          5399.14     -4.3974769E-001
          5410.43     -4.4242362E-001
          5421.72     -4.4509682E-001
          5433.01     -4.4776720E-001
          5444.30     -4.5043463E-001
          5455.59     -4.5309901E-001
          5466.88     -4.5576021E-001
          5478.16     -4.5841811E-001
          5489.45     -4.6107261E-001
          5500.74     -4.6372357E-001
          5512.03     -4.6637087E-001
          5523.32     -4.6901439E-001
          5534.61     -4.7165402E-001
          5545.90     -4.7428962E-001
          5557.19     -4.7692106E-001
          5568.48     -4.7954824E-001
          5579.77     -4.8217100E-001
          5591.05     -4.8478921E-001
          5602.34     -4.8740272E-001
          5613.63     -4.9001139E-001
          5624.92     -4.9261507E-001
          5636.21     -4.9521361E-001
          5647.50     -4.9780686E-001
          5658.79     -5.0039468E-001
          5670.08     -5.0297691E-001
          5681.37     -5.0555338E-001
          5692.66     -5.0812381E-001
          5703.95     -5.1068797E-001
          5715.23     -5.1324563E-001
          5726.52     -5.1579654E-001
          5737.81     -5.1834047E-001
          5749.10     -5.2116528E-001
          5760.39     -5.2454464E-001
          5771.68     -5.2845711E-001
          5782.97     -5.3288147E-001
          5794.26     -5.3779678E-001
          5805.55     -5.4318233E-001
          5816.84     -5.4901754E-001
          5828.12     -5.5528192E-001
          5839.41     -5.6195507E-001
          5850.70     -5.6901669E-001
          5861.99     -5.7644659E-001
          5873.28     -5.8422464E-001
          5884.57     -5.9233082E-001
          5895.86     -6.0074523E-001
          5907.15     -6.0944802E-001
          5918.44     -6.1841936E-001
          5929.73     -6.2763948E-001
          5941.02     -6.3708870E-001
          5952.30     -6.4674753E-001
          5963.59     -6.5659657E-001
          5974.88     -6.6661659E-001
          5986.17     -6.7678845E-001
          5997.46     -6.8709312E-001
          6008.75     -6.9751179E-001
          6020.04     -7.0802578E-001
          6031.33     -7.1861673E-001
          6042.62     -7.2926654E-001
          6053.91     -7.3995719E-001
          6065.20     -7.5067078E-001
          6076.48     -7.6138958E-001
          6087.77     -7.7209597E-001
          6099.06     -7.8277249E-001
          6110.35     -7.9340169E-001
          6121.64     -8.0396620E-001
          6132.93     -8.1444854E-001
          6144.22     -8.2483124E-001
          6155.51     -8.3509702E-001
          6166.80     -8.4522881E-001
          6178.09     -8.5520973E-001
          6189.38     -8.6502316E-001
          6200.66     -8.7465252E-001
          6211.95     -8.8408126E-001
          6223.24     -8.9329282E-001
          6234.53     -9.0227060E-001
          6245.82     -9.1099806E-001
          6257.11     -9.1945863E-001
          6268.40     -9.2763570E-001
          6279.69     -9.3566225E-001
          6290.98     -9.4368245E-001
          6302.27     -9.5169664E-001
          6313.55     -9.5970513E-001
          6324.84     -9.6770821E-001
          6336.13     -9.7570619E-001
          6347.42     -9.8369937E-001
          6358.71     -9.9168803E-001
          6370.00     -9.9967245E-001
