          3480.00      0.0000000E+000
          3491.29      5.3080619E+001
          3502.58      5.2841768E+001
          3513.87      5.2611784E+001
          3525.16      5.2390386E+001
          3536.45      5.2177308E+001
          3547.73      5.1972299E+001
          3559.02      5.1775125E+001
          3570.31      5.1585566E+001
          3581.60      5.1403416E+001
          3592.89      5.1228482E+001
          3604.18      5.1060582E+001
          3615.47      5.0899539E+001
          3626.76      5.0745186E+001
          3638.05      5.0595173E+001
          3649.34      5.0447672E+001
          3660.62      5.0303174E+001
          3671.91      5.0162033E+001
          3683.20      5.0024506E+001
          3694.49      4.9890780E+001
          3705.78      4.9760994E+001
          3717.07      4.9635245E+001
          3728.36      4.9513608E+001
          3739.65      4.9396132E+001
          3750.94      4.9282856E+001
          3762.23      4.9173804E+001
          3773.52      4.9068996E+001
          3784.80      4.8961992E+001
          3796.09      4.8847149E+001
          3807.38      4.8725541E+001
          3818.67      4.8598092E+001
          3829.96      4.8465602E+001
          3841.25      4.8328763E+001
          3852.54      4.8188179E+001
          3863.83      4.8044380E+001
          3875.12      4.7897829E+001
          3886.41      4.7748935E+001
          3897.70      4.7598061E+001
          3908.98      4.7445526E+001
          3920.27      4.7288249E+001
          3931.56      4.7120551E+001
          3942.85      4.6940431E+001
          3954.14      4.6748752E+001
          3965.43      4.6546289E+001
          3976.72      4.6333741E+001
          3988.01      4.6111743E+001
          3999.30      4.5880867E+001
          4010.59      4.5641636E+001
          4021.88      4.5394528E+001
          4033.16      4.5139979E+001
          4044.45      4.4878389E+001
          4055.74      4.4610127E+001
          4067.03      4.4335532E+001
          4078.32      4.4050510E+001
          4089.61      4.3751134E+001
          4100.90      4.3437938E+001
          4112.19      4.3111405E+001
          4123.48      4.2771975E+001
          4134.77      4.2420045E+001
          4146.05      4.2055978E+001
          4157.34      4.1680106E+001
          4168.63      4.1292731E+001
          4179.92      4.0894128E+001
          4191.21      4.0484551E+001
          4202.50      4.0064230E+001
          4213.79      3.9633378E+001
          4225.08      3.9189281E+001
          4236.37      3.8729229E+001
          4247.66      3.8253404E+001
          4258.95      3.7761957E+001
          4270.23      3.7255009E+001
          4281.52      3.6732657E+001
          4292.81      3.6194972E+001
          4304.10      3.5641999E+001
          4315.39      3.5073766E+001
          4326.68      3.4490276E+001
          4337.97      3.3891517E+001
          4349.26      3.3277454E+001
          4360.55      3.2648036E+001
          4371.84      3.2001707E+001
          4383.12      3.1336862E+001
          4394.41      3.0653346E+001
          4405.70      2.9950977E+001
          4416.99      2.9229552E+001
          4428.28      2.8488840E+001
          4439.57      2.7728590E+001
          4450.86      2.6948521E+001
          4462.15      2.6148335E+001
          4473.44      2.5327703E+001
          4484.73      2.4486275E+001
          4496.02      2.3623674E+001
          4507.30      2.2739499E+001
          4518.59      2.1833866E+001
          4529.88      2.0906917E+001
          4541.17      1.9958238E+001
          4552.46      1.8987359E+001
          4563.75      1.7993784E+001
          4575.04      1.6976990E+001
          4586.33      1.5936428E+001
          4597.62      1.4871515E+001
          4608.91      1.3781645E+001
          4620.20      1.2666173E+001
          4631.48      1.1524425E+001
          4642.77      1.0355692E+001
          4654.06      9.1592267E+000
          4665.35      7.9396876E+000
          4676.64      6.7019742E+000
          4687.93      5.4456595E+000
          4699.22      4.1703017E+000
          4710.51      2.8754359E+000
          4721.80      1.5605770E+000
          4733.09      2.2522242E-001
          4744.38     -1.1311562E+000
          4755.66     -2.5091089E+000
          4766.95     -3.9092099E+000
          4778.24     -5.3320599E+000
          4789.53     -6.7782822E+000
          4800.82     -8.2485312E+000
          4812.11     -9.7434905E+000
          4823.40     -1.1248488E+001
          4834.69     -1.2748202E+001
          4845.98     -1.4242395E+001
          4857.27     -1.5730876E+001
          4868.55     -1.7213506E+001
          4879.84     -1.8690186E+001
          4891.13     -2.0160866E+001
          4902.42     -2.1625541E+001
          4913.71     -2.3084246E+001
          4925.00     -2.4537060E+001
          4936.29     -2.5984102E+001
          4947.58     -2.7425527E+001
          4958.87     -2.8861531E+001
          4970.16     -3.0258800E+001
          4981.45     -3.1583815E+001
          4992.73     -3.2836780E+001
          5004.02     -3.4018269E+001
          5015.31     -3.5129202E+001
          5026.60     -3.6170811E+001
          5037.89     -3.7144610E+001
          5049.18     -3.8052368E+001
          5060.47     -3.8896064E+001
          5071.76     -3.9677870E+001
          5083.05     -4.0400111E+001
          5094.34     -4.1065238E+001
          5105.62     -4.1675798E+001
          5116.91     -4.2187877E+001
          5128.20     -4.2560766E+001
          5139.49     -4.2802349E+001
          5150.78     -4.2920994E+001
          5162.07     -4.2925386E+001
          5173.36     -4.2824378E+001
          5184.65     -4.2626857E+001
          5195.94     -4.2341626E+001
          5207.23     -4.1977305E+001
          5218.52     -4.1542250E+001
          5229.80     -4.1044487E+001
          5241.09     -4.0491664E+001
          5252.38     -3.9891010E+001
          5263.67     -3.9196385E+001
          5274.96     -3.8369267E+001
          5286.25     -3.7427522E+001
          5297.54     -3.6388193E+001
          5308.83     -3.5267324E+001
          5320.12     -3.4079827E+001
          5331.41     -3.2839412E+001
          5342.70     -3.1558548E+001
          5353.98     -3.0248474E+001
          5365.27     -2.8919229E+001
          5376.56     -2.7579697E+001
          5387.85     -2.6237678E+001
          5399.14     -2.4899963E+001
          5410.43     -2.3526590E+001
          5421.72     -2.2086761E+001
          5433.01     -2.0598753E+001
          5444.30     -1.9078803E+001
          5455.59     -1.7541155E+001
          5466.88     -1.5998150E+001
          5478.16     -1.4460357E+001
          5489.45     -1.2936716E+001
          5500.74     -1.1434697E+001
          5512.03     -9.9604553E+000
          5523.32     -8.5189837E+000
          5534.61     -7.1142572E+000
          5545.90     -5.7493739E+000
          5557.19     -4.4266704E+000
          5568.48     -3.1225067E+000
          5579.77     -1.8193372E+000
          5591.05     -5.2685452E-001
          5602.34      7.4683686E-001
          5613.63      1.9950609E+000
          5624.92      3.2123982E+000
          5636.21      4.3945222E+000
          5647.50      5.5380549E+000
          5658.79      6.6404250E+000
          5670.08      7.6997440E+000
          5681.37      8.7146423E+000
          5692.66      9.6841895E+000
          5703.95      1.0607884E+001
          5715.23      1.1489580E+001
          5726.52      1.2332039E+001
          5737.81      1.3133775E+001
          5749.10      1.3893748E+001
          5760.39      1.4611281E+001
          5771.68      1.5285996E+001
          5782.97      1.5917751E+001
          5794.26      1.6506629E+001
          5805.55      1.7052874E+001
          5816.84      1.7556800E+001
          5828.12      1.8018774E+001
          5839.41      1.8439183E+001
          5850.70      1.8818422E+001
          5861.99      1.9157294E+001
          5873.28      1.9456756E+001
          5884.57      1.9717379E+001
          5895.86      1.9939664E+001
          5907.15      2.0124039E+001
          5918.44      2.0270849E+001
          5929.73      2.0380353E+001
          5941.02      2.0452734E+001
          5952.30      2.0488096E+001
          5963.59      2.0486460E+001
          5974.88      2.0447758E+001
          5986.17      2.0371827E+001
          5997.46      2.0258413E+001
          6008.75      2.0111715E+001
          6020.04      1.9936148E+001
          6031.33      1.9731659E+001
          6042.62      1.9498130E+001
          6053.91      1.9235367E+001
          6065.20      1.8943101E+001
          6076.48      1.8620990E+001
          6087.77      1.8268613E+001
          6099.06      1.7885471E+001
          6110.35      1.7470977E+001
          6121.64      1.7024457E+001
          6132.93      1.6545139E+001
          6144.22      1.6033046E+001
          6155.51      1.5492261E+001
          6166.80      1.4926209E+001
          6178.09      1.4334310E+001
          6189.38      1.3715930E+001
          6200.66      1.3070379E+001
          6211.95      1.2396900E+001
          6223.24      1.1694673E+001
          6234.53      1.0962810E+001
          6245.82      1.0200346E+001
          6257.11      9.4062408E+000
          6268.40      8.5793731E+000
          6279.69      7.7185322E+000
          6290.98      6.8300279E+000
          6302.27      5.9207214E+000
          6313.55      4.9901419E+000
          6324.84      4.0377975E+000
          6336.13      3.0631689E+000
          6347.42      2.0657109E+000
          6358.71      1.0448545E+000
          6370.00      0.0000000E+000
