          3480.00     -2.3059593E-004
          3491.29     -2.2639244E-004
          3502.58     -2.2133744E-004
          3513.87     -2.1555101E-004
          3525.16     -2.0914334E-004
          3536.45     -2.0221584E-004
          3547.73     -1.9486219E-004
          3559.02     -1.8716937E-004
          3570.31     -1.7921849E-004
          3581.60     -1.7108569E-004
          3592.89     -1.6284294E-004
          3604.18     -1.5455876E-004
          3615.47     -1.4629899E-004
          3626.76     -1.3812733E-004
          3638.05     -1.3005065E-004
          3649.34     -1.2205918E-004
          3660.62     -1.1418956E-004
          3671.91     -1.0647767E-004
          3683.20     -9.8959024E-005
          3694.49     -9.1669077E-005
          3705.78     -8.4643663E-005
          3717.07     -7.7919280E-005
          3728.36     -7.1533459E-005
          3739.65     -6.5525113E-005
          3750.94     -5.9934840E-005
          3762.23     -5.4805282E-005
          3773.52     -5.0181452E-005
          3784.80     -4.5924897E-005
          3796.09     -4.1868501E-005
          3807.38     -3.8016930E-005
          3818.67     -3.4375832E-005
          3829.96     -3.0951921E-005
          3841.25     -2.7753024E-005
          3852.54     -2.4788177E-005
          3863.83     -2.2067696E-005
          3875.12     -1.9603257E-005
          3886.41     -1.7407993E-005
          3897.70     -1.5496573E-005
          3908.98     -1.3885307E-005
          3920.27     -1.2522359E-005
          3931.56     -1.1291952E-005
          3942.85     -1.0138473E-005
          3954.14     -9.0607252E-006
          3965.43     -8.0579230E-006
          3976.72     -7.1296917E-006
          3988.01     -6.2760668E-006
          3999.30     -5.4974999E-006
          4010.59     -4.7948662E-006
          4021.88     -4.1694673E-006
          4033.16     -3.6230431E-006
          4044.45     -3.1577813E-006
          4055.74     -2.7763295E-006
          4067.03     -2.4818109E-006
          4078.32     -2.2406147E-006
          4089.61     -2.0164010E-006
          4100.90     -1.8086298E-006
          4112.19     -1.6168468E-006
          4123.48     -1.4406821E-006
          4134.77     -1.2798487E-006
          4146.05     -1.1341406E-006
          4157.34     -1.0034332E-006
          4168.63     -8.8768124E-007
          4179.92     -7.8691942E-007
          4191.21     -7.0126272E-007
          4202.50     -6.3090620E-007
          4213.79     -5.7612622E-007
          4225.08     -5.3093130E-007
          4236.37     -4.8899383E-007
          4247.66     -4.5015913E-007
          4258.95     -4.1428713E-007
          4270.23     -3.8125188E-007
          4281.52     -3.5094098E-007
          4292.81     -3.2325494E-007
          4304.10     -2.9810677E-007
          4315.39     -2.7542160E-007
          4326.68     -2.5513622E-007
          4337.97     -2.3719888E-007
          4349.26     -2.2156894E-007
          4360.55     -2.0821665E-007
          4371.84     -1.9640923E-007
          4383.12     -1.8538776E-007
          4394.41     -1.7509387E-007
          4405.70     -1.6547204E-007
          4416.99     -1.5646944E-007
          4428.28     -1.4803568E-007
          4439.57     -1.4012254E-007
          4450.86     -1.3268379E-007
          4462.15     -1.2567501E-007
          4473.44     -1.1905333E-007
          4484.73     -1.1277730E-007
          4496.02     -1.0680669E-007
          4507.30     -1.0110232E-007
          4518.59     -9.5686133E-008
          4529.88     -9.0586419E-008
          4541.17     -8.5773622E-008
          4552.46     -8.1216175E-008
          4563.75     -7.6883403E-008
          4575.04     -7.2745402E-008
          4586.33     -6.8772912E-008
          4597.62     -6.4937195E-008
          4608.91     -6.1209928E-008
          4620.20     -5.7563069E-008
          4631.48     -5.3968751E-008
          4642.77     -5.0399187E-008
          4654.06     -4.6826536E-008
          4665.35     -4.3357272E-008
          4676.64     -4.0102634E-008
          4687.93     -3.7042460E-008
          4699.22     -3.4157365E-008
          4710.51     -3.1428643E-008
          4721.80     -2.8838203E-008
          4733.09     -2.6368497E-008
          4744.38     -2.4002442E-008
          4755.66     -2.1723354E-008
          4766.95     -1.9514890E-008
          4778.24     -1.7360973E-008
          4789.53     -1.5245743E-008
          4800.82     -1.3153484E-008
          4812.11     -1.1068571E-008
          4823.40     -9.0511283E-009
          4834.69     -7.1636884E-009
          4845.98     -5.3946974E-009
          4857.27     -3.7331135E-009
          4868.55     -2.1683627E-009
          4879.84     -6.9030280E-010
          4891.13      7.1082465E-010
          4902.42      2.0444277E-009
          4913.71      3.3195968E-009
          4925.00      4.5451464E-009
          4936.29      5.7296440E-009
          4947.58      6.8814425E-009
          4958.87      8.0087131E-009
          4970.16      9.0839609E-009
          4981.45      1.0078659E-008
          4992.73      1.0999028E-008
          5004.02      1.1850930E-008
          5015.31      1.2639901E-008
          5026.60      1.3371165E-008
          5037.89      1.4049659E-008
          5049.18      1.4680051E-008
          5060.47      1.5266756E-008
          5071.76      1.5813954E-008
          5083.05      1.6325610E-008
          5094.34      1.6805483E-008
          5105.62      1.7257143E-008
          5116.91      1.7672987E-008
          5128.20      1.8045177E-008
          5139.49      1.8376628E-008
          5150.78      1.8670037E-008
          5162.07      1.8927889E-008
          5173.36      1.9152473E-008
          5184.65      1.9345883E-008
          5195.94      1.9510037E-008
          5207.23      1.9646678E-008
          5218.52      1.9757381E-008
          5229.80      1.9843566E-008
          5241.09      1.9906497E-008
          5252.38      1.9947293E-008
          5263.67      1.9965878E-008
          5274.96      1.9962322E-008
          5286.25      1.9937749E-008
          5297.54      1.9893149E-008
          5308.83      1.9829382E-008
          5320.12      1.9747184E-008
          5331.41      1.9647166E-008
          5342.70      1.9529824E-008
          5353.98      1.9395536E-008
          5365.27      1.9244570E-008
          5376.56      1.9077082E-008
          5387.85      1.8893120E-008
          5399.14      1.8692628E-008
          5410.43      1.8478249E-008
          5421.72      1.8253028E-008
          5433.01      1.8017363E-008
          5444.30      1.7771570E-008
          5455.59      1.7515888E-008
          5466.88      1.7250480E-008
          5478.16      1.6975431E-008
          5489.45      1.6690755E-008
          5500.74      1.6396393E-008
          5512.03      1.6092217E-008
          5523.32      1.5778028E-008
          5534.61      1.5453558E-008
          5545.90      1.5118472E-008
          5557.19      1.4772366E-008
          5568.48      1.4418245E-008
          5579.77      1.4059731E-008
          5591.05      1.3697262E-008
          5602.34      1.3331230E-008
          5613.63      1.2961989E-008
          5624.92      1.2589853E-008
          5636.21      1.2215098E-008
          5647.50      1.1837968E-008
          5658.79      1.1458672E-008
          5670.08      1.1077392E-008
          5681.37      1.0694286E-008
          5692.66      1.0309500E-008
          5703.95      9.9231458E-009
          5715.23      9.5372907E-009
          5726.52      9.1543665E-009
          5737.81      8.7749910E-009
          5749.10      8.3997643E-009
          5760.39      8.0292717E-009
          5771.68      7.6640850E-009
          5782.97      7.3047659E-009
          5794.26      6.9518572E-009
          5805.55      6.6058917E-009
          5816.84      6.2674078E-009
          5828.12      5.9369508E-009
          5839.41      5.6150758E-009
          5850.70      5.3023496E-009
          5861.99      4.9982960E-009
          5873.28      4.7022973E-009
          5884.57      4.4147261E-009
          5895.86      4.1359693E-009
          5907.15      3.8664303E-009
          5918.44      3.6065313E-009
          5929.73      3.3567147E-009
          5941.02      3.1174401E-009
          5952.30      2.8891854E-009
          5963.59      2.6724491E-009
          5974.88      2.4677508E-009
          5986.17      2.2756338E-009
          5997.46      2.0966654E-009
          6008.75      1.9280392E-009
          6020.04      1.7666167E-009
          6031.33      1.6124927E-009
          6042.62      1.4657752E-009
          6053.91      1.3265886E-009
          6065.20      1.1950740E-009
          6076.48      1.0713889E-009
          6087.77      9.5570855E-010
          6099.06      8.4822613E-010
          6110.35      7.4915482E-010
          6121.64      6.5872823E-010
          6132.93      5.7720171E-010
          6144.22      5.0441645E-010
          6155.51      4.3823105E-010
          6166.80      3.7679062E-010
          6178.09      3.2014442E-010
          6189.38      2.6835223E-010
          6200.66      2.2148581E-010
          6211.95      1.7962947E-010
          6223.24      1.4288025E-010
          6234.53      1.1134822E-010
          6245.82      8.5156532E-011
          6257.11      6.4441810E-011
          6268.40      4.9354436E-011
          6279.69      4.0058753E-011
          6290.98      3.3892321E-011
          6302.27      2.8070406E-011
          6313.55      2.2585296E-011
          6324.84      1.7430129E-011
          6336.13      1.2598854E-011
          6347.42      8.0862313E-012
          6358.71      3.8878316E-012
          6370.00      2.1331808E-044
