          3480.00      6.5599919E-029
          3491.29      5.3198848E-014
          3502.58      1.1008250E-013
          3513.87      1.7083817E-013
          3525.16      2.3571264E-013
          3536.45      3.0501077E-013
          3547.73      3.7909432E-013
          3559.02      4.5838156E-013
          3570.31      5.4334807E-013
          3581.60      6.3452767E-013
          3592.89      7.3251416E-013
          3604.18      8.3796372E-013
          3615.47      9.5159719E-013
          3626.76      1.0742045E-012
          3638.05      1.2061340E-012
          3649.34      1.3479349E-012
          3660.62      1.5008034E-012
          3671.91      1.6660105E-012
          3683.20      1.8449119E-012
          3694.49      2.0389581E-012
          3705.78      2.2497041E-012
          3717.07      2.4788220E-012
          3728.36      2.7281121E-012
          3739.65      2.9995147E-012
          3750.94      3.2951244E-012
          3762.23      3.6172041E-012
          3773.52      3.9681999E-012
          3784.80      4.3449058E-012
          3796.09      4.7450790E-012
          3807.38      5.1728015E-012
          3818.67      5.6322439E-012
          3829.96      6.1277029E-012
          3841.25      6.6636422E-012
          3852.54      7.2447293E-012
          3863.83      7.8758741E-012
          3875.12      8.5622683E-012
          3886.41      9.3094228E-012
          3897.70      1.0123212E-011
          3908.98      1.1009913E-011
          3920.27      1.1966882E-011
          3931.56      1.2983986E-011
          3942.85      1.4062022E-011
          3954.14      1.5211197E-011
          3965.43      1.6441882E-011
          3976.72      1.7764695E-011
          3988.01      1.9190602E-011
          3999.30      2.0730995E-011
          4010.59      2.2397778E-011
          4021.88      2.4203462E-011
          4033.16      2.6161244E-011
          4044.45      2.8285101E-011
          4055.74      3.0589881E-011
          4067.03      3.3091390E-011
          4078.32      3.5776789E-011
          4089.61      3.8637100E-011
          4100.90      4.1695069E-011
          4112.19      4.4974067E-011
          4123.48      4.8498260E-011
          4134.77      5.2292778E-011
          4146.05      5.6383890E-011
          4157.34      6.0799157E-011
          4168.63      6.5567630E-011
          4179.92      7.0720011E-011
          4191.21      7.6288820E-011
          4202.50      8.2308607E-011
          4213.79      8.8816125E-011
          4225.08      9.5830084E-011
          4236.37      1.0337439E-010
          4247.66      1.1149711E-010
          4258.95      1.2024891E-010
          4270.23      1.2968336E-010
          4281.52      1.3985717E-010
          4292.81      1.5083053E-010
          4304.10      1.6266745E-010
          4315.39      1.7543605E-010
          4326.68      1.8920892E-010
          4337.97      2.0406344E-010
          4349.26      2.2008224E-010
          4360.55      2.3735355E-010
          4371.84      2.5599463E-010
          4383.12      2.7612986E-010
          4394.41      2.9786812E-010
          4405.70      3.2132630E-010
          4416.99      3.4662982E-010
          4428.28      3.7391313E-010
          4439.57      4.0332043E-010
          4450.86      4.3500626E-010
          4462.15      4.6913608E-010
          4473.44      5.0588720E-010
          4484.73      5.4544939E-010
          4496.02      5.8802581E-010
          4507.30      6.3383385E-010
          4518.59      6.8305201E-010
          4529.88      7.3587331E-010
          4541.17      7.9256198E-010
          4552.46      8.5340258E-010
          4563.75      9.1869805E-010
          4575.04      9.8877089E-010
          4586.33      1.0639645E-009
          4597.62      1.1446446E-009
          4608.91      1.2312008E-009
          4620.20      1.3240480E-009
          4631.48      1.4236284E-009
          4642.77      1.5304130E-009
          4654.06      1.6449033E-009
          4665.35      1.7659656E-009
          4676.64      1.8925832E-009
          4687.93      2.0254590E-009
          4699.22      2.1653014E-009
          4710.51      2.3128276E-009
          4721.80      2.4687678E-009
          4733.09      2.6338677E-009
          4744.38      2.8088929E-009
          4755.66      2.9946316E-009
          4766.95      3.1918978E-009
          4778.24      3.4015350E-009
          4789.53      3.6244183E-009
          4800.82      3.8614586E-009
          4812.11      4.1136055E-009
          4823.40      4.3700401E-009
          4834.69      4.6207616E-009
          4845.98      4.8678386E-009
          4857.27      5.1131700E-009
          4868.55      5.3584998E-009
          4879.84      5.6054292E-009
          4891.13      5.8554288E-009
          4902.42      6.1098480E-009
          4913.71      6.3699229E-009
          4925.00      6.6367846E-009
          4936.29      6.9114639E-009
          4947.58      7.1948967E-009
          4958.87      7.4879273E-009
          4970.16      7.7370155E-009
          4981.45      7.8928052E-009
          4992.73      7.9615379E-009
          5004.02      7.9484275E-009
          5015.31      7.8577182E-009
          5026.60      7.6927342E-009
          5037.89      7.4559216E-009
          5049.18      7.1488830E-009
          5060.47      6.7724067E-009
          5071.76      6.3264870E-009
          5083.05      5.8103396E-009
          5094.34      5.2224130E-009
          5105.62      4.5603894E-009
          5116.91      3.6486026E-009
          5128.20      2.3260309E-009
          5139.49      6.0894006E-010
          5150.78     -1.4899798E-009
          5162.07     -3.9614409E-009
          5173.36     -6.7993997E-009
          5184.65     -1.0000915E-008
          5195.94     -1.3566054E-008
          5207.23     -1.7497794E-008
          5218.52     -2.1801952E-008
          5229.80     -2.6487146E-008
          5241.09     -3.1564739E-008
          5252.38     -3.7048856E-008
          5263.67     -4.3529079E-008
          5274.96     -5.1542870E-008
          5286.25     -6.1037287E-008
          5297.54     -7.1970865E-008
          5308.83     -8.4312995E-008
          5320.12     -9.8043383E-008
          5331.41     -1.1315152E-007
          5342.70     -1.2963637E-007
          5353.98     -1.4750591E-007
          5365.27     -1.6677688E-007
          5376.56     -1.8747455E-007
          5387.85     -2.0963252E-007
          5399.14     -2.3329254E-007
          5410.43     -2.6029779E-007
          5421.72     -2.9231317E-007
          5433.01     -3.2914570E-007
          5444.30     -3.7063575E-007
          5455.59     -4.1665473E-007
          5466.88     -4.6710332E-007
          5478.16     -5.2190962E-007
          5489.45     -5.8102759E-007
          5500.74     -6.4443562E-007
          5512.03     -7.1213508E-007
          5523.32     -7.8414942E-007
          5534.61     -8.6052306E-007
          5545.90     -9.4132021E-007
          5557.19     -1.0266245E-006
          5568.48     -1.1214076E-006
          5579.77     -1.2301024E-006
          5591.05     -1.3520632E-006
          5602.34     -1.4867253E-006
          5613.63     -1.6335994E-006
          5624.92     -1.7922649E-006
          5636.21     -1.9623638E-006
          5647.50     -2.1435961E-006
          5658.79     -2.3357140E-006
          5670.08     -2.5385175E-006
          5681.37     -2.7518425E-006
          5692.66     -2.9755581E-006
          5703.95     -3.2095731E-006
          5715.23     -3.4584284E-006
          5726.52     -3.7260966E-006
          5737.81     -4.0117347E-006
          5749.10     -4.3145887E-006
          5760.39     -4.6339836E-006
          5771.68     -4.9693155E-006
          5782.97     -5.3200424E-006
          5794.26     -5.6856888E-006
          5805.55     -6.0658319E-006
          5816.84     -6.4600764E-006
          5828.12     -6.8680483E-006
          5839.41     -7.2893863E-006
          5850.70     -7.7237345E-006
          5861.99     -8.1673584E-006
          5873.28     -8.6169578E-006
          5884.57     -9.0727834E-006
          5895.86     -9.5350204E-006
          5907.15     -1.0003784E-005
          5918.44     -1.0479112E-005
          5929.73     -1.0960959E-005
          5941.02     -1.1449204E-005
          5952.30     -1.1943644E-005
          5963.59     -1.2443988E-005
          5974.88     -1.2949850E-005
          5986.17     -1.3460745E-005
          5997.46     -1.3976076E-005
          6008.75     -1.4477542E-005
          6020.04     -1.4948686E-005
          6031.33     -1.5391337E-005
          6042.62     -1.5806972E-005
          6053.91     -1.6196721E-005
          6065.20     -1.6561368E-005
          6076.48     -1.6901368E-005
          6087.77     -1.7216842E-005
          6099.06     -1.7507581E-005
          6110.35     -1.7773038E-005
          6121.64     -1.8012325E-005
          6132.93     -1.8224197E-005
          6144.22     -1.8402435E-005
          6155.51     -1.8519592E-005
          6166.80     -1.8554535E-005
          6178.09     -1.8507745E-005
          6189.38     -1.8379026E-005
          6200.66     -1.8167495E-005
          6211.95     -1.7871587E-005
          6223.24     -1.7489046E-005
          6234.53     -1.7016926E-005
          6245.82     -1.6451577E-005
          6257.11     -1.5788634E-005
          6268.40     -1.5023006E-005
          6279.69     -1.4148851E-005
          6290.98     -1.3117553E-005
          6302.27     -1.1883788E-005
          6313.55     -1.0445095E-005
          6324.84     -8.7977114E-006
          6336.13     -6.9365604E-006
          6347.42     -4.8552537E-006
          6358.71     -2.5460842E-006
          6370.00     -3.9853267E-056
