          3480.00      0.0000000E+000
          3491.29     -3.8289372E-004
          3502.58     -7.6807646E-004
          3513.87     -1.1553377E-003
          3525.16     -1.5444629E-003
          3536.45     -1.9352294E-003
          3547.73     -2.3273988E-003
          3559.02     -2.7207101E-003
          3570.31     -3.1148747E-003
          3581.60     -3.5095695E-003
          3592.89     -3.9044304E-003
          3604.18     -4.2990453E-003
          3615.47     -4.6929455E-003
          3626.76     -5.0856023E-003
          3638.05     -5.4757363E-003
          3649.34     -5.8623955E-003
          3660.62     -6.2454279E-003
          3671.91     -6.6245879E-003
          3683.20     -6.9995319E-003
          3694.49     -7.3698142E-003
          3705.78     -7.7348810E-003
          3717.07     -8.0940664E-003
          3728.36     -8.4465853E-003
          3739.65     -8.7915263E-003
          3750.94     -9.1278459E-003
          3762.23     -9.4543596E-003
          3773.52     -9.7697341E-003
          3784.80     -1.0070257E-002
          3796.09     -1.0353230E-002
          3807.38     -1.0618571E-002
          3818.67     -1.0865991E-002
          3829.96     -1.1094990E-002
          3841.25     -1.1304859E-002
          3852.54     -1.1494672E-002
          3863.83     -1.1663287E-002
          3875.12     -1.1809339E-002
          3886.41     -1.1931231E-002
          3897.70     -1.2027132E-002
          3908.98     -1.2094964E-002
          3920.27     -1.2133647E-002
          3931.56     -1.2143890E-002
          3942.85     -1.2125521E-002
          3954.14     -1.2076740E-002
          3965.43     -1.1995488E-002
          3976.72     -1.1879437E-002
          3988.01     -1.1725983E-002
          3999.30     -1.1532237E-002
          4010.59     -1.1295011E-002
          4021.88     -1.1010810E-002
          4033.16     -1.0675814E-002
          4044.45     -1.0285868E-002
          4055.74     -9.8364629E-003
          4067.03     -9.3227229E-003
          4078.32     -8.7620016E-003
          4089.61     -8.1712740E-003
          4100.90     -7.5446635E-003
          4112.19     -6.8760795E-003
          4123.48     -6.1591937E-003
          4134.77     -5.3874150E-003
          4146.05     -4.5538617E-003
          4157.34     -3.6513384E-003
          4168.63     -2.6723036E-003
          4179.92     -1.6088432E-003
          4191.21     -4.5264425E-004
          4202.50      8.0504115E-004
          4213.79      2.1734236E-003
          4225.08      3.6106594E-003
          4236.37      5.0761950E-003
          4247.66      6.5815883E-003
          4258.95      8.1385065E-003
          4270.23      9.7587691E-003
          4281.52      1.1454390E-002
          4292.81      1.3237633E-002
          4304.10      1.5121053E-002
          4315.39      1.7117542E-002
          4326.68      1.9240384E-002
          4337.97      2.1503286E-002
          4349.26      2.3920445E-002
          4360.55      2.6506589E-002
          4371.84      2.9216358E-002
          4383.12      3.2006151E-002
          4394.41      3.4893860E-002
          4405.70      3.7897567E-002
          4416.99      4.1035616E-002
          4428.28      4.4326663E-002
          4439.57      4.7789765E-002
          4450.86      5.1444431E-002
          4462.15      5.5310680E-002
          4473.44      5.9409125E-002
          4484.73      6.3761030E-002
          4496.02      6.8388375E-002
          4507.30      7.3313931E-002
          4518.59      7.8602595E-002
          4529.88      8.4321642E-002
          4541.17      9.0497786E-002
          4552.46      9.7156705E-002
          4563.75      1.0432560E-001
          4575.04      1.1203324E-001
          4586.33      1.2031005E-001
          4597.62      1.2918817E-001
          4608.91      1.3870154E-001
          4620.20      1.4888600E-001
          4631.48      1.5977938E-001
          4642.77      1.7142155E-001
          4654.06      1.8385458E-001
          4665.35      1.9779173E-001
          4676.64      2.1392726E-001
          4687.93      2.3228233E-001
          4699.22      2.5288581E-001
          4710.51      2.7577439E-001
          4721.80      3.0099248E-001
          4733.09      3.2859218E-001
          4744.38      3.5863343E-001
          4755.66      3.9118394E-001
          4766.95      4.2631935E-001
          4778.24      4.6412329E-001
          4789.53      5.0468740E-001
          4800.82      5.4811165E-001
          4812.11      5.9450439E-001
          4823.40      6.4675768E-001
          4834.69      7.0765386E-001
          4845.98      7.7716504E-001
          4857.27      8.5529239E-001
          4868.55      9.4206567E-001
          4879.84      1.0375425E+000
          4891.13      1.1418084E+000
          4902.42      1.2549764E+000
          4913.71      1.3771865E+000
          4925.00      1.5086061E+000
          4936.29      1.6494295E+000
          4947.58      1.7998780E+000
          4958.87      1.9602005E+000
          4970.16      2.1389415E+000
          4981.45      2.3442313E+000
          4992.73      2.5757803E+000
          5004.02      2.8333813E+000
          5015.31      3.1169086E+000
          5026.60      3.4263153E+000
          5037.89      3.7616314E+000
          5049.18      4.1229628E+000
          5060.47      4.5104887E+000
          5071.76      4.9244623E+000
          5083.05      5.3652089E+000
          5094.34      5.8331240E+000
          5105.62      6.3286750E+000
          5116.91      6.8697622E+000
          5128.20      7.4732289E+000
          5139.49      8.1381473E+000
          5150.78      8.8637651E+000
          5162.07      9.6495034E+000
          5173.36      1.0494949E+001
          5184.65      1.1399848E+001
          5195.94      1.2364105E+001
          5207.23      1.3387776E+001
          5218.52      1.4471066E+001
          5229.80      1.5614326E+001
          5241.09      1.6818046E+001
          5252.38      1.8082860E+001
          5263.67      1.9447499E+001
          5274.96      2.0947957E+001
          5286.25      2.2581144E+001
          5297.54      2.4344321E+001
          5308.83      2.6235080E+001
          5320.12      2.8251341E+001
          5331.41      3.0391321E+001
          5342.70      3.2653539E+001
          5353.98      3.5036796E+001
          5365.27      3.7540154E+001
          5376.56      4.0162944E+001
          5387.85      4.2904743E+001
          5399.14      4.5765369E+001
          5410.43      4.8822403E+001
          5421.72      5.2146608E+001
          5433.01      5.5728254E+001
          5444.30      5.9558236E+001
          5455.59      6.3628020E+001
          5466.88      6.7929626E+001
          5478.16      7.2455579E+001
          5489.45      7.7198879E+001
          5500.74      8.2152966E+001
          5512.03      8.7311677E+001
          5523.32      9.2669233E+001
          5534.61      9.8220203E+001
          5545.90      1.0395946E+002
          5557.19      1.0988216E+002
          5568.48      1.1610767E+002
          5579.77      1.2274055E+002
          5591.05      1.2975465E+002
          5602.34      1.3712457E+002
          5613.63      1.4482570E+002
          5624.92      1.5283405E+002
          5636.21      1.6112619E+002
          5647.50      1.6967915E+002
          5658.79      1.7847039E+002
          5670.08      1.8747766E+002
          5681.37      1.9667871E+002
          5692.66      2.0605132E+002
          5703.95      2.1557358E+002
          5715.23      2.2528198E+002
          5726.52      2.3520148E+002
          5737.81      2.4529350E+002
          5749.10      2.5551993E+002
          5760.39      2.6584302E+002
          5771.68      2.7622527E+002
          5782.97      2.8662936E+002
          5794.26      2.9701829E+002
          5805.55      3.0735504E+002
          5816.84      3.1760205E+002
          5828.12      3.2772116E+002
          5839.41      3.3767344E+002
          5850.70      3.4741910E+002
          5861.99      3.5690867E+002
          5873.28      3.6609756E+002
          5884.57      3.7495174E+002
          5895.86      3.8343587E+002
          5907.15      3.9151320E+002
          5918.44      3.9914541E+002
          5929.73      4.0629265E+002
          5941.02      4.1291356E+002
          5952.30      4.1896521E+002
          5963.59      4.2440299E+002
          5974.88      4.2918055E+002
          5986.17      4.3324971E+002
          5997.46      4.3656041E+002
          6008.75      4.3912380E+002
          6020.04      4.4096517E+002
          6031.33      4.4205272E+002
          6042.62      4.4235248E+002
          6053.91      4.4182820E+002
          6065.20      4.4044125E+002
          6076.48      4.3815058E+002
          6087.77      4.3491261E+002
          6099.06      4.3068105E+002
          6110.35      4.2540687E+002
          6121.64      4.1903823E+002
          6132.93      4.1152050E+002
          6144.22      4.0282854E+002
          6155.51      3.9309348E+002
          6166.80      3.8241936E+002
          6178.09      3.7075368E+002
          6189.38      3.5804121E+002
          6200.66      3.4422393E+002
          6211.95      3.2924099E+002
          6223.24      3.1302853E+002
          6234.53      2.9551970E+002
          6245.82      2.7664443E+002
          6257.11      2.5632936E+002
          6268.40      2.3449779E+002
          6279.69      2.1106942E+002
          6290.98      1.8664826E+002
          6302.27      1.6183787E+002
          6313.55      1.3655390E+002
          6324.84      1.1071104E+002
          6336.13      8.4222750E+001
          6347.42      5.7001203E+001
          6358.71      2.8957216E+001
          6370.00      9.1007950E-043
