          3480.00      0.0000000E+000
          3491.29     -2.7922521E-001
          3502.58     -2.9050969E-001
          3513.87     -3.0227089E-001
          3525.16     -3.1473752E-001
          3536.45     -3.2814805E-001
          3547.73     -3.4276498E-001
          3559.02     -3.5889037E-001
          3570.31     -3.7688483E-001
          3581.60     -3.9719224E-001
          3592.89     -4.2037407E-001
          3604.18     -4.4715900E-001
          3615.47     -4.7851689E-001
          3626.76     -5.1577410E-001
          3638.05     -5.5904639E-001
          3649.34     -6.0844267E-001
          3660.62     -6.6606807E-001
          3671.91     -7.3483846E-001
          3683.20     -8.1897646E-001
          3694.49     -9.2490281E-001
          3705.78     -1.0629509E+000
          3717.07     -1.2509615E+000
          3728.36     -1.5227014E+000
          3739.65     -1.9508553E+000
          3750.94     -2.7259648E+000
          3762.23     -4.5585264E+000
          3773.52     -1.4262805E+001
          3784.80     -9.9523860E+000
          3796.09     -3.2664797E+000
          3807.38     -1.8526797E+000
          3818.67     -1.2564871E+000
          3829.96     -9.3436573E-001
          3841.25     -7.3551013E-001
          3852.54     -6.0190767E-001
          3863.83     -5.0668440E-001
          3875.12     -4.3577465E-001
          3886.41     -3.8114676E-001
          3897.70     -3.3790333E-001
          3908.98     -3.0290083E-001
          3920.27     -2.7403624E-001
          3931.56     -2.4985364E-001
          3942.85     -2.2995974E-001
          3954.14     -2.1373045E-001
          3965.43     -2.0011450E-001
          3976.72     -1.8842496E-001
          3988.01     -1.7819680E-001
          3999.30     -1.6910604E-001
          4010.59     -1.6092146E-001
          4021.88     -1.5347455E-001
          4033.16     -1.4664011E-001
          4044.45     -1.4032349E-001
          4055.74     -1.3445186E-001
          4067.03     -1.2896824E-001
          4078.32     -1.2382729E-001
          4089.61     -1.1924767E-001
          4100.90     -1.1531904E-001
          4112.19     -1.1186203E-001
          4123.48     -1.0874909E-001
          4134.77     -1.0588869E-001
          4146.05     -1.0321489E-001
          4157.34     -1.0068029E-001
          4168.63     -9.8251007E-002
          4179.92     -9.5903111E-002
          4191.21     -9.3620011E-002
          4202.50     -9.1390484E-002
          4213.79     -8.9207221E-002
          4225.08     -8.7065724E-002
          4236.37     -8.4710166E-002
          4247.66     -8.1823878E-002
          4258.95     -7.8466966E-002
          4270.23     -7.4867183E-002
          4281.52     -7.1190450E-002
          4292.81     -6.7551095E-002
          4304.10     -6.4023419E-002
          4315.39     -6.0652224E-002
          4326.68     -5.7461426E-002
          4337.97     -5.4460691E-002
          4349.26     -5.1650282E-002
          4360.55     -4.9024534E-002
          4371.84     -4.6574260E-002
          4383.12     -4.4288387E-002
          4394.41     -4.0994321E-002
          4405.70     -3.6250526E-002
          4416.99     -3.0952286E-002
          4428.28     -2.5683536E-002
          4439.57     -2.0759756E-002
          4450.86     -1.6315577E-002
          4462.15     -1.2380917E-002
          4473.44     -8.9322741E-003
          4484.73     -5.9230354E-003
          4496.02     -3.2997753E-003
          4507.30     -1.0102977E-003
          4518.59      9.9285489E-004
          4529.88      2.7512687E-003
          4541.17      4.5465194E-003
          4552.46      6.4879463E-003
          4563.75      8.4161642E-003
          4575.04      1.0239773E-002
          4586.33      1.1914496E-002
          4597.62      1.3425361E-002
          4608.91      1.4774042E-002
          4620.20      1.5970764E-002
          4631.48      1.7029461E-002
          4642.77      1.7965053E-002
          4654.06      1.8792018E-002
          4665.35      1.9523706E-002
          4676.64      2.0172083E-002
          4687.93      2.0747693E-002
          4699.22      2.1323318E-002
          4710.51      2.1935385E-002
          4721.80      2.2549696E-002
          4733.09      2.3144096E-002
          4744.38      2.3705396E-002
          4755.66      2.4226679E-002
          4766.95      2.4705201E-002
          4778.24      2.5140868E-002
          4789.53      2.5535175E-002
          4800.82      2.5890507E-002
          4812.11      2.6209677E-002
          4823.40      2.6495637E-002
          4834.69      2.6751310E-002
          4845.98      2.7020925E-002
          4857.27      2.7328328E-002
          4868.55      2.7651232E-002
          4879.84      2.7973863E-002
          4891.13      2.8285704E-002
          4902.42      2.8580203E-002
          4913.71      2.8853655E-002
          4925.00      2.9104322E-002
          4936.29      2.9331772E-002
          4947.58      2.9536405E-002
          4958.87      2.9719129E-002
          4970.16      2.9881130E-002
          4981.45      3.0023731E-002
          4992.73      3.0147550E-002
          5004.02      3.0251468E-002
          5015.31      3.0335948E-002
          5026.60      3.0403484E-002
          5037.89      3.0456147E-002
          5049.18      3.0495673E-002
          5060.47      3.0523525E-002
          5071.76      3.0540945E-002
          5083.05      3.0548996E-002
          5094.34      3.0548587E-002
          5105.62      3.0540504E-002
          5116.91      3.0525429E-002
          5128.20      3.0503951E-002
          5139.49      3.0476588E-002
          5150.78      3.0480585E-002
          5162.07      3.0541211E-002
          5173.36      3.0642157E-002
          5184.65      3.0769443E-002
          5195.94      3.0911780E-002
          5207.23      3.1060483E-002
          5218.52      3.1209140E-002
          5229.80      3.1353208E-002
          5241.09      3.1489601E-002
          5252.38      3.1616336E-002
          5263.67      3.1732243E-002
          5274.96      3.1836732E-002
          5286.25      3.1929618E-002
          5297.54      3.2011517E-002
          5308.83      3.2083010E-002
          5320.12      3.2144208E-002
          5331.41      3.2195350E-002
          5342.70      3.2236753E-002
          5353.98      3.2268777E-002
          5365.27      3.2291801E-002
          5376.56      3.2306202E-002
          5387.85      3.2312349E-002
          5399.14      3.2310593E-002
          5410.43      3.2301259E-002
          5421.72      3.2284649E-002
          5433.01      3.2261035E-002
          5444.30      3.2230665E-002
          5455.59      3.2183680E-002
          5466.88      3.2112899E-002
          5478.16      3.2021849E-002
          5489.45      3.1913327E-002
          5500.74      3.1789592E-002
          5512.03      3.1652505E-002
          5523.32      3.1503621E-002
          5534.61      3.1344257E-002
          5545.90      3.1175544E-002
          5557.19      3.0998465E-002
          5568.48      3.0813878E-002
          5579.77      3.0622539E-002
          5591.05      3.0425114E-002
          5602.34      3.0211855E-002
          5613.63      2.9973764E-002
          5624.92      2.9712264E-002
          5636.21      2.9428439E-002
          5647.50      2.9123102E-002
          5658.79      2.8796849E-002
          5670.08      2.8450095E-002
          5681.37      2.8083093E-002
          5692.66      2.7695953E-002
          5703.95      2.7282030E-002
          5715.23      2.6834377E-002
          5726.52      2.6352306E-002
          5737.81      2.5842334E-002
          5749.10      2.5311110E-002
          5760.39      2.4757821E-002
          5771.68      2.4170808E-002
          5782.97      2.3537666E-002
          5794.26      2.2856006E-002
          5805.55      2.2122935E-002
          5816.84      2.1335003E-002
          5828.12      2.0505514E-002
          5839.41      1.9648821E-002
          5850.70      1.8762329E-002
          5861.99      1.7843062E-002
          5873.28      1.6887630E-002
          5884.57      1.5955947E-002
          5895.86      1.5109045E-002
          5907.15      1.4342304E-002
          5918.44      1.3648355E-002
          5929.73      1.3116483E-002
          5941.02      1.2816806E-002
          5952.30      1.2706085E-002
          5963.59      1.2738944E-002
          5974.88      1.3002905E-002
          5986.17      1.3532230E-002
          5997.46      1.4215226E-002
          6008.75      1.4963592E-002
          6020.04      1.5713917E-002
          6031.33      1.6530186E-002
          6042.62      1.7417005E-002
          6053.91      1.8274694E-002
          6065.20      1.9043190E-002
          6076.48      1.9701882E-002
          6087.77      2.0229914E-002
          6099.06      2.0601388E-002
          6110.35      2.0799344E-002
          6121.64      2.0808555E-002
          6132.93      2.0670264E-002
          6144.22      2.0440692E-002
          6155.51      2.0131763E-002
          6166.80      1.9756176E-002
          6178.09      1.9317942E-002
          6189.38      1.8819471E-002
          6200.66      1.8261567E-002
          6211.95      1.7644122E-002
          6223.24      1.6966086E-002
          6234.53      1.6225653E-002
          6245.82      1.5420382E-002
          6257.11      1.4547055E-002
          6268.40      1.3601638E-002
          6279.69      1.2570947E-002
          6290.98      1.1441260E-002
          6302.27      1.0206052E-002
          6313.55      8.8573269E-003
          6324.84      7.3854465E-003
          6336.13      5.7788791E-003
          6347.42      4.0238836E-003
          6358.71      2.1040992E-003
          6370.00      0.0000000E+000
