          3480.00     -2.3059593E-004
          3491.29     -2.3207940E-004
          3502.58     -2.3301671E-004
          3513.87     -2.3347025E-004
          3525.16     -2.3349808E-004
          3536.45     -2.3315432E-004
          3547.73     -2.3248946E-004
          3559.02     -2.3155069E-004
          3570.31     -2.3038222E-004
          3581.60     -2.2902553E-004
          3592.89     -2.2751965E-004
          3604.18     -2.2590137E-004
          3615.47     -2.2420553E-004
          3626.76     -2.2246515E-004
          3638.05     -2.2061883E-004
          3649.34     -2.1859199E-004
          3660.62     -2.1639513E-004
          3671.91     -2.1403678E-004
          3683.20     -2.1152355E-004
          3694.49     -2.0886023E-004
          3705.78     -2.0604988E-004
          3717.07     -2.0309382E-004
          3728.36     -1.9999176E-004
          3739.65     -1.9674179E-004
          3750.94     -1.9334040E-004
          3762.23     -1.8978258E-004
          3773.52     -1.8606174E-004
          3784.80     -1.8228487E-004
          3796.09     -1.7857043E-004
          3807.38     -1.7492749E-004
          3818.67     -1.7136464E-004
          3829.96     -1.6789007E-004
          3841.25     -1.6451156E-004
          3852.54     -1.6123661E-004
          3863.83     -1.5807245E-004
          3875.12     -1.5502611E-004
          3886.41     -1.5210445E-004
          3897.70     -1.4931424E-004
          3908.98     -1.4666214E-004
          3920.27     -1.4415483E-004
          3931.56     -1.4179895E-004
          3942.85     -1.3955429E-004
          3954.14     -1.3737725E-004
          3965.43     -1.3526927E-004
          3976.72     -1.3323158E-004
          3988.01     -1.3126521E-004
          3999.30     -1.2937098E-004
          4010.59     -1.2754954E-004
          4021.88     -1.2580138E-004
          4033.16     -1.2412683E-004
          4044.45     -1.2252610E-004
          4055.74     -1.2099925E-004
          4067.03     -1.1954621E-004
          4078.32     -1.1816682E-004
          4089.61     -1.1682945E-004
          4100.90     -1.1550086E-004
          4112.19     -1.1417815E-004
          4123.48     -1.1285805E-004
          4134.77     -1.1153697E-004
          4146.05     -1.1021100E-004
          4157.34     -1.0887586E-004
          4168.63     -1.0752695E-004
          4179.92     -1.0615930E-004
          4191.21     -1.0476756E-004
          4202.50     -1.0334605E-004
          4213.79     -1.0188865E-004
          4225.08     -1.0038888E-004
          4236.37     -9.8861001E-005
          4247.66     -9.7334829E-005
          4258.95     -9.5819608E-005
          4270.23     -9.4309368E-005
          4281.52     -9.2797926E-005
          4292.81     -9.1278866E-005
          4304.10     -8.9745525E-005
          4315.39     -8.8190985E-005
          4326.68     -8.6608047E-005
          4337.97     -8.4989225E-005
          4349.26     -8.3326721E-005
          4360.55     -8.1612411E-005
          4371.84     -7.9837825E-005
          4383.12     -7.7994127E-005
          4394.41     -7.6140516E-005
          4405.70     -7.4338264E-005
          4416.99     -7.2581363E-005
          4428.28     -7.0863812E-005
          4439.57     -6.9179587E-005
          4450.86     -6.7522635E-005
          4462.15     -6.5886864E-005
          4473.44     -6.4266115E-005
          4484.73     -6.2654161E-005
          4496.02     -6.1044684E-005
          4507.30     -5.9431262E-005
          4518.59     -5.7807361E-005
          4529.88     -5.6166310E-005
          4541.17     -5.4544164E-005
          4552.46     -5.2978395E-005
          4563.75     -5.1464390E-005
          4575.04     -4.9997609E-005
          4586.33     -4.8573566E-005
          4597.62     -4.7187823E-005
          4608.91     -4.5835981E-005
          4620.20     -4.4513664E-005
          4631.48     -4.3216512E-005
          4642.77     -4.1940171E-005
          4654.06     -4.0680284E-005
          4665.35     -3.9432477E-005
          4676.64     -3.8192355E-005
          4687.93     -3.6955487E-005
          4699.22     -3.5740317E-005
          4710.51     -3.4566071E-005
          4721.80     -3.3429508E-005
          4733.09     -3.2327450E-005
          4744.38     -3.1256767E-005
          4755.66     -3.0214374E-005
          4766.95     -2.9197224E-005
          4778.24     -2.8202297E-005
          4789.53     -2.7226603E-005
          4800.82     -2.6267164E-005
          4812.11     -2.5321013E-005
          4823.40     -2.4385191E-005
          4834.69     -2.3456735E-005
          4845.98     -2.2550808E-005
          4857.27     -2.1683285E-005
          4868.55     -2.0852319E-005
          4879.84     -2.0056137E-005
          4891.13     -1.9293029E-005
          4902.42     -1.8561352E-005
          4913.71     -1.7859524E-005
          4925.00     -1.7186015E-005
          4936.29     -1.6539352E-005
          4947.58     -1.5918112E-005
          4958.87     -1.5320916E-005
          4970.16     -1.4746434E-005
          4981.45     -1.4193373E-005
          4992.73     -1.3659969E-005
          5004.02     -1.3143101E-005
          5015.31     -1.2640126E-005
          5026.60     -1.2149780E-005
          5037.89     -1.1670815E-005
          5049.18     -1.1202001E-005
          5060.47     -1.0742123E-005
          5071.76     -1.0289974E-005
          5083.05     -9.8443608E-006
          5094.34     -9.4040935E-006
          5105.62     -8.9679879E-006
          5116.91     -8.5348623E-006
          5128.20     -8.1035347E-006
          5139.49     -7.6728211E-006
          5150.78     -7.2500964E-006
          5162.07     -6.8432248E-006
          5173.36     -6.4517789E-006
          5184.65     -6.0753630E-006
          5195.94     -5.7136106E-006
          5207.23     -5.3661854E-006
          5218.52     -5.0327798E-006
          5229.80     -4.7131148E-006
          5241.09     -4.4069400E-006
          5252.38     -4.1140318E-006
          5263.67     -3.8341941E-006
          5274.96     -3.5672583E-006
          5286.25     -3.3130819E-006
          5297.54     -3.0717770E-006
          5308.83     -2.8434961E-006
          5320.12     -2.6281966E-006
          5331.41     -2.4258637E-006
          5342.70     -2.2365089E-006
          5353.98     -2.0601709E-006
          5365.27     -1.8969159E-006
          5376.56     -1.7468367E-006
          5387.85     -1.6100536E-006
          5399.14     -1.4867147E-006
          5410.43     -1.3769954E-006
          5421.72     -1.2810995E-006
          5433.01     -1.1992589E-006
          5444.30     -1.1317340E-006
          5455.59     -1.0732468E-006
          5466.88     -1.0183047E-006
          5478.16     -9.6687339E-007
          5489.45     -9.1892513E-007
          5500.74     -8.7443876E-007
          5512.03     -8.3339972E-007
          5523.32     -7.9579979E-007
          5534.61     -7.6163722E-007
          5545.90     -7.3091676E-007
          5557.19     -7.0364947E-007
          5568.48     -6.7985285E-007
          5579.77     -6.5955091E-007
          5591.05     -6.4277410E-007
          5602.34     -6.2808970E-007
          5613.63     -6.1402603E-007
          5624.92     -6.0056050E-007
          5636.21     -5.8767126E-007
          5647.50     -5.7533708E-007
          5658.79     -5.6353740E-007
          5670.08     -5.5225227E-007
          5681.37     -5.4146272E-007
          5692.66     -5.3115073E-007
          5703.95     -5.2103841E-007
          5715.23     -5.1084201E-007
          5726.52     -5.0053477E-007
          5737.81     -4.9025648E-007
          5749.10     -4.8015093E-007
          5760.39     -4.7019713E-007
          5771.68     -4.6019036E-007
          5782.97     -4.4992117E-007
          5794.26     -4.3936068E-007
          5805.55     -4.2847900E-007
          5816.84     -4.1724549E-007
          5828.12     -4.0568746E-007
          5839.41     -3.9383582E-007
          5850.70     -3.8166413E-007
          5861.99     -3.6914521E-007
          5873.28     -3.5625117E-007
          5884.57     -3.4295102E-007
          5895.86     -3.2922765E-007
          5907.15     -3.1507265E-007
          5918.44     -3.0047681E-007
          5929.73     -2.8536887E-007
          5941.02     -2.6970382E-007
          5952.30     -2.5351032E-007
          5963.59     -2.3681574E-007
          5974.88     -2.1954733E-007
          5986.17     -2.0168873E-007
          5997.46     -1.8334943E-007
          6008.75     -1.6463696E-007
          6020.04     -1.4565703E-007
          6031.33     -1.2657735E-007
          6042.62     -1.0770241E-007
          6053.91     -8.9340800E-008
          6065.20     -7.1800029E-008
          6076.48     -5.5653545E-008
          6087.77     -4.1565469E-008
          6099.06     -2.9980101E-008
          6110.35     -2.1344291E-008
          6121.64     -1.6108159E-008
          6132.93     -1.3009322E-008
          6144.22     -1.0525103E-008
          6155.51     -8.4275256E-009
          6166.80     -6.4525837E-009
          6178.09     -4.6346314E-009
          6189.38     -3.0110642E-009
          6200.66     -1.5953441E-009
          6211.95     -4.0126244E-010
          6223.24      5.5973120E-010
          6234.53      1.2760548E-009
          6245.82      1.7331724E-009
          6257.11      1.9161418E-009
          6268.40      1.8095944E-009
          6279.69      1.5594225E-009
          6290.98      1.3218599E-009
          6302.27      1.0967343E-009
          6313.55      8.8389320E-010
          6324.84      6.8320440E-010
          6336.13      4.9455476E-010
          6347.42      3.1785052E-010
          6358.71      1.5301752E-010
          6370.00      0.0000000E+000
