          3480.00     -2.3059593E-004
          3491.29     -2.3021342E-004
          3502.58     -2.2846575E-004
          3513.87     -2.2560036E-004
          3525.16     -2.2183761E-004
          3536.45     -2.1737439E-004
          3547.73     -2.1238731E-004
          3559.02     -2.0703568E-004
          3570.31     -2.0146406E-004
          3581.60     -1.9580470E-004
          3592.89     -1.9017976E-004
          3604.18     -1.8470326E-004
          3615.47     -1.7948301E-004
          3626.76     -1.7462220E-004
          3638.05     -1.6993703E-004
          3649.34     -1.6519307E-004
          3660.62     -1.6040944E-004
          3671.91     -1.5559847E-004
          3683.20     -1.5076610E-004
          3694.49     -1.4591232E-004
          3705.78     -1.4103141E-004
          3717.07     -1.3611217E-004
          3728.36     -1.3113806E-004
          3739.65     -1.2608728E-004
          3750.94     -1.2093277E-004
          3762.23     -1.1564217E-004
          3773.52     -1.1017771E-004
          3784.80     -1.0470604E-004
          3796.09     -9.9425525E-005
          3807.38     -9.4340946E-005
          3818.67     -8.9456251E-005
          3829.96     -8.4774789E-005
          3841.25     -8.0299502E-005
          3852.54     -7.6033138E-005
          3863.83     -7.1978434E-005
          3875.12     -6.8138279E-005
          3886.41     -6.4515892E-005
          3897.70     -6.1114954E-005
          3908.98     -5.7939768E-005
          3920.27     -5.4995415E-005
          3931.56     -5.2287872E-005
          3942.85     -4.9767592E-005
          3954.14     -4.7378425E-005
          3965.43     -4.5117300E-005
          3976.72     -4.2981293E-005
          3988.01     -4.0967647E-005
          3999.30     -3.9073811E-005
          4010.59     -3.7297467E-005
          4021.88     -3.5636552E-005
          4033.16     -3.4089289E-005
          4044.45     -3.2654204E-005
          4055.74     -3.1330155E-005
          4067.03     -3.0116354E-005
          4078.32     -2.9012384E-005
          4089.61     -2.7990643E-005
          4100.90     -2.7021210E-005
          4112.19     -2.6100399E-005
          4123.48     -2.5224401E-005
          4134.77     -2.4389270E-005
          4146.05     -2.3590907E-005
          4157.34     -2.2825047E-005
          4168.63     -2.2087234E-005
          4179.92     -2.1372802E-005
          4191.21     -2.0676849E-005
          4202.50     -1.9994214E-005
          4213.79     -1.9319442E-005
          4225.08     -1.8646754E-005
          4236.37     -1.7984045E-005
          4247.66     -1.7349754E-005
          4258.95     -1.6749290E-005
          4270.23     -1.6178467E-005
          4281.52     -1.5633053E-005
          4292.81     -1.5108749E-005
          4304.10     -1.4601158E-005
          4315.39     -1.4105762E-005
          4326.68     -1.3617888E-005
          4337.97     -1.3132687E-005
          4349.26     -1.2645091E-005
          4360.55     -1.2149792E-005
          4371.84     -1.1641198E-005
          4383.12     -1.1113404E-005
          4394.41     -1.0591602E-005
          4405.70     -1.0102856E-005
          4416.99     -9.6438954E-006
          4428.28     -9.2115460E-006
          4439.57     -8.8027087E-006
          4450.86     -8.4143421E-006
          4462.15     -8.0434436E-006
          4473.44     -7.6870295E-006
          4484.73     -7.3421173E-006
          4496.02     -7.0057069E-006
          4507.30     -6.6747620E-006
          4518.59     -6.3461921E-006
          4529.88     -6.0168318E-006
          4541.17     -5.6973467E-006
          4552.46     -5.3992767E-006
          4563.75     -5.1207696E-006
          4575.04     -4.8600576E-006
          4586.33     -4.6154464E-006
          4597.62     -4.3853052E-006
          4608.91     -4.1680574E-006
          4620.20     -3.9621704E-006
          4631.48     -3.7661467E-006
          4642.77     -3.5785161E-006
          4654.06     -3.3978252E-006
          4665.35     -3.2226302E-006
          4676.64     -3.0514880E-006
          4687.93     -2.8829473E-006
          4699.22     -2.7207962E-006
          4710.51     -2.5691480E-006
          4721.80     -2.4270635E-006
          4733.09     -2.2936460E-006
          4744.38     -2.1680354E-006
          4755.66     -2.0494035E-006
          4766.95     -1.9369494E-006
          4778.24     -1.8298949E-006
          4789.53     -1.7274803E-006
          4800.82     -1.6289595E-006
          4812.11     -1.5335964E-006
          4823.40     -1.4406607E-006
          4834.69     -1.3494234E-006
          4845.98     -1.2620052E-006
          4857.27     -1.1807220E-006
          4868.55     -1.1051590E-006
          4879.84     -1.0349307E-006
          4891.13     -9.6967749E-007
          4902.42     -9.0906480E-007
          4913.71     -8.5278090E-007
          4925.00     -8.0053517E-007
          4936.29     -7.5205675E-007
          4947.58     -7.0709301E-007
          4958.87     -6.6540823E-007
          4970.16     -6.2678245E-007
          4981.45     -5.9101015E-007
          4992.73     -5.5783829E-007
          5004.02     -5.2686072E-007
          5015.31     -4.9773205E-007
          5026.60     -4.7027245E-007
          5037.89     -4.4430869E-007
          5049.18     -4.1967322E-007
          5060.47     -3.9620341E-007
          5071.76     -3.7374050E-007
          5083.05     -3.5212896E-007
          5094.34     -3.3121563E-007
          5105.62     -3.1084892E-007
          5116.91     -2.9087805E-007
          5128.20     -2.7115231E-007
          5139.49     -2.5152028E-007
          5150.78     -2.3250860E-007
          5162.07     -2.1469183E-007
          5173.36     -1.9799378E-007
          5184.65     -1.8234370E-007
          5195.94     -1.6767590E-007
          5207.23     -1.5392946E-007
          5218.52     -1.4104798E-007
          5229.80     -1.2897928E-007
          5241.09     -1.1767523E-007
          5252.38     -1.0709145E-007
          5263.67     -9.7187146E-008
          5274.96     -8.7924971E-008
          5286.25     -7.9270789E-008
          5297.54     -7.1204741E-008
          5308.83     -6.3710818E-008
          5320.12     -5.6765222E-008
          5331.41     -5.0347045E-008
          5342.70     -4.4438137E-008
          5353.98     -3.9023059E-008
          5365.27     -3.4089025E-008
          5376.56     -2.9625827E-008
          5387.85     -2.5625807E-008
          5399.14     -2.2083830E-008
          5410.43     -1.8997258E-008
          5421.72     -1.6365951E-008
          5433.01     -1.4192258E-008
          5444.30     -1.2481033E-008
          5455.59     -1.1061866E-008
          5466.88     -9.7560484E-009
          5478.16     -8.5583223E-009
          5489.45     -7.4639852E-009
          5500.74     -6.4688688E-009
          5512.03     -5.5693232E-009
          5523.32     -4.7621943E-009
          5534.61     -4.0448124E-009
          5545.90     -3.4149805E-009
          5557.19     -2.8709606E-009
          5568.48     -2.4114666E-009
          5579.77     -2.0356593E-009
          5591.05     -1.7431397E-009
          5602.34     -1.5032436E-009
          5613.63     -1.2845085E-009
          5624.92     -1.0857449E-009
          5636.21     -9.0586540E-010
          5647.50     -7.4387837E-010
          5658.79     -5.9888416E-010
          5670.08     -4.7007040E-010
          5681.37     -3.5671171E-010
          5692.66     -2.5816623E-010
          5703.95     -1.6992257E-010
          5715.23     -8.7452446E-011
          5726.52     -1.0170813E-011
          5737.81      6.0250174E-011
          5749.10      1.2206771E-010
          5760.39      1.7570340E-010
          5771.68      2.2383124E-010
          5782.97      2.6910940E-010
          5794.26      3.1188987E-010
          5805.55      3.5250940E-010
          5816.84      3.9129032E-010
          5828.12      4.2765971E-010
          5839.41      4.6103808E-010
          5850.70      4.9171456E-010
          5861.99      5.1996103E-010
          5873.28      5.4603334E-010
          5884.57      5.6900590E-010
          5895.86      5.8800276E-010
          5907.15      6.0332558E-010
          5918.44      6.1525371E-010
          5929.73      6.2277315E-010
          5941.02      6.2499338E-010
          5952.30      6.2233978E-010
          5963.59      6.1520863E-010
          5974.88      6.0229799E-010
          5986.17      5.8261229E-010
          5997.46      5.5695641E-010
          6008.75      5.2609761E-010
          6020.04      4.9076948E-010
          6031.33      4.5003322E-010
          6042.62      4.0377044E-010
          6053.91      3.5389472E-010
          6065.20      3.0229012E-010
          6076.48      2.5111789E-010
          6087.77      2.0309640E-010
          6099.06      1.6093201E-010
          6110.35      1.2734676E-010
          6121.64      1.0509052E-010
          6132.93      9.0498424E-011
          6144.22      7.8287651E-011
          6155.51      6.7640444E-011
          6166.80      5.7518506E-011
          6178.09      4.8043293E-011
          6189.38      3.9356202E-011
          6200.66      3.1513552E-011
          6211.95      2.4575192E-011
          6223.24      1.8594641E-011
          6234.53      1.3628053E-011
          6245.82      9.7452763E-012
          6257.11      7.0207288E-012
          6268.40      5.5337069E-012
          6279.69      4.7204013E-012
          6290.98      3.9602587E-012
          6302.27      3.2514492E-012
          6313.55      2.5923529E-012
          6324.84      1.9815562E-012
          6336.13      1.4178442E-012
          6347.42      9.0019870E-013
          6358.71      4.2779566E-013
          6370.00      0.0000000E+000
