          3480.00      2.1750115E-030
          3491.29     -1.7473711E-006
          3502.58     -1.4417432E-006
          3513.87      8.5424174E-007
          3525.16      5.0830051E-006
          3536.45      1.1191815E-005
          3547.73      1.9132573E-005
          3559.02      2.8861579E-005
          3570.31      4.0339388E-005
          3581.60      5.3530598E-005
          3592.89      6.8403695E-005
          3604.18      8.4930971E-005
          3615.47      1.0308843E-004
          3626.76      1.2285570E-004
          3638.05      1.4446307E-004
          3649.34      1.6814151E-004
          3660.62      1.9387757E-004
          3671.91      2.2166187E-004
          3683.20      2.5148905E-004
          3694.49      2.8335771E-004
          3705.78      3.1727011E-004
          3717.07      3.5323235E-004
          3728.36      3.9125414E-004
          3739.65      4.3134862E-004
          3750.94      4.7353254E-004
          3762.23      5.1782600E-004
          3773.52      5.6425248E-004
          3784.80      6.1195122E-004
          3796.09      6.6007833E-004
          3807.38      7.0868492E-004
          3818.67      7.5782164E-004
          3829.96      8.0753863E-004
          3841.25      8.5788585E-004
          3852.54      9.0891293E-004
          3863.83      9.6066930E-004
          3875.12      1.0132043E-003
          3886.41      1.0665668E-003
          3897.70      1.1208061E-003
          3908.98      1.1759713E-003
          3920.27      1.2321111E-003
          3931.56      1.2892749E-003
          3942.85      1.3479932E-003
          3954.14      1.4087851E-003
          3965.43      1.4716831E-003
          3976.72      1.5367220E-003
          3988.01      1.6039384E-003
          3999.30      1.6733711E-003
          4010.59      1.7450606E-003
          4021.88      1.8190493E-003
          4033.16      1.8953819E-003
          4044.45      1.9741046E-003
          4055.74      2.0552658E-003
          4067.03      2.1389156E-003
          4078.32      2.2251060E-003
          4089.61      2.3144661E-003
          4100.90      2.4076113E-003
          4112.19      2.5045785E-003
          4123.48      2.6054081E-003
          4134.77      2.7101447E-003
          4146.05      2.8188365E-003
          4157.34      2.9315353E-003
          4168.63      3.0482969E-003
          4179.92      3.1691808E-003
          4191.21      3.2942496E-003
          4202.50      3.4235702E-003
          4213.79      3.5572126E-003
          4225.08      3.6952506E-003
          4236.37      3.8366551E-003
          4247.66      3.9795681E-003
          4258.95      4.1232746E-003
          4270.23      4.2679276E-003
          4281.52      4.4136774E-003
          4292.81      4.5606719E-003
          4304.10      4.7090566E-003
          4315.39      4.8589749E-003
          4326.68      5.0105682E-003
          4337.97      5.1639757E-003
          4349.26      5.3193352E-003
          4360.55      5.4767830E-003
          4371.84      5.6364530E-003
          4383.12      5.7984784E-003
          4394.41      5.9462693E-003
          4405.70      6.0637212E-003
          4416.99      6.1516559E-003
          4428.28      6.2108447E-003
          4439.57      6.2420100E-003
          4450.86      6.2458269E-003
          4462.15      6.2229248E-003
          4473.44      6.1738891E-003
          4484.73      6.0992618E-003
          4496.02      5.9995438E-003
          4507.30      5.8751950E-003
          4518.59      5.7266370E-003
          4529.88      5.5542524E-003
          4541.17      5.3298504E-003
          4552.46      5.0263375E-003
          4563.75      4.6456266E-003
          4575.04      4.1895174E-003
          4586.33      3.6597008E-003
          4597.62      3.0577619E-003
          4608.91      2.3851857E-003
          4620.20      1.6433573E-003
          4631.48      8.3356680E-004
          4642.77     -4.2985634E-005
          4654.06     -9.8519062E-004
          4665.35     -1.9920242E-003
          4676.64     -3.0625456E-003
          4687.93     -4.1958962E-003
          4699.22     -5.4300286E-003
          4710.51     -6.8009696E-003
          4721.80     -8.3051581E-003
          4733.09     -9.9391989E-003
          4744.38     -1.1699864E-002
          4755.66     -1.3584081E-002
          4766.95     -1.5588929E-002
          4778.24     -1.7711630E-002
          4789.53     -1.9949542E-002
          4800.82     -2.2300162E-002
          4812.11     -2.4761111E-002
          4823.40     -2.7330129E-002
          4834.69     -3.0005078E-002
          4845.98     -3.2855380E-002
          4857.27     -3.5945937E-002
          4868.55     -3.9268135E-002
          4879.84     -4.2813616E-002
          4891.13     -4.6574287E-002
          4902.42     -5.0542293E-002
          4913.71     -5.4709995E-002
          4925.00     -5.9069979E-002
          4936.29     -6.3615029E-002
          4947.58     -6.8338116E-002
          4958.87     -7.3232394E-002
          4970.16     -7.8291170E-002
          4981.45     -8.3507918E-002
          4992.73     -8.8873290E-002
          5004.02     -9.4369940E-002
          5015.31     -9.9984516E-002
          5026.60     -1.0571252E-001
          5037.89     -1.1154952E-001
          5049.18     -1.1749118E-001
          5060.47     -1.2353320E-001
          5071.76     -1.2967136E-001
          5083.05     -1.3590148E-001
          5094.34     -1.4221941E-001
          5105.62     -1.4862107E-001
          5116.91     -1.5510237E-001
          5128.20     -1.6165928E-001
          5139.49     -1.6828776E-001
          5150.78     -1.7515600E-001
          5162.07     -1.8241585E-001
          5173.36     -1.9003905E-001
          5184.65     -1.9799763E-001
          5195.94     -2.0626396E-001
          5207.23     -2.1481068E-001
          5218.52     -2.2361064E-001
          5229.80     -2.3263694E-001
          5241.09     -2.4186278E-001
          5252.38     -2.5126155E-001
          5263.67     -2.6080675E-001
          5274.96     -2.7047190E-001
          5286.25     -2.8023063E-001
          5297.54     -2.9006003E-001
          5308.83     -2.9993645E-001
          5320.12     -3.0983241E-001
          5331.41     -3.1972031E-001
          5342.70     -3.2957250E-001
          5353.98     -3.3936119E-001
          5365.27     -3.4905843E-001
          5376.56     -3.5863609E-001
          5387.85     -3.6806583E-001
          5399.14     -3.7731909E-001
          5410.43     -3.8636702E-001
          5421.72     -3.9518047E-001
          5433.01     -4.0372998E-001
          5444.30     -4.1198575E-001
          5455.59     -4.1992346E-001
          5466.88     -4.2753771E-001
          5478.16     -4.3482644E-001
          5489.45     -4.4178716E-001
          5500.74     -4.4841694E-001
          5512.03     -4.5471244E-001
          5523.32     -4.6066989E-001
          5534.61     -4.6628510E-001
          5545.90     -4.7155344E-001
          5557.19     -4.7646984E-001
          5568.48     -4.8102882E-001
          5579.77     -4.8522443E-001
          5591.05     -4.8905026E-001
          5602.34     -4.9248822E-001
          5613.63     -4.9552561E-001
          5624.92     -4.9816338E-001
          5636.21     -5.0040202E-001
          5647.50     -5.0224156E-001
          5658.79     -5.0368160E-001
          5670.08     -5.0472128E-001
          5681.37     -5.0535918E-001
          5692.66     -5.0559335E-001
          5703.95     -5.0540594E-001
          5715.23     -5.0478002E-001
          5726.52     -5.0371448E-001
          5737.81     -5.0222612E-001
          5749.10     -5.0033022E-001
          5760.39     -4.9802281E-001
          5771.68     -4.9527501E-001
          5782.97     -4.9205900E-001
          5794.26     -4.8837190E-001
          5805.55     -4.8421040E-001
          5816.84     -4.7957078E-001
          5828.12     -4.7448360E-001
          5839.41     -4.6897729E-001
          5850.70     -4.6304418E-001
          5861.99     -4.5667624E-001
          5873.28     -4.4986506E-001
          5884.57     -4.4270923E-001
          5895.86     -4.3530042E-001
          5907.15     -4.2761938E-001
          5918.44     -4.1964668E-001
          5929.73     -4.1152513E-001
          5941.02     -4.0338484E-001
          5952.30     -3.9518735E-001
          5963.59     -3.8689439E-001
          5974.88     -3.7873192E-001
          5986.17     -3.7089916E-001
          5997.46     -3.6331845E-001
          6008.75     -3.5591292E-001
          6020.04     -3.4860645E-001
          6031.33     -3.4172979E-001
          6042.62     -3.3554866E-001
          6053.91     -3.2989109E-001
          6065.20     -3.2458643E-001
          6076.48     -3.1960843E-001
          6087.77     -3.1488829E-001
          6099.06     -3.1019327E-001
          6110.35     -3.0529149E-001
          6121.64     -2.9995169E-001
          6132.93     -2.9398481E-001
          6144.22     -2.8733288E-001
          6155.51     -2.7998759E-001
          6166.80     -2.7195872E-001
          6178.09     -2.6323699E-001
          6189.38     -2.5381120E-001
          6200.66     -2.4367065E-001
          6211.95     -2.3280414E-001
          6223.24     -2.2120012E-001
          6234.53     -2.0884671E-001
          6245.82     -1.9573120E-001
          6257.11     -1.8184034E-001
          6268.40     -1.6716037E-001
          6279.69     -1.5170217E-001
          6290.98     -1.3548210E-001
          6302.27     -1.1849370E-001
          6313.55     -1.0072998E-001
          6324.84     -8.2183464E-002
          6336.13     -6.2846066E-002
          6347.42     -4.2709179E-002
          6358.71     -2.1763714E-002
          6370.00     -1.3811007E-034
