          3480.00      7.5350515E-028
          3491.29      2.7259256E-007
          3502.58      5.9152547E-007
          3513.87      9.5426931E-007
          3525.16      1.3586072E-006
          3536.45      1.8026109E-006
          3547.73      2.2846164E-006
          3559.02      2.8032008E-006
          3570.31      3.3571648E-006
          3581.60      3.9455126E-006
          3592.89      4.5674355E-006
          3604.18      5.2222968E-006
          3615.47      5.9096167E-006
          3626.76      6.6290638E-006
          3638.05      7.3887105E-006
          3649.34      8.1972028E-006
          3660.62      9.0553423E-006
          3671.91      9.9641450E-006
          3683.20      1.0924836E-005
          3694.49      1.1938847E-005
          3705.78      1.3007805E-005
          3717.07      1.4133541E-005
          3728.36      1.5318080E-005
          3739.65      1.6563638E-005
          3750.94      1.7872627E-005
          3762.23      1.9247654E-005
          3773.52      2.0691521E-005
          3784.80      2.2175652E-005
          3796.09      2.3672005E-005
          3807.38      2.5184188E-005
          3818.67      2.6715632E-005
          3829.96      2.8269599E-005
          3841.25      2.9849190E-005
          3852.54      3.1457358E-005
          3863.83      3.3096907E-005
          3875.12      3.4770501E-005
          3886.41      3.6480661E-005
          3897.70      3.8229779E-005
          3908.98      4.0020111E-005
          3920.27      4.1853777E-005
          3931.56      4.3732765E-005
          3942.85      4.5684673E-005
          3954.14      4.7735959E-005
          3965.43      4.9886910E-005
          3976.72      5.2137944E-005
          3988.01      5.4489597E-005
          3999.30      5.6942504E-005
          4010.59      5.9497379E-005
          4021.88      6.2155011E-005
          4033.16      6.4916235E-005
          4044.45      6.7781925E-005
          4055.74      7.0752976E-005
          4067.03      7.3830279E-005
          4078.32      7.7014718E-005
          4089.61      8.0359401E-005
          4100.90      8.3915283E-005
          4112.19      8.7680363E-005
          4123.48      9.1653082E-005
          4134.77      9.5832280E-005
          4146.05      1.0021717E-004
          4157.34      1.0480727E-004
          4168.63      1.0960241E-004
          4179.92      1.1460267E-004
          4191.21      1.1980835E-004
          4202.50      1.2521994E-004
          4213.79      1.3083808E-004
          4225.08      1.3666354E-004
          4236.37      1.4253817E-004
          4247.66      1.4818401E-004
          4258.95      1.5348919E-004
          4270.23      1.5846807E-004
          4281.52      1.6313233E-004
          4292.81      1.6749104E-004
          4304.10      1.7155074E-004
          4315.39      1.7531544E-004
          4326.68      1.7878664E-004
          4337.97      1.8196337E-004
          4349.26      1.8484218E-004
          4360.55      1.8741715E-004
          4371.84      1.8967979E-004
          4383.12      1.9161911E-004
          4394.41      1.8976780E-004
          4405.70      1.8082159E-004
          4416.99      1.6498695E-004
          4428.28      1.4243780E-004
          4439.57      1.1331669E-004
          4450.86      7.7735924E-005
          4462.15      3.5778681E-005
          4473.44     -1.2500327E-005
          4484.73     -6.7073956E-005
          4496.02     -1.2794200E-004
          4507.30     -1.9513072E-004
          4518.59     -2.6869208E-004
          4529.88     -3.4870380E-004
          4541.17     -4.4277722E-004
          4552.46     -5.5804985E-004
          4563.75     -6.9397361E-004
          4575.04     -8.5008484E-004
          4586.33     -1.0260009E-003
          4597.62     -1.2214169E-003
          4608.91     -1.4361028E-003
          4620.20     -1.6699009E-003
          4631.48     -1.9227239E-003
          4642.77     -2.1945516E-003
          4654.06     -2.4854304E-003
          4665.35     -2.7954713E-003
          4676.64     -3.1248478E-003
          4687.93     -3.4737959E-003
          4699.22     -3.8563770E-003
          4710.51     -4.2856247E-003
          4721.80     -4.7604014E-003
          4733.09     -5.2797272E-003
          4744.38     -5.8427755E-003
          4755.66     -6.4488640E-003
          4766.95     -7.0974491E-003
          4778.24     -7.7881208E-003
          4789.53     -8.5205945E-003
          4800.82     -9.2947104E-003
          4812.11     -1.0110427E-002
          4823.40     -1.0967813E-002
          4834.69     -1.1867053E-002
          4845.98     -1.2842432E-002
          4857.27     -1.3925335E-002
          4868.55     -1.5111923E-002
          4879.84     -1.6398685E-002
          4891.13     -1.7782422E-002
          4902.42     -1.9260219E-002
          4913.71     -2.0829432E-002
          4925.00     -2.2487670E-002
          4936.29     -2.4232781E-002
          4947.58     -2.6062831E-002
          4958.87     -2.7976096E-002
          4970.16     -2.9971039E-002
          4981.45     -3.2046307E-002
          4992.73     -3.4198836E-002
          5004.02     -3.6420433E-002
          5015.31     -3.8705610E-002
          5026.60     -4.1054752E-002
          5037.89     -4.3468315E-002
          5049.18     -4.5946831E-002
          5060.47     -4.8490887E-002
          5071.76     -5.1101136E-002
          5083.05     -5.3778283E-002
          5094.34     -5.6523073E-002
          5105.62     -5.9336301E-002
          5116.91     -6.2218792E-002
          5128.20     -6.5171406E-002
          5139.49     -6.8195027E-002
          5150.78     -7.1464193E-002
          5162.07     -7.5138332E-002
          5173.36     -7.9196499E-002
          5184.65     -8.3618776E-002
          5195.94     -8.8386210E-002
          5207.23     -9.3480710E-002
          5218.52     -9.8884979E-002
          5229.80     -1.0458244E-001
          5241.09     -1.1055713E-001
          5252.38     -1.1679369E-001
          5263.67     -1.2327725E-001
          5274.96     -1.2999334E-001
          5286.25     -1.3692791E-001
          5297.54     -1.4407298E-001
          5308.83     -1.5142005E-001
          5320.12     -1.5895463E-001
          5331.41     -1.6666234E-001
          5342.70     -1.7452892E-001
          5353.98     -1.8254013E-001
          5365.27     -1.9068168E-001
          5376.56     -1.9893919E-001
          5387.85     -2.0729811E-001
          5399.14     -2.1574367E-001
          5410.43     -2.2426082E-001
          5421.72     -2.3283415E-001
          5433.01     -2.4144785E-001
          5444.30     -2.5008566E-001
          5455.59     -2.5857492E-001
          5466.88     -2.6676711E-001
          5478.16     -2.7468055E-001
          5489.45     -2.8233209E-001
          5500.74     -2.8973717E-001
          5512.03     -2.9690977E-001
          5523.32     -3.0386258E-001
          5534.61     -3.1060693E-001
          5545.90     -3.1715285E-001
          5557.19     -3.2350912E-001
          5568.48     -3.2968328E-001
          5579.77     -3.3568159E-001
          5591.05     -3.4150909E-001
          5602.34     -3.4700135E-001
          5613.63     -3.5200225E-001
          5624.92     -3.5652680E-001
          5636.21     -3.6058795E-001
          5647.50     -3.6419665E-001
          5658.79     -3.6736189E-001
          5670.08     -3.7009071E-001
          5681.37     -3.7238815E-001
          5692.66     -3.7425726E-001
          5703.95     -3.7560822E-001
          5715.23     -3.7635247E-001
          5726.52     -3.7649193E-001
          5737.81     -3.7611867E-001
          5749.10     -3.7531962E-001
          5760.39     -3.7408612E-001
          5771.68     -3.7228769E-001
          5782.97     -3.6979656E-001
          5794.26     -3.6660509E-001
          5805.55     -3.6270331E-001
          5816.84     -3.5807886E-001
          5828.12     -3.5285930E-001
          5839.41     -3.4716357E-001
          5850.70     -3.4096334E-001
          5861.99     -3.3422859E-001
          5873.28     -3.2692754E-001
          5884.57     -3.1943000E-001
          5895.86     -3.1207733E-001
          5907.15     -3.0479391E-001
          5918.44     -2.9750413E-001
          5929.73     -2.9071850E-001
          5941.02     -2.8489326E-001
          5952.30     -2.7987366E-001
          5963.59     -2.7550757E-001
          5974.88     -2.7255858E-001
          5986.17     -2.7167121E-001
          5997.46     -2.7252186E-001
          6008.75     -2.7479353E-001
          6020.04     -2.7817510E-001
          6031.33     -2.8361602E-001
          6042.62     -2.9176489E-001
          6053.91     -3.0187083E-001
          6065.20     -3.1319153E-001
          6076.48     -3.2528146E-001
          6087.77     -3.3749448E-001
          6099.06     -3.4879546E-001
          6110.35     -3.5815042E-001
          6121.64     -3.6452400E-001
          6132.93     -3.6808548E-001
          6144.22     -3.6961456E-001
          6155.51     -3.6921980E-001
          6166.80     -3.6709148E-001
          6178.09     -3.6321820E-001
          6189.38     -3.5757743E-001
          6200.66     -3.5014553E-001
          6211.95     -3.4089436E-001
          6223.24     -3.2979123E-001
          6234.53     -3.1679951E-001
          6245.82     -3.0187823E-001
          6257.11     -2.8498178E-001
          6268.40     -2.6605991E-001
          6279.69     -2.4507604E-001
          6290.98     -2.2201681E-001
          6302.27     -1.9685972E-001
          6313.55     -1.6957743E-001
          6324.84     -1.4013794E-001
          6336.13     -1.0850442E-001
          6347.42     -7.4635262E-002
          6358.71     -3.8484177E-002
          6370.00     -3.8220466E-045
