          3480.00     -1.4546910E-034
          3491.29     -4.4517766E-010
          3502.58     -7.2940912E-010
          3513.87     -8.5615860E-010
          3525.16     -8.2861954E-010
          3536.45     -6.4972513E-010
          3547.73     -3.2215664E-010
          3559.02      1.5164624E-010
          3570.31      7.6947883E-010
          3581.60      1.5293625E-009
          3592.89      2.4295376E-009
          3604.18      3.4684639E-009
          3615.47      4.6448211E-009
          3626.76      5.9575028E-009
          3638.05      7.4204874E-009
          3649.34      9.0475921E-009
          3660.62      1.0837795E-008
          3671.91      1.2790298E-008
          3683.20      1.4904525E-008
          3694.49      1.7180112E-008
          3705.78      1.9616903E-008
          3717.07      2.2214948E-008
          3728.36      2.4974501E-008
          3739.65      2.7896001E-008
          3750.94      3.0980089E-008
          3762.23      3.4227591E-008
          3773.52      3.7639516E-008
          3784.80      4.1162729E-008
          3796.09      4.4745192E-008
          3807.38      4.8389733E-008
          3818.67      5.2099201E-008
          3829.96      5.5876458E-008
          3841.25      5.9724406E-008
          3852.54      6.3645968E-008
          3863.83      6.7644098E-008
          3875.12      7.1721786E-008
          3886.41      7.5882042E-008
          3897.70      8.0127923E-008
          3908.98      8.4462521E-008
          3920.27      8.8888957E-008
          3931.56      9.3410399E-008
          3942.85      9.8057857E-008
          3954.14      1.0286176E-007
          3965.43      1.0782452E-007
          3976.72      1.1294864E-007
          3988.01      1.1823679E-007
          3999.30      1.2369170E-007
          4010.59      1.2931625E-007
          4021.88      1.3511341E-007
          4033.16      1.4108630E-007
          4044.45      1.4723812E-007
          4055.74      1.5357221E-007
          4067.03      1.6009200E-007
          4078.32      1.6680104E-007
          4089.61      1.7373264E-007
          4100.90      1.8091948E-007
          4112.19      1.8836451E-007
          4123.48      1.9607086E-007
          4134.77      2.0404183E-007
          4146.05      2.1228094E-007
          4157.34      2.2079183E-007
          4168.63      2.2957837E-007
          4179.92      2.3864462E-007
          4191.21      2.4799477E-007
          4202.50      2.5763322E-007
          4213.79      2.6756456E-007
          4225.08      2.7779354E-007
          4236.37      2.8827482E-007
          4247.66      2.9892550E-007
          4258.95      3.0971446E-007
          4270.23      3.2064982E-007
          4281.52      3.3173969E-007
          4292.81      3.4299220E-007
          4304.10      3.5441544E-007
          4315.39      3.6601754E-007
          4326.68      3.7780662E-007
          4337.97      3.8979082E-007
          4349.26      4.0197829E-007
          4360.55      4.1437723E-007
          4371.84      4.2699582E-007
          4383.12      4.3984231E-007
          4394.41      4.5223485E-007
          4405.70      4.6350890E-007
          4416.99      4.7369773E-007
          4428.28      4.8283321E-007
          4439.57      4.9094596E-007
          4450.86      4.9806535E-007
          4462.15      5.0421951E-007
          4473.44      5.0943543E-007
          4484.73      5.1373896E-007
          4496.02      5.1715488E-007
          4507.30      5.1970689E-007
          4518.59      5.2141766E-007
          4529.88      5.2230888E-007
          4541.17      5.2128475E-007
          4552.46      5.1728586E-007
          4563.75      5.1038552E-007
          4575.04      5.0065406E-007
          4586.33      4.8815897E-007
          4597.62      4.7296495E-007
          4608.91      4.5513404E-007
          4620.20      4.3472570E-007
          4631.48      4.1179685E-007
          4642.77      3.8640207E-007
          4654.06      3.5859355E-007
          4665.35      3.2842123E-007
          4676.64      2.9593287E-007
          4687.93      2.6117411E-007
          4699.22      2.2277064E-007
          4710.51      1.7940877E-007
          4721.80      1.3122025E-007
          4733.09      7.8332635E-008
          4744.38      2.0869241E-008
          4755.66     -4.1050571E-008
          4766.95     -1.0731126E-007
          4778.24     -1.7780102E-007
          4789.53     -2.5241138E-007
          4800.82     -3.3103745E-007
          4812.11     -4.1357761E-007
          4823.40     -4.9993312E-007
          4834.69     -5.9000845E-007
          4845.98     -6.8614839E-007
          4857.27     -7.9056156E-007
          4868.55     -9.0295536E-007
          4879.84     -1.0230433E-006
          4891.13     -1.1505454E-006
          4902.42     -1.2851874E-006
          4913.71     -1.4267003E-006
          4925.00     -1.5748206E-006
          4936.29     -1.7292897E-006
          4947.58     -1.8898535E-006
          4958.87     -2.0562626E-006
          4970.16     -2.2282713E-006
          4981.45     -2.4056380E-006
          4992.73     -2.5880302E-006
          5004.02     -2.7748609E-006
          5015.31     -2.9656674E-006
          5026.60     -3.1602652E-006
          5037.89     -3.3584722E-006
          5049.18     -3.5601082E-006
          5060.47     -3.7649945E-006
          5071.76     -3.9729543E-006
          5083.05     -4.1838124E-006
          5094.34     -4.3973942E-006
          5105.62     -4.6135267E-006
          5116.91     -4.8320378E-006
          5128.20     -5.0527559E-006
          5139.49     -5.2755106E-006
          5150.78     -5.5047800E-006
          5162.07     -5.7445803E-006
          5173.36     -5.9940521E-006
          5184.65     -6.2523420E-006
          5195.94     -6.5186028E-006
          5207.23     -6.7919921E-006
          5218.52     -7.0716721E-006
          5229.80     -7.3568087E-006
          5241.09     -7.6465702E-006
          5252.38     -7.9401281E-006
          5263.67     -8.2366558E-006
          5274.96     -8.5353269E-006
          5286.25     -8.8353165E-006
          5297.54     -9.1358720E-006
          5308.83     -9.4362207E-006
          5320.12     -9.7355064E-006
          5331.41     -1.0032870E-005
          5342.70     -1.0327452E-005
          5353.98     -1.0618390E-005
          5365.27     -1.0904815E-005
          5376.56     -1.1185858E-005
          5387.85     -1.1460644E-005
          5399.14     -1.1728292E-005
          5410.43     -1.1987916E-005
          5421.72     -1.2238625E-005
          5433.01     -1.2479519E-005
          5444.30     -1.2709694E-005
          5455.59     -1.2929608E-005
          5466.88     -1.3140239E-005
          5478.16     -1.3341445E-005
          5489.45     -1.3533074E-005
          5500.74     -1.3714970E-005
          5512.03     -1.3886966E-005
          5523.32     -1.4048889E-005
          5534.61     -1.4200559E-005
          5545.90     -1.4341786E-005
          5557.19     -1.4472376E-005
          5568.48     -1.4592125E-005
          5579.77     -1.4700818E-005
          5591.05     -1.4798235E-005
          5602.34     -1.4884632E-005
          5613.63     -1.4960413E-005
          5624.92     -1.5025566E-005
          5636.21     -1.5080072E-005
          5647.50     -1.5123905E-005
          5658.79     -1.5157031E-005
          5670.08     -1.5179409E-005
          5681.37     -1.5190988E-005
          5692.66     -1.5191705E-005
          5703.95     -1.5181350E-005
          5715.23     -1.5159747E-005
          5726.52     -1.5126865E-005
          5737.81     -1.5082921E-005
          5749.10     -1.5028095E-005
          5760.39     -1.4962300E-005
          5771.68     -1.4885082E-005
          5782.97     -1.4796021E-005
          5794.26     -1.4695069E-005
          5805.55     -1.4582170E-005
          5816.84     -1.4457266E-005
          5828.12     -1.4320962E-005
          5839.41     -1.4173819E-005
          5850.70     -1.4015692E-005
          5861.99     -1.3846430E-005
          5873.28     -1.3665876E-005
          5884.57     -1.3476139E-005
          5895.86     -1.3279166E-005
          5907.15     -1.3074552E-005
          5918.44     -1.2861889E-005
          5929.73     -1.2644260E-005
          5941.02     -1.2424452E-005
          5952.30     -1.2201616E-005
          5963.59     -1.1974908E-005
          5974.88     -1.1749155E-005
          5986.17     -1.1528567E-005
          5997.46     -1.1311388E-005
          6008.75     -1.1095877E-005
          6020.04     -1.0880310E-005
          6031.33     -1.0671428E-005
          6042.62     -1.0474481E-005
          6053.91     -1.0285549E-005
          6065.20     -1.0100733E-005
          6076.48     -9.9188751E-006
          6087.77     -9.7378469E-006
          6099.06     -9.5523294E-006
          6110.35     -9.3570204E-006
          6121.64     -9.1466318E-006
          6132.93     -8.9186455E-006
          6144.22     -8.6732711E-006
          6155.51     -8.4106663E-006
          6166.80     -8.1313186E-006
          6178.09     -7.8349461E-006
          6189.38     -7.5212263E-006
          6200.66     -7.1898953E-006
          6211.95     -6.8406806E-006
          6223.24     -6.4733121E-006
          6234.53     -6.0875153E-006
          6245.82     -5.6829953E-006
          6257.11     -5.2594489E-006
          6268.40     -4.8165648E-006
          6279.69     -4.3549265E-006
          6290.98     -3.8752450E-006
          6302.27     -3.3773867E-006
          6313.55     -2.8612092E-006
          6324.84     -2.3265634E-006
          6336.13     -1.7732902E-006
          6347.42     -1.2012227E-006
          6358.71     -6.1018702E-007
          6370.00     -3.9200052E-044
