          3480.00     -2.0852179E-029
          3491.29      2.1470093E-014
          3502.58      4.6202242E-014
          3513.87      7.4084784E-014
          3525.16      1.0506160E-013
          3536.45      1.3912773E-013
          3547.73      1.7632549E-013
          3559.02      2.1674142E-013
          3570.31      2.6050405E-013
          3581.60      3.0778201E-013
          3592.89      3.5878276E-013
          3604.18      4.1375185E-013
          3615.47      4.7297245E-013
          3626.76      5.3676578E-013
          3638.05      6.0582960E-013
          3649.34      6.8097510E-013
          3660.62      7.6276298E-013
          3671.91      8.5181034E-013
          3683.20      9.4879442E-013
          3694.49      1.0544570E-012
          3705.78      1.1696086E-012
          3717.07      1.2951346E-012
          3728.36      1.4320001E-012
          3739.65      1.5812565E-012
          3750.94      1.7440487E-012
          3762.23      1.9216222E-012
          3773.52      2.1153314E-012
          3784.80      2.3253419E-012
          3796.09      2.5519304E-012
          3807.38      2.7967782E-012
          3818.67      3.0616723E-012
          3829.96      3.3485161E-012
          3841.25      3.6593430E-012
          3852.54      3.9963282E-012
          3863.83      4.3618017E-012
          3875.12      4.7582632E-012
          3886.41      5.1883948E-012
          3897.70      5.6550788E-012
          3908.98      6.1614133E-012
          3920.27      6.7107278E-012
          3931.56      7.3066045E-012
          3942.85      7.9552769E-012
          3954.14      8.6631352E-012
          3965.43      9.4344892E-012
          3976.72      1.0274051E-011
          3988.01      1.1186964E-011
          3999.30      1.2178822E-011
          4010.59      1.3255698E-011
          4021.88      1.4424173E-011
          4033.16      1.5691374E-011
          4044.45      1.7065001E-011
          4055.74      1.8553372E-011
          4067.03      2.0165458E-011
          4078.32      2.1910934E-011
          4089.61      2.3809417E-011
          4100.90      2.5880727E-011
          4112.19      2.8136244E-011
          4123.48      3.0588496E-011
          4134.77      3.3251221E-011
          4146.05      3.6139418E-011
          4157.34      3.9269409E-011
          4168.63      4.2658923E-011
          4179.92      4.6327170E-011
          4191.21      5.0294916E-011
          4202.50      5.4584599E-011
          4213.79      5.9220420E-011
          4225.08      6.4228454E-011
          4236.37      6.9589704E-011
          4247.66      7.5252264E-011
          4258.95      8.1216956E-011
          4270.23      8.7524688E-011
          4281.52      9.4216916E-011
          4292.81      1.0133595E-010
          4304.10      1.0892519E-010
          4315.39      1.1702938E-010
          4326.68      1.2569487E-010
          4337.97      1.3496982E-010
          4349.26      1.4490452E-010
          4360.55      1.5555154E-010
          4371.84      1.6696602E-010
          4383.12      1.7920593E-010
          4394.41      1.9067141E-010
          4405.70      1.9989838E-010
          4416.99      2.0712422E-010
          4428.28      2.1255322E-010
          4439.57      2.1635925E-010
          4450.86      2.1868796E-010
          4462.15      2.1965878E-010
          4473.44      2.1936648E-010
          4484.73      2.1788264E-010
          4496.02      2.1525668E-010
          4507.30      2.1151680E-010
          4518.59      2.0667060E-010
          4529.88      2.0070554E-010
          4541.17      1.8819711E-010
          4552.46      1.6425278E-010
          4563.75      1.2954016E-010
          4575.04      8.4597660E-011
          4586.33      2.9843099E-011
          4597.62     -3.4418824E-011
          4608.91     -1.0798992E-010
          4620.20     -1.9077348E-010
          4631.48     -2.8276967E-010
          4642.77     -3.8407171E-010
          4654.06     -4.9486359E-010
          4665.35     -6.1541778E-010
          4676.64     -7.4609411E-010
          4687.93     -8.8733930E-010
          4699.22     -1.0553662E-009
          4710.51     -1.2647742E-009
          4721.80     -1.5139581E-009
          4733.09     -1.8016959E-009
          4744.38     -2.1271260E-009
          4755.66     -2.4897256E-009
          4766.95     -2.8892926E-009
          4778.24     -3.3259311E-009
          4789.53     -3.8000367E-009
          4800.82     -4.3122885E-009
          4812.11     -4.8636392E-009
          4823.40     -5.4553076E-009
          4834.69     -6.0887767E-009
          4845.98     -6.8245609E-009
          4857.27     -7.7168330E-009
          4868.55     -8.7587860E-009
          4879.84     -9.9448960E-009
          4891.13     -1.1270834E-008
          4902.42     -1.2733378E-008
          4913.71     -1.4330337E-008
          4925.00     -1.6060485E-008
          4936.29     -1.7923504E-008
          4947.58     -1.9919926E-008
          4958.87     -2.2051091E-008
          4970.16     -2.4319095E-008
          4981.45     -2.6726768E-008
          4992.73     -2.9272650E-008
          5004.02     -3.1941375E-008
          5015.31     -3.4725304E-008
          5026.60     -3.7633240E-008
          5037.89     -4.0674276E-008
          5049.18     -4.3857818E-008
          5060.47     -4.7193588E-008
          5071.76     -5.0691668E-008
          5083.05     -5.4362502E-008
          5094.34     -5.8216912E-008
          5105.62     -6.2266133E-008
          5116.91     -6.6521821E-008
          5128.20     -7.0996076E-008
          5139.49     -7.5701460E-008
          5150.78     -8.1397929E-008
          5162.07     -8.8775408E-008
          5173.36     -9.7751576E-008
          5184.65     -1.0825640E-007
          5195.94     -1.2023128E-007
          5207.23     -1.3362816E-007
          5218.52     -1.4840885E-007
          5229.80     -1.6454429E-007
          5241.09     -1.8201391E-007
          5252.38     -2.0080518E-007
          5263.67     -2.2091302E-007
          5274.96     -2.4233932E-007
          5286.25     -2.6509262E-007
          5297.54     -2.8922811E-007
          5308.83     -3.1480177E-007
          5320.12     -3.4183254E-007
          5331.41     -3.7034522E-007
          5342.70     -4.0037021E-007
          5353.98     -4.3194320E-007
          5365.27     -4.6510482E-007
          5376.56     -4.9990051E-007
          5387.85     -5.3638026E-007
          5399.14     -5.7459835E-007
          5410.43     -6.1461323E-007
          5421.72     -6.5648716E-007
          5433.01     -7.0028630E-007
          5444.30     -7.4608036E-007
          5455.59     -7.9161299E-007
          5466.88     -8.3487560E-007
          5478.16     -8.7628806E-007
          5489.45     -9.1624087E-007
          5500.74     -9.5509784E-007
          5512.03     -9.9319848E-007
          5523.32     -1.0308605E-006
          5534.61     -1.0683816E-006
          5545.90     -1.1060417E-006
          5557.19     -1.1441045E-006
          5568.48     -1.1828192E-006
          5579.77     -1.2224217E-006
          5591.05     -1.2631355E-006
          5602.34     -1.3016049E-006
          5613.63     -1.3346530E-006
          5624.92     -1.3627188E-006
          5636.21     -1.3861834E-006
          5647.50     -1.4053729E-006
          5658.79     -1.4205613E-006
          5670.08     -1.4319725E-006
          5681.37     -1.4397803E-006
          5692.66     -1.4441101E-006
          5703.95     -1.4425988E-006
          5715.23     -1.4329427E-006
          5726.52     -1.4152627E-006
          5737.81     -1.3923504E-006
          5749.10     -1.3668057E-006
          5760.39     -1.3383758E-006
          5771.68     -1.3030302E-006
          5782.97     -1.2568984E-006
          5794.26     -1.1998733E-006
          5805.55     -1.1317570E-006
          5816.84     -1.0522609E-006
          5828.12     -9.6690932E-007
          5839.41     -8.8079412E-007
          5850.70     -7.9289835E-007
          5861.99     -7.0218716E-007
          5873.28     -6.0760228E-007
          5884.57     -5.2792254E-007
          5895.86     -4.8018134E-007
          5907.15     -4.6084793E-007
          5918.44     -4.6659206E-007
          5929.73     -5.2564404E-007
          5941.02     -6.6256868E-007
          5952.30     -8.6909749E-007
          5963.59     -1.1374762E-006
          5974.88     -1.5130489E-006
          5986.17     -2.0323768E-006
          5997.46     -2.6756878E-006
          6008.75     -3.4241790E-006
          6020.04     -4.2598794E-006
          6031.33     -5.2446127E-006
          6042.62     -6.4161615E-006
          6053.91     -7.7220823E-006
          6065.20     -9.1110350E-006
          6076.48     -1.0549982E-005
          6087.77     -1.1989221E-005
          6099.06     -1.3353100E-005
          6110.35     -1.4565626E-005
          6121.64     -1.5549964E-005
          6132.93     -1.6319782E-005
          6144.22     -1.6938495E-005
          6155.51     -1.7412640E-005
          6166.80     -1.7754817E-005
          6178.09     -1.7972355E-005
          6189.38     -1.8071035E-005
          6200.66     -1.8052770E-005
          6211.95     -1.7918572E-005
          6223.24     -1.7668036E-005
          6234.53     -1.7299931E-005
          6245.82     -1.6812697E-005
          6257.11     -1.6203894E-005
          6268.40     -1.5470202E-005
          6279.69     -1.4574370E-005
          6290.98     -1.3481309E-005
          6302.27     -1.2189304E-005
          6313.55     -1.0695338E-005
          6324.84     -8.9951104E-006
          6336.13     -7.0830219E-006
          6347.42     -4.9521711E-006
          6358.71     -2.5943471E-006
          6370.00     -3.5099631E-056
