          3480.00      2.5987713E-033
          3491.29     -3.8115875E-004
          3502.58     -7.5950547E-004
          3513.87     -1.1351325E-003
          3525.16     -1.5081286E-003
          3536.45     -1.8785811E-003
          3547.73     -2.2465747E-003
          3559.02     -2.6121908E-003
          3570.31     -2.9755096E-003
          3581.60     -3.3366087E-003
          3592.89     -3.6955633E-003
          3604.18     -4.0524458E-003
          3615.47     -4.4073223E-003
          3626.76     -4.7602556E-003
          3638.05     -5.1109342E-003
          3649.34     -5.4590896E-003
          3660.62     -5.8048484E-003
          3671.91     -6.1483341E-003
          3683.20     -6.4896677E-003
          3694.49     -6.8289683E-003
          3705.78     -7.1663519E-003
          3717.07     -7.5019331E-003
          3728.36     -7.8358242E-003
          3739.65     -8.1681350E-003
          3750.94     -8.4989739E-003
          3762.23     -8.8284472E-003
          3773.52     -9.1566593E-003
          3784.80     -9.4855645E-003
          3796.09     -9.8170393E-003
          3807.38     -1.0151072E-002
          3818.67     -1.0487654E-002
          3829.96     -1.0826774E-002
          3841.25     -1.1168424E-002
          3852.54     -1.1512593E-002
          3863.83     -1.1859276E-002
          3875.12     -1.2208463E-002
          3886.41     -1.2560146E-002
          3897.70     -1.2914320E-002
          3908.98     -1.3270978E-002
          3920.27     -1.3630113E-002
          3931.56     -1.3991720E-002
          3942.85     -1.4354889E-002
          3954.14     -1.4718744E-002
          3965.43     -1.5083329E-002
          3976.72     -1.5448684E-002
          3988.01     -1.5814853E-002
          3999.30     -1.6181876E-002
          4010.59     -1.6549794E-002
          4021.88     -1.6918646E-002
          4033.16     -1.7288472E-002
          4044.45     -1.7659312E-002
          4055.74     -1.8031203E-002
          4067.03     -1.8404182E-002
          4078.32     -1.8778289E-002
          4089.61     -1.9152652E-002
          4100.90     -1.9526427E-002
          4112.19     -1.9899687E-002
          4123.48     -2.0272503E-002
          4134.77     -2.0644947E-002
          4146.05     -2.1017087E-002
          4157.34     -2.1388993E-002
          4168.63     -2.1760730E-002
          4179.92     -2.2132367E-002
          4191.21     -2.2503966E-002
          4202.50     -2.2875593E-002
          4213.79     -2.3247310E-002
          4225.08     -2.3619180E-002
          4236.37     -2.3992721E-002
          4247.66     -2.4370539E-002
          4258.95     -2.4753748E-002
          4270.23     -2.5142329E-002
          4281.52     -2.5536264E-002
          4292.81     -2.5935536E-002
          4304.10     -2.6340129E-002
          4315.39     -2.6750029E-002
          4326.68     -2.7165222E-002
          4337.97     -2.7585694E-002
          4349.26     -2.8011433E-002
          4360.55     -2.8442431E-002
          4371.84     -2.8878675E-002
          4383.12     -2.9320159E-002
          4394.41     -2.9785610E-002
          4405.70     -3.0293385E-002
          4416.99     -3.0842933E-002
          4428.28     -3.1433717E-002
          4439.57     -3.2065211E-002
          4450.86     -3.2736906E-002
          4462.15     -3.3448301E-002
          4473.44     -3.4198910E-002
          4484.73     -3.4988260E-002
          4496.02     -3.5815886E-002
          4507.30     -3.6681340E-002
          4518.59     -3.7584179E-002
          4529.88     -3.8523974E-002
          4541.17     -3.9529025E-002
          4552.46     -4.0626961E-002
          4563.75     -4.1816387E-002
          4575.04     -4.3095931E-002
          4586.33     -4.4464253E-002
          4597.62     -4.5920038E-002
          4608.91     -4.7461992E-002
          4620.20     -4.9088852E-002
          4631.48     -5.0799380E-002
          4642.77     -5.2592354E-002
          4654.06     -5.4466583E-002
          4665.35     -5.6420895E-002
          4676.64     -5.8454140E-002
          4687.93     -6.0565191E-002
          4699.22     -6.2786575E-002
          4710.51     -6.5149836E-002
          4721.80     -6.7652409E-002
          4733.09     -7.0291760E-002
          4744.38     -7.3065400E-002
          4755.66     -7.5970874E-002
          4766.95     -7.9005762E-002
          4778.24     -8.2167680E-002
          4789.53     -8.5454271E-002
          4800.82     -8.8863214E-002
          4812.11     -9.2392224E-002
          4823.40     -9.6039033E-002
          4834.69     -9.9801413E-002
          4845.98     -1.0372992E-001
          4857.27     -1.0787306E-001
          4868.55     -1.1222559E-001
          4879.84     -1.1678230E-001
          4891.13     -1.2153806E-001
          4902.42     -1.2648777E-001
          4913.71     -1.3162640E-001
          4925.00     -1.3694894E-001
          4936.29     -1.4245043E-001
          4947.58     -1.4812598E-001
          4958.87     -1.5397072E-001
          4970.16     -1.5997981E-001
          4981.45     -1.6614845E-001
          4992.73     -1.7247000E-001
          5004.02     -1.7893263E-001
          5015.31     -1.8552685E-001
          5026.60     -1.9224865E-001
          5037.89     -1.9909401E-001
          5049.18     -2.0605897E-001
          5060.47     -2.1313956E-001
          5071.76     -2.2033187E-001
          5083.05     -2.2763198E-001
          5094.34     -2.3503600E-001
          5105.62     -2.4254006E-001
          5116.91     -2.5014031E-001
          5128.20     -2.5783291E-001
          5139.49     -2.6561405E-001
          5150.78     -2.7354872E-001
          5162.07     -2.8169558E-001
          5173.36     -2.9004131E-001
          5184.65     -2.9857261E-001
          5195.94     -3.0727627E-001
          5207.23     -3.1613907E-001
          5218.52     -3.2514785E-001
          5229.80     -3.3428951E-001
          5241.09     -3.4355092E-001
          5252.38     -3.5291901E-001
          5263.67     -3.6238075E-001
          5274.96     -3.7192310E-001
          5286.25     -3.8153305E-001
          5297.54     -3.9119830E-001
          5308.83     -4.0090630E-001
          5320.12     -4.1064369E-001
          5331.41     -4.2039708E-001
          5342.70     -4.3015312E-001
          5353.98     -4.3989846E-001
          5365.27     -4.4961972E-001
          5376.56     -4.5930355E-001
          5387.85     -4.6893658E-001
          5399.14     -4.7850542E-001
          5410.43     -4.8799669E-001
          5421.72     -4.9739696E-001
          5433.01     -5.0669283E-001
          5444.30     -5.1587085E-001
          5455.59     -5.2495781E-001
          5466.88     -5.3398752E-001
          5478.16     -5.4295702E-001
          5489.45     -5.5186333E-001
          5500.74     -5.6070348E-001
          5512.03     -5.6947444E-001
          5523.32     -5.7817317E-001
          5534.61     -5.8679663E-001
          5545.90     -5.9534174E-001
          5557.19     -6.0380541E-001
          5568.48     -6.1218452E-001
          5579.77     -6.2047591E-001
          5591.05     -6.2867636E-001
          5602.34     -6.3680421E-001
          5613.63     -6.4487988E-001
          5624.92     -6.5290329E-001
          5636.21     -6.6087430E-001
          5647.50     -6.6879281E-001
          5658.79     -6.7665866E-001
          5670.08     -6.8447170E-001
          5681.37     -6.9223160E-001
          5692.66     -6.9993781E-001
          5703.95     -7.0759333E-001
          5715.23     -7.1520164E-001
          5726.52     -7.2276289E-001
          5737.81     -7.3027586E-001
          5749.10     -7.3773892E-001
          5760.39     -7.4515168E-001
          5771.68     -7.5251503E-001
          5782.97     -7.5983030E-001
          5794.26     -7.6709797E-001
          5805.55     -7.7431865E-001
          5816.84     -7.8149289E-001
          5828.12     -7.8862442E-001
          5839.41     -7.9571641E-001
          5850.70     -8.0276857E-001
          5861.99     -8.0978063E-001
          5873.28     -8.1675228E-001
          5884.57     -8.2369643E-001
          5895.86     -8.3062403E-001
          5907.15     -8.3753186E-001
          5918.44     -8.4441666E-001
          5929.73     -8.5129303E-001
          5941.02     -8.5817198E-001
          5952.30     -8.6504494E-001
          5963.59     -8.7190333E-001
          5974.88     -8.7875765E-001
          5986.17     -8.8561092E-001
          5997.46     -8.9244359E-001
          6008.75     -8.9923629E-001
          6020.04     -9.0596985E-001
          6031.33     -9.1260875E-001
          6042.62     -9.1909989E-001
          6053.91     -9.2539799E-001
          6065.20     -9.3145803E-001
          6076.48     -9.3718999E-001
          6087.77     -9.4249236E-001
          6099.06     -9.4730326E-001
          6110.35     -9.5156094E-001
          6121.64     -9.5520379E-001
          6132.93     -9.5843476E-001
          6144.22     -9.6149168E-001
          6155.51     -9.6440997E-001
          6166.80     -9.6722995E-001
          6178.09     -9.6994574E-001
          6189.38     -9.7255103E-001
          6200.66     -9.7504342E-001
          6211.95     -9.7742049E-001
          6223.24     -9.7968023E-001
          6234.53     -9.8182062E-001
          6245.82     -9.8383924E-001
          6257.11     -9.8573360E-001
          6268.40     -9.8750122E-001
          6279.69     -9.8916586E-001
          6290.98     -9.9075288E-001
          6302.27     -9.9226211E-001
          6313.55     -9.9369336E-001
          6324.84     -9.9504645E-001
          6336.13     -9.9632114E-001
          6347.42     -9.9751721E-001
          6358.71     -9.9863440E-001
          6370.00     -9.9967245E-001
