          3480.00     -1.7159607E-027
          3491.29      1.1683983E-009
          3502.58      2.9935471E-009
          3513.87      5.2156438E-009
          3525.16      7.5801339E-009
          3536.45      9.8351226E-009
          3547.73      1.1728839E-008
          3559.02      1.3007162E-008
          3570.31      1.3411200E-008
          3581.60      1.2674875E-008
          3592.89      1.0522517E-008
          3604.18      6.6664960E-009
          3615.47      8.0496998E-010
          3626.76     -7.3804087E-009
          3638.05     -1.7404720E-008
          3649.34     -2.8778623E-008
          3660.62     -4.1835226E-008
          3671.91     -5.6919735E-008
          3683.20     -7.4392084E-008
          3694.49     -9.4629623E-008
          3705.78     -1.1802975E-007
          3717.07     -1.4501282E-007
          3728.36     -1.7602494E-007
          3739.65     -2.1154086E-007
          3750.94     -2.5206722E-007
          3762.23     -2.9814563E-007
          3773.52     -3.5035608E-007
          3784.80     -4.1498194E-007
          3796.09     -4.9820190E-007
          3807.38     -6.0057765E-007
          3818.67     -7.2281542E-007
          3829.96     -8.6576758E-007
          3841.25     -1.0304361E-006
          3852.54     -1.2179760E-006
          3863.83     -1.4296997E-006
          3875.12     -1.6670828E-006
          3886.41     -1.9317693E-006
          3897.70     -2.2255800E-006
          3908.98     -2.5505196E-006
          3920.27     -2.9087849E-006
          3931.56     -3.3027758E-006
          3942.85     -3.7290079E-006
          3954.14     -4.1845192E-006
          3965.43     -4.6727627E-006
          3976.72     -5.1973527E-006
          3988.01     -5.7620862E-006
          3999.30     -6.3709599E-006
          4010.59     -7.0281890E-006
          4021.88     -7.7382298E-006
          4033.16     -8.5057992E-006
          4044.45     -9.3358972E-006
          4055.74     -1.0233830E-005
          4067.03     -1.1205233E-005
          4078.32     -1.2256096E-005
          4089.61     -1.3377532E-005
          4100.90     -1.4561768E-005
          4112.19     -1.5816931E-005
          4123.48     -1.7151406E-005
          4134.77     -1.8573885E-005
          4146.05     -2.0093406E-005
          4157.34     -2.1719390E-005
          4168.63     -2.3461691E-005
          4179.92     -2.5330638E-005
          4191.21     -2.7337072E-005
          4202.50     -2.9492405E-005
          4213.79     -3.1808662E-005
          4225.08     -3.4298528E-005
          4236.37     -3.7029313E-005
          4247.66     -4.0109645E-005
          4258.95     -4.3592329E-005
          4270.23     -4.7488107E-005
          4281.52     -5.1809835E-005
          4292.81     -5.6572525E-005
          4304.10     -6.1793356E-005
          4315.39     -6.7491715E-005
          4326.68     -7.3689247E-005
          4337.97     -8.0409892E-005
          4349.26     -8.7679976E-005
          4360.55     -9.5528273E-005
          4371.84     -1.0398608E-004
          4383.12     -1.1308733E-004
          4394.41     -1.2419750E-004
          4405.70     -1.3861074E-004
          4416.99     -1.5627010E-004
          4428.28     -1.7713699E-004
          4439.57     -2.0119054E-004
          4450.86     -2.2842718E-004
          4462.15     -2.5886001E-004
          4473.44     -2.9251865E-004
          4484.73     -3.2944889E-004
          4496.02     -3.6971245E-004
          4507.30     -4.1338693E-004
          4518.59     -4.6056561E-004
          4529.88     -5.1135762E-004
          4541.17     -5.6907120E-004
          4552.46     -6.3678759E-004
          4563.75     -7.1432621E-004
          4575.04     -8.0155629E-004
          4586.33     -8.9839502E-004
          4597.62     -1.0048059E-003
          4608.91     -1.1207969E-003
          4620.20     -1.2464200E-003
          4631.48     -1.3817693E-003
          4642.77     -1.5269805E-003
          4654.06     -1.6822302E-003
          4665.35     -1.8477354E-003
          4676.64     -2.0237529E-003
          4687.93     -2.2105793E-003
          4699.22     -2.4151010E-003
          4710.51     -2.6436694E-003
          4721.80     -2.8958888E-003
          4733.09     -3.1714662E-003
          4744.38     -3.4702081E-003
          4755.66     -3.7920161E-003
          4766.95     -4.1368830E-003
          4778.24     -4.5048906E-003
          4789.53     -4.8962051E-003
          4800.82     -5.3110768E-003
          4812.11     -5.7498371E-003
          4823.40     -6.2128953E-003
          4834.69     -6.7007395E-003
          4845.98     -7.2319083E-003
          4857.27     -7.8232994E-003
          4868.55     -8.4731818E-003
          4879.84     -9.1800583E-003
          4891.13     -9.9426549E-003
          4902.42     -1.0759906E-002
          4913.71     -1.1630941E-002
          4925.00     -1.2555076E-002
          4936.29     -1.3531803E-002
          4947.58     -1.4560777E-002
          4958.87     -1.5641814E-002
          4970.16     -1.6774871E-002
          4981.45     -1.7960051E-002
          4992.73     -1.9196488E-002
          5004.02     -2.0480303E-002
          5015.31     -2.1809267E-002
          5026.60     -2.3184670E-002
          5037.89     -2.4607876E-002
          5049.18     -2.6080320E-002
          5060.47     -2.7603504E-002
          5071.76     -2.9179004E-002
          5083.05     -3.0808460E-002
          5094.34     -3.2493575E-002
          5105.62     -3.4236119E-002
          5116.91     -3.6037927E-002
          5128.20     -3.7900891E-002
          5139.49     -3.9826971E-002
          5150.78     -4.1934379E-002
          5162.07     -4.4331186E-002
          5173.36     -4.7004956E-002
          5184.65     -4.9944229E-002
          5195.94     -5.3138463E-002
          5207.23     -5.6577955E-002
          5218.52     -6.0253781E-002
          5229.80     -6.4157734E-002
          5241.09     -6.8282249E-002
          5252.38     -7.2620375E-002
          5263.67     -7.7165701E-002
          5274.96     -8.1912299E-002
          5286.25     -8.6854694E-002
          5297.54     -9.1992208E-002
          5308.83     -9.7323938E-002
          5320.12     -1.0284462E-001
          5331.41     -1.0854925E-001
          5342.70     -1.1443311E-001
          5353.98     -1.2049164E-001
          5365.27     -1.2672045E-001
          5376.56     -1.3311524E-001
          5387.85     -1.3967179E-001
          5399.14     -1.4638587E-001
          5410.43     -1.5325325E-001
          5421.72     -1.6026961E-001
          5433.01     -1.6743050E-001
          5444.30     -1.7473136E-001
          5455.59     -1.8201661E-001
          5466.88     -1.8915014E-001
          5478.16     -1.9615528E-001
          5489.45     -2.0305401E-001
          5500.74     -2.0986699E-001
          5512.03     -2.1661368E-001
          5523.32     -2.2331236E-001
          5534.61     -2.2998023E-001
          5545.90     -2.3663341E-001
          5557.19     -2.4328700E-001
          5568.48     -2.4995516E-001
          5579.77     -2.5665109E-001
          5591.05     -2.6338708E-001
          5602.34     -2.6999836E-001
          5613.63     -2.7632825E-001
          5624.92     -2.8239882E-001
          5636.21     -2.8823008E-001
          5647.50     -2.9384011E-001
          5658.79     -2.9924507E-001
          5670.08     -3.0445928E-001
          5681.37     -3.0949514E-001
          5692.66     -3.1436322E-001
          5703.95     -3.1897365E-001
          5715.23     -3.2323822E-001
          5726.52     -3.2716701E-001
          5737.81     -3.3086965E-001
          5749.10     -3.3445016E-001
          5760.39     -3.3790745E-001
          5771.68     -3.4110552E-001
          5782.97     -3.4391212E-001
          5794.26     -3.4632891E-001
          5805.55     -3.4835515E-001
          5816.84     -3.4998767E-001
          5828.12     -3.5138749E-001
          5839.41     -3.5270539E-001
          5850.70     -3.5392004E-001
          5861.99     -3.5500879E-001
          5873.28     -3.5594759E-001
          5884.57     -3.5719839E-001
          5895.86     -3.5918673E-001
          5907.15     -3.6183422E-001
          5918.44     -3.6506392E-001
          5929.73     -3.6951731E-001
          5941.02     -3.7576445E-001
          5952.30     -3.8362690E-001
          5963.59     -3.9293177E-001
          5974.88     -4.0463524E-001
          5986.17     -4.1953299E-001
          5997.46     -4.3722451E-001
          6008.75     -4.5732086E-001
          6020.04     -4.7944327E-001
          6031.33     -5.0474821E-001
          6042.62     -5.3397863E-001
          6053.91     -5.6615459E-001
          6065.20     -6.0030994E-001
          6076.48     -6.3578881E-001
          6087.77     -6.7165749E-001
          6099.06     -7.0654465E-001
          6110.35     -7.3907896E-001
          6121.64     -7.6788461E-001
          6132.93     -7.9345851E-001
          6144.22     -8.1713861E-001
          6155.51     -8.3913176E-001
          6166.80     -8.5975672E-001
          6178.09     -8.7904997E-001
          6189.38     -8.9703230E-001
          6200.66     -9.1371685E-001
          6211.95     -9.2911037E-001
          6223.24     -9.4321214E-001
          6234.53     -9.5601588E-001
          6245.82     -9.6751070E-001
          6257.11     -9.7767936E-001
          6268.40     -9.8649826E-001
          6279.69     -9.9387927E-001
          6290.98     -9.9976720E-001
          6302.27     -1.0041780E+000
          6313.55     -1.0071208E+000
          6324.84     -1.0085982E+000
          6336.13     -1.0086060E+000
          6347.42     -1.0071335E+000
          6358.71     -1.0041636E+000
          6370.00     -9.9967245E-001
