          3480.00     -2.1337248E-029
          3491.29     -2.8619536E-008
          3502.58     -5.5251184E-008
          3513.87     -8.0715658E-008
          3525.16     -1.0581784E-007
          3536.45     -1.3135322E-007
          3547.73     -1.5811392E-007
          3559.02     -1.8689461E-007
          3570.31     -2.1849843E-007
          3581.60     -2.5374267E-007
          3592.89     -2.9346446E-007
          3604.18     -3.3852629E-007
          3615.47     -3.8982076E-007
          3626.76     -4.4827620E-007
          3638.05     -5.1217525E-007
          3649.34     -5.7983812E-007
          3660.62     -6.5229074E-007
          3671.91     -7.3057880E-007
          3683.20     -8.1577417E-007
          3694.49     -9.0898143E-007
          3705.78     -1.0113439E-006
          3717.07     -1.1240508E-006
          3728.36     -1.2483432E-006
          3739.65     -1.3855208E-006
          3750.94     -1.5369490E-006
          3762.23     -1.7040656E-006
          3773.52     -1.8883883E-006
          3784.80     -2.1080629E-006
          3796.09     -2.3808546E-006
          3807.38     -2.7080223E-006
          3818.67     -3.0911556E-006
          3829.96     -3.5321752E-006
          3841.25     -4.0333398E-006
          3852.54     -4.5972493E-006
          3863.83     -5.2268529E-006
          3875.12     -5.9254581E-006
          3886.41     -6.6967383E-006
          3897.70     -7.5447480E-006
          3908.98     -8.4739345E-006
          3920.27     -9.4891499E-006
          3931.56     -1.0595672E-005
          3942.85     -1.1783752E-005
          3954.14     -1.3044828E-005
          3965.43     -1.4386508E-005
          3976.72     -1.5816717E-005
          3988.01     -1.7343738E-005
          3999.30     -1.8976239E-005
          4010.59     -2.0723304E-005
          4021.88     -2.2594478E-005
          4033.16     -2.4599796E-005
          4044.45     -2.6749825E-005
          4055.74     -2.9055704E-005
          4067.03     -3.1529173E-005
          4078.32     -3.4182633E-005
          4089.61     -3.6994627E-005
          4100.90     -3.9945926E-005
          4112.19     -4.3053107E-005
          4123.48     -4.6333198E-005
          4134.77     -4.9803751E-005
          4146.05     -5.3482916E-005
          4157.34     -5.7389492E-005
          4168.63     -6.1543018E-005
          4179.92     -6.5963839E-005
          4191.21     -7.0673164E-005
          4202.50     -7.5693161E-005
          4213.79     -8.1047026E-005
          4225.08     -8.6759057E-005
          4236.37     -9.2966294E-005
          4247.66     -9.9891067E-005
          4258.95     -1.0764032E-004
          4270.23     -1.1623378E-004
          4281.52     -1.2569467E-004
          4292.81     -1.3604989E-004
          4304.10     -1.4732992E-004
          4315.39     -1.5956892E-004
          4326.68     -1.7280481E-004
          4337.97     -1.8707928E-004
          4349.26     -2.0243795E-004
          4360.55     -2.1893043E-004
          4371.84     -2.3661041E-004
          4383.12     -2.5553587E-004
          4394.41     -2.7830185E-004
          4405.70     -3.0737978E-004
          4416.99     -3.4266787E-004
          4428.28     -3.8409322E-004
          4439.57     -4.3161115E-004
          4450.86     -4.8520432E-004
          4462.15     -5.4488185E-004
          4473.44     -6.1067906E-004
          4484.73     -6.8265682E-004
          4496.02     -7.6090116E-004
          4507.30     -8.4552316E-004
          4518.59     -9.3665835E-004
          4529.88     -1.0344671E-003
          4541.17     -1.1448212E-003
          4552.46     -1.2732198E-003
          4563.75     -1.4193419E-003
          4575.04     -1.5829409E-003
          4586.33     -1.7638426E-003
          4597.62     -1.9619421E-003
          4608.91     -2.1772016E-003
          4620.20     -2.4096491E-003
          4631.48     -2.6593766E-003
          4642.77     -2.9265372E-003
          4654.06     -3.2113462E-003
          4665.35     -3.5140783E-003
          4676.64     -3.8350674E-003
          4687.93     -4.1747065E-003
          4699.22     -4.5442812E-003
          4710.51     -4.9542462E-003
          4721.80     -5.4039036E-003
          4733.09     -5.8926985E-003
          4744.38     -6.4202166E-003
          4755.66     -6.9861761E-003
          4766.95     -7.5904238E-003
          4778.24     -8.2329304E-003
          4789.53     -8.9137846E-003
          4800.82     -9.6331927E-003
          4812.11     -1.0391473E-002
          4823.40     -1.1189053E-002
          4834.69     -1.2026466E-002
          4845.98     -1.2932077E-002
          4857.27     -1.3931832E-002
          4868.55     -1.5022957E-002
          4879.84     -1.6202985E-002
          4891.13     -1.7469736E-002
          4902.42     -1.8821305E-002
          4913.71     -2.0256038E-002
          4925.00     -2.1772526E-002
          4936.29     -2.3369588E-002
          4947.58     -2.5046255E-002
          4958.87     -2.6801763E-002
          4970.16     -2.8635534E-002
          4981.45     -3.0547174E-002
          4992.73     -3.2534873E-002
          5004.02     -3.4592502E-002
          5015.31     -3.6716258E-002
          5026.60     -3.8907344E-002
          5037.89     -4.1167055E-002
          5049.18     -4.3496774E-002
          5060.47     -4.5897965E-002
          5071.76     -4.8372174E-002
          5083.05     -5.0921027E-002
          5094.34     -5.3546214E-002
          5105.62     -5.6249506E-002
          5116.91     -5.9032734E-002
          5128.20     -6.1897796E-002
          5139.49     -6.4846653E-002
          5150.78     -6.8034708E-002
          5162.07     -7.1604042E-002
          5173.36     -7.5537517E-002
          5184.65     -7.9819044E-002
          5195.94     -8.4433522E-002
          5207.23     -8.9366751E-002
          5218.52     -9.4605356E-002
          5229.80     -1.0013673E-001
          5241.09     -1.0594892E-001
          5252.38     -1.1203063E-001
          5263.67     -1.1837112E-001
          5274.96     -1.2496012E-001
          5286.25     -1.3178782E-001
          5297.54     -1.3885013E-001
          5308.83     -1.4614258E-001
          5320.12     -1.5365529E-001
          5331.41     -1.6137858E-001
          5342.70     -1.6930302E-001
          5353.98     -1.7741926E-001
          5365.27     -1.8571803E-001
          5376.56     -1.9419011E-001
          5387.85     -2.0282622E-001
          5399.14     -2.1161698E-001
          5410.43     -2.2055291E-001
          5421.72     -2.2962428E-001
          5433.01     -2.3882112E-001
          5444.30     -2.4813319E-001
          5455.59     -2.5739280E-001
          5466.88     -2.6645492E-001
          5478.16     -2.7534186E-001
          5489.45     -2.8407454E-001
          5500.74     -2.9267253E-001
          5512.03     -3.0115412E-001
          5523.32     -3.0953638E-001
          5534.61     -3.1783517E-001
          5545.90     -3.2606519E-001
          5557.19     -3.3424006E-001
          5568.48     -3.4237228E-001
          5579.77     -3.5047328E-001
          5591.05     -3.5855346E-001
          5602.34     -3.6644838E-001
          5613.63     -3.7400198E-001
          5624.92     -3.8123481E-001
          5636.21     -3.8816546E-001
          5647.50     -3.9481062E-001
          5658.79     -4.0118511E-001
          5670.08     -4.0730196E-001
          5681.37     -4.1317228E-001
          5692.66     -4.1880534E-001
          5703.95     -4.2411393E-001
          5715.23     -4.2901234E-001
          5726.52     -4.3350926E-001
          5737.81     -4.3770784E-001
          5749.10     -4.4170608E-001
          5760.39     -4.4550220E-001
          5771.68     -4.4896709E-001
          5782.97     -4.5197479E-001
          5794.26     -4.5452557E-001
          5805.55     -4.5661746E-001
          5816.84     -4.5824625E-001
          5828.12     -4.5955679E-001
          5839.41     -4.6068493E-001
          5850.70     -4.6161022E-001
          5861.99     -4.6231075E-001
          5873.28     -4.6276320E-001
          5884.57     -4.6337534E-001
          5895.86     -4.6452411E-001
          5907.15     -4.6613932E-001
          5918.44     -4.6815151E-001
          5929.73     -4.7112227E-001
          5941.02     -4.7555356E-001
          5952.30     -4.8129000E-001
          5963.59     -4.8817994E-001
          5974.88     -4.9705812E-001
          5986.17     -5.0862708E-001
          5997.46     -5.2254615E-001
          6008.75     -5.3848308E-001
          6020.04     -5.5611305E-001
          6031.33     -5.7645863E-001
          6042.62     -6.0020577E-001
          6053.91     -6.2653900E-001
          6065.20     -6.5465340E-001
          6076.48     -6.8404257E-001
          6087.77     -7.1397522E-001
          6099.06     -7.4331892E-001
          6110.35     -7.7094243E-001
          6121.64     -7.9571277E-001
          6132.93     -8.1792950E-001
          6144.22     -8.3857671E-001
          6155.51     -8.5781053E-001
          6166.80     -8.7587904E-001
          6178.09     -8.9279902E-001
          6189.38     -9.0857527E-001
          6200.66     -9.2321079E-001
          6211.95     -9.3670409E-001
          6223.24     -9.4904889E-001
          6234.53     -9.6023507E-001
          6245.82     -9.7024860E-001
          6257.11     -9.7907095E-001
          6268.40     -9.8667897E-001
          6279.69     -9.9304681E-001
          6290.98     -9.9817549E-001
          6302.27     -1.0020754E+000
          6313.55     -1.0047521E+000
          6324.84     -1.0062070E+000
          6336.13     -1.0064365E+000
          6347.42     -1.0054329E+000
          6358.71     -1.0031838E+000
          6370.00     -9.9967245E-001
