          3480.00      1.7157521E-027
          3491.29      1.9215800E-009
          3502.58      3.9618575E-009
          3513.87      6.0810006E-009
          3525.16      8.2401558E-009
          3536.45      1.0400876E-008
          3547.73      1.2524544E-008
          3559.02      1.4571812E-008
          3570.31      1.6502059E-008
          3581.60      1.8272832E-008
          3592.89      1.9839285E-008
          3604.18      2.1153623E-008
          3615.47      2.2164533E-008
          3626.76      2.2816638E-008
          3638.05      2.3170328E-008
          3649.34      2.3290894E-008
          3660.62      2.3124441E-008
          3671.91      2.2613310E-008
          3683.20      2.1695491E-008
          3694.49      2.0303987E-008
          3705.78      1.8366175E-008
          3717.07      1.5803105E-008
          3728.36      1.2528778E-008
          3739.65      8.4493800E-009
          3750.94      3.4624472E-009
          3762.23     -2.5440002E-009
          3773.52     -9.6923958E-009
          3784.80     -1.9147671E-008
          3796.09     -3.2063345E-008
          3807.38     -4.8580087E-008
          3818.67     -6.8874946E-008
          3829.96     -9.3162175E-008
          3841.25     -1.2169451E-007
          3852.54     -1.5476453E-007
          3863.83     -1.9270645E-007
          3875.12     -2.3589807E-007
          3886.41     -2.8476303E-007
          3897.70     -3.3977349E-007
          3908.98     -4.0145307E-007
          3920.27     -4.7037974E-007
          3931.56     -5.4718977E-007
          3942.85     -6.3120318E-007
          3954.14     -7.2187812E-007
          3965.43     -8.2013799E-007
          3976.72     -9.2695629E-007
          3988.01     -1.0433637E-006
          3999.30     -1.1704546E-006
          4010.59     -1.3093939E-006
          4021.88     -1.4614250E-006
          4033.16     -1.6278774E-006
          4044.45     -1.8101746E-006
          4055.74     -2.0098429E-006
          4067.03     -2.2285203E-006
          4078.32     -2.4679666E-006
          4089.61     -2.7260283E-006
          4100.90     -3.0009043E-006
          4112.19     -3.2950440E-006
          4123.48     -3.6109928E-006
          4134.77     -3.9514087E-006
          4146.05     -4.3190786E-006
          4157.34     -4.7169342E-006
          4168.63     -5.1480707E-006
          4179.92     -5.6157641E-006
          4191.21     -6.1234882E-006
          4202.50     -6.6749368E-006
          4213.79     -7.2740417E-006
          4225.08     -7.9249945E-006
          4236.37     -8.6485245E-006
          4247.66     -9.4778560E-006
          4258.95     -1.0429352E-005
          4270.23     -1.1506750E-005
          4281.52     -1.2714628E-005
          4292.81     -1.4058416E-005
          4304.10     -1.5544406E-005
          4315.39     -1.7179776E-005
          4326.68     -1.8972613E-005
          4337.97     -2.0931936E-005
          4349.26     -2.3067739E-005
          4360.55     -2.5391025E-005
          4371.84     -2.7913845E-005
          4383.12     -3.0649359E-005
          4394.41     -3.4064132E-005
          4405.70     -3.8597054E-005
          4416.99     -4.4226826E-005
          4428.28     -5.0940122E-005
          4439.57     -5.8731347E-005
          4450.86     -6.7602385E-005
          4462.15     -7.7562389E-005
          4473.44     -8.8627680E-005
          4484.73     -1.0082162E-004
          4496.02     -1.1417456E-004
          4507.30     -1.2872381E-004
          4518.59     -1.4451365E-004
          4529.88     -1.6159541E-004
          4541.17     -1.8122371E-004
          4552.46     -2.0455790E-004
          4563.75     -2.3153018E-004
          4575.04     -2.6209637E-004
          4586.33     -2.9623495E-004
          4597.62     -3.3394632E-004
          4608.91     -3.7525195E-004
          4620.20     -4.2019404E-004
          4631.48     -4.6883495E-004
          4642.77     -5.2125675E-004
          4654.06     -5.7756122E-004
          4665.35     -6.3786954E-004
          4676.64     -7.0232228E-004
          4687.93     -7.7107953E-004
          4699.22     -8.4708238E-004
          4710.51     -9.3302815E-004
          4721.80     -1.0287681E-003
          4733.09     -1.1342080E-003
          4744.38     -1.2493057E-003
          4755.66     -1.3740694E-003
          4766.95     -1.5085558E-003
          4778.24     -1.6528682E-003
          4789.53     -1.8071554E-003
          4800.82     -1.9716108E-003
          4812.11     -2.1464716E-003
          4823.40     -2.3320174E-003
          4834.69     -2.5285706E-003
          4845.98     -2.7449020E-003
          4857.27     -2.9889690E-003
          4868.55     -3.2600153E-003
          4879.84     -3.5574226E-003
          4891.13     -3.8807039E-003
          4902.42     -4.2294954E-003
          4913.71     -4.6035487E-003
          4925.00     -5.0027263E-003
          4936.29     -5.4269946E-003
          4947.58     -5.8764192E-003
          4958.87     -6.3511603E-003
          4970.16     -6.8514670E-003
          4981.45     -7.3776760E-003
          4992.73     -7.9296330E-003
          5004.02     -8.5056176E-003
          5015.31     -9.1047876E-003
          5026.60     -9.7281642E-003
          5037.89     -1.0376816E-002
          5049.18     -1.1051863E-002
          5060.47     -1.1754468E-002
          5071.76     -1.2485849E-002
          5083.05     -1.3247273E-002
          5094.34     -1.4040054E-002
          5105.62     -1.4865561E-002
          5116.91     -1.5725214E-002
          5128.20     -1.6620486E-002
          5139.49     -1.7552904E-002
          5150.78     -1.8592238E-002
          5162.07     -1.9802209E-002
          5173.36     -2.1175918E-002
          5184.65     -2.2707217E-002
          5195.94     -2.4390669E-002
          5207.23     -2.6221492E-002
          5218.52     -2.8195512E-002
          5229.80     -3.0309123E-002
          5241.09     -3.2559239E-002
          5252.38     -3.4943261E-002
          5263.67     -3.7459045E-002
          5274.96     -4.0104853E-002
          5286.25     -4.2879337E-002
          5297.54     -4.5784412E-002
          5308.83     -4.8821945E-002
          5320.12     -5.1991018E-002
          5331.41     -5.5291003E-002
          5342.70     -5.8721545E-002
          5353.98     -6.2282526E-002
          5365.27     -6.5974030E-002
          5376.56     -6.9796334E-002
          5387.85     -7.3749870E-002
          5399.14     -7.7835200E-002
          5410.43     -8.2052998E-002
          5421.72     -8.6404006E-002
          5433.01     -9.0889034E-002
          5444.30     -9.5508923E-002
          5455.59     -1.0014329E-001
          5466.88     -1.0468585E-001
          5478.16     -1.0915772E-001
          5489.45     -1.1357882E-001
          5500.74     -1.1796804E-001
          5512.03     -1.2234324E-001
          5523.32     -1.2672141E-001
          5534.61     -1.3111865E-001
          5545.90     -1.3555028E-001
          5557.19     -1.4003089E-001
          5568.48     -1.4457439E-001
          5579.77     -1.4919402E-001
          5591.05     -1.5390242E-001
          5602.34     -1.5855705E-001
          5613.63     -1.6302243E-001
          5624.92     -1.6731990E-001
          5636.21     -1.7146892E-001
          5647.50     -1.7548716E-001
          5658.79     -1.7939060E-001
          5670.08     -1.8319354E-001
          5681.37     -1.8690865E-001
          5692.66     -1.9054694E-001
          5703.95     -1.9402626E-001
          5715.23     -1.9726631E-001
          5726.52     -2.0027810E-001
          5737.81     -2.0316740E-001
          5749.10     -2.0603439E-001
          5760.39     -2.0887917E-001
          5771.68     -2.1157223E-001
          5782.97     -2.1398840E-001
          5794.26     -2.1613164E-001
          5805.55     -2.1800359E-001
          5816.84     -2.1960350E-001
          5828.12     -2.2110043E-001
          5839.41     -2.2265232E-001
          5850.70     -2.2423941E-001
          5861.99     -2.2584105E-001
          5873.28     -2.2743560E-001
          5884.57     -2.2952613E-001
          5895.86     -2.3257409E-001
          5907.15     -2.3649716E-001
          5918.44     -2.4121604E-001
          5929.73     -2.4744341E-001
          5941.02     -2.5580831E-001
          5952.30     -2.6611500E-001
          5963.59     -2.7817624E-001
          5974.88     -2.9307078E-001
          5986.17     -3.1168511E-001
          5997.46     -3.3356300E-001
          6008.75     -3.5826469E-001
          6020.04     -3.8536488E-001
          6031.33     -4.1618853E-001
          6042.62     -4.5155559E-001
          6053.91     -4.9031006E-001
          6065.20     -5.3131480E-001
          6076.48     -5.7377317E-001
          6087.77     -6.1654611E-001
          6099.06     -6.5799696E-001
          6110.35     -6.9648663E-001
          6121.64     -7.3036670E-001
          6132.93     -7.6028023E-001
          6144.22     -7.8790064E-001
          6155.51     -8.1347818E-001
          6166.80     -8.3739777E-001
          6178.09     -8.5974450E-001
          6189.38     -8.8058190E-001
          6200.66     -8.9994785E-001
          6211.95     -9.1787043E-001
          6223.24     -9.3436430E-001
          6234.53     -9.4943556E-001
          6245.82     -9.6308515E-001
          6257.11     -9.7530451E-001
          6268.40     -9.8607554E-001
          6279.69     -9.9514401E-001
          6290.98     -1.0022968E+000
          6302.27     -1.0075618E+000
          6313.55     -1.0109558E+000
          6324.84     -1.0124843E+000
          6336.13     -1.0121421E+000
          6347.42     -1.0099126E+000
          6358.71     -1.0057688E+000
          6370.00     -9.9967245E-001
