          3480.00      1.2960909E-029
          3491.29     -1.9992759E-006
          3502.58     -3.9715679E-006
          3513.87     -5.9258520E-006
          3525.16     -7.8709170E-006
          3536.45     -9.8154081E-006
          3547.73     -1.1767854E-005
          3559.02     -1.3736691E-005
          3570.31     -1.5730305E-005
          3581.60     -1.7757054E-005
          3592.89     -1.9825296E-005
          3604.18     -2.1943411E-005
          3615.47     -2.4119810E-005
          3626.76     -2.6362971E-005
          3638.05     -2.8648931E-005
          3649.34     -3.0955506E-005
          3660.62     -3.3293831E-005
          3671.91     -3.5674951E-005
          3683.20     -3.8109855E-005
          3694.49     -4.0609519E-005
          3705.78     -4.3184929E-005
          3717.07     -4.5847133E-005
          3728.36     -4.8607266E-005
          3739.65     -5.1476573E-005
          3750.94     -5.4466463E-005
          3762.23     -5.7588525E-005
          3773.52     -6.0854565E-005
          3784.80     -6.4444960E-005
          3796.09     -6.8534695E-005
          3807.38     -7.3128909E-005
          3818.67     -7.8234350E-005
          3829.96     -8.3859347E-005
          3841.25     -9.0013824E-005
          3852.54     -9.6709279E-005
          3863.83     -1.0395879E-004
          3875.12     -1.1177703E-004
          3886.41     -1.2018023E-004
          3897.70     -1.2918627E-004
          3908.98     -1.3881463E-004
          3920.27     -1.4908642E-004
          3931.56     -1.6002443E-004
          3942.85     -1.7153817E-004
          3954.14     -1.8354378E-004
          3965.43     -1.9607596E-004
          3976.72     -2.0917044E-004
          3988.01     -2.2286404E-004
          3999.30     -2.3719476E-004
          4010.59     -2.5220182E-004
          4021.88     -2.6792577E-004
          4033.16     -2.8440858E-004
          4044.45     -3.0169369E-004
          4055.74     -3.1982614E-004
          4067.03     -3.3885255E-004
          4078.32     -3.5882135E-004
          4089.61     -3.7959322E-004
          4100.90     -4.0103764E-004
          4112.19     -4.2321831E-004
          4123.48     -4.4619979E-004
          4134.77     -4.7004773E-004
          4146.05     -4.9482896E-004
          4157.34     -5.2061159E-004
          4168.63     -5.4746529E-004
          4179.92     -5.7546132E-004
          4191.21     -6.0467264E-004
          4202.50     -6.3517420E-004
          4213.79     -6.6704296E-004
          4225.08     -7.0035807E-004
          4236.37     -7.3568171E-004
          4247.66     -7.7394091E-004
          4258.95     -8.1556669E-004
          4270.23     -8.6061317E-004
          4281.52     -9.0914228E-004
          4292.81     -9.6122394E-004
          4304.10     -1.0169360E-003
          4315.39     -1.0763641E-003
          4326.68     -1.1396021E-003
          4337.97     -1.2067515E-003
          4349.26     -1.2779224E-003
          4360.55     -1.3532329E-003
          4371.84     -1.4328093E-003
          4383.12     -1.5167865E-003
          4394.41     -1.6141572E-003
          4405.70     -1.7335844E-003
          4416.99     -1.8747592E-003
          4428.28     -2.0374291E-003
          4439.57     -2.2213981E-003
          4450.86     -2.4265240E-003
          4462.15     -2.6527169E-003
          4473.44     -2.8999389E-003
          4484.73     -3.1682025E-003
          4496.02     -3.4575694E-003
          4507.30     -3.7681502E-003
          4518.59     -4.1001027E-003
          4529.88     -4.4536323E-003
          4541.17     -4.8459956E-003
          4552.46     -5.2935932E-003
          4563.75     -5.7954845E-003
          4575.04     -6.3508597E-003
          4586.33     -6.9590354E-003
          4597.62     -7.6194514E-003
          4608.91     -8.3316644E-003
          4620.20     -9.0953479E-003
          4631.48     -9.9102878E-003
          4642.77     -1.0776377E-002
          4654.06     -1.1693615E-002
          4665.35     -1.2662108E-002
          4676.64     -1.3682060E-002
          4687.93     -1.4753778E-002
          4699.22     -1.5904419E-002
          4710.51     -1.7159468E-002
          4721.80     -1.8516962E-002
          4733.09     -1.9975150E-002
          4744.38     -2.1532491E-002
          4755.66     -2.3187648E-002
          4766.95     -2.4939471E-002
          4778.24     -2.6787001E-002
          4789.53     -2.8729453E-002
          4800.82     -3.0766218E-002
          4812.11     -3.2896855E-002
          4823.40     -3.5121079E-002
          4834.69     -3.7438765E-002
          4845.98     -3.9907147E-002
          4857.27     -4.2579154E-002
          4868.55     -4.5448628E-002
          4879.84     -4.8509782E-002
          4891.13     -5.1757202E-002
          4902.42     -5.5185816E-002
          4913.71     -5.8790866E-002
          4925.00     -6.2567910E-002
          4936.29     -6.6512787E-002
          4947.58     -7.0621612E-002
          4958.87     -7.4890754E-002
          4970.16     -7.9316812E-002
          4981.45     -8.3896619E-002
          4992.73     -8.8624481E-002
          5004.02     -9.3487280E-002
          5015.31     -9.8475758E-002
          5026.60     -1.0358906E-001
          5037.89     -1.0882646E-001
          5049.18     -1.1418733E-001
          5060.47     -1.1967114E-001
          5071.76     -1.2527746E-001
          5083.05     -1.3100593E-001
          5094.34     -1.3685629E-001
          5105.62     -1.4282832E-001
          5116.91     -1.4892189E-001
          5128.20     -1.5513691E-001
          5139.49     -1.6147334E-001
          5150.78     -1.6813841E-001
          5162.07     -1.7532100E-001
          5173.36     -1.8299421E-001
          5184.65     -1.9113190E-001
          5195.94     -1.9970868E-001
          5207.23     -2.0869979E-001
          5218.52     -2.1808108E-001
          5229.80     -2.2782895E-001
          5241.09     -2.3792020E-001
          5252.38     -2.4833211E-001
          5263.67     -2.5904229E-001
          5274.96     -2.7002862E-001
          5286.25     -2.8126924E-001
          5297.54     -2.9274816E-001
          5308.83     -3.0444866E-001
          5320.12     -3.1634799E-001
          5331.41     -3.2842342E-001
          5342.70     -3.4065224E-001
          5353.98     -3.5301169E-001
          5365.27     -3.6547882E-001
          5376.56     -3.7803059E-001
          5387.85     -3.9064369E-001
          5399.14     -4.0329457E-001
          5410.43     -4.1595933E-001
          5421.72     -4.2861367E-001
          5433.01     -4.4123289E-001
          5444.30     -4.5379183E-001
          5455.59     -4.6617476E-001
          5466.88     -4.7829026E-001
          5478.16     -4.9014839E-001
          5489.45     -5.0175834E-001
          5500.74     -5.1312833E-001
          5512.03     -5.2426568E-001
          5523.32     -5.3517686E-001
          5534.61     -5.4586743E-001
          5545.90     -5.5634205E-001
          5557.19     -5.6660458E-001
          5568.48     -5.7665797E-001
          5579.77     -5.8650431E-001
          5591.05     -5.9614482E-001
          5602.34     -6.0548660E-001
          5613.63     -6.1444404E-001
          5624.92     -6.2302777E-001
          5636.21     -6.3124723E-001
          5647.50     -6.3911079E-001
          5658.79     -6.4662573E-001
          5670.08     -6.5379824E-001
          5681.37     -6.6063330E-001
          5692.66     -6.6713478E-001
          5703.95     -6.7325290E-001
          5715.23     -6.7893908E-001
          5726.52     -6.8419735E-001
          5737.81     -6.8908446E-001
          5749.10     -6.9365417E-001
          5760.39     -6.9790454E-001
          5771.68     -7.0176280E-001
          5782.97     -7.0515793E-001
          5794.26     -7.0808909E-001
          5805.55     -7.1055434E-001
          5816.84     -7.1255053E-001
          5828.12     -7.1415565E-001
          5839.41     -7.1544312E-001
          5850.70     -7.1640130E-001
          5861.99     -7.1701766E-001
          5873.28     -7.1727874E-001
          5884.57     -7.1740328E-001
          5895.86     -7.1759516E-001
          5907.15     -7.1781785E-001
          5918.44     -7.1803460E-001
          5929.73     -7.1854907E-001
          5941.02     -7.1963721E-001
          5952.30     -7.2122131E-001
          5963.59     -7.2322456E-001
          5974.88     -7.2610969E-001
          5986.17     -7.3027986E-001
          5997.46     -7.3557161E-001
          6008.75     -7.4182418E-001
          6020.04     -7.4887925E-001
          6031.33     -7.5736793E-001
          6042.62     -7.6777361E-001
          6053.91     -7.7972139E-001
          6065.20     -7.9284041E-001
          6076.48     -8.0700463E-001
          6087.77     -8.2199056E-001
          6099.06     -8.3728594E-001
          6110.35     -8.5238035E-001
          6121.64     -8.6676445E-001
          6132.93     -8.8025879E-001
          6144.22     -8.9298479E-001
          6155.51     -9.0496877E-001
          6166.80     -9.1627820E-001
          6178.09     -9.2691244E-001
          6189.38     -9.3686622E-001
          6200.66     -9.4613434E-001
          6211.95     -9.5471015E-001
          6223.24     -9.6258575E-001
          6234.53     -9.6975202E-001
          6245.82     -9.7619828E-001
          6257.11     -9.8191234E-001
          6268.40     -9.8688049E-001
          6279.69     -9.9111728E-001
          6290.98     -9.9464951E-001
          6302.27     -9.9747964E-001
          6313.55     -9.9960869E-001
          6324.84     -1.0010362E+000
          6336.13     -1.0017604E+000
          6347.42     -1.0017778E+000
          6358.71     -1.0010839E+000
          6370.00     -9.9967245E-001
