          3480.00     -9.3081406E-030
          3491.29     -3.8433399E-006
          3502.58     -7.6424415E-006
          3513.87     -1.1410488E-005
          3525.16     -1.5160378E-005
          3536.45     -1.8904786E-005
          3547.73     -2.2656193E-005
          3559.02     -2.6426912E-005
          3570.31     -3.0229152E-005
          3581.60     -3.4075032E-005
          3592.89     -3.7976625E-005
          3604.18     -4.1945981E-005
          3615.47     -4.5995123E-005
          3626.76     -5.0136102E-005
          3638.05     -5.4332093E-005
          3649.34     -5.8549311E-005
          3660.62     -6.2804264E-005
          3671.91     -6.7113267E-005
          3683.20     -7.1492497E-005
          3694.49     -7.5958042E-005
          3705.78     -8.0525930E-005
          3717.07     -8.5212198E-005
          3728.36     -9.0032925E-005
          3739.65     -9.5004259E-005
          3750.94     -1.0014248E-004
          3762.23     -1.0546404E-004
          3773.52     -1.1098559E-004
          3784.80     -1.1697246E-004
          3796.09     -1.2368170E-004
          3807.38     -1.3111921E-004
          3818.67     -1.3929290E-004
          3829.96     -1.4821262E-004
          3841.25     -1.5789017E-004
          3852.54     -1.6833932E-004
          3863.83     -1.7957574E-004
          3875.12     -1.9161705E-004
          3886.41     -2.0448277E-004
          3897.70     -2.1819438E-004
          3908.98     -2.3277533E-004
          3920.27     -2.4825098E-004
          3931.56     -2.6464872E-004
          3942.85     -2.8183693E-004
          3954.14     -2.9969273E-004
          3965.43     -3.1825898E-004
          3976.72     -3.3757960E-004
          3988.01     -3.5769979E-004
          3999.30     -3.7866606E-004
          4010.59     -4.0052622E-004
          4021.88     -4.2332962E-004
          4033.16     -4.4712711E-004
          4044.45     -4.7197117E-004
          4055.74     -4.9791603E-004
          4067.03     -5.2501762E-004
          4078.32     -5.5333385E-004
          4089.61     -5.8267499E-004
          4100.90     -6.1286218E-004
          4112.19     -6.4397177E-004
          4123.48     -6.7608098E-004
          4134.77     -7.0926803E-004
          4146.05     -7.4361236E-004
          4157.34     -7.7919462E-004
          4168.63     -8.1609703E-004
          4179.92     -8.5440341E-004
          4191.21     -8.9419924E-004
          4202.50     -9.3557202E-004
          4213.79     -9.7861123E-004
          4225.08     -1.0234086E-003
          4236.37     -1.0706597E-003
          4247.66     -1.1215162E-003
          4258.95     -1.1765089E-003
          4270.23     -1.2356974E-003
          4281.52     -1.2991491E-003
          4292.81     -1.3669401E-003
          4304.10     -1.4391547E-003
          4315.39     -1.5158857E-003
          4326.68     -1.5972341E-003
          4337.97     -1.6833093E-003
          4349.26     -1.7742293E-003
          4360.55     -1.8701207E-003
          4371.84     -1.9711186E-003
          4383.12     -2.0773670E-003
          4394.41     -2.1996374E-003
          4405.70     -2.3483287E-003
          4416.99     -2.5230780E-003
          4428.28     -2.7235821E-003
          4439.57     -2.9495958E-003
          4450.86     -3.2009310E-003
          4462.15     -3.4774536E-003
          4473.44     -3.7790843E-003
          4484.73     -4.1057959E-003
          4496.02     -4.4576130E-003
          4507.30     -4.8346110E-003
          4518.59     -5.2369140E-003
          4529.88     -5.6646960E-003
          4541.17     -6.1379904E-003
          4552.46     -6.6758930E-003
          4563.75     -7.2773136E-003
          4575.04     -7.9412956E-003
          4586.33     -8.6670116E-003
          4597.62     -9.4537608E-003
          4608.91     -1.0300961E-002
          4620.20     -1.1208152E-002
          4631.48     -1.2174986E-002
          4642.77     -1.3201225E-002
          4654.06     -1.4286742E-002
          4665.35     -1.5431517E-002
          4676.64     -1.6635631E-002
          4687.93     -1.7899270E-002
          4699.22     -1.9252738E-002
          4710.51     -2.0724559E-002
          4721.80     -2.2312482E-002
          4733.09     -2.4014466E-002
          4744.38     -2.5828680E-002
          4755.66     -2.7753496E-002
          4766.95     -2.9787472E-002
          4778.24     -3.1929356E-002
          4789.53     -3.4178069E-002
          4800.82     -3.6532708E-002
          4812.11     -3.8992536E-002
          4823.40     -4.1556972E-002
          4834.69     -4.4225593E-002
          4845.98     -4.7060006E-002
          4857.27     -5.0117336E-002
          4868.55     -5.3390844E-002
          4879.84     -5.6874151E-002
          4891.13     -6.0561233E-002
          4902.42     -6.4446398E-002
          4913.71     -6.8524257E-002
          4925.00     -7.2789724E-002
          4936.29     -7.7237986E-002
          4947.58     -8.1864494E-002
          4958.87     -8.6664948E-002
          4970.16     -9.1635268E-002
          4981.45     -9.6771602E-002
          4992.73     -1.0206744E-001
          5004.02     -1.0750855E-001
          5015.31     -1.1308467E-001
          5026.60     -1.1879427E-001
          5037.89     -1.2463595E-001
          5049.18     -1.3060840E-001
          5060.47     -1.3671039E-001
          5071.76     -1.4294082E-001
          5083.05     -1.4929864E-001
          5094.34     -1.5578289E-001
          5105.62     -1.6239266E-001
          5116.91     -1.6912712E-001
          5128.20     -1.7598548E-001
          5139.49     -1.8296700E-001
          5150.78     -1.9027496E-001
          5162.07     -1.9809436E-001
          5173.36     -2.0639760E-001
          5184.65     -2.1515774E-001
          5195.94     -2.2434848E-001
          5207.23     -2.3394407E-001
          5218.52     -2.4391926E-001
          5229.80     -2.5424926E-001
          5241.09     -2.6490964E-001
          5252.38     -2.7587635E-001
          5263.67     -2.8712560E-001
          5274.96     -2.9863383E-001
          5286.25     -3.1037771E-001
          5297.54     -3.2233927E-001
          5308.83     -3.3449981E-001
          5320.12     -3.4683500E-001
          5331.41     -3.5932049E-001
          5342.70     -3.7193193E-001
          5353.98     -3.8464488E-001
          5365.27     -3.9743473E-001
          5376.56     -4.1027673E-001
          5387.85     -4.2314589E-001
          5399.14     -4.3601693E-001
          5410.43     -4.4886429E-001
          5421.72     -4.6166197E-001
          5433.01     -4.7438363E-001
          5444.30     -4.8700245E-001
          5455.59     -4.9942545E-001
          5466.88     -5.1158292E-001
          5478.16     -5.2348189E-001
          5489.45     -5.3512864E-001
          5500.74     -5.4652865E-001
          5512.03     -5.5768662E-001
          5523.32     -5.6860652E-001
          5534.61     -5.7929157E-001
          5545.90     -5.8974420E-001
          5557.19     -5.9996614E-001
          5568.48     -6.0995836E-001
          5579.77     -6.1972106E-001
          5591.05     -6.2925369E-001
          5602.34     -6.3848453E-001
          5613.63     -6.4734867E-001
          5624.92     -6.5585452E-001
          5636.21     -6.6400954E-001
          5647.50     -6.7182030E-001
          5658.79     -6.7929248E-001
          5670.08     -6.8643086E-001
          5681.37     -6.9323924E-001
          5692.66     -6.9972044E-001
          5703.95     -7.0583457E-001
          5715.23     -7.1154282E-001
          5726.52     -7.1684844E-001
          5737.81     -7.2179732E-001
          5749.10     -7.2643282E-001
          5760.39     -7.3075319E-001
          5771.68     -7.3469929E-001
          5782.97     -7.3821352E-001
          5794.26     -7.4129526E-001
          5805.55     -7.4394300E-001
          5816.84     -7.4615426E-001
          5828.12     -7.4799373E-001
          5839.41     -7.4952224E-001
          5850.70     -7.5073034E-001
          5861.99     -7.5160782E-001
          5873.28     -7.5214373E-001
          5884.57     -7.5252138E-001
          5895.86     -7.5291183E-001
          5907.15     -7.5328504E-001
          5918.44     -7.5361078E-001
          5929.73     -7.5414536E-001
          5941.02     -7.5512234E-001
          5952.30     -7.5647776E-001
          5963.59     -7.5814828E-001
          5974.88     -7.6052799E-001
          5986.17     -7.6396233E-001
          5997.46     -7.6831702E-001
          6008.75     -7.7345983E-001
          6020.04     -7.7926038E-001
          6031.33     -7.8626989E-001
          6042.62     -7.9491949E-001
          6053.91     -8.0490263E-001
          6065.20     -8.1591591E-001
          6076.48     -8.2787946E-001
          6087.77     -8.4063437E-001
          6099.06     -8.5376260E-001
          6110.35     -8.6684776E-001
          6121.64     -8.7947452E-001
          6132.93     -8.9142696E-001
          6144.22     -9.0273349E-001
          6155.51     -9.1340575E-001
          6166.80     -9.2348889E-001
          6178.09     -9.3298137E-001
          6189.38     -9.4187796E-001
          6200.66     -9.5017339E-001
          6211.95     -9.5786126E-001
          6223.24     -9.6493431E-001
          6234.53     -9.7138432E-001
          6245.82     -9.7720187E-001
          6257.11     -9.8237640E-001
          6268.40     -9.8689617E-001
          6279.69     -9.9077599E-001
          6290.98     -9.9404071E-001
          6302.27     -9.9669200E-001
          6313.55     -9.9873041E-001
          6324.84     -1.0001554E+000
          6336.13     -1.0009653E+000
          6347.42     -1.0011575E+000
          6358.71     -1.0007282E+000
          6370.00     -9.9967245E-001
