          3480.00      6.7028649E-030
          3491.29     -3.7869637E-005
          3502.58     -7.5440422E-005
          3513.87     -1.1275651E-004
          3525.16     -1.4986090E-004
          3536.45     -1.8679567E-004
          3547.73     -2.2360197E-004
          3559.02     -2.6031997E-004
          3570.31     -2.9698913E-004
          3581.60     -3.3364815E-004
          3592.89     -3.7033501E-004
          3604.18     -4.0708697E-004
          3615.47     -4.4394032E-004
          3626.76     -4.8093069E-004
          3638.05     -5.1791126E-004
          3649.34     -5.5475167E-004
          3660.62     -5.9151114E-004
          3671.91     -6.2824775E-004
          3683.20     -6.6501853E-004
          3694.49     -7.0187964E-004
          3705.78     -7.3888632E-004
          3717.07     -7.7609312E-004
          3728.36     -8.1355396E-004
          3739.65     -8.5132206E-004
          3750.94     -8.8945022E-004
          3762.23     -9.2799078E-004
          3773.52     -9.6699573E-004
          3784.80     -1.0074088E-003
          3796.09     -1.0501395E-003
          3807.38     -1.0951913E-003
          3818.67     -1.1425703E-003
          3829.96     -1.1922858E-003
          3841.25     -1.2443498E-003
          3852.54     -1.2987773E-003
          3863.83     -1.3555861E-003
          3875.12     -1.4147967E-003
          3886.41     -1.4764322E-003
          3897.70     -1.5405185E-003
          3908.98     -1.6070842E-003
          3920.27     -1.6761605E-003
          3931.56     -1.7477810E-003
          3942.85     -1.8214941E-003
          3954.14     -1.8968693E-003
          3965.43     -1.9739754E-003
          3976.72     -2.0528817E-003
          3988.01     -2.1336589E-003
          3999.30     -2.2163788E-003
          4010.59     -2.3011141E-003
          4021.88     -2.3879389E-003
          4033.16     -2.4769287E-003
          4044.45     -2.5681601E-003
          4055.74     -2.6617111E-003
          4067.03     -2.7576612E-003
          4078.32     -2.8560913E-003
          4089.61     -2.9564839E-003
          4100.90     -3.0583419E-003
          4112.19     -3.1617781E-003
          4123.48     -3.2669057E-003
          4134.77     -3.3738376E-003
          4146.05     -3.4826870E-003
          4157.34     -3.5935674E-003
          4168.63     -3.7065926E-003
          4179.92     -3.8218772E-003
          4191.21     -3.9395361E-003
          4202.50     -4.0596851E-003
          4213.79     -4.1824410E-003
          4225.08     -4.3079211E-003
          4236.37     -4.4374255E-003
          4247.66     -4.5731431E-003
          4258.95     -4.7160465E-003
          4270.23     -4.8661848E-003
          4281.52     -5.0236135E-003
          4292.81     -5.1883953E-003
          4304.10     -5.3605996E-003
          4315.39     -5.5403026E-003
          4326.68     -5.7275874E-003
          4337.97     -5.9225430E-003
          4349.26     -6.1252658E-003
          4360.55     -6.3358587E-003
          4371.84     -6.5544310E-003
          4383.12     -6.7810989E-003
          4394.41     -7.0337033E-003
          4405.70     -7.3295991E-003
          4416.99     -7.6682180E-003
          4428.28     -8.0490409E-003
          4439.57     -8.4715984E-003
          4450.86     -8.9354689E-003
          4462.15     -9.4402763E-003
          4473.44     -9.9856905E-003
          4484.73     -1.0571425E-002
          4496.02     -1.1197238E-002
          4507.30     -1.1862928E-002
          4518.59     -1.2568336E-002
          4529.88     -1.3313341E-002
          4541.17     -1.4127527E-002
          4552.46     -1.5039417E-002
          4563.75     -1.6047416E-002
          4575.04     -1.7150037E-002
          4586.33     -1.8345892E-002
          4597.62     -1.9633694E-002
          4608.91     -2.1012250E-002
          4620.20     -2.2480461E-002
          4631.48     -2.4037322E-002
          4642.77     -2.5681910E-002
          4654.06     -2.7413392E-002
          4665.35     -2.9231016E-002
          4676.64     -3.1134114E-002
          4687.93     -3.3122095E-002
          4699.22     -3.5233485E-002
          4710.51     -3.7505005E-002
          4721.80     -3.9933529E-002
          4733.09     -4.2516077E-002
          4744.38     -4.5249826E-002
          4755.66     -4.8132091E-002
          4766.95     -5.1160329E-002
          4778.24     -5.4332128E-002
          4789.53     -5.7645201E-002
          4800.82     -6.1097390E-002
          4812.11     -6.4686656E-002
          4823.40     -6.8411067E-002
          4834.69     -7.2268813E-002
          4845.98     -7.6327762E-002
          4857.27     -8.0651632E-002
          4868.55     -8.5232644E-002
          4879.84     -9.0063242E-002
          4891.13     -9.5136101E-002
          4902.42     -1.0044411E-001
          4913.71     -1.0598034E-001
          4925.00     -1.1173808E-001
          4936.29     -1.1771077E-001
          4947.58     -1.2389204E-001
          4958.87     -1.3027569E-001
          4970.16     -1.3685564E-001
          4981.45     -1.4362598E-001
          4992.73     -1.5057814E-001
          5004.02     -1.5769605E-001
          5015.31     -1.6496737E-001
          5026.60     -1.7238805E-001
          5037.89     -1.7995411E-001
          5049.18     -1.8766168E-001
          5060.47     -1.9550691E-001
          5071.76     -2.0348607E-001
          5083.05     -2.1159547E-001
          5094.34     -2.1983144E-001
          5105.62     -2.2819043E-001
          5116.91     -2.3666886E-001
          5128.20     -2.4526325E-001
          5139.49     -2.5397012E-001
          5150.78     -2.6293567E-001
          5162.07     -2.7229155E-001
          5173.36     -2.8201269E-001
          5184.65     -2.9207427E-001
          5195.94     -3.0245173E-001
          5207.23     -3.1312069E-001
          5218.52     -3.2405700E-001
          5229.80     -3.3523666E-001
          5241.09     -3.4663577E-001
          5252.38     -3.5823060E-001
          5263.67     -3.6999750E-001
          5274.96     -3.8191286E-001
          5286.25     -3.9395313E-001
          5297.54     -4.0609749E-001
          5308.83     -4.1832448E-001
          5320.12     -4.3060964E-001
          5331.41     -4.4292842E-001
          5342.70     -4.5525629E-001
          5353.98     -4.6756858E-001
          5365.27     -4.7984054E-001
          5376.56     -4.9204729E-001
          5387.85     -5.0416382E-001
          5399.14     -5.1616495E-001
          5410.43     -5.2802530E-001
          5421.72     -5.3971929E-001
          5433.01     -5.5122112E-001
          5444.30     -5.6250474E-001
          5455.59     -5.7356845E-001
          5466.88     -5.8442705E-001
          5478.16     -5.9507889E-001
          5489.45     -6.0552203E-001
          5500.74     -6.1575427E-001
          5512.03     -6.2577309E-001
          5523.32     -6.3557575E-001
          5534.61     -6.4515920E-001
          5545.90     -6.5452010E-001
          5557.19     -6.6365485E-001
          5568.48     -6.7255956E-001
          5579.77     -6.8123004E-001
          5591.05     -6.8966177E-001
          5602.34     -6.9785318E-001
          5613.63     -7.0580740E-001
          5624.92     -7.1352661E-001
          5636.21     -7.2101264E-001
          5647.50     -7.2826710E-001
          5658.79     -7.3529130E-001
          5670.08     -7.4208628E-001
          5681.37     -7.4865271E-001
          5692.66     -7.5499087E-001
          5703.95     -7.6109206E-001
          5715.23     -7.6694848E-001
          5726.52     -7.7256144E-001
          5737.81     -7.7794383E-001
          5749.10     -7.8310736E-001
          5760.39     -7.8805128E-001
          5771.68     -7.9275850E-001
          5782.97     -7.9721288E-001
          5794.26     -8.0141492E-001
          5805.55     -8.0536487E-001
          5816.84     -8.0906273E-001
          5828.12     -8.1253395E-001
          5839.41     -8.1580231E-001
          5850.70     -8.1886494E-001
          5861.99     -8.2171875E-001
          5873.28     -8.2436043E-001
          5884.57     -8.2686900E-001
          5895.86     -8.2931802E-001
          5907.15     -8.3169574E-001
          5918.44     -8.3399031E-001
          5929.73     -8.3631589E-001
          5941.02     -8.3877654E-001
          5952.30     -8.4134544E-001
          5963.59     -8.4399592E-001
          5974.88     -8.4690686E-001
          5986.17     -8.5023596E-001
          5997.46     -8.5392539E-001
          6008.75     -8.5791794E-001
          6020.04     -8.6215707E-001
          6031.33     -8.6690050E-001
          6042.62     -8.7235461E-001
          6053.91     -8.7838711E-001
          6065.20     -8.8486674E-001
          6076.48     -8.9177143E-001
          6087.77     -8.9904554E-001
          6099.06     -9.0650891E-001
          6110.35     -9.1398203E-001
          6121.64     -9.2128597E-001
          6132.93     -9.2829094E-001
          6144.22     -9.3497043E-001
          6155.51     -9.4132447E-001
          6166.80     -9.4736744E-001
          6178.09     -9.5309512E-001
          6189.38     -9.5850189E-001
          6200.66     -9.6358326E-001
          6211.95     -9.6833441E-001
          6223.24     -9.7275054E-001
          6234.53     -9.7682662E-001
          6245.82     -9.8055709E-001
          6257.11     -9.8393609E-001
          6268.40     -9.8695744E-001
          6279.69     -9.8963955E-001
          6290.98     -9.9200528E-001
          6302.27     -9.9405465E-001
          6313.55     -9.9578738E-001
          6324.84     -9.9720293E-001
          6336.13     -9.9830047E-001
          6347.42     -9.9907887E-001
          6358.71     -9.9953675E-001
          6370.00     -9.9967245E-001
