          3480.00      0.0000000E+000
          3491.29      2.0319436E-002
          3502.58      1.8771261E-002
          3513.87      1.7308322E-002
          3525.16      1.5927865E-002
          3536.45      1.4626830E-002
          3547.73      1.3401903E-002
          3559.02      1.2249564E-002
          3570.31      1.1166124E-002
          3581.60      1.0147782E-002
          3592.89      9.1906642E-003
          3604.18      8.2908657E-003
          3615.47      7.4444777E-003
          3626.76      6.6476297E-003
          3638.05      5.8965371E-003
          3649.34      5.1875319E-003
          3660.62      4.5170816E-003
          3671.91      3.8818104E-003
          3683.20      3.2785124E-003
          3694.49      2.7041598E-003
          3705.78      2.1559113E-003
          3717.07      1.6311105E-003
          3728.36      1.1272869E-003
          3739.65      6.4215430E-004
          3750.94      1.7360255E-004
          3762.23     -2.8030721E-004
          3773.52     -7.2135098E-004
          3784.80     -1.1511510E-003
          3796.09     -1.5711833E-003
          3807.38     -1.9827865E-003
          3818.67     -2.3871716E-003
          3829.96     -2.7854333E-003
          3841.25     -3.1785620E-003
          3852.54     -3.5674505E-003
          3863.83     -3.9529035E-003
          3875.12     -4.3356456E-003
          3886.41     -4.7163275E-003
          3897.70     -5.0955355E-003
          3908.98     -5.4737965E-003
          3920.27     -5.8515834E-003
          3931.56     -6.2293224E-003
          3942.85     -6.6073969E-003
          3954.14     -6.9861500E-003
          3965.43     -7.3658888E-003
          3976.72     -7.7468896E-003
          3988.01     -8.1294044E-003
          3999.30     -8.5136626E-003
          4010.59     -8.8998724E-003
          4021.88     -9.2882255E-003
          4033.16     -9.6788977E-003
          4044.45     -1.0072051E-002
          4055.74     -1.0467837E-002
          4067.03     -1.0866394E-002
          4078.32     -1.1267853E-002
          4089.61     -1.1672340E-002
          4100.90     -1.2079968E-002
          4112.19     -1.2490849E-002
          4123.48     -1.2905090E-002
          4134.77     -1.3322792E-002
          4146.05     -1.3744052E-002
          4157.34     -1.4168968E-002
          4168.63     -1.4597631E-002
          4179.92     -1.5030135E-002
          4191.21     -1.5466568E-002
          4202.50     -1.5907021E-002
          4213.79     -1.6351583E-002
          4225.08     -1.6800340E-002
          4236.37     -1.7253384E-002
          4247.66     -1.7710801E-002
          4258.95     -1.8172682E-002
          4270.23     -1.8639118E-002
          4281.52     -1.9110199E-002
          4292.81     -1.9586018E-002
          4304.10     -2.0066669E-002
          4315.39     -2.0552246E-002
          4326.68     -2.1042847E-002
          4337.97     -2.1538567E-002
          4349.26     -2.2039507E-002
          4360.55     -2.2545769E-002
          4371.84     -2.3057449E-002
          4383.12     -2.3574651E-002
          4394.41     -2.4097482E-002
          4405.70     -2.4626057E-002
          4416.99     -2.5160490E-002
          4428.28     -2.5700899E-002
          4439.57     -2.6247402E-002
          4450.86     -2.6800123E-002
          4462.15     -2.7359186E-002
          4473.44     -2.7924718E-002
          4484.73     -2.8496849E-002
          4496.02     -2.9075715E-002
          4507.30     -2.9661451E-002
          4518.59     -3.0254197E-002
          4529.88     -3.0854097E-002
          4541.17     -3.1461299E-002
          4552.46     -3.2075954E-002
          4563.75     -3.2698216E-002
          4575.04     -3.3328244E-002
          4586.33     -3.3966201E-002
          4597.62     -3.4612255E-002
          4608.91     -3.5266579E-002
          4620.20     -3.5929349E-002
          4631.48     -3.6600747E-002
          4642.77     -3.7280961E-002
          4654.06     -3.7970184E-002
          4665.35     -3.8668612E-002
          4676.64     -3.9376451E-002
          4687.93     -4.0093911E-002
          4699.22     -4.0821205E-002
          4710.51     -4.1558558E-002
          4721.80     -4.2306198E-002
          4733.09     -4.3064361E-002
          4744.38     -4.3833289E-002
          4755.66     -4.4613232E-002
          4766.95     -4.5404449E-002
          4778.24     -4.6207206E-002
          4789.53     -4.7021775E-002
          4800.82     -4.7848439E-002
          4812.11     -4.8687491E-002
          4823.40     -4.9539230E-002
          4834.69     -5.0403965E-002
          4845.98     -5.1282019E-002
          4857.27     -5.2173722E-002
          4868.55     -5.3079417E-002
          4879.84     -5.3999457E-002
          4891.13     -5.4934208E-002
          4902.42     -5.5884048E-002
          4913.71     -5.6849365E-002
          4925.00     -5.7830563E-002
          4936.29     -5.8828060E-002
          4947.58     -5.9842286E-002
          4958.87     -6.0873689E-002
          4970.16     -6.1922729E-002
          4981.45     -6.2989885E-002
          4992.73     -6.4075654E-002
          5004.02     -6.5180549E-002
          5015.31     -6.6305105E-002
          5026.60     -6.7449876E-002
          5037.89     -6.8615435E-002
          5049.18     -6.9802381E-002
          5060.47     -7.1011327E-002
          5071.76     -7.2242917E-002
          5083.05     -7.3497818E-002
          5094.34     -7.4776718E-002
          5105.62     -7.6080338E-002
          5116.91     -7.7409427E-002
          5128.20     -7.8764761E-002
          5139.49     -8.0147151E-002
          5150.78     -8.1557438E-002
          5162.07     -8.2996502E-002
          5173.36     -8.4465262E-002
          5184.65     -8.5964670E-002
          5195.94     -8.7495721E-002
          5207.23     -8.9059456E-002
          5218.52     -9.0656957E-002
          5229.80     -9.2289357E-002
          5241.09     -9.3957835E-002
          5252.38     -9.5663628E-002
          5263.67     -9.7408031E-002
          5274.96     -9.9192391E-002
          5286.25     -1.0101813E-001
          5297.54     -1.0288672E-001
          5308.83     -1.0479972E-001
          5320.12     -1.0675878E-001
          5331.41     -1.0876558E-001
          5342.70     -1.1082194E-001
          5353.98     -1.1292974E-001
          5365.27     -1.1509096E-001
          5376.56     -1.1730769E-001
          5387.85     -1.1958212E-001
          5399.14     -1.2191657E-001
          5410.43     -1.2431347E-001
          5421.72     -1.2677539E-001
          5433.01     -1.2930504E-001
          5444.30     -1.3190529E-001
          5455.59     -1.3457917E-001
          5466.88     -1.3732988E-001
          5478.16     -1.4016082E-001
          5489.45     -1.4307557E-001
          5500.74     -1.4607797E-001
          5512.03     -1.4917203E-001
          5523.32     -1.5236207E-001
          5534.61     -1.5565264E-001
          5545.90     -1.5904861E-001
          5557.19     -1.6255514E-001
          5568.48     -1.6617777E-001
          5579.77     -1.6992241E-001
          5591.05     -1.7379545E-001
          5602.34     -1.7780368E-001
          5613.63     -1.8195435E-001
          5624.92     -1.8625520E-001
          5636.21     -1.9071453E-001
          5647.50     -1.9534124E-001
          5658.79     -2.0014489E-001
          5670.08     -2.0513576E-001
          5681.37     -2.1032527E-001
          5692.66     -2.1572588E-001
          5703.95     -1.8627841E-001
          5715.23     -1.2871702E-001
          5726.52     -8.2135435E-002
          5737.81     -5.0936703E-002
          5749.10     -3.0493555E-002
          5760.39     -1.6763794E-002
          5771.68     -7.2181644E-003
          5782.97     -3.5502216E-004
          5794.26      4.7277109E-003
          5805.55      8.5878568E-003
          5816.84      1.1581773E-002
          5828.12      1.3944575E-002
          5839.41      1.5836015E-002
          5850.70      1.7367546E-002
          5861.99      1.8618776E-002
          5873.28      1.9647758E-002
          5884.57      2.0497624E-002
          5895.86      2.1200939E-002
          5907.15      2.1782649E-002
          5918.44      2.2262089E-002
          5929.73      2.2654422E-002
          5941.02      2.2971663E-002
          5952.30      2.3223405E-002
          5963.59      2.3417357E-002
          5974.88      2.3559737E-002
          5986.17      2.3655567E-002
          5997.46      2.3708908E-002
          6008.75      2.3723037E-002
          6020.04      2.3700576E-002
          6031.33      2.3643608E-002
          6042.62      2.3553745E-002
          6053.91      2.3432178E-002
          6065.20      2.3279722E-002
          6076.48      2.3096857E-002
          6087.77      2.2883753E-002
          6099.06      2.2640284E-002
          6110.35      2.2366030E-002
          6121.64      2.2060278E-002
          6132.93      2.1722018E-002
          6144.22      2.1349937E-002
          6155.51      2.0942418E-002
          6166.80      2.0497517E-002
          6178.09      2.0012922E-002
          6189.38      1.9485913E-002
          6200.66      1.8913282E-002
          6211.95      1.8291268E-002
          6223.24      1.7615468E-002
          6234.53      1.6880730E-002
          6245.82      1.6081024E-002
          6257.11      1.5209273E-002
          6268.40      1.4257151E-002
          6279.69      1.3208966E-002
          6290.98      1.2051314E-002
          6302.27      1.0776911E-002
          6313.55      9.3766144E-003
          6324.84      7.8392071E-003
          6336.13      6.1510681E-003
          6347.42      4.2957456E-003
          6358.71      2.2533917E-003
          6370.00      0.0000000E+000
