          3480.00      0.0000000E+000
          3491.29      4.6808454E+001
          3502.58      4.3213972E+001
          3513.87      3.9808853E+001
          3525.16      3.6587154E+001
          3536.45      3.3542310E+001
          3547.73      3.0667231E+001
          3559.02      2.7954398E+001
          3570.31      2.5395942E+001
          3581.60      2.2983748E+001
          3592.89      2.0709540E+001
          3604.18      1.8564954E+001
          3615.47      1.6541595E+001
          3626.76      1.4631123E+001
          3638.05      1.2825353E+001
          3649.34      1.1116321E+001
          3660.62      9.4963254E+000
          3671.91      7.9579705E+000
          3683.20      6.4941980E+000
          3694.49      5.0983078E+000
          3705.78      3.7639775E+000
          3717.07      2.4852634E+000
          3728.36      1.2566057E+000
          3739.65      7.2828858E-002
          3750.94     -1.0708731E+000
          3762.23     -2.1789430E+000
          3773.52     -3.2554757E+000
          3784.80     -4.3042352E+000
          3796.09     -5.3286674E+000
          3807.38     -6.3319177E+000
          3818.67     -7.3168494E+000
          3829.96     -8.2860673E+000
          3841.25     -9.2419423E+000
          3852.54     -1.0186625E+001
          3863.83     -1.1122067E+001
          3875.12     -1.2050033E+001
          3886.41     -1.2972121E+001
          3897.70     -1.3889777E+001
          3908.98     -1.4804306E+001
          3920.27     -1.5716890E+001
          3931.56     -1.6628597E+001
          3942.85     -1.7540392E+001
          3954.14     -1.8453145E+001
          3965.43     -1.9367637E+001
          3976.72     -2.0284576E+001
          3988.01     -2.1204606E+001
          3999.30     -2.2128318E+001
          4010.59     -2.3056250E+001
          4021.88     -2.3988895E+001
          4033.16     -2.4926709E+001
          4044.45     -2.5870111E+001
          4055.74     -2.6819492E+001
          4067.03     -2.7775211E+001
          4078.32     -2.8737610E+001
          4089.61     -2.9707006E+001
          4100.90     -3.0683697E+001
          4112.19     -3.1667970E+001
          4123.48     -3.2660095E+001
          4134.77     -3.3660331E+001
          4146.05     -3.4668930E+001
          4157.34     -3.5686132E+001
          4168.63     -3.6712174E+001
          4179.92     -3.7747286E+001
          4191.21     -3.8791694E+001
          4202.50     -3.9845621E+001
          4213.79     -4.0909287E+001
          4225.08     -4.1982912E+001
          4236.37     -4.3066714E+001
          4247.66     -4.4160911E+001
          4258.95     -4.5265723E+001
          4270.23     -4.6381372E+001
          4281.52     -4.7508081E+001
          4292.81     -4.8646073E+001
          4304.10     -4.9795576E+001
          4315.39     -5.0956821E+001
          4326.68     -5.2130039E+001
          4337.97     -5.3315467E+001
          4349.26     -5.4513345E+001
          4360.55     -5.5723919E+001
          4371.84     -5.6947422E+001
          4383.12     -5.8184100E+001
          4394.41     -5.9434217E+001
          4405.70     -6.0698042E+001
          4416.99     -6.1975852E+001
          4428.28     -6.3267927E+001
          4439.57     -6.4574555E+001
          4450.86     -6.5896028E+001
          4462.15     -6.7232643E+001
          4473.44     -6.8584706E+001
          4484.73     -6.9952530E+001
          4496.02     -7.1336434E+001
          4507.30     -7.2736747E+001
          4518.59     -7.4153801E+001
          4529.88     -7.5587942E+001
          4541.17     -7.7039523E+001
          4552.46     -7.8508902E+001
          4563.75     -7.9996451E+001
          4575.04     -8.1502548E+001
          4586.33     -8.3027584E+001
          4597.62     -8.4571961E+001
          4608.91     -8.6136088E+001
          4620.20     -8.7720388E+001
          4631.48     -8.9325299E+001
          4642.77     -9.0951265E+001
          4654.06     -9.2598746E+001
          4665.35     -9.4268216E+001
          4676.64     -9.5960162E+001
          4687.93     -9.7675085E+001
          4699.22     -9.9413499E+001
          4710.51     -1.0117593E+002
          4721.80     -1.0296294E+002
          4733.09     -1.0477508E+002
          4744.38     -1.0661292E+002
          4755.66     -1.0847708E+002
          4766.95     -1.1036815E+002
          4778.24     -1.1228679E+002
          4789.53     -1.1423364E+002
          4800.82     -1.1620937E+002
          4812.11     -1.1821468E+002
          4823.40     -1.2025029E+002
          4834.69     -1.2231694E+002
          4845.98     -1.2441539E+002
          4857.27     -1.2654644E+002
          4868.55     -1.2871089E+002
          4879.84     -1.3090960E+002
          4891.13     -1.3314344E+002
          4902.42     -1.3541330E+002
          4913.71     -1.3772012E+002
          4925.00     -1.4006486E+002
          4936.29     -1.4244852E+002
          4947.58     -1.4487212E+002
          4958.87     -1.4733672E+002
          4970.16     -1.4984344E+002
          4981.45     -1.5239341E+002
          4992.73     -1.5498782E+002
          5004.02     -1.5762789E+002
          5015.31     -1.6031489E+002
          5026.60     -1.6305016E+002
          5037.89     -1.6583505E+002
          5049.18     -1.6867100E+002
          5060.47     -1.7155946E+002
          5071.76     -1.7450198E+002
          5083.05     -1.7750014E+002
          5094.34     -1.8055559E+002
          5105.62     -1.8367004E+002
          5116.91     -1.8684528E+002
          5128.20     -1.9008317E+002
          5139.49     -1.9338563E+002
          5150.78     -1.9675468E+002
          5162.07     -2.0019241E+002
          5173.36     -2.0370101E+002
          5184.65     -2.0728275E+002
          5195.94     -2.1094001E+002
          5207.23     -2.1467527E+002
          5218.52     -2.1849110E+002
          5229.80     -2.2239021E+002
          5241.09     -2.2637542E+002
          5252.38     -2.3044966E+002
          5263.67     -2.3461603E+002
          5274.96     -2.3887774E+002
          5286.25     -2.4323816E+002
          5297.54     -2.4770084E+002
          5308.83     -2.5226948E+002
          5320.12     -2.5694797E+002
          5331.41     -2.6174038E+002
          5342.70     -2.6665101E+002
          5353.98     -2.7168434E+002
          5365.27     -2.7684510E+002
          5376.56     -2.8213827E+002
          5387.85     -2.8756906E+002
          5399.14     -2.9314299E+002
          5410.43     -2.9886587E+002
          5421.72     -3.0474382E+002
          5433.01     -3.1078330E+002
          5444.30     -3.1699113E+002
          5455.59     -3.2337453E+002
          5466.88     -3.2994113E+002
          5478.16     -3.3669902E+002
          5489.45     -3.4365676E+002
          5500.74     -3.5082342E+002
          5512.03     -3.5820863E+002
          5523.32     -3.6582262E+002
          5534.61     -3.7367626E+002
          5545.90     -3.8178110E+002
          5557.19     -3.9014949E+002
          5568.48     -3.9879454E+002
          5579.77     -4.0773039E+002
          5591.05     -4.1697220E+002
          5602.34     -4.2653611E+002
          5613.63     -4.3643940E+002
          5624.92     -4.4670050E+002
          5636.21     -4.5733914E+002
          5647.50     -4.6837652E+002
          5658.79     -4.7983537E+002
          5670.08     -4.9174019E+002
          5681.37     -5.0411809E+002
          5692.66     -5.1699870E+002
          5703.95     -4.5207694E+002
          5715.23     -3.2010078E+002
          5726.52     -2.0953587E+002
          5737.81     -1.3366940E+002
          5749.10     -8.3186982E+001
          5760.39     -4.8948576E+001
          5771.68     -2.4989405E+001
          5782.97     -7.6853307E+000
          5794.26      5.1724421E+000
          5805.55      1.4963050E+001
          5816.84      2.2573539E+001
          5828.12      2.8592051E+001
          5839.41      3.3419689E+001
          5850.70      3.7337080E+001
          5861.99      4.0545112E+001
          5873.28      4.3190545E+001
          5884.57      4.5382571E+001
          5895.86      4.7203745E+001
          5907.15      4.8717368E+001
          5918.44      4.9972569E+001
          5929.73      5.1007905E+001
          5941.02      5.1853966E+001
          5952.30      5.2535213E+001
          5963.59      5.3071323E+001
          5974.88      5.3478198E+001
          5986.17      5.3768716E+001
          5997.46      5.3953322E+001
          6008.75      5.4040476E+001
          6020.04      5.4036989E+001
          6031.33      5.3948310E+001
          6042.62      5.3778710E+001
          6053.91      5.3531406E+001
          6065.20      5.3208681E+001
          6076.48      5.2811992E+001
          6087.77      5.2342035E+001
          6099.06      5.1798778E+001
          6110.35      5.1181482E+001
          6121.64      5.0488710E+001
          6132.93      4.9718308E+001
          6144.22      4.8867412E+001
          6155.51      4.7932442E+001
          6166.80      4.6909050E+001
          6178.09      4.5792045E+001
          6189.38      4.4575281E+001
          6200.66      4.3251503E+001
          6211.95      4.1812185E+001
          6223.24      4.0247338E+001
          6234.53      3.8545280E+001
          6245.82      3.6692337E+001
          6257.11      3.4672479E+001
          6268.40      3.2466865E+001
          6279.69      3.0043858E+001
          6290.98      2.7377260E+001
          6302.27      2.4451238E+001
          6313.55      2.1246094E+001
          6324.84      1.7737823E+001
          6336.13      1.3897459E+001
          6347.42      9.6902277E+000
          6358.71      5.0744385E+000
          6370.00      0.0000000E+000
