          3480.00      0.0000000E+000
          3491.29      5.2073398E+001
          3502.58      5.1270378E+001
          3513.87      5.0476597E+001
          3525.16      4.9691809E+001
          3536.45      4.8915768E+001
          3547.73      4.8148232E+001
          3559.02      4.7388967E+001
          3570.31      4.6637736E+001
          3581.60      4.5894309E+001
          3592.89      4.5158456E+001
          3604.18      4.4429946E+001
          3615.47      4.3708535E+001
          3626.76      4.2993973E+001
          3638.05      4.2286022E+001
          3649.34      4.1584448E+001
          3660.62      4.0889025E+001
          3671.91      4.0199528E+001
          3683.20      3.9515741E+001
          3694.49      3.8837446E+001
          3705.78      3.8164436E+001
          3717.07      3.7496501E+001
          3728.36      3.6833437E+001
          3739.65      3.6175044E+001
          3750.94      3.5521123E+001
          3762.23      3.4871480E+001
          3773.52      3.4225922E+001
          3784.80      3.3584260E+001
          3796.09      3.2946308E+001
          3807.38      3.2311883E+001
          3818.67      3.1680807E+001
          3829.96      3.1052905E+001
          3841.25      3.0428002E+001
          3852.54      2.9805927E+001
          3863.83      2.9186510E+001
          3875.12      2.8569584E+001
          3886.41      2.7954984E+001
          3897.70      2.7342548E+001
          3908.98      2.6732114E+001
          3920.27      2.6123524E+001
          3931.56      2.5516620E+001
          3942.85      2.4911248E+001
          3954.14      2.4307255E+001
          3965.43      2.3704492E+001
          3976.72      2.3102811E+001
          3988.01      2.2502067E+001
          3999.30      2.1902114E+001
          4010.59      2.1302810E+001
          4021.88      2.0704014E+001
          4033.16      2.0105584E+001
          4044.45      1.9507382E+001
          4055.74      1.8909270E+001
          4067.03      1.8311112E+001
          4078.32      1.7712773E+001
          4089.61      1.7114118E+001
          4100.90      1.6515015E+001
          4112.19      1.5915331E+001
          4123.48      1.5314935E+001
          4134.77      1.4713697E+001
          4146.05      1.4111488E+001
          4157.34      1.3508179E+001
          4168.63      1.2903642E+001
          4179.92      1.2297750E+001
          4191.21      1.1690377E+001
          4202.50      1.1081396E+001
          4213.79      1.0470682E+001
          4225.08      9.8581089E+000
          4236.37      9.2435525E+000
          4247.66      8.6268889E+000
          4258.95      8.0079931E+000
          4270.23      7.3867404E+000
          4281.52      6.7630075E+000
          4292.81      6.1366698E+000
          4304.10      5.5076033E+000
          4315.39      4.8756838E+000
          4326.68      4.2407864E+000
          4337.97      3.6027878E+000
          4349.26      2.9615627E+000
          4360.55      2.3169854E+000
          4371.84      1.6689333E+000
          4383.12      1.0172815E+000
          4394.41      3.6190334E-001
          4405.70     -2.9732857E-001
          4416.99     -9.6054306E-001
          4428.28     -1.6278679E+000
          4439.57     -2.2994333E+000
          4450.86     -2.9753706E+000
          4462.15     -3.6558100E+000
          4473.44     -4.3408845E+000
          4484.73     -5.0307279E+000
          4496.02     -5.7254749E+000
          4507.30     -6.4252620E+000
          4518.59     -7.1302253E+000
          4529.88     -7.8405043E+000
          4541.17     -8.5562398E+000
          4552.46     -9.2775722E+000
          4563.75     -1.0004645E+001
          4575.04     -1.0737605E+001
          4586.33     -1.1476597E+001
          4597.62     -1.2221771E+001
          4608.91     -1.2973277E+001
          4620.20     -1.3731269E+001
          4631.48     -1.4495902E+001
          4642.77     -1.5267333E+001
          4654.06     -1.6045722E+001
          4665.35     -1.6831232E+001
          4676.64     -1.7624028E+001
          4687.93     -1.8424278E+001
          4699.22     -1.9232153E+001
          4710.51     -2.0047827E+001
          4721.80     -2.0871477E+001
          4733.09     -2.1703283E+001
          4744.38     -2.2543428E+001
          4755.66     -2.3392100E+001
          4766.95     -2.4249489E+001
          4778.24     -2.5115791E+001
          4789.53     -2.5991202E+001
          4800.82     -2.6875927E+001
          4812.11     -2.7770172E+001
          4823.40     -2.8674146E+001
          4834.69     -2.9588068E+001
          4845.98     -3.0512156E+001
          4857.27     -3.1446637E+001
          4868.55     -3.2391741E+001
          4879.84     -3.3347704E+001
          4891.13     -3.4314767E+001
          4902.42     -3.5293179E+001
          4913.71     -3.6283190E+001
          4925.00     -3.7285060E+001
          4936.29     -3.8299056E+001
          4947.58     -3.9325448E+001
          4958.87     -4.0364516E+001
          4970.16     -4.1416544E+001
          4981.45     -4.2481825E+001
          4992.73     -4.3560662E+001
          5004.02     -4.4653361E+001
          5015.31     -4.5760239E+001
          5026.60     -4.6881623E+001
          5037.89     -4.8017846E+001
          5049.18     -4.9169253E+001
          5060.47     -5.0336195E+001
          5071.76     -5.1519034E+001
          5083.05     -5.2718144E+001
          5094.34     -5.3933908E+001
          5105.62     -5.5166719E+001
          5116.91     -5.6416984E+001
          5128.20     -5.7685119E+001
          5139.49     -5.8971556E+001
          5150.78     -6.0276736E+001
          5162.07     -6.1601115E+001
          5173.36     -6.2945165E+001
          5184.65     -6.4309369E+001
          5195.94     -6.5694226E+001
          5207.23     -6.7100253E+001
          5218.52     -6.8527980E+001
          5229.80     -6.9977957E+001
          5241.09     -7.1450748E+001
          5252.38     -7.2946937E+001
          5263.67     -7.4467130E+001
          5274.96     -7.6011948E+001
          5286.25     -7.7582036E+001
          5297.54     -7.9178059E+001
          5308.83     -8.0800707E+001
          5320.12     -8.2450694E+001
          5331.41     -8.4128754E+001
          5342.70     -8.5835652E+001
          5353.98     -8.7572179E+001
          5365.27     -8.9339151E+001
          5376.56     -9.1137417E+001
          5387.85     -9.2967855E+001
          5399.14     -9.4831377E+001
          5410.43     -9.6728928E+001
          5421.72     -9.8661486E+001
          5433.01     -1.0063007E+002
          5444.30     -1.0263574E+002
          5455.59     -1.0467958E+002
          5466.88     -1.0676275E+002
          5478.16     -1.0888642E+002
          5489.45     -1.1105183E+002
          5500.74     -1.1326026E+002
          5512.03     -1.1551304E+002
          5523.32     -1.1781157E+002
          5534.61     -1.2015729E+002
          5545.90     -1.2255171E+002
          5557.19     -1.2499640E+002
          5568.48     -1.2749299E+002
          5579.77     -1.3004321E+002
          5591.05     -1.3264885E+002
          5602.34     -1.3531178E+002
          5613.63     -1.3803396E+002
          5624.92     -1.4081743E+002
          5636.21     -1.4366433E+002
          5647.50     -1.4657689E+002
          5658.79     -1.4955744E+002
          5670.08     -1.5260843E+002
          5681.37     -1.5573245E+002
          5692.66     -1.5893224E+002
          5703.95     -1.6072907E+002
          5715.23     -1.5977334E+002
          5726.52     -1.5638350E+002
          5737.81     -1.5098881E+002
          5749.10     -1.4406362E+002
          5760.39     -1.3607183E+002
          5771.68     -1.2742866E+002
          5782.97     -1.1848058E+002
          5794.26     -1.0949941E+002
          5805.55     -1.0068686E+002
          5816.84     -9.2184419E+001
          5828.12     -8.4084489E+001
          5839.41     -7.6441417E+001
          5850.70     -6.9281220E+001
          5861.99     -6.2609629E+001
          5873.28     -5.6418459E+001
          5884.57     -5.0690395E+001
          5895.86     -4.5402569E+001
          5907.15     -4.0529120E+001
          5918.44     -3.6043017E+001
          5929.73     -3.1917242E+001
          5941.02     -2.8125491E+001
          5952.30     -2.4642692E+001
          5963.59     -2.1445308E+001
          5974.88     -1.8511479E+001
          5986.17     -1.5821081E+001
          5997.46     -1.3355692E+001
          6008.75     -1.1098505E+001
          6020.04     -9.0328226E+000
          6031.33     -7.1477125E+000
          6042.62     -5.4291342E+000
          6053.91     -3.8658324E+000
          6065.20     -2.4477175E+000
          6076.48     -1.1657592E+000
          6087.77     -1.1897436E-002
          6099.06      1.0210283E+000
          6110.35      1.9393403E+000
          6121.64      2.7485870E+000
          6132.93      3.4535822E+000
          6144.22      4.0584756E+000
          6155.51      4.5668440E+000
          6166.80      4.9817172E+000
          6178.09      5.3056073E+000
          6189.38      5.5405267E+000
          6200.66      5.6879722E+000
          6211.95      5.7489277E+000
          6223.24      5.7238722E+000
          6234.53      5.6127815E+000
          6245.82      5.4151225E+000
          6257.11      5.1298411E+000
          6268.40      4.7553430E+000
          6279.69      4.3229862E+000
          6290.98      3.8657919E+000
          6302.27      3.3841948E+000
          6313.55      2.8785739E+000
          6324.84      2.3492585E+000
          6336.13      1.7965290E+000
          6347.42      1.2206206E+000
          6358.71      6.2172711E-001
          6370.00      0.0000000E+000
