          3480.00      4.1918393E-034
          3491.29     -2.5373135E-012
          3502.58     -4.7305302E-012
          3513.87     -6.6046915E-012
          3525.16     -8.1820172E-012
          3536.45     -9.4821107E-012
          3547.73     -1.0522127E-011
          3559.02     -1.1316929E-011
          3570.31     -1.1879231E-011
          3581.60     -1.2219716E-011
          3592.89     -1.2347153E-011
          3604.18     -1.2268466E-011
          3615.47     -1.1988803E-011
          3626.76     -1.1511600E-011
          3638.05     -1.0838671E-011
          3649.34     -9.9702469E-012
          3660.62     -8.9050191E-012
          3671.91     -7.6401652E-012
          3683.20     -6.1713690E-012
          3694.49     -4.4928301E-012
          3705.78     -2.5972721E-012
          3717.07     -4.7592857E-013
          3728.36      1.8814673E-012
          3739.65      4.4866958E-012
          3750.94      7.3530919E-012
          3762.23      1.0495573E-011
          3773.52      1.3930682E-011
          3784.80      1.7676645E-011
          3796.09      2.1753408E-011
          3807.38      2.6182713E-011
          3818.67      3.0988163E-011
          3829.96      3.6195290E-011
          3841.25      4.1831677E-011
          3852.54      4.7927026E-011
          3863.83      5.4513270E-011
          3875.12      6.1624687E-011
          3886.41      6.9297990E-011
          3897.70      7.7572495E-011
          3908.98      8.6490234E-011
          3920.27      9.6096078E-011
          3931.56      1.0643793E-010
          3942.85      1.1756687E-010
          3954.14      1.2953730E-010
          3965.43      1.4240714E-010
          3976.72      1.5623800E-010
          3988.01      1.7109545E-010
          3999.30      1.8704919E-010
          4010.59      2.0417326E-010
          4021.88      2.2254638E-010
          4033.16      2.4225209E-010
          4044.45      2.6337908E-010
          4055.74      2.8602147E-010
          4067.03      3.1027907E-010
          4078.32      3.3625774E-010
          4089.61      3.6406975E-010
          4100.90      3.9383397E-010
          4112.19      4.2567645E-010
          4123.48      4.5973066E-010
          4134.77      4.9613796E-010
          4146.05      5.3504801E-010
          4157.34      5.7661913E-010
          4168.63      6.2101897E-010
          4179.92      6.6842488E-010
          4191.21      7.1902432E-010
          4202.50      7.7301563E-010
          4213.79      8.3060848E-010
          4225.08      8.9202448E-010
          4236.37      9.5749788E-010
          4247.66      1.0272760E-009
          4258.95      1.1016203E-009
          4270.23      1.1808068E-009
          4281.52      1.2651269E-009
          4292.81      1.3548884E-009
          4304.10      1.4504161E-009
          4315.39      1.5520527E-009
          4326.68      1.6601598E-009
          4337.97      1.7751188E-009
          4349.26      1.8973320E-009
          4360.55      2.0272237E-009
          4371.84      2.1652409E-009
          4383.12      2.3118547E-009
          4394.41      2.4675622E-009
          4405.70      2.6328867E-009
          4416.99      2.8083802E-009
          4428.28      2.9946233E-009
          4439.57      3.1922282E-009
          4450.86      3.4018392E-009
          4462.15      3.6241345E-009
          4473.44      3.8598281E-009
          4484.73      4.1096717E-009
          4496.02      4.3744561E-009
          4507.30      4.6550133E-009
          4518.59      4.9522183E-009
          4529.88      5.2669916E-009
          4541.17      5.6003015E-009
          4552.46      5.9531653E-009
          4563.75      6.3266531E-009
          4575.04      6.7218894E-009
          4586.33      7.1400562E-009
          4597.62      7.5823957E-009
          4608.91      8.0502118E-009
          4620.20      8.5448755E-009
          4631.48      9.0678267E-009
          4642.77      9.6205763E-009
          4654.06      1.0204712E-008
          4665.35      1.0821900E-008
          4676.64      1.1473890E-008
          4687.93      1.2162517E-008
          4699.22      1.2889708E-008
          4710.51      1.3657484E-008
          4721.80      1.4467967E-008
          4733.09      1.5323380E-008
          4744.38      1.6226055E-008
          4755.66      1.7178440E-008
          4766.95      1.8183100E-008
          4778.24      1.9242725E-008
          4789.53      2.0360131E-008
          4800.82      2.1538275E-008
          4812.11      2.2780253E-008
          4823.40      2.4089308E-008
          4834.69      2.5468839E-008
          4845.98      2.6922407E-008
          4857.27      2.8453741E-008
          4868.55      3.0066748E-008
          4879.84      3.1765516E-008
          4891.13      3.3554326E-008
          4902.42      3.5437665E-008
          4913.71      3.7420221E-008
          4925.00      3.9506906E-008
          4936.29      4.1702860E-008
          4947.58      4.4013461E-008
          4958.87      4.6444335E-008
          4970.16      4.9001365E-008
          4981.45      5.1690709E-008
          4992.73      5.4518807E-008
          5004.02      5.7492388E-008
          5015.31      6.0618494E-008
          5026.60      6.3904486E-008
          5037.89      6.7358057E-008
          5049.18      7.0987253E-008
          5060.47      7.4800474E-008
          5071.76      7.8806506E-008
          5083.05      8.3014530E-008
          5094.34      8.7434127E-008
          5105.62      9.2075318E-008
          5116.91      9.6948565E-008
          5128.20      1.0206479E-007
          5139.49      1.0743542E-007
          5150.78      1.1307236E-007
          5162.07      1.1898805E-007
          5173.36      1.2519548E-007
          5184.65      1.3170820E-007
          5195.94      1.3854038E-007
          5207.23      1.4570677E-007
          5218.52      1.5322278E-007
          5229.80      1.6110451E-007
          5241.09      1.6936871E-007
          5252.38      1.7803289E-007
          5263.67      1.8711532E-007
          5274.96      1.9663501E-007
          5286.25      2.0661182E-007
          5297.54      2.1706646E-007
          5308.83      2.2802052E-007
          5320.12      2.3949651E-007
          5331.41      2.5151786E-007
          5342.70      2.6410905E-007
          5353.98      2.7729557E-007
          5365.27      2.9110395E-007
          5376.56      3.0556188E-007
          5387.85      3.2069820E-007
          5399.14      3.3654295E-007
          5410.43      3.5312744E-007
          5421.72      3.7048424E-007
          5433.01      3.8864731E-007
          5444.30      4.0765203E-007
          5455.59      4.2753518E-007
          5466.88      4.4833512E-007
          5478.16      4.7009176E-007
          5489.45      4.9284666E-007
          5500.74      5.1664310E-007
          5512.03      5.4152603E-007
          5523.32      5.6754236E-007
          5534.61      5.9474084E-007
          5545.90      6.2317217E-007
          5557.19      6.5288915E-007
          5568.48      6.8394671E-007
          5579.77      7.1640199E-007
          5591.05      7.5031448E-007
          5602.34      7.8574596E-007
          5613.63      8.2276076E-007
          5624.92      8.6142576E-007
          5636.21      9.0181041E-007
          5647.50      9.4398699E-007
          5658.79      9.8803061E-007
          5670.08      1.0340193E-006
          5681.37      1.0820345E-006
          5692.66      1.1321605E-006
          5703.95      1.1699665E-006
          5715.23      1.1821867E-006
          5726.52      1.1705870E-006
          5737.81      1.1368466E-006
          5749.10      1.0825631E-006
          5760.39      1.0092575E-006
          5771.68      9.1837937E-007
          5782.97      8.1131146E-007
          5794.26      6.8936921E-007
          5805.55      5.5380955E-007
          5816.84      4.0584456E-007
          5828.12      2.4664536E-007
          5839.41      7.7346484E-008
          5850.70     -1.0095036E-007
          5861.99     -2.8717274E-007
          5873.28     -4.8027326E-007
          5884.57     -6.7922704E-007
          5895.86     -8.8302787E-007
          5907.15     -1.0906843E-006
          5918.44     -1.3012142E-006
          5929.73     -1.5136427E-006
          5941.02     -1.7270042E-006
          5952.30     -1.9403395E-006
          5963.59     -2.1526928E-006
          5974.88     -2.3631084E-006
          5986.17     -2.5706278E-006
          5997.46     -2.7742873E-006
          6008.75     -2.9731178E-006
          6020.04     -3.1661419E-006
          6031.33     -3.3523753E-006
          6042.62     -3.5308221E-006
          6053.91     -3.7004653E-006
          6065.20     -3.8602642E-006
          6076.48     -4.0091528E-006
          6087.77     -4.1460374E-006
          6099.06     -4.2697908E-006
          6110.35     -4.3792480E-006
          6121.64     -4.4732025E-006
          6132.93     -4.5504001E-006
          6144.22     -4.6095402E-006
          6155.51     -4.6492819E-006
          6166.80     -4.6682399E-006
          6178.09     -4.6649818E-006
          6189.38     -4.6380223E-006
          6200.66     -4.5858129E-006
          6211.95     -4.5067353E-006
          6223.24     -4.3990981E-006
          6234.53     -4.2611336E-006
          6245.82     -4.0909932E-006
          6257.11     -3.8867442E-006
          6268.40     -3.6463662E-006
          6279.69     -3.3715657E-006
          6290.98     -3.0652549E-006
          6302.27     -2.7270932E-006
          6313.55     -2.3566587E-006
          6324.84     -1.9534499E-006
          6336.13     -1.5168839E-006
          6347.42     -1.0462966E-006
          6358.71     -5.4094409E-007
          6370.00      3.3697812E-039
