          3480.00      5.9924690E-032
          3491.29     -6.1535199E-005
          3502.58     -1.2032121E-004
          3513.87     -1.7645767E-004
          3525.16     -2.3003786E-004
          3536.45     -2.8114917E-004
          3547.73     -3.2987323E-004
          3559.02     -3.7628597E-004
          3570.31     -4.2045808E-004
          3581.60     -4.6245507E-004
          3592.89     -5.0233743E-004
          3604.18     -5.4016062E-004
          3615.47     -5.7597467E-004
          3626.76     -6.0982475E-004
          3638.05     -6.4175161E-004
          3649.34     -6.7179166E-004
          3660.62     -6.9997720E-004
          3671.91     -7.2633647E-004
          3683.20     -7.5089372E-004
          3694.49     -7.7366936E-004
          3705.78     -7.9467998E-004
          3717.07     -8.1393847E-004
          3728.36     -8.3145414E-004
          3739.65     -8.4723263E-004
          3750.94     -8.6127613E-004
          3762.23     -8.7358337E-004
          3773.52     -8.8414965E-004
          3784.80     -8.9296690E-004
          3796.09     -9.0002372E-004
          3807.38     -9.0530551E-004
          3818.67     -9.0879454E-004
          3829.96     -9.1046979E-004
          3841.25     -9.1030702E-004
          3852.54     -9.0827877E-004
          3863.83     -9.0435437E-004
          3875.12     -8.9849993E-004
          3886.41     -8.9067838E-004
          3897.70     -8.8084942E-004
          3908.98     -8.6896953E-004
          3920.27     -8.5499202E-004
          3931.56     -8.3886690E-004
          3942.85     -8.2054095E-004
          3954.14     -7.9995777E-004
          3965.43     -7.7705778E-004
          3976.72     -7.5177817E-004
          3988.01     -7.2405269E-004
          3999.30     -6.9381172E-004
          4010.59     -6.6098229E-004
          4021.88     -6.2548789E-004
          4033.16     -5.8724852E-004
          4044.45     -5.4618066E-004
          4055.74     -5.0219712E-004
          4067.03     -4.5520720E-004
          4078.32     -4.0511637E-004
          4089.61     -3.5182634E-004
          4100.90     -2.9523513E-004
          4112.19     -2.3523677E-004
          4123.48     -1.7172137E-004
          4134.77     -1.0457504E-004
          4146.05     -3.3679729E-005
          4157.34      4.1086575E-005
          4168.63      1.1985031E-004
          4179.92      2.0274224E-004
          4191.21      2.8989731E-004
          4202.50      3.8145515E-004
          4213.79      4.7755989E-004
          4225.08      5.7836032E-004
          4236.37      6.8401007E-004
          4247.66      7.9466735E-004
          4258.95      9.1049560E-004
          4270.23      1.0316633E-003
          4281.52      1.1583439E-003
          4292.81      1.2907163E-003
          4304.10      1.4289646E-003
          4315.39      1.5732785E-003
          4326.68      1.7238534E-003
          4337.97      1.8808899E-003
          4349.26      2.0445951E-003
          4360.55      2.2151817E-003
          4371.84      2.3928679E-003
          4383.12      2.5778786E-003
          4394.41      2.7704452E-003
          4405.70      2.9708055E-003
          4416.99      3.1792043E-003
          4428.28      3.3958926E-003
          4439.57      3.6211288E-003
          4450.86      3.8551783E-003
          4462.15      4.0983133E-003
          4473.44      4.3508137E-003
          4484.73      4.6129670E-003
          4496.02      4.8850681E-003
          4507.30      5.1674201E-003
          4518.59      5.4603335E-003
          4529.88      5.7641275E-003
          4541.17      6.0791298E-003
          4552.46      6.4056758E-003
          4563.75      6.7441103E-003
          4575.04      7.0947869E-003
          4586.33      7.4580681E-003
          4597.62      7.8343262E-003
          4608.91      8.2239419E-003
          4620.20      8.6273065E-003
          4631.48      9.0448213E-003
          4642.77      9.4768966E-003
          4654.06      9.9239541E-003
          4665.35      1.0386426E-002
          4676.64      1.0864754E-002
          4687.93      1.1359392E-002
          4699.22      1.1870805E-002
          4710.51      1.2399470E-002
          4721.80      1.2945873E-002
          4733.09      1.3510515E-002
          4744.38      1.4093908E-002
          4755.66      1.4696575E-002
          4766.95      1.5319054E-002
          4778.24      1.5961896E-002
          4789.53      1.6625662E-002
          4800.82      1.7310929E-002
          4812.11      1.8018289E-002
          4823.40      1.8748344E-002
          4834.69      1.9501713E-002
          4845.98      2.0279030E-002
          4857.27      2.1080943E-002
          4868.55      2.1908116E-002
          4879.84      2.2761226E-002
          4891.13      2.3640968E-002
          4902.42      2.4548054E-002
          4913.71      2.5483209E-002
          4925.00      2.6447178E-002
          4936.29      2.7440722E-002
          4947.58      2.8464619E-002
          4958.87      2.9519666E-002
          4970.16      3.0606676E-002
          4981.45      3.1726482E-002
          4992.73      3.2879936E-002
          5004.02      3.4067907E-002
          5015.31      3.5291286E-002
          5026.60      3.6550985E-002
          5037.89      3.7847932E-002
          5049.18      3.9183082E-002
          5060.47      4.0557403E-002
          5071.76      4.1971892E-002
          5083.05      4.3427564E-002
          5094.34      4.4925457E-002
          5105.62      4.6466631E-002
          5116.91      4.8052171E-002
          5128.20      4.9683185E-002
          5139.49      5.1360806E-002
          5150.78      5.3086187E-002
          5162.07      5.4860511E-002
          5173.36      5.6684988E-002
          5184.65      5.8560846E-002
          5195.94      6.0489346E-002
          5207.23      6.2471775E-002
          5218.52      6.4509446E-002
          5229.80      6.6603702E-002
          5241.09      6.8755909E-002
          5252.38      7.0967468E-002
          5263.67      7.3239809E-002
          5274.96      7.5574386E-002
          5286.25      7.7972690E-002
          5297.54      8.0436239E-002
          5308.83      8.2966587E-002
          5320.12      8.5565318E-002
          5331.41      8.8234045E-002
          5342.70      9.0974420E-002
          5353.98      9.3788129E-002
          5365.27      9.6676885E-002
          5376.56      9.9642445E-002
          5387.85      1.0268660E-001
          5399.14      1.0581117E-001
          5410.43      1.0901802E-001
          5421.72      1.1230906E-001
          5433.01      1.1568621E-001
          5444.30      1.1915147E-001
          5455.59      1.2270684E-001
          5466.88      1.2635439E-001
          5478.16      1.3009621E-001
          5489.45      1.3393445E-001
          5500.74      1.3787130E-001
          5512.03      1.4190896E-001
          5523.32      1.4604973E-001
          5534.61      1.5029592E-001
          5545.90      1.5464988E-001
          5557.19      1.5911402E-001
          5568.48      1.6369080E-001
          5579.77      1.6838272E-001
          5591.05      1.7319235E-001
          5602.34      1.7812229E-001
          5613.63      1.8317518E-001
          5624.92      1.8835375E-001
          5636.21      1.9366073E-001
          5647.50      1.9909895E-001
          5658.79      2.0467126E-001
          5670.08      2.1038057E-001
          5681.37      2.1622987E-001
          5692.66      2.2222222E-001
          5703.95      2.2746393E-001
          5715.23      2.3111477E-001
          5726.52      2.3325670E-001
          5737.81      2.3397000E-001
          5749.10      2.3333334E-001
          5760.39      2.3142382E-001
          5771.68      2.2831698E-001
          5782.97      2.2408685E-001
          5794.26      2.1880569E-001
          5805.55      2.1254418E-001
          5816.84      2.0537207E-001
          5828.12      1.9735817E-001
          5839.41      1.8857045E-001
          5850.70      1.7907609E-001
          5861.99      1.6894151E-001
          5873.28      1.5823245E-001
          5884.57      1.4701398E-001
          5895.86      1.3535056E-001
          5907.15      1.2330613E-001
          5918.44      1.1094429E-001
          5929.73      9.8328343E-002
          5941.02      8.5520964E-002
          5952.30      7.2584254E-002
          5963.59      5.9579813E-002
          5974.88      4.6568744E-002
          5986.17      3.3611771E-002
          5997.46      2.0769214E-002
          6008.75      8.1008761E-003
          6020.04     -4.3338924E-003
          6031.33     -1.6476456E-002
          6042.62     -2.8268755E-002
          6053.91     -3.9652822E-002
          6065.20     -5.0570800E-002
          6076.48     -6.0964965E-002
          6087.77     -7.0777695E-002
          6099.06     -7.9951323E-002
          6110.35     -8.8427962E-002
          6121.64     -9.6149440E-002
          6132.93     -1.0305704E-001
          6144.22     -1.0909166E-001
          6155.51     -1.1419433E-001
          6166.80     -1.1830612E-001
          6178.09     -1.2136811E-001
          6189.38     -1.2332133E-001
          6200.66     -1.2410631E-001
          6211.95     -1.2366289E-001
          6223.24     -1.2193019E-001
          6234.53     -1.1884661E-001
          6245.82     -1.1434973E-001
          6257.11     -1.0837635E-001
          6268.40     -1.0086240E-001
          6279.69     -9.2237728E-002
          6290.98     -8.2974024E-002
          6302.27     -7.3069052E-002
          6313.55     -6.2520188E-002
          6324.84     -5.1324463E-002
          6336.13     -3.9478506E-002
          6347.42     -2.6978569E-002
          6358.71     -1.3820566E-002
          6370.00     -2.0715223E-040
