          3480.00      1.2669887E-036
          3491.29     -6.5770923E-009
          3502.58     -1.2957027E-008
          3513.87     -1.9145443E-008
          3525.16     -2.5147658E-008
          3536.45     -3.0968713E-008
          3547.73     -3.6613368E-008
          3559.02     -4.2086088E-008
          3570.31     -4.7391090E-008
          3581.60     -5.2532327E-008
          3592.89     -5.7513500E-008
          3604.18     -6.2338045E-008
          3615.47     -6.7009084E-008
          3626.76     -7.1529479E-008
          3638.05     -7.5901867E-008
          3649.34     -8.0128656E-008
          3660.62     -8.4212053E-008
          3671.91     -8.8154052E-008
          3683.20     -9.1956446E-008
          3694.49     -9.5620830E-008
          3705.78     -9.9148595E-008
          3717.07     -1.0254095E-007
          3728.36     -1.0579892E-007
          3739.65     -1.0892333E-007
          3750.94     -1.1191484E-007
          3762.23     -1.1477392E-007
          3773.52     -1.1750088E-007
          3784.80     -1.2009585E-007
          3796.09     -1.2255877E-007
          3807.38     -1.2488946E-007
          3818.67     -1.2708755E-007
          3829.96     -1.2915253E-007
          3841.25     -1.3108372E-007
          3852.54     -1.3288026E-007
          3863.83     -1.3454115E-007
          3875.12     -1.3606523E-007
          3886.41     -1.3745118E-007
          3897.70     -1.3869751E-007
          3908.98     -1.3980260E-007
          3920.27     -1.4076465E-007
          3931.56     -1.4158171E-007
          3942.85     -1.4225169E-007
          3954.14     -1.4277234E-007
          3965.43     -1.4314126E-007
          3976.72     -1.4335591E-007
          3988.01     -1.4341360E-007
          3999.30     -1.4331147E-007
          4010.59     -1.4304651E-007
          4021.88     -1.4261557E-007
          4033.16     -1.4201531E-007
          4044.45     -1.4124227E-007
          4055.74     -1.4029282E-007
          4067.03     -1.3916315E-007
          4078.32     -1.3784932E-007
          4089.61     -1.3634723E-007
          4100.90     -1.3465259E-007
          4112.19     -1.3276098E-007
          4123.48     -1.3066780E-007
          4134.77     -1.2836828E-007
          4146.05     -1.2585751E-007
          4157.34     -1.2313038E-007
          4168.63     -1.2018163E-007
          4179.92     -1.1700583E-007
          4191.21     -1.1359736E-007
          4202.50     -1.0995045E-007
          4213.79     -1.0605913E-007
          4225.08     -1.0191727E-007
          4236.37     -9.7518542E-008
          4247.66     -9.2856454E-008
          4258.95     -8.7924313E-008
          4270.23     -8.2715241E-008
          4281.52     -7.7222179E-008
          4292.81     -7.1437867E-008
          4304.10     -6.5354853E-008
          4315.39     -5.8965489E-008
          4326.68     -5.2261921E-008
          4337.97     -4.5236112E-008
          4349.26     -3.7879800E-008
          4360.55     -3.0184517E-008
          4371.84     -2.2141625E-008
          4383.12     -1.3742254E-008
          4394.41     -4.9772990E-009
          4405.70      4.1625673E-009
          4416.99      1.3686905E-008
          4428.28      2.3605476E-008
          4439.57      3.3928296E-008
          4450.86      4.4665613E-008
          4462.15      5.5827884E-008
          4473.44      6.7425834E-008
          4484.73      7.9470421E-008
          4496.02      9.1972850E-008
          4507.30      1.0494459E-007
          4518.59      1.1839732E-007
          4529.88      1.3234302E-007
          4541.17      1.4679395E-007
          4552.46      1.6176255E-007
          4563.75      1.7726161E-007
          4575.04      1.9330417E-007
          4586.33      2.0990354E-007
          4597.62      2.2707332E-007
          4608.91      2.4482738E-007
          4620.20      2.6317990E-007
          4631.48      2.8214537E-007
          4642.77      3.0173851E-007
          4654.06      3.2197444E-007
          4665.35      3.4286851E-007
          4676.64      3.6443644E-007
          4687.93      3.8669426E-007
          4699.22      4.0965826E-007
          4710.51      4.3334514E-007
          4721.80      4.5777191E-007
          4733.09      4.8295588E-007
          4744.38      5.0891475E-007
          4755.66      5.3566655E-007
          4766.95      5.6322966E-007
          4778.24      5.9162287E-007
          4789.53      6.2086522E-007
          4800.82      6.5097623E-007
          4812.11      6.8197578E-007
          4823.40      7.1388406E-007
          4834.69      7.4672171E-007
          4845.98      7.8050977E-007
          4857.27      8.1526964E-007
          4868.55      8.5102320E-007
          4879.84      8.8779262E-007
          4891.13      9.2560060E-007
          4902.42      9.6447025E-007
          4913.71      1.0044250E-006
          4925.00      1.0454889E-006
          4936.29      1.0876862E-006
          4947.58      1.1310419E-006
          4958.87      1.1755812E-006
          4970.16      1.2213298E-006
          4981.45      1.2683141E-006
          4992.73      1.3165607E-006
          5004.02      1.3660967E-006
          5015.31      1.4169500E-006
          5026.60      1.4691485E-006
          5037.89      1.5227212E-006
          5049.18      1.5776971E-006
          5060.47      1.6341058E-006
          5071.76      1.6919778E-006
          5083.05      1.7513438E-006
          5094.34      1.8122350E-006
          5105.62      1.8746834E-006
          5116.91      1.9387213E-006
          5128.20      2.0043817E-006
          5139.49      2.0716983E-006
          5150.78      2.1407050E-006
          5162.07      2.2114367E-006
          5173.36      2.2839288E-006
          5184.65      2.3582170E-006
          5195.94      2.4343380E-006
          5207.23      2.5123289E-006
          5218.52      2.5922275E-006
          5229.80      2.6740724E-006
          5241.09      2.7579025E-006
          5252.38      2.8437576E-006
          5263.67      2.9316782E-006
          5274.96      3.0217051E-006
          5286.25      3.1138804E-006
          5297.54      3.2082463E-006
          5308.83      3.3048462E-006
          5320.12      3.4037238E-006
          5331.41      3.5049238E-006
          5342.70      3.6084915E-006
          5353.98      3.7144730E-006
          5365.27      3.8229151E-006
          5376.56      3.9338653E-006
          5387.85      4.0473721E-006
          5399.14      4.1634846E-006
          5410.43      4.2822527E-006
          5421.72      4.4037272E-006
          5433.01      4.5279595E-006
          5444.30      4.6550021E-006
          5455.59      4.7849081E-006
          5466.88      4.9177317E-006
          5478.16      5.0535276E-006
          5489.45      5.1923518E-006
          5500.74      5.3342610E-006
          5512.03      5.4793124E-006
          5523.32      5.6275646E-006
          5534.61      5.7790772E-006
          5545.90      5.9339101E-006
          5557.19      6.0921246E-006
          5568.48      6.2537829E-006
          5579.77      6.4189482E-006
          5591.05      6.5876849E-006
          5602.34      6.7600580E-006
          5613.63      6.9361338E-006
          5624.92      7.1159796E-006
          5636.21      7.2996632E-006
          5647.50      7.4872540E-006
          5658.79      7.6788219E-006
          5670.08      7.8744382E-006
          5681.37      8.0741759E-006
          5692.66      8.2781087E-006
          5703.95      8.4602833E-006
          5715.23      8.5961746E-006
          5726.52      8.6879739E-006
          5737.81      8.7378381E-006
          5749.10      8.7478899E-006
          5760.39      8.7202183E-006
          5771.68      8.6568791E-006
          5782.97      8.5598950E-006
          5794.26      8.4312464E-006
          5805.55      8.2728775E-006
          5816.84      8.0867116E-006
          5828.12      7.8746527E-006
          5839.41      7.6385863E-006
          5850.70      7.3803804E-006
          5861.99      7.1018861E-006
          5873.28      6.8049394E-006
          5884.57      6.4913604E-006
          5895.86      6.1629549E-006
          5907.15      5.8215165E-006
          5918.44      5.4688315E-006
          5929.73      5.1066790E-006
          5941.02      4.7368224E-006
          5952.30      4.3610089E-006
          5963.59      3.9809721E-006
          5974.88      3.5984312E-006
          5986.17      3.2150943E-006
          5997.46      2.8326573E-006
          6008.75      2.4527998E-006
          6020.04      2.0768904E-006
          6031.33      1.7071600E-006
          6042.62      1.3449385E-006
          6053.91      9.9184249E-007
          6065.20      6.4948144E-007
          6076.48      3.1945683E-007
          6087.77      3.3624831E-009
          6099.06     -2.9721176E-007
          6110.35     -5.8067523E-007
          6121.64     -8.4543463E-007
          6132.93     -1.0898864E-006
          6144.22     -1.3124212E-006
          6155.51     -1.5114403E-006
          6166.80     -1.6853527E-006
          6178.09     -1.8325762E-006
          6189.38     -1.9515362E-006
          6200.66     -2.0406522E-006
          6211.95     -2.0983333E-006
          6223.24     -2.1229777E-006
          6234.53     -2.1129717E-006
          6245.82     -2.0666894E-006
          6257.11     -1.9824923E-006
          6268.40     -1.8587286E-006
          6279.69     -1.7077137E-006
          6290.98     -1.5428664E-006
          6302.27     -1.3641751E-006
          6313.55     -1.1716230E-006
          6324.84     -9.6518830E-007
          6336.13     -7.4484373E-007
          6347.42     -5.1055673E-007
          6358.71     -2.6228997E-007
          6370.00     -9.8968985E-044
