          3480.00      4.0920421E-037
          3491.29     -1.7227194E-008
          3502.58     -3.4114582E-008
          3513.87     -5.0668862E-008
          3525.16     -6.6896367E-008
          3536.45     -8.2803166E-008
          3547.73     -9.8395023E-008
          3559.02     -1.1367737E-007
          3570.31     -1.2865539E-007
          3581.60     -1.4333397E-007
          3592.89     -1.5771772E-007
          3604.18     -1.7181096E-007
          3615.47     -1.8561750E-007
          3626.76     -1.9914086E-007
          3638.05     -2.1238432E-007
          3649.34     -2.2535086E-007
          3660.62     -2.3804328E-007
          3671.91     -2.5046414E-007
          3683.20     -2.6261576E-007
          3694.49     -2.7450027E-007
          3705.78     -2.8611955E-007
          3717.07     -2.9747527E-007
          3728.36     -3.0856893E-007
          3739.65     -3.1940177E-007
          3750.94     -3.2997487E-007
          3762.23     -3.4028909E-007
          3773.52     -3.5034510E-007
          3784.80     -3.6014339E-007
          3796.09     -3.6968423E-007
          3807.38     -3.7896775E-007
          3818.67     -3.8799392E-007
          3829.96     -3.9676252E-007
          3841.25     -4.0527314E-007
          3852.54     -4.1352520E-007
          3863.83     -4.2151795E-007
          3875.12     -4.2925045E-007
          3886.41     -4.3672159E-007
          3897.70     -4.4393008E-007
          3908.98     -4.5087450E-007
          3920.27     -4.5755319E-007
          3931.56     -4.6396438E-007
          3942.85     -4.7010612E-007
          3954.14     -4.7597629E-007
          3965.43     -4.8157267E-007
          3976.72     -4.8689283E-007
          3988.01     -4.9193421E-007
          3999.30     -4.9669408E-007
          4010.59     -5.0116955E-007
          4021.88     -5.0535756E-007
          4033.16     -5.0925489E-007
          4044.45     -5.1285818E-007
          4055.74     -5.1616389E-007
          4067.03     -5.1916832E-007
          4078.32     -5.2186762E-007
          4089.61     -5.2425778E-007
          4100.90     -5.2633463E-007
          4112.19     -5.2809383E-007
          4123.48     -5.2953090E-007
          4134.77     -5.3064121E-007
          4146.05     -5.3141993E-007
          4157.34     -5.3186211E-007
          4168.63     -5.3196263E-007
          4179.92     -5.3171621E-007
          4191.21     -5.3111740E-007
          4202.50     -5.3016060E-007
          4213.79     -5.2884005E-007
          4225.08     -5.2714983E-007
          4236.37     -5.2508385E-007
          4247.66     -5.2263587E-007
          4258.95     -5.1979948E-007
          4270.23     -5.1656808E-007
          4281.52     -5.1293496E-007
          4292.81     -5.0889319E-007
          4304.10     -5.0443571E-007
          4315.39     -4.9955529E-007
          4326.68     -4.9424450E-007
          4337.97     -4.8849579E-007
          4349.26     -4.8230141E-007
          4360.55     -4.7565345E-007
          4371.84     -4.6854388E-007
          4383.12     -4.6096446E-007
          4394.41     -4.5290677E-007
          4405.70     -4.4436221E-007
          4416.99     -4.3532197E-007
          4428.28     -4.2577712E-007
          4439.57     -4.1571850E-007
          4450.86     -4.0513678E-007
          4462.15     -3.9402250E-007
          4473.44     -3.8236595E-007
          4484.73     -3.7015728E-007
          4496.02     -3.5738645E-007
          4507.30     -3.4404320E-007
          4518.59     -3.3011715E-007
          4529.88     -3.1559768E-007
          4541.17     -3.0047398E-007
          4552.46     -2.8473509E-007
          4563.75     -2.6836982E-007
          4575.04     -2.5136681E-007
          4586.33     -2.3371449E-007
          4597.62     -2.1540109E-007
          4608.91     -1.9641466E-007
          4620.20     -1.7674305E-007
          4631.48     -1.5637385E-007
          4642.77     -1.3529455E-007
          4654.06     -1.1349234E-007
          4665.35     -9.0954244E-008
          4676.64     -6.7667073E-008
          4687.93     -4.3617400E-008
          4699.22     -1.8791650E-008
          4710.51      6.8240309E-009
          4721.80      3.3243716E-008
          4733.09      6.0481627E-008
          4744.38      8.8552276E-008
          4755.66      1.1747038E-007
          4766.95      1.4725087E-007
          4778.24      1.7790894E-007
          4789.53      2.0945993E-007
          4800.82      2.4191949E-007
          4812.11      2.7530351E-007
          4823.40      3.0962803E-007
          4834.69      3.4490939E-007
          4845.98      3.8116418E-007
          4857.27      4.1840920E-007
          4868.55      4.5666156E-007
          4879.84      4.9593849E-007
          4891.13      5.3625759E-007
          4902.42      5.7763670E-007
          4913.71      6.2009382E-007
          4925.00      6.6364728E-007
          4936.29      7.0831566E-007
          4947.58      7.5411780E-007
          4958.87      8.0107282E-007
          4970.16      8.4920001E-007
          4981.45      8.9851904E-007
          4992.73      9.4904983E-007
          5004.02      1.0008125E-006
          5015.31      1.0538275E-006
          5026.60      1.1081155E-006
          5037.89      1.1636977E-006
          5049.18      1.2205953E-006
          5060.47      1.2788297E-006
          5071.76      1.3384230E-006
          5083.05      1.3993972E-006
          5094.34      1.4617748E-006
          5105.62      1.5255785E-006
          5116.91      1.5908314E-006
          5128.20      1.6575567E-006
          5139.49      1.7257781E-006
          5150.78      1.7955196E-006
          5162.07      1.8668053E-006
          5173.36      1.9396600E-006
          5184.65      2.0141083E-006
          5195.94      2.0901755E-006
          5207.23      2.1678871E-006
          5218.52      2.2472690E-006
          5229.80      2.3283474E-006
          5241.09      2.4111486E-006
          5252.38      2.4956994E-006
          5263.67      2.5820272E-006
          5274.96      2.6701592E-006
          5286.25      2.7601233E-006
          5297.54      2.8519476E-006
          5308.83      2.9456607E-006
          5320.12      3.0412916E-006
          5331.41      3.1388692E-006
          5342.70      3.2384231E-006
          5353.98      3.3399834E-006
          5365.27      3.4435802E-006
          5376.56      3.5492442E-006
          5387.85      3.6570063E-006
          5399.14      3.7668980E-006
          5410.43      3.8789510E-006
          5421.72      3.9931973E-006
          5433.01      4.1096694E-006
          5444.30      4.2284004E-006
          5455.59      4.3494232E-006
          5466.88      4.4727716E-006
          5478.16      4.5984796E-006
          5489.45      4.7265817E-006
          5500.74      4.8571128E-006
          5512.03      4.9901078E-006
          5523.32      5.1256026E-006
          5534.61      5.2636331E-006
          5545.90      5.4042357E-006
          5557.19      5.5474473E-006
          5568.48      5.6933050E-006
          5579.77      5.8418468E-006
          5591.05      5.9931108E-006
          5602.34      6.1471357E-006
          5613.63      6.3039605E-006
          5624.92      6.4636249E-006
          5636.21      6.6261685E-006
          5647.50      6.7916315E-006
          5658.79      6.9600548E-006
          5670.08      7.1314793E-006
          5681.37      7.3059472E-006
          5692.66      7.4835010E-006
          5703.95      7.6459035E-006
          5715.23      7.7758103E-006
          5726.52      7.8745915E-006
          5737.81      7.9436011E-006
          5749.10      7.9841769E-006
          5760.39      7.9976405E-006
          5771.68      7.9852971E-006
          5782.97      7.9484354E-006
          5794.26      7.8883203E-006
          5805.55      7.8061964E-006
          5816.84      7.7032986E-006
          5828.12      7.5808518E-006
          5839.41      7.4400721E-006
          5850.70      7.2821666E-006
          5861.99      7.1083338E-006
          5873.28      6.9197644E-006
          5884.57      6.7176405E-006
          5895.86      6.5031366E-006
          5907.15      6.2774204E-006
          5918.44      6.0416566E-006
          5929.73      5.7970068E-006
          5941.02      5.5446229E-006
          5952.30      5.2856472E-006
          5963.59      5.0212130E-006
          5974.88      4.7524450E-006
          5986.17      4.4804606E-006
          5997.46      4.2063692E-006
          6008.75      3.9312695E-006
          6020.04      3.6562497E-006
          6031.33      3.3823815E-006
          6042.62      3.1107214E-006
          6053.91      2.8423208E-006
          6065.20      2.5782250E-006
          6076.48      2.3194717E-006
          6087.77      2.0670914E-006
          6099.06      1.8221090E-006
          6110.35      1.5855479E-006
          6121.64      1.3584306E-006
          6132.93      1.1417851E-006
          6144.22      9.3664214E-007
          6155.51      7.4402184E-007
          6166.80      5.6493575E-007
          6178.09      4.0038525E-007
          6189.38      2.5136140E-007
          6200.66      1.1885469E-007
          6211.95      3.8583225E-009
          6223.24     -9.2631561E-008
          6234.53     -1.6961526E-007
          6245.82     -2.2608985E-007
          6257.11     -2.6104869E-007
          6268.40     -2.7348115E-007
          6279.69     -2.7082831E-007
          6290.98     -2.6121651E-007
          6302.27     -2.4465911E-007
          6313.55     -2.2116776E-007
          6324.84     -1.9075259E-007
          6336.13     -1.5342220E-007
          6347.42     -1.0918355E-007
          6358.71     -5.8041822E-008
          6370.00      4.8377011E-039
