          3480.00      2.7111073E-025
          3491.29      1.2722313E+001
          3502.58      2.5486939E+001
          3513.87      3.8303665E+001
          3525.16      5.1182173E+001
          3536.45      6.4132112E+001
          3547.73      7.7163079E+001
          3559.02      9.0284581E+001
          3570.31      1.0350612E+002
          3581.60      1.1683714E+002
          3592.89      1.3028707E+002
          3604.18      1.4386527E+002
          3615.47      1.5758097E+002
          3626.76      1.7144336E+002
          3638.05      1.8546163E+002
          3649.34      1.9964491E+002
          3660.62      2.1400239E+002
          3671.91      2.2854327E+002
          3683.20      2.4327673E+002
          3694.49      2.5821198E+002
          3705.78      2.7335825E+002
          3717.07      2.8872479E+002
          3728.36      3.0432089E+002
          3739.65      3.2015583E+002
          3750.94      3.3623899E+002
          3762.23      3.5257973E+002
          3773.52      3.6918747E+002
          3784.80      3.8607171E+002
          3796.09      4.0324191E+002
          3807.38      4.2070769E+002
          3818.67      4.3847869E+002
          3829.96      4.5656458E+002
          3841.25      4.7497515E+002
          3852.54      4.9372020E+002
          3863.83      5.1280961E+002
          3875.12      5.3225335E+002
          3886.41      5.5206138E+002
          3897.70      5.7224379E+002
          3908.98      5.9281075E+002
          3920.27      6.1377243E+002
          3931.56      6.3513915E+002
          3942.85      6.5692125E+002
          3954.14      6.7912919E+002
          3965.43      7.0177354E+002
          3976.72      7.2486488E+002
          3988.01      7.4841395E+002
          3999.30      7.7243154E+002
          4010.59      7.9692849E+002
          4021.88      8.2191575E+002
          4033.16      8.4740436E+002
          4044.45      8.7340543E+002
          4055.74      8.9993018E+002
          4067.03      9.2698982E+002
          4078.32      9.5459575E+002
          4089.61      9.8275942E+002
          4100.90      1.0114923E+003
          4112.19      1.0408060E+003
          4123.48      1.0707123E+003
          4134.77      1.1012228E+003
          4146.05      1.1323496E+003
          4157.34      1.1641043E+003
          4168.63      1.1964991E+003
          4179.92      1.2295461E+003
          4191.21      1.2632573E+003
          4202.50      1.2976450E+003
          4213.79      1.3327215E+003
          4225.08      1.3684992E+003
          4236.37      1.4049905E+003
          4247.66      1.4422078E+003
          4258.95      1.4801638E+003
          4270.23      1.5188710E+003
          4281.52      1.5583421E+003
          4292.81      1.5985897E+003
          4304.10      1.6396268E+003
          4315.39      1.6814660E+003
          4326.68      1.7241203E+003
          4337.97      1.7676025E+003
          4349.26      1.8119256E+003
          4360.55      1.8571025E+003
          4371.84      1.9031462E+003
          4383.12      1.9500698E+003
          4394.41      1.9978863E+003
          4405.70      2.0466087E+003
          4416.99      2.0962501E+003
          4428.28      2.1468235E+003
          4439.57      2.1983418E+003
          4450.86      2.2508182E+003
          4462.15      2.3042654E+003
          4473.44      2.3586965E+003
          4484.73      2.4141245E+003
          4496.02      2.4705621E+003
          4507.30      2.5280222E+003
          4518.59      2.5865176E+003
          4529.88      2.6460610E+003
          4541.17      2.7066650E+003
          4552.46      2.7683421E+003
          4563.75      2.8311048E+003
          4575.04      2.8949654E+003
          4586.33      2.9599363E+003
          4597.62      3.0260295E+003
          4608.91      3.0932570E+003
          4620.20      3.1616306E+003
          4631.48      3.2311622E+003
          4642.77      3.3018630E+003
          4654.06      3.3737444E+003
          4665.35      3.4468177E+003
          4676.64      3.5210938E+003
          4687.93      3.5965833E+003
          4699.22      3.6732968E+003
          4710.51      3.7512444E+003
          4721.80      3.8304362E+003
          4733.09      3.9108817E+003
          4744.38      3.9925905E+003
          4755.66      4.0755715E+003
          4766.95      4.1598336E+003
          4778.24      4.2453851E+003
          4789.53      4.3322340E+003
          4800.82      4.4203880E+003
          4812.11      4.5098545E+003
          4823.40      4.6006401E+003
          4834.69      4.6927513E+003
          4845.98      4.7861939E+003
          4857.27      4.8809736E+003
          4868.55      4.9770951E+003
          4879.84      5.0745629E+003
          4891.13      5.1733807E+003
          4902.42      5.2735520E+003
          4913.71      5.3750792E+003
          4925.00      5.4779645E+003
          4936.29      5.5822092E+003
          4947.58      5.6878142E+003
          4958.87      5.7947795E+003
          4970.16      5.9031041E+003
          4981.45      6.0127869E+003
          4992.73      6.1238255E+003
          5004.02      6.2362166E+003
          5015.31      6.3499566E+003
          5026.60      6.4650404E+003
          5037.89      6.5814623E+003
          5049.18      6.6992158E+003
          5060.47      6.8182929E+003
          5071.76      6.9386852E+003
          5083.05      7.0603829E+003
          5094.34      7.1833750E+003
          5105.62      7.3076497E+003
          5116.91      7.4331938E+003
          5128.20      7.5599931E+003
          5139.49      7.6880322E+003
          5150.78      7.8172938E+003
          5162.07      7.9477601E+003
          5173.36      8.0794115E+003
          5184.65      8.2122268E+003
          5195.94      8.3461837E+003
          5207.23      8.4812582E+003
          5218.52      8.6174250E+003
          5229.80      8.7546570E+003
          5241.09      8.8929253E+003
          5252.38      9.0321995E+003
          5263.67      9.1724477E+003
          5274.96      9.3136355E+003
          5286.25      9.4557274E+003
          5297.54      9.5986854E+003
          5308.83      9.7424700E+003
          5320.12      9.8870394E+003
          5331.41      1.0032350E+004
          5342.70      1.0178354E+004
          5353.98      1.0325006E+004
          5365.27      1.0472254E+004
          5376.56      1.0620045E+004
          5387.85      1.0768324E+004
          5399.14      1.0917034E+004
          5410.43      1.1066114E+004
          5421.72      1.1215502E+004
          5433.01      1.1365131E+004
          5444.30      1.1514935E+004
          5455.59      1.1664840E+004
          5466.88      1.1814775E+004
          5478.16      1.1964661E+004
          5489.45      1.2114418E+004
          5500.74      1.2263964E+004
          5512.03      1.2413212E+004
          5523.32      1.2562073E+004
          5534.61      1.2710453E+004
          5545.90      1.2858255E+004
          5557.19      1.3005381E+004
          5568.48      1.3151725E+004
          5579.77      1.3297181E+004
          5591.05      1.3441637E+004
          5602.34      1.3584976E+004
          5613.63      1.3727079E+004
          5624.92      1.3867822E+004
          5636.21      1.4007079E+004
          5647.50      1.4144717E+004
          5658.79      1.4280602E+004
          5670.08      1.4414593E+004
          5681.37      1.4546544E+004
          5692.66      1.4676303E+004
          5703.95      1.4930825E+004
          5715.23      1.5426323E+004
          5726.52      1.6146770E+004
          5737.81      1.7076464E+004
          5749.10      1.8200012E+004
          5760.39      1.9502318E+004
          5771.68      2.0968577E+004
          5782.97      2.2584261E+004
          5794.26      2.4335151E+004
          5805.55      2.6207281E+004
          5816.84      2.8186832E+004
          5828.12      3.0260126E+004
          5839.41      3.2413608E+004
          5850.70      3.4633834E+004
          5861.99      3.6907463E+004
          5873.28      3.9221236E+004
          5884.57      4.1561978E+004
          5895.86      4.3916583E+004
          5907.15      4.6271992E+004
          5918.44      4.8615177E+004
          5929.73      5.0933143E+004
          5941.02      5.3212961E+004
          5952.30      5.5441767E+004
          5963.59      5.7606741E+004
          5974.88      5.9695110E+004
          5986.17      6.1694130E+004
          5997.46      6.3591094E+004
          6008.75      6.5373336E+004
          6020.04      6.7028226E+004
          6031.33      6.8543171E+004
          6042.62      6.9905588E+004
          6053.91      7.1102839E+004
          6065.20      7.2122231E+004
          6076.48      7.2951006E+004
          6087.77      7.3576320E+004
          6099.06      7.3985219E+004
          6110.35      7.4164620E+004
          6121.64      7.4101300E+004
          6132.93      7.3781908E+004
          6144.22      7.3192995E+004
          6155.51      7.2321035E+004
          6166.80      7.1152394E+004
          6178.09      6.9673299E+004
          6189.38      6.7869775E+004
          6200.66      6.5727613E+004
          6211.95      6.3232353E+004
          6223.24      6.0369275E+004
          6234.53      5.7123399E+004
          6245.82      5.3479461E+004
          6257.11      4.9421910E+004
          6268.40      4.4934913E+004
          6279.69      4.0203837E+004
          6290.98      3.5420932E+004
          6302.27      3.0580422E+004
          6313.55      2.5676497E+004
          6324.84      2.0703327E+004
          6336.13      1.5655030E+004
          6347.42      1.0525682E+004
          6358.71      5.3093376E+003
          6370.00      7.4489859E-032
