          3480.00     -7.6023880E-031
          3491.29     -2.2341646E-007
          3502.58     -4.4762818E-007
          3513.87     -6.7347493E-007
          3525.16     -9.0179006E-007
          3536.45     -1.1334048E-006
          3547.73     -1.3691507E-006
          3559.02     -1.6098622E-006
          3570.31     -1.8563803E-006
          3581.60     -2.1095550E-006
          3592.89     -2.3702482E-006
          3604.18     -2.6393358E-006
          3615.47     -2.9177084E-006
          3626.76     -3.2062762E-006
          3638.05     -3.5059717E-006
          3649.34     -3.8177522E-006
          3660.62     -4.1426032E-006
          3671.91     -4.4815408E-006
          3683.20     -4.8356142E-006
          3694.49     -5.2059088E-006
          3705.78     -5.5935475E-006
          3717.07     -5.9996959E-006
          3728.36     -6.4255636E-006
          3739.65     -6.8724065E-006
          3750.94     -7.3415315E-006
          3762.23     -7.8342981E-006
          3773.52     -8.3521223E-006
          3784.80     -8.8964796E-006
          3796.09     -9.4689068E-006
          3807.38     -1.0071009E-005
          3818.67     -1.0704460E-005
          3829.96     -1.1371007E-005
          3841.25     -1.2072473E-005
          3852.54     -1.2810763E-005
          3863.83     -1.3587864E-005
          3875.12     -1.4405853E-005
          3886.41     -1.5266898E-005
          3897.70     -1.6173264E-005
          3908.98     -1.7127317E-005
          3920.27     -1.8131526E-005
          3931.56     -1.9188475E-005
          3942.85     -2.0300857E-005
          3954.14     -2.1471491E-005
          3965.43     -2.2703319E-005
          3976.72     -2.3999413E-005
          3988.01     -2.5362983E-005
          3999.30     -2.6797381E-005
          4010.59     -2.8306101E-005
          4021.88     -2.9892797E-005
          4033.16     -3.1561280E-005
          4044.45     -3.3315526E-005
          4055.74     -3.5159687E-005
          4067.03     -3.7098088E-005
          4078.32     -3.9135248E-005
          4089.61     -4.1275879E-005
          4100.90     -4.3524886E-005
          4112.19     -4.5887395E-005
          4123.48     -4.8368741E-005
          4134.77     -5.0974489E-005
          4146.05     -5.3710438E-005
          4157.34     -5.6582623E-005
          4168.63     -5.9597338E-005
          4179.92     -6.2761138E-005
          4191.21     -6.6080841E-005
          4202.50     -6.9563551E-005
          4213.79     -7.3216662E-005
          4225.08     -7.7047868E-005
          4236.37     -8.1065176E-005
          4247.66     -8.5276907E-005
          4258.95     -8.9691723E-005
          4270.23     -9.4318633E-005
          4281.52     -9.9166987E-005
          4292.81     -1.0424652E-004
          4304.10     -1.0956734E-004
          4315.39     -1.1513995E-004
          4326.68     -1.2097526E-004
          4337.97     -1.2708460E-004
          4349.26     -1.3347973E-004
          4360.55     -1.4017287E-004
          4371.84     -1.4717668E-004
          4383.12     -1.5450434E-004
          4394.41     -1.6216946E-004
          4405.70     -1.7018620E-004
          4416.99     -1.7856923E-004
          4428.28     -1.8733372E-004
          4439.57     -1.9649542E-004
          4450.86     -2.0607068E-004
          4462.15     -2.1607637E-004
          4473.44     -2.2653001E-004
          4484.73     -2.3744971E-004
          4496.02     -2.4885423E-004
          4507.30     -2.6076301E-004
          4518.59     -2.7319608E-004
          4529.88     -2.8617425E-004
          4541.17     -2.9971898E-004
          4552.46     -3.1385247E-004
          4563.75     -3.2859766E-004
          4575.04     -3.4397825E-004
          4586.33     -3.6001874E-004
          4597.62     -3.7674441E-004
          4608.91     -3.9418134E-004
          4620.20     -4.1235647E-004
          4631.48     -4.3129759E-004
          4642.77     -4.5103334E-004
          4654.06     -4.7159328E-004
          4665.35     -4.9300785E-004
          4676.64     -5.1530843E-004
          4687.93     -5.3852737E-004
          4699.22     -5.6269791E-004
          4710.51     -5.8785432E-004
          4721.80     -6.1403189E-004
          4733.09     -6.4126682E-004
          4744.38     -6.6959644E-004
          4755.66     -6.9905907E-004
          4766.95     -7.2969410E-004
          4778.24     -7.6154202E-004
          4789.53     -7.9464429E-004
          4800.82     -8.2904358E-004
          4812.11     -8.6478366E-004
          4823.40     -9.0190930E-004
          4834.69     -9.4046651E-004
          4845.98     -9.8050239E-004
          4857.27     -1.0220652E-003
          4868.55     -1.0652042E-003
          4879.84     -1.1099700E-003
          4891.13     -1.1564141E-003
          4902.42     -1.2045895E-003
          4913.71     -1.2545499E-003
          4925.00     -1.3063504E-003
          4936.29     -1.3600472E-003
          4947.58     -1.4156975E-003
          4958.87     -1.4733598E-003
          4970.16     -1.5330934E-003
          4981.45     -1.5949588E-003
          4992.73     -1.6590176E-003
          5004.02     -1.7253323E-003
          5015.31     -1.7939663E-003
          5026.60     -1.8649840E-003
          5037.89     -1.9384507E-003
          5049.18     -2.0144327E-003
          5060.47     -2.0929966E-003
          5071.76     -2.1742103E-003
          5083.05     -2.2581422E-003
          5094.34     -2.3448610E-003
          5105.62     -2.4344363E-003
          5116.91     -2.5269380E-003
          5128.20     -2.6224363E-003
          5139.49     -2.7210020E-003
          5150.78     -2.8227054E-003
          5162.07     -2.9276174E-003
          5173.36     -3.0358087E-003
          5184.65     -3.1473493E-003
          5195.94     -3.2623095E-003
          5207.23     -3.3807587E-003
          5218.52     -3.5027657E-003
          5229.80     -3.6283986E-003
          5241.09     -3.7577241E-003
          5252.38     -3.8908078E-003
          5263.67     -4.0277141E-003
          5274.96     -4.1685052E-003
          5286.25     -4.3132417E-003
          5297.54     -4.4619818E-003
          5308.83     -4.6147814E-003
          5320.12     -4.7716933E-003
          5331.41     -4.9327672E-003
          5342.70     -5.0980496E-003
          5353.98     -5.2675831E-003
          5365.27     -5.4414056E-003
          5376.56     -5.6195513E-003
          5387.85     -5.8020486E-003
          5399.14     -5.9889209E-003
          5410.43     -6.1801856E-003
          5421.72     -6.3758530E-003
          5433.01     -6.5759272E-003
          5444.30     -6.7804046E-003
          5455.59     -6.9892727E-003
          5466.88     -7.2025109E-003
          5478.16     -7.4200888E-003
          5489.45     -7.6419661E-003
          5500.74     -7.8680916E-003
          5512.03     -8.0984019E-003
          5523.32     -8.3328217E-003
          5534.61     -8.5712626E-003
          5545.90     -8.8136210E-003
          5557.19     -9.0597789E-003
          5568.48     -9.3096020E-003
          5579.77     -9.5629372E-003
          5591.05     -9.8196122E-003
          5602.34     -1.0079435E-002
          5613.63     -1.0342193E-002
          5624.92     -1.0607654E-002
          5636.21     -1.0875562E-002
          5647.50     -1.1145636E-002
          5658.79     -1.1417571E-002
          5670.08     -1.1691035E-002
          5681.37     -1.1965656E-002
          5692.66     -1.2241024E-002
          5703.95     -1.3546865E-002
          5715.23     -1.6828241E-002
          5726.52     -2.1963228E-002
          5737.81     -2.8836899E-002
          5749.10     -3.7340884E-002
          5760.39     -4.7372966E-002
          5771.68     -5.8836699E-002
          5782.97     -7.1641030E-002
          5794.26     -8.5700320E-002
          5805.55     -1.0093368E-001
          5816.84     -1.1726394E-001
          5828.12     -1.3461741E-001
          5839.41     -1.5292353E-001
          5850.70     -1.7211453E-001
          5861.99     -1.9212526E-001
          5873.28     -2.1289279E-001
          5884.57     -2.3435627E-001
          5895.86     -2.5645661E-001
          5907.15     -2.7913623E-001
          5918.44     -3.0233864E-001
          5929.73     -3.2600829E-001
          5941.02     -3.5009071E-001
          5952.30     -3.7453233E-001
          5963.59     -3.9928015E-001
          5974.88     -4.2428167E-001
          5986.17     -4.4948456E-001
          5997.46     -4.7483651E-001
          6008.75     -5.0028524E-001
          6020.04     -5.2577827E-001
          6031.33     -5.5126302E-001
          6042.62     -5.7668650E-001
          6053.91     -6.0199455E-001
          6065.20     -6.2713177E-001
          6076.48     -6.5204135E-001
          6087.77     -6.7666481E-001
          6099.06     -7.0094176E-001
          6110.35     -7.2480945E-001
          6121.64     -7.4820256E-001
          6132.93     -7.7105277E-001
          6144.22     -7.9328879E-001
          6155.51     -8.1483688E-001
          6166.80     -8.3562053E-001
          6178.09     -8.5556021E-001
          6189.38     -8.7457304E-001
          6200.66     -8.9257197E-001
          6211.95     -9.0946530E-001
          6223.24     -9.2515650E-001
          6234.53     -9.3954382E-001
          6245.82     -9.5252016E-001
          6257.11     -9.6397268E-001
          6268.40     -9.7378255E-001
          6279.69     -9.8204574E-001
          6290.98     -9.8895190E-001
          6302.27     -9.9451378E-001
          6313.55     -9.9873856E-001
          6324.84     -1.0016279E+000
          6336.13     -1.0031779E+000
          6347.42     -1.0033794E+000
          6358.71     -1.0022177E+000
          6370.00     -9.9967245E-001
