          3480.00      9.6444178E-033
          3491.29     -4.9263356E-004
          3502.58     -9.8564567E-004
          3513.87     -1.4791681E-003
          3525.16     -1.9733293E-003
          3536.45     -2.4682568E-003
          3547.73     -2.9640764E-003
          3559.02     -3.4609106E-003
          3570.31     -3.9588811E-003
          3581.60     -4.4581075E-003
          3592.89     -4.9587077E-003
          3604.18     -5.4607968E-003
          3615.47     -5.9644833E-003
          3626.76     -6.4698733E-003
          3638.05     -6.9770714E-003
          3649.34     -7.4861793E-003
          3660.62     -7.9972988E-003
          3671.91     -8.5105294E-003
          3683.20     -9.0259695E-003
          3694.49     -9.5437167E-003
          3705.78     -1.0063865E-002
          3717.07     -1.0586510E-002
          3728.36     -1.1111745E-002
          3739.65     -1.1639660E-002
          3750.94     -1.2170346E-002
          3762.23     -1.2703893E-002
          3773.52     -1.3240387E-002
          3784.80     -1.3779915E-002
          3796.09     -1.4322563E-002
          3807.38     -1.4868415E-002
          3818.67     -1.5417555E-002
          3829.96     -1.5970066E-002
          3841.25     -1.6526029E-002
          3852.54     -1.7085524E-002
          3863.83     -1.7648630E-002
          3875.12     -1.8215425E-002
          3886.41     -1.8785986E-002
          3897.70     -1.9360387E-002
          3908.98     -1.9938704E-002
          3920.27     -2.0521008E-002
          3931.56     -2.1107372E-002
          3942.85     -2.1697866E-002
          3954.14     -2.2292559E-002
          3965.43     -2.2891522E-002
          3976.72     -2.3494821E-002
          3988.01     -2.4102523E-002
          3999.30     -2.4714694E-002
          4010.59     -2.5331398E-002
          4021.88     -2.5952698E-002
          4033.16     -2.6578655E-002
          4044.45     -2.7209330E-002
          4055.74     -2.7844783E-002
          4067.03     -2.8485070E-002
          4078.32     -2.9130248E-002
          4089.61     -2.9780374E-002
          4100.90     -3.0435499E-002
          4112.19     -3.1095677E-002
          4123.48     -3.1760959E-002
          4134.77     -3.2431395E-002
          4146.05     -3.3107034E-002
          4157.34     -3.3787922E-002
          4168.63     -3.4474105E-002
          4179.92     -3.5165628E-002
          4191.21     -3.5862532E-002
          4202.50     -3.6564859E-002
          4213.79     -3.7272648E-002
          4225.08     -3.7985939E-002
          4236.37     -3.8704769E-002
          4247.66     -3.9429170E-002
          4258.95     -4.0159177E-002
          4270.23     -4.0894823E-002
          4281.52     -4.1636136E-002
          4292.81     -4.2383145E-002
          4304.10     -4.3135877E-002
          4315.39     -4.3894357E-002
          4326.68     -4.4658609E-002
          4337.97     -4.5428652E-002
          4349.26     -4.6204508E-002
          4360.55     -4.6986195E-002
          4371.84     -4.7773727E-002
          4383.12     -4.8567122E-002
          4394.41     -4.9366390E-002
          4405.70     -5.0171541E-002
          4416.99     -5.0982585E-002
          4428.28     -5.1799525E-002
          4439.57     -5.2622366E-002
          4450.86     -5.3451110E-002
          4462.15     -5.4285755E-002
          4473.44     -5.5126299E-002
          4484.73     -5.5972737E-002
          4496.02     -5.6825061E-002
          4507.30     -5.7683263E-002
          4518.59     -5.8547329E-002
          4529.88     -5.9417247E-002
          4541.17     -6.0292998E-002
          4552.46     -6.1174564E-002
          4563.75     -6.2061923E-002
          4575.04     -6.2955051E-002
          4586.33     -6.3853920E-002
          4597.62     -6.4758503E-002
          4608.91     -6.5668765E-002
          4620.20     -6.6584673E-002
          4631.48     -6.7506188E-002
          4642.77     -6.8433270E-002
          4654.06     -6.9365875E-002
          4665.35     -7.0303957E-002
          4676.64     -7.1247466E-002
          4687.93     -7.2196350E-002
          4699.22     -7.3150553E-002
          4710.51     -7.4110016E-002
          4721.80     -7.5074677E-002
          4733.09     -7.6044470E-002
          4744.38     -7.7019327E-002
          4755.66     -7.7999176E-002
          4766.95     -7.8983941E-002
          4778.24     -7.9973543E-002
          4789.53     -8.0967899E-002
          4800.82     -8.1966923E-002
          4812.11     -8.2970526E-002
          4823.40     -8.3978612E-002
          4834.69     -8.4991084E-002
          4845.98     -8.6007842E-002
          4857.27     -8.7028779E-002
          4868.55     -8.8053787E-002
          4879.84     -8.9082751E-002
          4891.13     -9.0115552E-002
          4902.42     -9.1152070E-002
          4913.71     -9.2192177E-002
          4925.00     -9.3235743E-002
          4936.29     -9.4282632E-002
          4947.58     -9.5332706E-002
          4958.87     -9.6385820E-002
          4970.16     -9.7441824E-002
          4981.45     -9.8500565E-002
          4992.73     -9.9561886E-002
          5004.02     -1.0062562E-001
          5015.31     -1.0169160E-001
          5026.60     -1.0275966E-001
          5037.89     -1.0382961E-001
          5049.18     -1.0490127E-001
          5060.47     -1.0597446E-001
          5071.76     -1.0704897E-001
          5083.05     -1.0812461E-001
          5094.34     -1.0920117E-001
          5105.62     -1.1027844E-001
          5116.91     -1.1135621E-001
          5128.20     -1.1243425E-001
          5139.49     -1.1351234E-001
          5150.78     -1.1459024E-001
          5162.07     -1.1566770E-001
          5173.36     -1.1674450E-001
          5184.65     -1.1782036E-001
          5195.94     -1.1889503E-001
          5207.23     -1.1996826E-001
          5218.52     -1.2103976E-001
          5229.80     -1.2210925E-001
          5241.09     -1.2317646E-001
          5252.38     -1.2424109E-001
          5263.67     -1.2530285E-001
          5274.96     -1.2636142E-001
          5286.25     -1.2741650E-001
          5297.54     -1.2846776E-001
          5308.83     -1.2951488E-001
          5320.12     -1.3055753E-001
          5331.41     -1.3159536E-001
          5342.70     -1.3262803E-001
          5353.98     -1.3365517E-001
          5365.27     -1.3467643E-001
          5376.56     -1.3569142E-001
          5387.85     -1.3669978E-001
          5399.14     -1.3770111E-001
          5410.43     -1.3869502E-001
          5421.72     -1.3968109E-001
          5433.01     -1.4065893E-001
          5444.30     -1.4162810E-001
          5455.59     -1.4258818E-001
          5466.88     -1.4353873E-001
          5478.16     -1.4447930E-001
          5489.45     -1.4540943E-001
          5500.74     -1.4632866E-001
          5512.03     -1.4723650E-001
          5523.32     -1.4813249E-001
          5534.61     -1.4901612E-001
          5545.90     -1.4988690E-001
          5557.19     -1.5074430E-001
          5568.48     -1.5158781E-001
          5579.77     -1.5241689E-001
          5591.05     -1.5323100E-001
          5602.34     -1.5402957E-001
          5613.63     -1.5481204E-001
          5624.92     -1.5557783E-001
          5636.21     -1.5632637E-001
          5647.50     -1.5705704E-001
          5658.79     -1.5776925E-001
          5670.08     -1.5846239E-001
          5681.37     -1.5913581E-001
          5692.66     -1.5978884E-001
          5703.95     -1.6109373E-001
          5715.23     -1.6368758E-001
          5726.52     -1.6751762E-001
          5737.81     -1.7253180E-001
          5749.10     -1.7867885E-001
          5760.39     -1.8590821E-001
          5771.68     -1.9417008E-001
          5782.97     -2.0341538E-001
          5794.26     -2.1359604E-001
          5805.55     -2.2466486E-001
          5816.84     -2.3657505E-001
          5828.12     -2.4928031E-001
          5839.41     -2.6273471E-001
          5850.70     -2.7689276E-001
          5861.99     -2.9170935E-001
          5873.28     -3.0713968E-001
          5884.57     -3.2313936E-001
          5895.86     -3.3966436E-001
          5907.15     -3.5667088E-001
          5918.44     -3.7411535E-001
          5929.73     -3.9195432E-001
          5941.02     -4.1014475E-001
          5952.30     -4.2864403E-001
          5963.59     -4.4740985E-001
          5974.88     -4.6640031E-001
          5986.17     -4.8557380E-001
          5997.46     -5.0488900E-001
          6008.75     -5.2430505E-001
          6020.04     -5.4378149E-001
          6031.33     -5.6327846E-001
          6042.62     -5.8275668E-001
          6053.91     -6.0217703E-001
          6065.20     -6.2150063E-001
          6076.48     -6.4068887E-001
          6087.77     -6.5970337E-001
          6099.06     -6.7850594E-001
          6110.35     -6.9705842E-001
          6121.64     -7.1532267E-001
          6132.93     -7.3326032E-001
          6144.22     -7.5083289E-001
          6155.51     -7.6800229E-001
          6166.80     -7.8473071E-001
          6178.09     -8.0098060E-001
          6189.38     -8.1671480E-001
          6200.66     -8.3189607E-001
          6211.95     -8.4648699E-001
          6223.24     -8.6045001E-001
          6234.53     -8.7374735E-001
          6245.82     -8.8634105E-001
          6257.11     -8.9819296E-001
          6268.40     -9.0926467E-001
          6279.69     -9.1986168E-001
          6290.98     -9.3031650E-001
          6302.27     -9.4063108E-001
          6313.55     -9.5080727E-001
          6324.84     -9.6084686E-001
          6336.13     -9.7075157E-001
          6347.42     -9.8052305E-001
          6358.71     -9.9016285E-001
          6370.00     -9.9967245E-001
