          3480.00     -2.3059593E-004
          3491.29     -2.3351687E-004
          3502.58     -2.3600958E-004
          3513.87     -2.3810521E-004
          3525.16     -2.3983232E-004
          3536.45     -2.4121698E-004
          3547.73     -2.4228293E-004
          3559.02     -2.4305169E-004
          3570.31     -2.4354270E-004
          3581.60     -2.4377338E-004
          3592.89     -2.4375929E-004
          3604.18     -2.4351418E-004
          3615.47     -2.4305009E-004
          3626.76     -2.4237742E-004
          3638.05     -2.4150499E-004
          3649.34     -2.4046306E-004
          3660.62     -2.3928260E-004
          3671.91     -2.3797134E-004
          3683.20     -2.3653584E-004
          3694.49     -2.3498144E-004
          3705.78     -2.3331241E-004
          3717.07     -2.3153189E-004
          3728.36     -2.2964199E-004
          3739.65     -2.2764381E-004
          3750.94     -2.2553742E-004
          3762.23     -2.2332195E-004
          3773.52     -2.2099557E-004
          3784.80     -2.1855549E-004
          3796.09     -2.1603835E-004
          3807.38     -2.1348260E-004
          3818.67     -2.1088709E-004
          3829.96     -2.0825003E-004
          3841.25     -2.0556898E-004
          3852.54     -2.0284091E-004
          3863.83     -2.0006213E-004
          3875.12     -1.9722839E-004
          3886.41     -1.9433481E-004
          3897.70     -1.9137591E-004
          3908.98     -1.8834559E-004
          3920.27     -1.8523716E-004
          3931.56     -1.8204333E-004
          3942.85     -1.7880770E-004
          3954.14     -1.7557686E-004
          3965.43     -1.7234732E-004
          3976.72     -1.6911521E-004
          3988.01     -1.6587635E-004
          3999.30     -1.6262624E-004
          4010.59     -1.5936004E-004
          4021.88     -1.5607257E-004
          4033.16     -1.5275831E-004
          4044.45     -1.4941142E-004
          4055.74     -1.4602569E-004
          4067.03     -1.4259457E-004
          4078.32     -1.3911116E-004
          4089.61     -1.3561189E-004
          4100.90     -1.3213673E-004
          4112.19     -1.2868366E-004
          4123.48     -1.2525050E-004
          4134.77     -1.2183495E-004
          4146.05     -1.1843455E-004
          4157.34     -1.1504673E-004
          4168.63     -1.1166876E-004
          4179.92     -1.0829779E-004
          4191.21     -1.0493083E-004
          4202.50     -1.0156476E-004
          4213.79     -9.8196324E-005
          4225.08     -9.4822134E-005
          4236.37     -9.1466375E-005
          4247.66     -8.8156323E-005
          4258.95     -8.4893097E-005
          4270.23     -8.1677827E-005
          4281.52     -7.8511668E-005
          4292.81     -7.5395793E-005
          4304.10     -7.2331415E-005
          4315.39     -6.9319784E-005
          4326.68     -6.6362203E-005
          4337.97     -6.3460038E-005
          4349.26     -6.0614711E-005
          4360.55     -5.7827720E-005
          4371.84     -5.5100646E-005
          4383.12     -5.2435151E-005
          4394.41     -4.9835529E-005
          4405.70     -4.7306475E-005
          4416.99     -4.4850418E-005
          4428.28     -4.2469922E-005
          4439.57     -4.0167684E-005
          4450.86     -3.7946547E-005
          4462.15     -3.5809517E-005
          4473.44     -3.3759756E-005
          4484.73     -3.1800603E-005
          4496.02     -2.9935577E-005
          4507.30     -2.8168387E-005
          4518.59     -2.6502946E-005
          4529.88     -2.4936710E-005
          4541.17     -2.3449195E-005
          4552.46     -2.2024860E-005
          4563.75     -2.0665032E-005
          4575.04     -1.9371166E-005
          4586.33     -1.8144853E-005
          4597.62     -1.6987823E-005
          4608.91     -1.5901948E-005
          4620.20     -1.4889243E-005
          4631.48     -1.3951877E-005
          4642.77     -1.3092172E-005
          4654.06     -1.2312609E-005
          4665.35     -1.1615835E-005
          4676.64     -1.0976707E-005
          4687.93     -1.0368325E-005
          4699.22     -9.7908652E-006
          4710.51     -9.2445616E-006
          4721.80     -8.7297102E-006
          4733.09     -8.2466691E-006
          4744.38     -7.7958571E-006
          4755.66     -7.3777562E-006
          4766.95     -6.9929118E-006
          4778.24     -6.6419337E-006
          4789.53     -6.3254981E-006
          4800.82     -6.0443469E-006
          4812.11     -5.7992898E-006
          4823.40     -5.5912065E-006
          4834.69     -5.4068420E-006
          4845.98     -5.2322970E-006
          4857.27     -5.0675479E-006
          4868.55     -4.9125875E-006
          4879.84     -4.7674246E-006
          4891.13     -4.6320841E-006
          4902.42     -4.5066068E-006
          4913.71     -4.3910500E-006
          4925.00     -4.2854871E-006
          4936.29     -4.1900078E-006
          4947.58     -4.1047182E-006
          4958.87     -4.0297410E-006
          4970.16     -3.9652158E-006
          4981.45     -3.9071171E-006
          4992.73     -3.8512817E-006
          5004.02     -3.7976568E-006
          5015.31     -3.7461903E-006
          5026.60     -3.6968320E-006
          5037.89     -3.6495326E-006
          5049.18     -3.6042439E-006
          5060.47     -3.5609193E-006
          5071.76     -3.5195129E-006
          5083.05     -3.4799797E-006
          5094.34     -3.4422760E-006
          5105.62     -3.4063588E-006
          5116.91     -3.3721859E-006
          5128.20     -3.3390670E-006
          5139.49     -3.3062945E-006
          5150.78     -3.2738003E-006
          5162.07     -3.2415145E-006
          5173.36     -3.2093652E-006
          5184.65     -3.1772789E-006
          5195.94     -3.1451801E-006
          5207.23     -3.1129910E-006
          5218.52     -3.0806320E-006
          5229.80     -3.0480209E-006
          5241.09     -3.0150734E-006
          5252.38     -2.9817026E-006
          5263.67     -2.9478193E-006
          5274.96     -2.9135658E-006
          5286.25     -2.8792764E-006
          5297.54     -2.8450553E-006
          5308.83     -2.8108174E-006
          5320.12     -2.7764757E-006
          5331.41     -2.7419417E-006
          5342.70     -2.7071247E-006
          5353.98     -2.6719325E-006
          5365.27     -2.6362704E-006
          5376.56     -2.6000418E-006
          5387.85     -2.5631476E-006
          5399.14     -2.5254865E-006
          5410.43     -2.4869543E-006
          5421.72     -2.4481929E-006
          5433.01     -2.4098542E-006
          5444.30     -2.3718476E-006
          5455.59     -2.3340819E-006
          5466.88     -2.2964652E-006
          5478.16     -2.2589045E-006
          5489.45     -2.2213062E-006
          5500.74     -2.1835753E-006
          5512.03     -2.1456159E-006
          5523.32     -2.1073304E-006
          5534.61     -2.0686201E-006
          5545.90     -2.0293847E-006
          5557.19     -1.9895221E-006
          5568.48     -1.9489284E-006
          5579.77     -1.9076994E-006
          5591.05     -1.8662015E-006
          5602.34     -1.8246039E-006
          5613.63     -1.7828058E-006
          5624.92     -1.7407054E-006
          5636.21     -1.6982004E-006
          5647.50     -1.6551868E-006
          5658.79     -1.6115597E-006
          5670.08     -1.5672129E-006
          5681.37     -1.5220403E-006
          5692.66     -1.4759359E-006
          5703.95     -1.4287931E-006
          5715.23     -1.3805038E-006
          5726.52     -1.3309090E-006
          5737.81     -1.2801025E-006
          5749.10     -1.2283510E-006
          5760.39     -1.1759166E-006
          5771.68     -1.1230568E-006
          5782.97     -1.0700251E-006
          5794.26     -1.0170693E-006
          5805.55     -9.6443370E-007
          5816.84     -9.1236157E-007
          5828.12     -8.6109558E-007
          5839.41     -8.1087827E-007
          5850.70     -7.6195231E-007
          5861.99     -7.1456084E-007
          5873.28     -6.6851756E-007
          5884.57     -6.2356047E-007
          5895.86     -5.7982053E-007
          5907.15     -5.3742968E-007
          5918.44     -4.9652127E-007
          5929.73     -4.5723010E-007
          5941.02     -4.1969179E-007
          5952.30     -3.8404293E-007
          5963.59     -3.5042132E-007
          5974.88     -3.1896600E-007
          5986.17     -2.8981758E-007
          5997.46     -2.6311816E-007
          6008.75     -2.3901124E-007
          6020.04     -2.1673976E-007
          6031.33     -1.9547243E-007
          6042.62     -1.7524314E-007
          6053.91     -1.5608687E-007
          6065.20     -1.3803961E-007
          6076.48     -1.2113839E-007
          6087.77     -1.0542137E-007
          6099.06     -9.0927892E-008
          6110.35     -7.7698748E-008
          6121.64     -6.5776183E-008
          6132.93     -5.5204070E-008
          6144.22     -4.6027776E-008
          6155.51     -3.8293784E-008
          6166.80     -3.1570406E-008
          6178.09     -2.5401791E-008
          6189.38     -1.9799457E-008
          6200.66     -1.4775585E-008
          6211.95     -1.0343086E-008
          6223.24     -6.5156085E-009
          6234.53     -3.3075623E-009
          6245.82     -7.3411326E-010
          6257.11      1.1887914E-009
          6268.40      2.4444066E-009
          6279.69      3.0151861E-009
          6290.98      2.8827539E-009
          6302.27      2.4037973E-009
          6313.55      1.9475232E-009
          6324.84      1.5137219E-009
          6336.13      1.1022102E-009
          6347.42      7.1283304E-010
          6358.71      3.4546334E-010
          6370.00     -1.4033948E-042
