          3480.00     -2.3059593E-004
          3491.29     -2.3194316E-004
          3502.58     -2.3318544E-004
          3513.87     -2.3432536E-004
          3525.16     -2.3536532E-004
          3536.45     -2.3630757E-004
          3547.73     -2.3715423E-004
          3559.02     -2.3790721E-004
          3570.31     -2.3856831E-004
          3581.60     -2.3913917E-004
          3592.89     -2.3962129E-004
          3604.18     -2.4001603E-004
          3615.47     -2.4032463E-004
          3626.76     -2.4054820E-004
          3638.05     -2.4068772E-004
          3649.34     -2.4074600E-004
          3660.62     -2.4072597E-004
          3671.91     -2.4062863E-004
          3683.20     -2.4045488E-004
          3694.49     -2.4020549E-004
          3705.78     -2.3988115E-004
          3717.07     -2.3948241E-004
          3728.36     -2.3900975E-004
          3739.65     -2.3846352E-004
          3750.94     -2.3784400E-004
          3762.23     -2.3715133E-004
          3773.52     -2.3638560E-004
          3784.80     -2.3554678E-004
          3796.09     -2.3463849E-004
          3807.38     -2.3366471E-004
          3818.67     -2.3262583E-004
          3829.96     -2.3152213E-004
          3841.25     -2.3035382E-004
          3852.54     -2.2912103E-004
          3863.83     -2.2782382E-004
          3875.12     -2.2646214E-004
          3886.41     -2.2503589E-004
          3897.70     -2.2354489E-004
          3908.98     -2.2198889E-004
          3920.27     -2.2036754E-004
          3931.56     -2.1868045E-004
          3942.85     -2.1693262E-004
          3954.14     -2.1512984E-004
          3965.43     -2.1327276E-004
          3976.72     -2.1136199E-004
          3988.01     -2.0939806E-004
          3999.30     -2.0738145E-004
          4010.59     -2.0531258E-004
          4021.88     -2.0319181E-004
          4033.16     -2.0101943E-004
          4044.45     -1.9879570E-004
          4055.74     -1.9652080E-004
          4067.03     -1.9419489E-004
          4078.32     -1.9181804E-004
          4089.61     -1.8939751E-004
          4100.90     -1.8694177E-004
          4112.19     -1.8445269E-004
          4123.48     -1.8193205E-004
          4134.77     -1.7938163E-004
          4146.05     -1.7680316E-004
          4157.34     -1.7419834E-004
          4168.63     -1.7156881E-004
          4179.92     -1.6891622E-004
          4191.21     -1.6624216E-004
          4202.50     -1.6354820E-004
          4213.79     -1.6083589E-004
          4225.08     -1.5810675E-004
          4236.37     -1.5537237E-004
          4247.66     -1.5264564E-004
          4258.95     -1.4993001E-004
          4270.23     -1.4722892E-004
          4281.52     -1.4454581E-004
          4292.81     -1.4188412E-004
          4304.10     -1.3924727E-004
          4315.39     -1.3663869E-004
          4326.68     -1.3406184E-004
          4337.97     -1.3152015E-004
          4349.26     -1.2901708E-004
          4360.55     -1.2655610E-004
          4371.84     -1.2414069E-004
          4383.12     -1.2177434E-004
          4394.41     -1.1946236E-004
          4405.70     -1.1721025E-004
          4416.99     -1.1502176E-004
          4428.28     -1.1290072E-004
          4439.57     -1.1085097E-004
          4450.86     -1.0887636E-004
          4462.15     -1.0698081E-004
          4473.44     -1.0516824E-004
          4484.73     -1.0344264E-004
          4496.02     -1.0180802E-004
          4507.30     -1.0026844E-004
          4518.59     -9.8827993E-005
          4529.88     -9.7484510E-005
          4541.17     -9.6218647E-005
          4552.46     -9.5016354E-005
          4563.75     -9.3880032E-005
          4575.04     -9.2812111E-005
          4586.33     -9.1815051E-005
          4597.62     -9.0891345E-005
          4608.91     -9.0043521E-005
          4620.20     -8.9274138E-005
          4631.48     -8.8585789E-005
          4642.77     -8.7981109E-005
          4654.06     -8.7462765E-005
          4665.35     -8.7033465E-005
          4676.64     -8.6663929E-005
          4687.93     -8.6323673E-005
          4699.22     -8.6013636E-005
          4710.51     -8.5734766E-005
          4721.80     -8.5488023E-005
          4733.09     -8.5274376E-005
          4744.38     -8.5094809E-005
          4755.66     -8.4950315E-005
          4766.95     -8.4841902E-005
          4778.24     -8.4770590E-005
          4789.53     -8.4737411E-005
          4800.82     -8.4743414E-005
          4812.11     -8.4789658E-005
          4823.40     -8.4877220E-005
          4834.69     -8.4987189E-005
          4845.98     -8.5100101E-005
          4857.27     -8.5216215E-005
          4868.55     -8.5335783E-005
          4879.84     -8.5459058E-005
          4891.13     -8.5586288E-005
          4902.42     -8.5717717E-005
          4913.71     -8.5853590E-005
          4925.00     -8.5994147E-005
          4936.29     -8.6139625E-005
          4947.58     -8.6290263E-005
          4958.87     -8.6446293E-005
          4970.16     -8.6607949E-005
          4981.45     -8.6768303E-005
          4992.73     -8.6920272E-005
          5004.02     -8.7063840E-005
          5015.31     -8.7198989E-005
          5026.60     -8.7325690E-005
          5037.89     -8.7443907E-005
          5049.18     -8.7553595E-005
          5060.47     -8.7654704E-005
          5071.76     -8.7747175E-005
          5083.05     -8.7830941E-005
          5094.34     -8.7905927E-005
          5105.62     -8.7972053E-005
          5116.91     -8.8029229E-005
          5128.20     -8.8076045E-005
          5139.49     -8.8111055E-005
          5150.78     -8.8134111E-005
          5162.07     -8.8145056E-005
          5173.36     -8.8143722E-005
          5184.65     -8.8129937E-005
          5195.94     -8.8103517E-005
          5207.23     -8.8064272E-005
          5218.52     -8.8012001E-005
          5229.80     -8.7946498E-005
          5241.09     -8.7867546E-005
          5252.38     -8.7774920E-005
          5263.67     -8.7668388E-005
          5274.96     -8.7548220E-005
          5286.25     -8.7415104E-005
          5297.54     -8.7269223E-005
          5308.83     -8.7110341E-005
          5320.12     -8.6938217E-005
          5331.41     -8.6752600E-005
          5342.70     -8.6553232E-005
          5353.98     -8.6339848E-005
          5365.27     -8.6112173E-005
          5376.56     -8.5869928E-005
          5387.85     -8.5612821E-005
          5399.14     -8.5340557E-005
          5410.43     -8.5052830E-005
          5421.72     -8.4750775E-005
          5433.01     -8.4435578E-005
          5444.30     -8.4107001E-005
          5455.59     -8.3764800E-005
          5466.88     -8.3408725E-005
          5478.16     -8.3038517E-005
          5489.45     -8.2653912E-005
          5500.74     -8.2254637E-005
          5512.03     -8.1840414E-005
          5523.32     -8.1410957E-005
          5534.61     -8.0965972E-005
          5545.90     -8.0505160E-005
          5557.19     -8.0028214E-005
          5568.48     -7.9534817E-005
          5579.77     -7.9024776E-005
          5591.05     -7.8498033E-005
          5602.34     -7.7954490E-005
          5613.63     -7.7393964E-005
          5624.92     -7.6816265E-005
          5636.21     -7.6221201E-005
          5647.50     -7.5608569E-005
          5658.79     -7.4978161E-005
          5670.08     -7.4329761E-005
          5681.37     -7.3663177E-005
          5692.66     -7.2978241E-005
          5703.95     -7.2274783E-005
          5715.23     -7.1552626E-005
          5726.52     -7.0692540E-005
          5737.81     -6.9589357E-005
          5749.10     -6.8263793E-005
          5760.39     -6.6736300E-005
          5771.68     -6.5027071E-005
          5782.97     -6.3156033E-005
          5794.26     -6.1142799E-005
          5805.55     -5.9006737E-005
          5816.84     -5.6767097E-005
          5828.12     -5.4443015E-005
          5839.41     -5.2053528E-005
          5850.70     -4.9617573E-005
          5861.99     -4.7153995E-005
          5873.28     -4.4679128E-005
          5884.57     -4.2204819E-005
          5895.86     -3.9743089E-005
          5907.15     -3.7305920E-005
          5918.44     -3.4905269E-005
          5929.73     -3.2553063E-005
          5941.02     -3.0261153E-005
          5952.30     -2.8041315E-005
          5963.59     -2.5905257E-005
          5974.88     -2.3864613E-005
          5986.17     -2.1930957E-005
          5997.46     -2.0115791E-005
          6008.75     -1.8430528E-005
          6020.04     -1.6841260E-005
          6031.33     -1.5309297E-005
          6042.62     -1.3838804E-005
          6053.91     -1.2433936E-005
          6065.20     -1.1098842E-005
          6076.48     -9.8376557E-006
          6087.77     -8.6545058E-006
          6099.06     -7.5535185E-006
          6110.35     -6.5388319E-006
          6121.64     -5.6145975E-006
          6132.93     -4.7849903E-006
          6144.22     -4.0541955E-006
          6155.51     -3.4263771E-006
          6166.80     -2.8719517E-006
          6178.09     -2.3595558E-006
          6189.38     -1.8906673E-006
          6200.66     -1.4667727E-006
          6211.95     -1.0893719E-006
          6223.24     -7.5997821E-007
          6234.53     -4.8011999E-007
          6245.82     -2.5133923E-007
          6257.11     -7.5192958E-008
          6268.40      4.6746165E-008
          6279.69      1.1289048E-007
          6290.98      1.2163585E-007
          6302.27      1.0158553E-007
          6313.55      8.2422170E-008
          6324.84      6.4148098E-008
          6336.13      4.6765877E-008
          6347.42      3.0278341E-008
          6358.71      1.4688614E-008
          6370.00     -1.9490827E-040
