          3480.00     -9.2075846E-036
          3491.29     -1.7027066E-008
          3502.58     -3.3870613E-008
          3513.87     -5.0544215E-008
          3525.16     -6.7061031E-008
          3536.45     -8.3433902E-008
          3547.73     -9.9675331E-008
          3559.02     -1.1579745E-007
          3570.31     -1.3181213E-007
          3581.60     -1.4773093E-007
          3592.89     -1.6356512E-007
          3604.18     -1.7932568E-007
          3615.47     -1.9502314E-007
          3626.76     -2.1066773E-007
          3638.05     -2.2626948E-007
          3649.34     -2.4186945E-007
          3660.62     -2.5750597E-007
          3671.91     -2.7318463E-007
          3683.20     -2.8891090E-007
          3694.49     -3.0469017E-007
          3705.78     -3.2052769E-007
          3717.07     -3.3642866E-007
          3728.36     -3.5239819E-007
          3739.65     -3.6844127E-007
          3750.94     -3.8456283E-007
          3762.23     -4.0076772E-007
          3773.52     -4.1706071E-007
          3784.80     -4.3344651E-007
          3796.09     -4.5003165E-007
          3807.38     -4.6691726E-007
          3818.67     -4.8409991E-007
          3829.96     -5.0157634E-007
          3841.25     -5.1934347E-007
          3852.54     -5.3739840E-007
          3863.83     -5.5573834E-007
          3875.12     -5.7436069E-007
          3886.41     -5.9326290E-007
          3897.70     -6.1244262E-007
          3908.98     -6.3189759E-007
          3920.27     -6.5162562E-007
          3931.56     -6.7162467E-007
          3942.85     -6.9215257E-007
          3954.14     -7.1345478E-007
          3965.43     -7.3551124E-007
          3976.72     -7.5830245E-007
          3988.01     -7.8180960E-007
          3999.30     -8.0601442E-007
          4010.59     -8.3089912E-007
          4021.88     -8.5644650E-007
          4033.16     -8.8263977E-007
          4044.45     -9.0946264E-007
          4055.74     -9.3689924E-007
          4067.03     -9.6493403E-007
          4078.32     -9.9355191E-007
          4089.61     -1.0231668E-006
          4100.90     -1.0541705E-006
          4112.19     -1.0865164E-006
          4123.48     -1.1201587E-006
          4134.77     -1.1550528E-006
          4146.05     -1.1911552E-006
          4157.34     -1.2284231E-006
          4168.63     -1.2668148E-006
          4179.92     -1.3062893E-006
          4191.21     -1.3468064E-006
          4202.50     -1.3883267E-006
          4213.79     -1.4308114E-006
          4225.08     -1.4742224E-006
          4236.37     -1.5189552E-006
          4247.66     -1.5653790E-006
          4258.95     -1.6134176E-006
          4270.23     -1.6629959E-006
          4281.52     -1.7140399E-006
          4292.81     -1.7664770E-006
          4304.10     -1.8202351E-006
          4315.39     -1.8752435E-006
          4326.68     -1.9314318E-006
          4337.97     -1.9887306E-006
          4349.26     -2.0470713E-006
          4360.55     -2.1063856E-006
          4371.84     -2.1666059E-006
          4383.12     -2.2276651E-006
          4394.41     -2.2895379E-006
          4405.70     -2.3521956E-006
          4416.99     -2.4155671E-006
          4428.28     -2.4795811E-006
          4439.57     -2.5441669E-006
          4450.86     -2.6092536E-006
          4462.15     -2.6747705E-006
          4473.44     -2.7406469E-006
          4484.73     -2.8068120E-006
          4496.02     -2.8731947E-006
          4507.30     -2.9397241E-006
          4518.59     -3.0063285E-006
          4529.88     -3.0728449E-006
          4541.17     -3.1388825E-006
          4552.46     -3.2041692E-006
          4563.75     -3.2686803E-006
          4575.04     -3.3323899E-006
          4586.33     -3.3952713E-006
          4597.62     -3.4572965E-006
          4608.91     -3.5184362E-006
          4620.20     -3.5786605E-006
          4631.48     -3.6379380E-006
          4642.77     -3.6962360E-006
          4654.06     -3.7535211E-006
          4665.35     -3.8097583E-006
          4676.64     -3.8645000E-006
          4687.93     -3.9173334E-006
          4699.22     -3.9682743E-006
          4710.51     -4.0173363E-006
          4721.80     -4.0645314E-006
          4733.09     -4.1098697E-006
          4744.38     -4.1533593E-006
          4755.66     -4.1950071E-006
          4766.95     -4.2348176E-006
          4778.24     -4.2727941E-006
          4789.53     -4.3089378E-006
          4800.82     -4.3432486E-006
          4812.11     -4.3757243E-006
          4823.40     -4.4063614E-006
          4834.69     -4.4347082E-006
          4845.98     -4.4603307E-006
          4857.27     -4.4832488E-006
          4868.55     -4.5034801E-006
          4879.84     -4.5210402E-006
          4891.13     -4.5359425E-006
          4902.42     -4.5481982E-006
          4913.71     -4.5578164E-006
          4925.00     -4.5648044E-006
          4936.29     -4.5691673E-006
          4947.58     -4.5709083E-006
          4958.87     -4.5700284E-006
          4970.16     -4.5665268E-006
          4981.45     -4.5600518E-006
          4992.73     -4.5502558E-006
          5004.02     -4.5371420E-006
          5015.31     -4.5207109E-006
          5026.60     -4.5009610E-006
          5037.89     -4.4778883E-006
          5049.18     -4.4514866E-006
          5060.47     -4.4217478E-006
          5071.76     -4.3886614E-006
          5083.05     -4.3522146E-006
          5094.34     -4.3123926E-006
          5105.62     -4.2691786E-006
          5116.91     -4.2225534E-006
          5128.20     -4.1723622E-006
          5139.49     -4.1184495E-006
          5150.78     -4.0607922E-006
          5162.07     -3.9993650E-006
          5173.36     -3.9341402E-006
          5184.65     -3.8650880E-006
          5195.94     -3.7921766E-006
          5207.23     -3.7153717E-006
          5218.52     -3.6346371E-006
          5229.80     -3.5499342E-006
          5241.09     -3.4612226E-006
          5252.38     -3.3684593E-006
          5263.67     -3.2715994E-006
          5274.96     -3.1706959E-006
          5286.25     -3.0658825E-006
          5297.54     -2.9571894E-006
          5308.83     -2.8445598E-006
          5320.12     -2.7279348E-006
          5331.41     -2.6072539E-006
          5342.70     -2.4824543E-006
          5353.98     -2.3534712E-006
          5365.27     -2.2202383E-006
          5376.56     -2.0826868E-006
          5387.85     -1.9407462E-006
          5399.14     -1.7943438E-006
          5410.43     -1.6434051E-006
          5421.72     -1.4884636E-006
          5433.01     -1.3300375E-006
          5444.30     -1.1680275E-006
          5455.59     -1.0023328E-006
          5466.88     -8.3285110E-007
          5478.16     -6.5947859E-007
          5489.45     -4.8210998E-007
          5500.74     -3.0063827E-007
          5512.03     -1.1495541E-007
          5523.32      7.5048763E-008
          5534.61      2.6948602E-007
          5545.90      4.6846928E-007
          5557.19      6.7211363E-007
          5568.48      8.8053571E-007
          5579.77      1.0935361E-006
          5591.05      1.3104715E-006
          5602.34      1.5310432E-006
          5613.63      1.7554214E-006
          5624.92      1.9837776E-006
          5636.21      2.2162836E-006
          5647.50      2.4531131E-006
          5658.79      2.6944403E-006
          5670.08      2.9404411E-006
          5681.37      3.1912915E-006
          5692.66      3.4471667E-006
          5703.95      3.7082429E-006
          5715.23      3.9746967E-006
          5726.52      4.1906349E-006
          5737.81      4.3050536E-006
          5749.10      4.3253816E-006
          5760.39      4.2589422E-006
          5771.68      4.1129545E-006
          5782.97      3.8945344E-006
          5794.26      3.6106848E-006
          5805.55      3.2683184E-006
          5816.84      2.8742953E-006
          5828.12      2.4354258E-006
          5839.41      1.9584751E-006
          5850.70      1.4501655E-006
          5861.99      9.1717897E-007
          5873.28      3.6978008E-007
          5884.57     -1.8335833E-007
          5895.86     -7.3798254E-007
          5907.15     -1.2898552E-006
          5918.44     -1.8347484E-006
          5929.73     -2.3684468E-006
          5941.02     -2.8867610E-006
          5952.30     -3.3855277E-006
          5963.59     -3.8606065E-006
          5974.88     -4.3078802E-006
          5986.17     -4.7232520E-006
          5997.46     -5.1026476E-006
          6008.75     -5.4420200E-006
          6020.04     -5.7481514E-006
          6031.33     -6.0285335E-006
          6042.62     -6.2820253E-006
          6053.91     -6.5071559E-006
          6065.20     -6.7024527E-006
          6076.48     -6.8664426E-006
          6087.77     -6.9976513E-006
          6099.06     -7.0945993E-006
          6110.35     -7.1557986E-006
          6121.64     -7.1797510E-006
          6132.93     -7.1649446E-006
          6144.22     -7.1098588E-006
          6155.51     -7.0129744E-006
          6166.80     -6.8820420E-006
          6178.09     -6.7254460E-006
          6189.38     -6.5426147E-006
          6200.66     -6.3329683E-006
          6211.95     -6.0959164E-006
          6223.24     -5.8308583E-006
          6234.53     -5.5371830E-006
          6245.82     -5.2142683E-006
          6257.11     -4.8614810E-006
          6268.40     -4.4781776E-006
          6279.69     -4.0637027E-006
          6290.98     -3.6173896E-006
          6302.27     -3.1472860E-006
          6313.55     -2.6618186E-006
          6324.84     -2.1608784E-006
          6336.13     -1.6443498E-006
          6347.42     -1.1121116E-006
          6358.71     -5.6403883E-007
          6370.00     -1.4352842E-043
