          3480.00      4.1452572E-029
          3491.29      1.1792881E-006
          3502.58      2.8645492E-006
          3513.87      5.0426114E-006
          3525.16      7.7022395E-006
          3536.45      1.0834063E-005
          3547.73      1.4430493E-005
          3559.02      1.8485644E-005
          3570.31      2.2995285E-005
          3581.60      2.7956771E-005
          3592.89      3.3368997E-005
          3604.18      3.9232358E-005
          3615.47      4.5548707E-005
          3626.76      5.2321344E-005
          3638.05      5.9554962E-005
          3649.34      6.7224237E-005
          3660.62      7.5305525E-005
          3671.91      8.3807852E-005
          3683.20      9.2741331E-005
          3694.49      1.0211716E-004
          3705.78      1.1194758E-004
          3717.07      1.2224594E-004
          3728.36      1.3302664E-004
          3739.65      1.4430515E-004
          3750.94      1.5609802E-004
          3762.23      1.6842290E-004
          3773.52      1.8129853E-004
          3784.80      1.9474475E-004
          3796.09      2.0868609E-004
          3807.38      2.2305090E-004
          3818.67      2.3786599E-004
          3829.96      2.5315863E-004
          3841.25      2.6895678E-004
          3852.54      2.8528896E-004
          3863.83      3.0218440E-004
          3875.12      3.1967307E-004
          3886.41      3.3778562E-004
          3897.70      3.5655357E-004
          3908.98      3.7600929E-004
          3920.27      3.9618599E-004
          3931.56      4.1711783E-004
          3942.85      4.3856723E-004
          3954.14      4.6030866E-004
          3965.43      4.8239467E-004
          3976.72      5.0487722E-004
          3988.01      5.2780796E-004
          3999.30      5.5123821E-004
          4010.59      5.7521905E-004
          4021.88      5.9980154E-004
          4033.16      6.2503674E-004
          4044.45      6.5097581E-004
          4055.74      6.7767014E-004
          4067.03      7.0517135E-004
          4078.32      7.3353151E-004
          4089.61      7.6223764E-004
          4100.90      7.9080550E-004
          4112.19      8.1932878E-004
          4123.48      8.4789876E-004
          4134.77      8.7660454E-004
          4146.05      9.0553331E-004
          4157.34      9.3477047E-004
          4168.63      9.6439993E-004
          4179.92      9.9450430E-004
          4191.21      1.0251649E-003
          4202.50      1.0564623E-003
          4213.79      1.0884761E-003
          4225.08      1.1212853E-003
          4236.37      1.1541812E-003
          4247.66      1.1864995E-003
          4258.95      1.2183825E-003
          4270.23      1.2499687E-003
          4281.52      1.2813926E-003
          4292.81      1.3127856E-003
          4304.10      1.3442759E-003
          4315.39      1.3759891E-003
          4326.68      1.4080485E-003
          4337.97      1.4405752E-003
          4349.26      1.4736883E-003
          4360.55      1.5075057E-003
          4371.84      1.5421436E-003
          4383.12      1.5777171E-003
          4394.41      1.6142211E-003
          4405.70      1.6516570E-003
          4416.99      1.6901489E-003
          4428.28      1.7298201E-003
          4439.57      1.7707936E-003
          4450.86      1.8131922E-003
          4462.15      1.8571386E-003
          4473.44      1.9027557E-003
          4484.73      1.9501673E-003
          4496.02      1.9994974E-003
          4507.30      2.0508714E-003
          4518.59      2.1044152E-003
          4529.88      2.1606981E-003
          4541.17      2.2214632E-003
          4552.46      2.2879390E-003
          4563.75      2.3601332E-003
          4575.04      2.4380624E-003
          4586.33      2.5217523E-003
          4597.62      2.6112379E-003
          4608.91      2.7065623E-003
          4620.20      2.8077779E-003
          4631.48      2.9149454E-003
          4642.77      3.0281337E-003
          4654.06      3.1474206E-003
          4665.35      3.2728920E-003
          4676.64      3.4079894E-003
          4687.93      3.5560328E-003
          4699.22      3.7169487E-003
          4710.51      3.8906860E-003
          4721.80      4.0772151E-003
          4733.09      4.2765271E-003
          4744.38      4.4886341E-003
          4755.66      4.7135684E-003
          4766.95      4.9513821E-003
          4778.24      5.2021467E-003
          4789.53      5.4659525E-003
          4800.82      5.7429092E-003
          4812.11      6.0331452E-003
          4823.40      6.3368064E-003
          4834.69      6.6586750E-003
          4845.98      7.0034422E-003
          4857.27      7.3711589E-003
          4868.55      7.7619121E-003
          4879.84      8.1758233E-003
          4891.13      8.6130497E-003
          4902.42      9.0737827E-003
          4913.71      9.5582467E-003
          4925.00      1.0066701E-002
          4936.29      1.0599436E-002
          4947.58      1.1156779E-002
          4958.87      1.1739086E-002
          4970.16      1.2346748E-002
          4981.45      1.2984210E-002
          4992.73      1.3655883E-002
          5004.02      1.4362165E-002
          5015.31      1.5103504E-002
          5026.60      1.5880394E-002
          5037.89      1.6693374E-002
          5049.18      1.7543035E-002
          5060.47      1.8430007E-002
          5071.76      1.9354973E-002
          5083.05      2.0318662E-002
          5094.34      2.1321846E-002
          5105.62      2.2365348E-002
          5116.91      2.3450036E-002
          5128.20      2.4578555E-002
          5139.49      2.5753571E-002
          5150.78      2.6976056E-002
          5162.07      2.8247040E-002
          5173.36      2.9567609E-002
          5184.65      3.0938900E-002
          5195.94      3.2362111E-002
          5207.23      3.3838494E-002
          5218.52      3.5369356E-002
          5229.80      3.6956067E-002
          5241.09      3.8600048E-002
          5252.38      4.0302784E-002
          5263.67      4.2065820E-002
          5274.96      4.3889266E-002
          5286.25      4.5772054E-002
          5297.54      4.7714711E-002
          5308.83      4.9719113E-002
          5320.12      5.1787192E-002
          5331.41      5.3920934E-002
          5342.70      5.6122386E-002
          5353.98      5.8393655E-002
          5365.27      6.0736905E-002
          5376.56      6.3154366E-002
          5387.85      6.5648333E-002
          5399.14      6.8221165E-002
          5410.43      7.0875290E-002
          5421.72      7.3602190E-002
          5433.01      7.6393819E-002
          5444.30      7.9253385E-002
          5455.59      8.2184130E-002
          5466.88      8.5189345E-002
          5478.16      8.8272366E-002
          5489.45      9.1436578E-002
          5500.74      9.4685421E-002
          5512.03      9.8022383E-002
          5523.32      1.0145102E-001
          5534.61      1.0497494E-001
          5545.90      1.0859781E-001
          5557.19      1.1232339E-001
          5568.48      1.1615549E-001
          5579.77      1.2009061E-001
          5591.05      1.2411492E-001
          5602.34      1.2822288E-001
          5613.63      1.3242022E-001
          5624.92      1.3671269E-001
          5636.21      1.4110607E-001
          5647.50      1.4560619E-001
          5658.79      1.5021892E-001
          5670.08      1.5495022E-001
          5681.37      1.5980609E-001
          5692.66      1.6479264E-001
          5703.95      1.6991602E-001
          5715.23      1.7518247E-001
          5726.52      1.7869746E-001
          5737.81      1.7874986E-001
          5749.10      1.7561546E-001
          5760.39      1.6956306E-001
          5771.68      1.6085480E-001
          5782.97      1.4974647E-001
          5794.26      1.3648748E-001
          5805.55      1.2132191E-001
          5816.84      1.0449020E-001
          5828.12      8.6229517E-002
          5839.41      6.6774117E-002
          5850.70      4.6355715E-002
          5861.99      2.5203780E-002
          5873.28      3.6692931E-003
          5884.57     -1.7960015E-002
          5895.86     -3.9551388E-002
          5907.15     -6.0972449E-002
          5918.44     -8.2090851E-002
          5929.73     -1.0277423E-001
          5941.02     -1.2289056E-001
          5952.30     -1.4230806E-001
          5963.59     -1.6089496E-001
          5974.88     -1.7851935E-001
          5986.17     -1.9504904E-001
          5997.46     -2.1035146E-001
          6008.75     -2.2429376E-001
          6020.04     -2.3699671E-001
          6031.33     -2.4864746E-001
          6042.62     -2.5921165E-001
          6053.91     -2.6865363E-001
          6065.20     -2.7693646E-001
          6076.48     -2.8402194E-001
          6087.77     -2.8987058E-001
          6099.06     -2.9444144E-001
          6110.35     -2.9769199E-001
          6121.64     -2.9957803E-001
          6132.93     -3.0005351E-001
          6144.22     -2.9907066E-001
          6155.51     -2.9658036E-001
          6166.80     -2.9271131E-001
          6178.09     -2.8761572E-001
          6189.38     -2.8127770E-001
          6200.66     -2.7367978E-001
          6211.95     -2.6480288E-001
          6223.24     -2.5462628E-001
          6234.53     -2.4312765E-001
          6245.82     -2.3028296E-001
          6257.11     -2.1606654E-001
          6268.40     -2.0045106E-001
          6279.69     -1.8340749E-001
          6290.98     -1.6490508E-001
          6302.27     -1.4506008E-001
          6313.55     -1.2400193E-001
          6324.84     -1.0171737E-001
          6336.13     -7.8191711E-002
          6347.42     -5.3408816E-002
          6358.71     -2.7351223E-002
          6370.00     -1.0860359E-042
