          3480.00      1.9225345E-029
          3491.29      1.8872168E-007
          3502.58      4.0473844E-007
          3513.87      6.4755118E-007
          3525.16      9.1686381E-007
          3536.45      1.2125751E-006
          3547.73      1.5347700E-006
          3559.02      1.8837116E-006
          3570.31      2.2598376E-006
          3581.60      2.6637542E-006
          3592.89      3.0962327E-006
          3604.18      3.5582079E-006
          3615.47      4.0507741E-006
          3626.76      4.5751876E-006
          3638.05      5.1328660E-006
          3649.34      5.7244022E-006
          3660.62      6.3504455E-006
          3671.91      7.0127317E-006
          3683.20      7.7131506E-006
          3694.49      8.4537494E-006
          3705.78      9.2367339E-006
          3717.07      1.0064476E-005
          3728.36      1.0939517E-005
          3739.65      1.1864570E-005
          3750.94      1.2842530E-005
          3762.23      1.3876480E-005
          3773.52      1.4969696E-005
          3784.80      1.6125655E-005
          3796.09      1.7345749E-005
          3807.38      1.8631509E-005
          3818.67      1.9986922E-005
          3829.96      2.1416179E-005
          3841.25      2.2923692E-005
          3852.54      2.4514100E-005
          3863.83      2.6192281E-005
          3875.12      2.7963367E-005
          3886.41      2.9832747E-005
          3897.70      3.1806095E-005
          3908.98      3.3889373E-005
          3920.27      3.6088844E-005
          3931.56      3.8411097E-005
          3942.85      4.0855825E-005
          3954.14      4.3423202E-005
          3965.43      4.6120993E-005
          3976.72      4.8957258E-005
          3988.01      5.1940382E-005
          3999.30      5.5079089E-005
          4010.59      5.8382459E-005
          4021.88      6.1859963E-005
          4033.16      6.5521475E-005
          4044.45      6.9377299E-005
          4055.74      7.3438197E-005
          4067.03      7.7715395E-005
          4078.32      8.2220637E-005
          4089.61      8.6944752E-005
          4100.90      9.1880018E-005
          4112.19      9.7041017E-005
          4123.48      1.0244270E-004
          4134.77      1.0810043E-004
          4146.05      1.1403004E-004
          4157.34      1.2024782E-004
          4168.63      1.2677062E-004
          4179.92      1.3361585E-004
          4191.21      1.4080153E-004
          4202.50      1.4834634E-004
          4213.79      1.5626964E-004
          4225.08      1.6459152E-004
          4236.37      1.7328823E-004
          4247.66      1.8233912E-004
          4258.95      1.9176989E-004
          4270.23      2.0160669E-004
          4281.52      2.1187616E-004
          4292.81      2.2260554E-004
          4304.10      2.3382274E-004
          4315.39      2.4555636E-004
          4326.68      2.5783579E-004
          4337.97      2.7069126E-004
          4349.26      2.8415391E-004
          4360.55      2.9825589E-004
          4371.84      3.1303032E-004
          4383.12      3.2851148E-004
          4394.41      3.4472441E-004
          4405.70      3.6169598E-004
          4416.99      3.7946497E-004
          4428.28      3.9807140E-004
          4439.57      4.1755669E-004
          4450.86      4.3796371E-004
          4462.15      4.5933676E-004
          4473.44      4.8172180E-004
          4484.73      5.0516642E-004
          4496.02      5.2971999E-004
          4507.30      5.5543369E-004
          4518.59      5.8236057E-004
          4529.88      6.1060954E-004
          4541.17      6.4043894E-004
          4552.46      6.7204700E-004
          4563.75      7.0548210E-004
          4575.04      7.4079673E-004
          4586.33      7.7804757E-004
          4597.62      8.1729554E-004
          4608.91      8.5860570E-004
          4620.20      9.0204750E-004
          4631.48      9.4769474E-004
          4642.77      9.9562552E-004
          4654.06      1.0459225E-003
          4665.35      1.0986730E-003
          4676.64      1.1545286E-003
          4687.93      1.2141239E-003
          4699.22      1.2775306E-003
          4710.51      1.3448306E-003
          4721.80      1.4161153E-003
          4733.09      1.4914857E-003
          4744.38      1.5710524E-003
          4755.66      1.6549357E-003
          4766.95      1.7432658E-003
          4778.24      1.8361826E-003
          4789.53      1.9338356E-003
          4800.82      2.0363845E-003
          4812.11      2.1439994E-003
          4823.40      2.2568601E-003
          4834.69      2.3761631E-003
          4845.98      2.5030848E-003
          4857.27      2.6377974E-003
          4868.55      2.7804923E-003
          4879.84      2.9313800E-003
          4891.13      3.0906904E-003
          4902.42      3.2586728E-003
          4913.71      3.4355957E-003
          4925.00      3.6217476E-003
          4936.29      3.8174371E-003
          4947.58      4.0229928E-003
          4958.87      4.2387642E-003
          4970.16      4.4651214E-003
          4981.45      4.7035561E-003
          4992.73      4.9555533E-003
          5004.02      5.2215121E-003
          5015.31      5.5018634E-003
          5026.60      5.7970694E-003
          5037.89      6.1076244E-003
          5049.18      6.4340555E-003
          5060.47      6.7769219E-003
          5071.76      7.1368174E-003
          5083.05      7.5143705E-003
          5094.34      7.9102437E-003
          5105.62      8.3251363E-003
          5116.91      8.7597845E-003
          5128.20      9.2155455E-003
          5139.49      9.6937995E-003
          5150.78      1.0195377E-002
          5162.07      1.0721157E-002
          5173.36      1.1272061E-002
          5184.65      1.1849060E-002
          5195.94      1.2453174E-002
          5207.23      1.3085473E-002
          5218.52      1.3747078E-002
          5229.80      1.4439165E-002
          5241.09      1.5162962E-002
          5252.38      1.5919754E-002
          5263.67      1.6710888E-002
          5274.96      1.7537138E-002
          5286.25      1.8398828E-002
          5297.54      1.9296996E-002
          5308.83      2.0233294E-002
          5320.12      2.1209435E-002
          5331.41      2.2227194E-002
          5342.70      2.3288411E-002
          5353.98      2.4395000E-002
          5365.27      2.5548939E-002
          5376.56      2.6752286E-002
          5387.85      2.8007175E-002
          5399.14      2.9315820E-002
          5410.43      3.0680520E-002
          5421.72      3.2097824E-002
          5433.01      3.3564680E-002
          5444.30      3.5084092E-002
          5455.59      3.6659120E-002
          5466.88      3.8292894E-002
          5478.16      3.9988617E-002
          5489.45      4.1749567E-002
          5500.74      4.3579111E-002
          5512.03      4.5480696E-002
          5523.32      4.7457870E-002
          5534.61      4.9514282E-002
          5545.90      5.1653679E-002
          5557.19      5.3879927E-002
          5568.48      5.6197007E-002
          5579.77      5.8603943E-002
          5591.05      6.1092657E-002
          5602.34      6.3661034E-002
          5613.63      6.6314959E-002
          5624.92      6.9060392E-002
          5636.21      7.1903376E-002
          5647.50      7.4850061E-002
          5658.79      7.7906704E-002
          5670.08      8.1079685E-002
          5681.37      8.4375539E-002
          5692.66      8.7800948E-002
          5703.95      9.1362751E-002
          5715.23      9.5067947E-002
          5726.52      9.7172129E-002
          5737.81      9.6111392E-002
          5749.10      9.2154757E-002
          5760.39      8.5560126E-002
          5771.68      7.6575077E-002
          5782.97      6.5437630E-002
          5794.26      5.2376583E-002
          5805.55      3.7612977E-002
          5816.84      2.1362022E-002
          5828.12      3.8337874E-003
          5839.41     -1.4766083E-002
          5850.70     -3.4235730E-002
          5861.99     -5.4376463E-002
          5873.28     -7.4841992E-002
          5884.57     -9.5353502E-002
          5895.86     -1.1581559E-001
          5907.15     -1.3613278E-001
          5918.44     -1.5620902E-001
          5929.73     -1.7594755E-001
          5941.02     -1.9525107E-001
          5952.30     -2.1402149E-001
          5963.59     -2.3215958E-001
          5974.88     -2.4956479E-001
          5986.17     -2.6613488E-001
          5997.46     -2.8176574E-001
          6008.75     -2.9635134E-001
          6020.04     -3.0979094E-001
          6031.33     -3.2205572E-001
          6042.62     -3.3314336E-001
          6053.91     -3.4304780E-001
          6065.20     -3.5175935E-001
          6076.48     -3.5926469E-001
          6087.77     -3.6554693E-001
          6099.06     -3.7058546E-001
          6110.35     -3.7435583E-001
          6121.64     -3.7682969E-001
          6132.93     -3.7797452E-001
          6144.22     -3.7775380E-001
          6155.51     -3.7612729E-001
          6166.80     -3.7295110E-001
          6178.09     -3.6810834E-001
          6189.38     -3.6159299E-001
          6200.66     -3.5339429E-001
          6211.95     -3.4349663E-001
          6223.24     -3.3187961E-001
          6234.53     -3.1851807E-001
          6245.82     -3.0338199E-001
          6257.11     -2.8643654E-001
          6268.40     -2.6764209E-001
          6279.69     -2.4695411E-001
          6290.98     -2.2432314E-001
          6302.27     -1.9953420E-001
          6313.55     -1.7238933E-001
          6324.84     -1.4285657E-001
          6336.13     -1.1089799E-001
          6347.42     -7.6469775E-002
          6358.71     -3.9522313E-002
          6370.00      2.4327103E-034
