          3480.00      2.7812052E-034
          3491.29      5.0291415E-011
          3502.58      1.1245374E-010
          3513.87      1.8620652E-010
          3525.16      2.7132060E-010
          3536.45      3.6761634E-010
          3547.73      4.7496133E-010
          3559.02      5.9326833E-010
          3570.31      7.2249414E-010
          3581.60      8.6263777E-010
          3592.89      1.0137393E-009
          3604.18      1.1758788E-009
          3615.47      1.3491754E-009
          3626.76      1.5337867E-009
          3638.05      1.7299083E-009
          3649.34      1.9371163E-009
          3660.62      2.1550194E-009
          3671.91      2.3839118E-009
          3683.20      2.6241185E-009
          3694.49      2.8759952E-009
          3705.78      3.1399277E-009
          3717.07      3.4163331E-009
          3728.36      3.7056594E-009
          3739.65      4.0083848E-009
          3750.94      4.3250198E-009
          3762.23      4.6561064E-009
          3773.52      5.0022187E-009
          3784.80      5.3639640E-009
          3796.09      5.7400250E-009
          3807.38      6.1291597E-009
          3818.67      6.5321273E-009
          3829.96      6.9497066E-009
          3841.25      7.3826997E-009
          3852.54      7.8319315E-009
          3863.83      8.2982518E-009
          3875.12      8.7825363E-009
          3886.41      9.2856870E-009
          3897.70      9.8086356E-009
          3908.98      1.0352343E-008
          3920.27      1.0917802E-008
          3931.56      1.1506037E-008
          3942.85      1.2112487E-008
          3954.14      1.2732846E-008
          3965.43      1.3368538E-008
          3976.72      1.4020988E-008
          3988.01      1.4691625E-008
          3999.30      1.5381884E-008
          4010.59      1.6093209E-008
          4021.88      1.6827054E-008
          4033.16      1.7584890E-008
          4044.45      1.8368204E-008
          4055.74      1.9178503E-008
          4067.03      2.0017316E-008
          4078.32      2.0886197E-008
          4089.61      2.1774533E-008
          4100.90      2.2672343E-008
          4112.19      2.3582119E-008
          4123.48      2.4506310E-008
          4134.77      2.5447330E-008
          4146.05      2.6407565E-008
          4157.34      2.7389373E-008
          4168.63      2.8395094E-008
          4179.92      2.9427057E-008
          4191.21      3.0487578E-008
          4202.50      3.1578973E-008
          4213.79      3.2703557E-008
          4225.08      3.3863650E-008
          4236.37      3.5043574E-008
          4247.66      3.6228680E-008
          4258.95      3.7422782E-008
          4270.23      3.8629611E-008
          4281.52      3.9852819E-008
          4292.81      4.1096001E-008
          4304.10      4.2362694E-008
          4315.39      4.3656388E-008
          4326.68      4.4980535E-008
          4337.97      4.6338553E-008
          4349.26      4.7733841E-008
          4360.55      4.9169780E-008
          4371.84      5.0649736E-008
          4383.12      5.2177075E-008
          4394.41      5.3752231E-008
          4405.70      5.5375819E-008
          4416.99      5.7051492E-008
          4428.28      5.8782901E-008
          4439.57      6.0573717E-008
          4450.86      6.2427633E-008
          4462.15      6.4348362E-008
          4473.44      6.6339656E-008
          4484.73      6.8405304E-008
          4496.02      7.0549140E-008
          4507.30      7.2775053E-008
          4518.59      7.5086983E-008
          4529.88      7.7500456E-008
          4541.17      8.0061860E-008
          4552.46      8.2804231E-008
          4563.75      8.5728656E-008
          4575.04      8.8836518E-008
          4586.33      9.2129496E-008
          4597.62      9.5609558E-008
          4608.91      9.9278952E-008
          4620.20      1.0314022E-007
          4631.48      1.0719617E-007
          4642.77      1.1144990E-007
          4654.06      1.1590478E-007
          4665.35      1.2056446E-007
          4676.64      1.2552538E-007
          4687.93      1.3088076E-007
          4699.22      1.3663014E-007
          4710.51      1.4277377E-007
          4721.80      1.4931261E-007
          4733.09      1.5624829E-007
          4744.38      1.6358311E-007
          4755.66      1.7132006E-007
          4766.95      1.7946274E-007
          4778.24      1.8801541E-007
          4789.53      1.9698295E-007
          4800.82      2.0637087E-007
          4812.11      2.1618530E-007
          4823.40      2.2643298E-007
          4834.69      2.3725467E-007
          4845.98      2.4878855E-007
          4857.27      2.6103879E-007
          4868.55      2.7401076E-007
          4879.84      2.8771101E-007
          4891.13      3.0214728E-007
          4902.42      3.1732849E-007
          4913.71      3.3326463E-007
          4925.00      3.4996691E-007
          4936.29      3.6744765E-007
          4947.58      3.8572029E-007
          4958.87      4.0479942E-007
          4970.16      4.2470071E-007
          4981.45      4.4556154E-007
          4992.73      4.6751826E-007
          5004.02      4.9058709E-007
          5015.31      5.1478594E-007
          5026.60      5.4013436E-007
          5037.89      5.6665354E-007
          5049.18      5.9436633E-007
          5060.47      6.2329715E-007
          5071.76      6.5347215E-007
          5083.05      6.8491914E-007
          5094.34      7.1766751E-007
          5105.62      7.5174840E-007
          5116.91      7.8719463E-007
          5128.20      8.2409427E-007
          5139.49      8.6253622E-007
          5150.78      9.0255708E-007
          5162.07      9.4419559E-007
          5173.36      9.8749245E-007
          5184.65      1.0324903E-006
          5195.94      1.0792338E-006
          5207.23      1.1277700E-006
          5218.52      1.1781475E-006
          5229.80      1.2304175E-006
          5241.09      1.2846331E-006
          5252.38      1.3408497E-006
          5263.67      1.3991249E-006
          5274.96      1.4594705E-006
          5286.25      1.5218610E-006
          5297.54      1.5863225E-006
          5308.83      1.6529248E-006
          5320.12      1.7217400E-006
          5331.41      1.7928420E-006
          5342.70      1.8663072E-006
          5353.98      1.9422144E-006
          5365.27      2.0206443E-006
          5376.56      2.1016805E-006
          5387.85      2.1854088E-006
          5399.14      2.2719177E-006
          5410.43      2.3612982E-006
          5421.72      2.4532762E-006
          5433.01      2.5475948E-006
          5444.30      2.6443738E-006
          5455.59      2.7437345E-006
          5466.88      2.8457999E-006
          5478.16      2.9506952E-006
          5489.45      3.0585472E-006
          5500.74      3.1694852E-006
          5512.03      3.2836403E-006
          5523.32      3.4011464E-006
          5534.61      3.5221398E-006
          5545.90      3.6467591E-006
          5557.19      3.7751463E-006
          5568.48      3.9074456E-006
          5579.77      4.0435468E-006
          5591.05      4.1829771E-006
          5602.34      4.3255570E-006
          5613.63      4.4715022E-006
          5624.92      4.6210298E-006
          5636.21      4.7743584E-006
          5647.50      4.9317089E-006
          5658.79      5.0933042E-006
          5670.08      5.2593698E-006
          5681.37      5.4301344E-006
          5692.66      5.6058302E-006
          5703.95      5.7866922E-006
          5715.23      5.9729586E-006
          5726.52      6.0945623E-006
          5737.81      6.0882929E-006
          5749.10      5.9644498E-006
          5760.39      5.7330461E-006
          5771.68      5.4038244E-006
          5782.97      4.9862720E-006
          5794.26      4.4896193E-006
          5805.55      3.9228837E-006
          5816.84      3.2949335E-006
          5828.12      2.6145030E-006
          5839.41      1.8902093E-006
          5850.70      1.1305665E-006
          5861.99      3.4399932E-007
          5873.28     -4.5638474E-007
          5884.57     -1.2598723E-006
          5895.86     -2.0617004E-006
          5907.15     -2.8571184E-006
          5918.44     -3.6413734E-006
          5929.73     -4.4097082E-006
          5941.02     -5.1573733E-006
          5952.30     -5.8796224E-006
          5963.59     -6.5717023E-006
          5974.88     -7.2288488E-006
          5986.17     -7.8462773E-006
          5997.46     -8.4191809E-006
          6008.75     -8.9427321E-006
          6020.04     -9.4202240E-006
          6031.33     -9.8574602E-006
          6042.62     -1.0253323E-005
          6053.91     -1.0606633E-005
          6065.20     -1.0916154E-005
          6076.48     -1.1180589E-005
          6087.77     -1.1398581E-005
          6099.06     -1.1568708E-005
          6110.35     -1.1689477E-005
          6121.64     -1.1759322E-005
          6132.93     -1.1776595E-005
          6144.22     -1.1739570E-005
          6155.51     -1.1646462E-005
          6166.80     -1.1500628E-005
          6178.09     -1.1306317E-005
          6189.38     -1.1062979E-005
          6200.66     -1.0769991E-005
          6211.95     -1.0426656E-005
          6223.24     -1.0032201E-005
          6234.53     -9.5857802E-006
          6245.82     -9.0864711E-006
          6257.11     -8.5332747E-006
          6268.40     -7.9251172E-006
          6279.69     -7.2608465E-006
          6290.98     -6.5392332E-006
          6302.27     -5.7629356E-006
          6313.55     -4.9351116E-006
          6324.84     -4.0551718E-006
          6336.13     -3.1224553E-006
          6347.42     -2.1362314E-006
          6358.71     -1.0957026E-006
          6370.00     -1.0858772E-047
