          3480.00     -1.1741771E-032
          3491.29      1.1756793E-011
          3502.58      2.5243404E-011
          3513.87      4.0427177E-011
          3525.16      5.7287108E-011
          3536.45      7.5813396E-011
          3547.73      9.6006940E-011
          3559.02      1.1787888E-010
          3570.31      1.4145037E-010
          3581.60      1.6675223E-010
          3592.89      1.9382474E-010
          3604.18      2.2271749E-010
          3615.47      2.5348918E-010
          3626.76      2.8620766E-010
          3638.05      3.2094994E-010
          3649.34      3.5773480E-010
          3660.62      3.9658442E-010
          3671.91      4.3759391E-010
          3683.20      4.8086684E-010
          3694.49      5.2651540E-010
          3705.78      5.7466041E-010
          3717.07      6.2543174E-010
          3728.36      6.7896838E-010
          3739.65      7.3541859E-010
          3750.94      7.9494039E-010
          3762.23      8.5770171E-010
          3773.52      9.2388080E-010
          3784.80      9.9366659E-010
          3796.09      1.0670916E-009
          3807.38      1.1441968E-009
          3818.67      1.2251988E-009
          3829.96      1.3103247E-009
          3841.25      1.3998124E-009
          3852.54      1.4939114E-009
          3863.83      1.5928830E-009
          3875.12      1.6970008E-009
          3886.41      1.8065518E-009
          3897.70      1.9218365E-009
          3908.98      2.0431701E-009
          3920.27      2.1708824E-009
          3931.56      2.3053193E-009
          3942.85      2.4463279E-009
          3954.14      2.5937849E-009
          3965.43      2.7481025E-009
          3976.72      2.9097054E-009
          3988.01      3.0790332E-009
          3999.30      3.2565408E-009
          4010.59      3.4426988E-009
          4021.88      3.6379957E-009
          4033.16      3.8429383E-009
          4044.45      4.0580531E-009
          4055.74      4.2838873E-009
          4067.03      4.5210094E-009
          4078.32      4.7700114E-009
          4089.61      5.0300960E-009
          4100.90      5.3005538E-009
          4112.19      5.5821372E-009
          4123.48      5.8756121E-009
          4134.77      6.1817602E-009
          4146.05      6.5013809E-009
          4157.34      6.8352925E-009
          4168.63      7.1843355E-009
          4179.92      7.5493735E-009
          4191.21      7.9312947E-009
          4202.50      8.3310149E-009
          4213.79      8.7494789E-009
          4225.08      9.1876619E-009
          4236.37      9.6438465E-009
          4247.66      1.0116494E-008
          4258.95      1.0606885E-008
          4270.23      1.1116310E-008
          4281.52      1.1646079E-008
          4292.81      1.2197519E-008
          4304.10      1.2771983E-008
          4315.39      1.3370848E-008
          4326.68      1.3995521E-008
          4337.97      1.4647440E-008
          4349.26      1.5328077E-008
          4360.55      1.6038947E-008
          4371.84      1.6781597E-008
          4383.12      1.7557626E-008
          4394.41      1.8368084E-008
          4405.70      1.9214107E-008
          4416.99      2.0097484E-008
          4428.28      2.1020055E-008
          4439.57      2.1983715E-008
          4450.86      2.2990416E-008
          4462.15      2.4042169E-008
          4473.44      2.5141049E-008
          4484.73      2.6289198E-008
          4496.02      2.7488829E-008
          4507.30      2.8742230E-008
          4518.59      3.0051761E-008
          4529.88      3.1422767E-008
          4541.17      3.2868577E-008
          4552.46      3.4399257E-008
          4563.75      3.6016791E-008
          4575.04      3.7723345E-008
          4586.33      3.9521269E-008
          4597.62      4.1413095E-008
          4608.91      4.3401535E-008
          4620.20      4.5489492E-008
          4631.48      4.7680052E-008
          4642.77      4.9976487E-008
          4654.06      5.2382261E-008
          4665.35      5.4901034E-008
          4676.64      5.7565371E-008
          4687.93      6.0406932E-008
          4699.22      6.3428472E-008
          4710.51      6.6633176E-008
          4721.80      7.0024656E-008
          4733.09      7.3606933E-008
          4744.38      7.7384454E-008
          4755.66      8.1362081E-008
          4766.95      8.5545093E-008
          4778.24      8.9939193E-008
          4789.53      9.4550491E-008
          4800.82      9.9385532E-008
          4812.11      1.0445129E-007
          4823.40      1.0975516E-007
          4834.69      1.1535437E-007
          4845.98      1.2130517E-007
          4857.27      1.2761442E-007
          4868.55      1.3428979E-007
          4879.84      1.4133978E-007
          4891.13      1.4877368E-007
          4902.42      1.5660163E-007
          4913.71      1.6483455E-007
          4925.00      1.7348421E-007
          4936.29      1.8256323E-007
          4947.58      1.9208503E-007
          4958.87      2.0206393E-007
          4970.16      2.1251506E-007
          4981.45      2.2350645E-007
          4992.73      2.3510575E-007
          5004.02      2.4732916E-007
          5015.31      2.6019423E-007
          5026.60      2.7371976E-007
          5037.89      2.8792589E-007
          5049.18      3.0283407E-007
          5060.47      3.1846709E-007
          5071.76      3.3484913E-007
          5083.05      3.5200575E-007
          5094.34      3.6996391E-007
          5105.62      3.8875204E-007
          5116.91      4.0840005E-007
          5128.20      4.2896593E-007
          5139.49      4.5050858E-007
          5150.78      4.7306160E-007
          5162.07      4.9666047E-007
          5173.36      5.2134249E-007
          5184.65      5.4714678E-007
          5195.94      5.7411445E-007
          5207.23      6.0228856E-007
          5218.52      6.3171418E-007
          5229.80      6.6243849E-007
          5241.09      6.9451071E-007
          5252.38      7.2798235E-007
          5263.67      7.6290716E-007
          5274.96      7.9931362E-007
          5286.25      8.3720985E-007
          5297.54      8.7663509E-007
          5308.83      9.1765505E-007
          5320.12      9.6033779E-007
          5331.41      1.0047537E-006
          5342.70      1.0509756E-006
          5353.98      1.0990792E-006
          5365.27      1.1491426E-006
          5376.56      1.2012468E-006
          5387.85      1.2554758E-006
          5399.14      1.3119164E-006
          5410.43      1.3706588E-006
          5421.72      1.4315492E-006
          5433.01      1.4944499E-006
          5444.30      1.5594784E-006
          5455.59      1.6267543E-006
          5466.88      1.6964000E-006
          5478.16      1.7685401E-006
          5489.45      1.8433023E-006
          5500.74      1.9208172E-006
          5512.03      2.0012185E-006
          5523.32      2.0846434E-006
          5534.61      2.1712328E-006
          5545.90      2.2611311E-006
          5557.19      2.3544869E-006
          5568.48      2.4514530E-006
          5579.77      2.5519803E-006
          5591.05      2.6557308E-006
          5602.34      2.7626074E-006
          5613.63      2.8728356E-006
          5624.92      2.9866440E-006
          5636.21      3.1042637E-006
          5647.50      3.2259297E-006
          5658.79      3.3518804E-006
          5670.08      3.4823589E-006
          5681.37      3.6176133E-006
          5692.66      3.7578971E-006
          5703.95      3.9034693E-006
          5715.23      4.0545940E-006
          5726.52      4.1433724E-006
          5737.81      4.1088503E-006
          5749.10      3.9613974E-006
          5760.39      3.7109847E-006
          5771.68      3.3672126E-006
          5782.97      2.9393369E-006
          5794.26      2.4362785E-006
          5805.55      1.8666775E-006
          5816.84      1.2389650E-006
          5828.12      5.6138749E-007
          5839.41     -1.5796800E-007
          5850.70     -9.1115141E-007
          5861.99     -1.6903280E-006
          5873.28     -2.4821920E-006
          5884.57     -3.2759967E-006
          5895.86     -4.0678243E-006
          5907.15     -4.8537574E-006
          5918.44     -5.6298623E-006
          5929.73     -6.3921817E-006
          5941.02     -7.1367440E-006
          5952.30     -7.8595544E-006
          5963.59     -8.5565822E-006
          5974.88     -9.2237534E-006
          5986.17     -9.8569383E-006
          5997.46     -1.0451945E-005
          6008.75     -1.1004520E-005
          6020.04     -1.1512342E-005
          6031.33     -1.1975804E-005
          6042.62     -1.2394579E-005
          6053.91     -1.2768216E-005
          6065.20     -1.3096146E-005
          6076.48     -1.3377677E-005
          6087.77     -1.3611998E-005
          6099.06     -1.3798173E-005
          6110.35     -1.3935136E-005
          6121.64     -1.4021688E-005
          6132.93     -1.4056490E-005
          6144.22     -1.4038062E-005
          6155.51     -1.3964802E-005
          6166.80     -1.3833170E-005
          6178.09     -1.3640619E-005
          6189.38     -1.3386836E-005
          6200.66     -1.3071351E-005
          6211.95     -1.2693539E-005
          6223.24     -1.2252615E-005
          6234.53     -1.1747641E-005
          6245.82     -1.1177520E-005
          6257.11     -1.0540996E-005
          6268.40     -9.8366575E-006
          6279.69     -9.0629315E-006
          6290.98     -8.2180846E-006
          6302.27     -7.2963800E-006
          6313.55     -6.2926855E-006
          6324.84     -5.2059184E-006
          6336.13     -4.0348096E-006
          6347.42     -2.7779067E-006
          6358.71     -1.4335768E-006
          6370.00     -6.0766710E-050
