          3480.00      7.2779861E-022
          3491.29     -6.5785616E-008
          3502.58     -1.3283581E-007
          3513.87     -2.0125486E-007
          3525.16     -2.7115603E-007
          3536.45     -3.4265937E-007
          3547.73     -4.1588909E-007
          3559.02     -4.9097098E-007
          3570.31     -5.6803044E-007
          3581.60     -6.4718978E-007
          3592.89     -7.2856586E-007
          3604.18     -8.1226737E-007
          3615.47     -8.9839168E-007
          3626.76     -9.8702286E-007
          3638.05     -1.0782288E-006
          3649.34     -1.1726398E-006
          3660.62     -1.2706748E-006
          3671.91     -1.3720610E-006
          3683.20     -1.4765056E-006
          3694.49     -1.5836868E-006
          3705.78     -1.6932445E-006
          3717.07     -1.8047710E-006
          3728.36     -1.9178004E-006
          3739.65     -2.0317978E-006
          3750.94     -2.1461478E-006
          3762.23     -2.2601421E-006
          3773.52     -2.3729657E-006
          3784.80     -2.4836823E-006
          3796.09     -2.5917219E-006
          3807.38     -2.6958611E-006
          3818.67     -2.7939572E-006
          3829.96     -2.8836740E-006
          3841.25     -2.9624493E-006
          3852.54     -3.0274615E-006
          3863.83     -3.0755923E-006
          3875.12     -3.1033880E-006
          3886.41     -3.1070181E-006
          3897.70     -3.0822297E-006
          3908.98     -3.0242995E-006
          3920.27     -2.9279813E-006
          3931.56     -2.7874489E-006
          3942.85     -2.5812488E-006
          3954.14     -2.2864952E-006
          3965.43     -1.8938628E-006
          3976.72     -1.3927813E-006
          3988.01     -7.7133484E-007
          3999.30     -1.6153107E-008
          4010.59      8.8770640E-007
          4021.88      1.9568950E-006
          4033.16      3.2099159E-006
          4044.45      4.6672836E-006
          4055.74      6.3516998E-006
          4067.03      8.2882370E-006
          4078.32      1.0504554E-005
          4089.61      1.3150489E-005
          4100.90      1.6375260E-005
          4112.19      2.0212241E-005
          4123.48      2.4701051E-005
          4134.77      2.9887810E-005
          4146.05      3.5825445E-005
          4157.34      4.2574015E-005
          4168.63      5.0201143E-005
          4179.92      5.8782464E-005
          4191.21      6.8402101E-005
          4202.50      7.9153283E-005
          4213.79      9.1138940E-005
          4225.08      1.0447240E-004
          4236.37      1.1971423E-004
          4247.66      1.3741345E-004
          4258.95      1.5769109E-004
          4270.23      1.8069081E-004
          4281.52      2.0657957E-004
          4292.81      2.3554854E-004
          4304.10      2.6781410E-004
          4315.39      3.0361899E-004
          4326.68      3.4323375E-004
          4337.97      3.8695809E-004
          4349.26      4.3512280E-004
          4360.55      4.8809156E-004
          4371.84      5.4626299E-004
          4383.12      6.1007315E-004
          4394.41      6.8015892E-004
          4405.70      7.5718962E-004
          4416.99      8.4171623E-004
          4428.28      9.3434125E-004
          4439.57      1.0357224E-003
          4450.86      1.1465761E-003
          4462.15      1.2676812E-003
          4473.44      1.3998835E-003
          4484.73      1.5441006E-003
          4496.02      1.7013266E-003
          4507.30      1.8726376E-003
          4518.59      2.0591972E-003
          4529.88      2.2610964E-003
          4541.17      2.4752465E-003
          4552.46      2.7000586E-003
          4563.75      2.9374499E-003
          4575.04      3.1893839E-003
          4586.33      3.4578840E-003
          4597.62      3.7450464E-003
          4608.91      4.0530514E-003
          4620.20      4.3841788E-003
          4631.48      4.7408203E-003
          4642.77      5.1254919E-003
          4654.06      5.5408505E-003
          4665.35      5.9897074E-003
          4676.64      6.4582276E-003
          4687.93      6.9336665E-003
          4699.22      7.4205332E-003
          4710.51      7.9232814E-003
          4721.80      8.4463387E-003
          4733.09      8.9941346E-003
          4744.38      9.5711319E-003
          4755.66      1.0181853E-002
          4766.95      1.0830908E-002
          4778.24      1.1523022E-002
          4789.53      1.2263064E-002
          4800.82      1.3056073E-002
          4812.11      1.3907285E-002
          4823.40      1.4822162E-002
          4834.69      1.5765699E-002
          4845.98      1.6705113E-002
          4857.27      1.7649135E-002
          4868.55      1.8606215E-002
          4879.84      1.9584570E-002
          4891.13      2.0592246E-002
          4902.42      2.1637164E-002
          4913.71      2.2727167E-002
          4925.00      2.3870074E-002
          4936.29      2.5073720E-002
          4947.58      2.6346004E-002
          4958.87      2.7694928E-002
          4970.16      2.9128644E-002
          4981.45      3.0597388E-002
          4992.73      3.2054161E-002
          5004.02      3.3510941E-002
          5015.31      3.4979172E-002
          5026.60      3.6469838E-002
          5037.89      3.7993522E-002
          5049.18      3.9560478E-002
          5060.47      4.1180681E-002
          5071.76      4.2863893E-002
          5083.05      4.4619712E-002
          5094.34      4.6457616E-002
          5105.62      4.8387021E-002
          5116.91      5.0417323E-002
          5128.20      5.2518808E-002
          5139.49      5.4663676E-002
          5150.78      5.6863858E-002
          5162.07      5.9130898E-002
          5173.36      6.1476002E-002
          5184.65      6.3910092E-002
          5195.94      6.6443868E-002
          5207.23      6.9087845E-002
          5218.52      7.1852404E-002
          5229.80      7.4747833E-002
          5241.09      7.7784360E-002
          5252.38      8.0972200E-002
          5263.67      8.4321590E-002
          5274.96      8.7895696E-002
          5286.25      9.1801036E-002
          5297.54      9.6087444E-002
          5308.83      1.0075820E-001
          5320.12      1.0581799E-001
          5331.41      1.1127283E-001
          5342.70      1.1713012E-001
          5353.98      1.2339854E-001
          5365.27      1.3008805E-001
          5376.56      1.3720992E-001
          5387.85      1.4477664E-001
          5399.14      1.5280201E-001
          5410.43      1.6130106E-001
          5421.72      1.7090811E-001
          5433.01      1.8221027E-001
          5444.30      1.9515944E-001
          5455.59      2.0971603E-001
          5466.88      2.2584864E-001
          5478.16      2.4353352E-001
          5489.45      2.6275427E-001
          5500.74      2.8350144E-001
          5512.03      3.0577218E-001
          5523.32      3.2957004E-001
          5534.61      3.5490471E-001
          5545.90      3.8179165E-001
          5557.19      4.1025210E-001
          5568.48      4.4031274E-001
          5579.77      4.7268115E-001
          5591.05      5.0902476E-001
          5602.34      5.5020311E-001
          5613.63      5.9601883E-001
          5624.92      6.4629746E-001
          5636.21      7.0088556E-001
          5647.50      7.5964944E-001
          5658.79      8.2247347E-001
          5670.08      8.8925880E-001
          5681.37      9.5992010E-001
          5692.66      1.0343847E+000
          5703.95      1.1125948E+000
          5715.23      1.1945058E+000
          5726.52      1.5615711E+000
          5737.81      2.4579461E+000
          5749.10      3.8302994E+000
          5760.39      5.6285633E+000
          5771.68      7.8056114E+000
          5782.97      1.0316950E+001
          5794.26      1.3120486E+001
          5805.55      1.6176087E+001
          5816.84      1.9445092E+001
          5828.12      2.2890050E+001
          5839.41      2.6474468E+001
          5850.70      3.0162569E+001
          5861.99      3.3919061E+001
          5873.28      3.7693246E+001
          5884.57      4.1448891E+001
          5895.86      4.5172316E+001
          5907.15      4.8849354E+001
          5918.44      5.2465237E+001
          5929.73      5.6004521E+001
          5941.02      5.9451061E+001
          5952.30      6.2787914E+001
          5963.59      6.5997227E+001
          5974.88      6.9060144E+001
          5986.17      7.1956689E+001
          5997.46      7.4665681E+001
          6008.75      7.7164653E+001
          6020.04      7.9443930E+001
          6031.33      8.1508679E+001
          6042.62      8.3356402E+001
          6053.91      8.4982895E+001
          6065.20      8.6382236E+001
          6076.48      8.7546768E+001
          6087.77      8.8467049E+001
          6099.06      8.9131809E+001
          6110.35      8.9527879E+001
          6121.64      8.9640146E+001
          6132.93      8.9451509E+001
          6144.22      8.8942865E+001
          6155.51      8.8093077E+001
          6166.80      8.6921799E+001
          6178.09      8.5452517E+001
          6189.38      8.3666722E+001
          6200.66      8.1543805E+001
          6211.95      7.9060977E+001
          6223.24      7.6193176E+001
          6234.53      7.2912991E+001
          6245.82      6.9190544E+001
          6257.11      6.4993385E+001
          6268.40      6.0286391E+001
          6279.69      5.5031608E+001
          6290.98      4.9188119E+001
          6302.27      4.2959240E+001
          6313.55      3.6545888E+001
          6324.84      2.9900473E+001
          6336.13      2.2974181E+001
          6347.42      1.5716807E+001
          6358.71      8.0765907E+000
          6370.00      9.3523921E-049
