          3480.00     -9.2005281E-032
          3491.29     -4.3255619E-003
          3502.58     -8.6551823E-003
          3513.87     -1.2989298E-002
          3525.16     -1.7328330E-002
          3536.45     -2.1672705E-002
          3547.73     -2.6022845E-002
          3559.02     -3.0379159E-002
          3570.31     -3.4742059E-002
          3581.60     -3.9111952E-002
          3592.89     -4.3489240E-002
          3604.18     -4.7874312E-002
          3615.47     -5.2267510E-002
          3626.76     -5.6669164E-002
          3638.05     -6.1079598E-002
          3649.34     -6.5499568E-002
          3660.62     -6.9929756E-002
          3671.91     -7.4370354E-002
          3683.20     -7.8821553E-002
          3694.49     -8.3283546E-002
          3705.78     -8.7756510E-002
          3717.07     -9.2240632E-002
          3728.36     -9.6736099E-002
          3739.65     -1.0124308E-001
          3750.94     -1.0576176E-001
          3762.23     -1.1029232E-001
          3773.52     -1.1483492E-001
          3784.80     -1.1938974E-001
          3796.09     -1.2395827E-001
          3807.38     -1.2854185E-001
          3818.67     -1.3314044E-001
          3829.96     -1.3775398E-001
          3841.25     -1.4238243E-001
          3852.54     -1.4702574E-001
          3863.83     -1.5168386E-001
          3875.12     -1.5635674E-001
          3886.41     -1.6104432E-001
          3897.70     -1.6574656E-001
          3908.98     -1.7046340E-001
          3920.27     -1.7519479E-001
          3931.56     -1.7994068E-001
          3942.85     -1.8470373E-001
          3954.14     -1.8948630E-001
          3965.43     -1.9428791E-001
          3976.72     -1.9910805E-001
          3988.01     -2.0394624E-001
          3999.30     -2.0880199E-001
          4010.59     -2.1367481E-001
          4021.88     -2.1856421E-001
          4033.16     -2.2346970E-001
          4044.45     -2.2839081E-001
          4055.74     -2.3332704E-001
          4067.03     -2.3827792E-001
          4078.32     -2.4324295E-001
          4089.61     -2.4822440E-001
          4100.90     -2.5322407E-001
          4112.19     -2.5824076E-001
          4123.48     -2.6327331E-001
          4134.77     -2.6832054E-001
          4146.05     -2.7338128E-001
          4157.34     -2.7845435E-001
          4168.63     -2.8353860E-001
          4179.92     -2.8863286E-001
          4191.21     -2.9373596E-001
          4202.50     -2.9884674E-001
          4213.79     -3.0396403E-001
          4225.08     -3.0908669E-001
          4236.37     -3.1421365E-001
          4247.66     -3.1934335E-001
          4258.95     -3.2447387E-001
          4270.23     -3.2960331E-001
          4281.52     -3.3472972E-001
          4292.81     -3.3985121E-001
          4304.10     -3.4496585E-001
          4315.39     -3.5007172E-001
          4326.68     -3.5516693E-001
          4337.97     -3.6024954E-001
          4349.26     -3.6531764E-001
          4360.55     -3.7036932E-001
          4371.84     -3.7540267E-001
          4383.12     -3.8041576E-001
          4394.41     -3.8540626E-001
          4405.70     -3.9037176E-001
          4416.99     -3.9531024E-001
          4428.28     -4.0021969E-001
          4439.57     -4.0509809E-001
          4450.86     -4.0994342E-001
          4462.15     -4.1475364E-001
          4473.44     -4.1952674E-001
          4484.73     -4.2426068E-001
          4496.02     -4.2895342E-001
          4507.30     -4.3360293E-001
          4518.59     -4.3820716E-001
          4529.88     -4.4276614E-001
          4541.17     -4.4728570E-001
          4552.46     -4.5177002E-001
          4563.75     -4.5621786E-001
          4575.04     -4.6062795E-001
          4586.33     -4.6499904E-001
          4597.62     -4.6932985E-001
          4608.91     -4.7361913E-001
          4620.20     -4.7786557E-001
          4631.48     -4.8206792E-001
          4642.77     -4.8622487E-001
          4654.06     -4.9033513E-001
          4665.35     -4.9439740E-001
          4676.64     -4.9842230E-001
          4687.93     -5.0242105E-001
          4699.22     -5.0639319E-001
          4710.51     -5.1033829E-001
          4721.80     -5.1425590E-001
          4733.09     -5.1814556E-001
          4744.38     -5.2200681E-001
          4755.66     -5.2583920E-001
          4766.95     -5.2964224E-001
          4778.24     -5.3341548E-001
          4789.53     -5.3715843E-001
          4800.82     -5.4087061E-001
          4812.11     -5.4455154E-001
          4823.40     -5.4820072E-001
          4834.69     -5.5182509E-001
          4845.98     -5.5543186E-001
          4857.27     -5.5902099E-001
          4868.55     -5.6259241E-001
          4879.84     -5.6614605E-001
          4891.13     -5.6968185E-001
          4902.42     -5.7319974E-001
          4913.71     -5.7669964E-001
          4925.00     -5.8018147E-001
          4936.29     -5.8364515E-001
          4947.58     -5.8709059E-001
          4958.87     -5.9051771E-001
          4970.16     -5.9392641E-001
          4981.45     -5.9731875E-001
          4992.73     -6.0069689E-001
          5004.02     -6.0406085E-001
          5015.31     -6.0741067E-001
          5026.60     -6.1074639E-001
          5037.89     -6.1406803E-001
          5049.18     -6.1737562E-001
          5060.47     -6.2066919E-001
          5071.76     -6.2394875E-001
          5083.05     -6.2721433E-001
          5094.34     -6.3046593E-001
          5105.62     -6.3370358E-001
          5116.91     -6.3692728E-001
          5128.20     -6.4013721E-001
          5139.49     -6.4333356E-001
          5150.78     -6.4651637E-001
          5162.07     -6.4968565E-001
          5173.36     -6.5284144E-001
          5184.65     -6.5598374E-001
          5195.94     -6.5911259E-001
          5207.23     -6.6222799E-001
          5218.52     -6.6532997E-001
          5229.80     -6.6841853E-001
          5241.09     -6.7149368E-001
          5252.38     -6.7455543E-001
          5263.67     -6.7760378E-001
          5274.96     -6.8063884E-001
          5286.25     -6.8366078E-001
          5297.54     -6.8666967E-001
          5308.83     -6.8966549E-001
          5320.12     -6.9264819E-001
          5331.41     -6.9561773E-001
          5342.70     -6.9857409E-001
          5353.98     -7.0151722E-001
          5365.27     -7.0444708E-001
          5376.56     -7.0736363E-001
          5387.85     -7.1026681E-001
          5399.14     -7.1315659E-001
          5410.43     -7.1603291E-001
          5421.72     -7.1889711E-001
          5433.01     -7.2175045E-001
          5444.30     -7.2459279E-001
          5455.59     -7.2742396E-001
          5466.88     -7.3024378E-001
          5478.16     -7.3305209E-001
          5489.45     -7.3584873E-001
          5500.74     -7.3863352E-001
          5512.03     -7.4140630E-001
          5523.32     -7.4416688E-001
          5534.61     -7.4691511E-001
          5545.90     -7.4965079E-001
          5557.19     -7.5237375E-001
          5568.48     -7.5508381E-001
          5579.77     -7.5778178E-001
          5591.05     -7.6046983E-001
          5602.34     -7.6314905E-001
          5613.63     -7.6581902E-001
          5624.92     -7.6847934E-001
          5636.21     -7.7112961E-001
          5647.50     -7.7376942E-001
          5658.79     -7.7639837E-001
          5670.08     -7.7901604E-001
          5681.37     -7.8162202E-001
          5692.66     -7.8421586E-001
          5703.95     -7.8679713E-001
          5715.23     -7.8936540E-001
          5726.52     -7.9213920E-001
          5737.81     -7.9531656E-001
          5749.10     -7.9886655E-001
          5760.39     -8.0275855E-001
          5771.68     -8.0696222E-001
          5782.97     -8.1144753E-001
          5794.26     -8.1618485E-001
          5805.55     -8.2114481E-001
          5816.84     -8.2629819E-001
          5828.12     -8.3161588E-001
          5839.41     -8.3706891E-001
          5850.70     -8.4262842E-001
          5861.99     -8.4826567E-001
          5873.28     -8.5394390E-001
          5884.57     -8.5963280E-001
          5895.86     -8.6531349E-001
          5907.15     -8.7096714E-001
          5918.44     -8.7657497E-001
          5929.73     -8.8211828E-001
          5941.02     -8.8757851E-001
          5952.30     -8.9293724E-001
          5963.59     -8.9817617E-001
          5974.88     -9.0327716E-001
          5986.17     -9.0822220E-001
          5997.46     -9.1299343E-001
          6008.75     -9.1757318E-001
          6020.04     -9.2200256E-001
          6031.33     -9.2632969E-001
          6042.62     -9.3054758E-001
          6053.91     -9.3464928E-001
          6065.20     -9.3862787E-001
          6076.48     -9.4247649E-001
          6087.77     -9.4618831E-001
          6099.06     -9.4975654E-001
          6110.35     -9.5317439E-001
          6121.64     -9.5643511E-001
          6132.93     -9.5953192E-001
          6144.22     -9.6245810E-001
          6155.51     -9.6520698E-001
          6166.80     -9.6782171E-001
          6178.09     -9.7034812E-001
          6189.38     -9.7278363E-001
          6200.66     -9.7512567E-001
          6211.95     -9.7737168E-001
          6223.24     -9.7951907E-001
          6234.53     -9.8156524E-001
          6245.82     -9.8350760E-001
          6257.11     -9.8534356E-001
          6268.40     -9.8707050E-001
          6279.69     -9.8868581E-001
          6290.98     -9.9018687E-001
          6302.27     -9.9161743E-001
          6313.55     -9.9302297E-001
          6324.84     -9.9440339E-001
          6336.13     -9.9575864E-001
          6347.42     -9.9708861E-001
          6358.71     -9.9839325E-001
          6370.00     -9.9967245E-001
