          3480.00     -3.9941089E-029
          3491.29     -4.5782987E-007
          3502.58     -9.0784469E-007
          3513.87     -1.3522484E-006
          3525.16     -1.7931890E-006
          3536.45     -2.2327698E-006
          3547.73     -2.6730571E-006
          3559.02     -3.1160877E-006
          3570.31     -3.5638786E-006
          3581.60     -4.0184341E-006
          3592.89     -4.4817532E-006
          3604.18     -4.9558362E-006
          3615.47     -5.4426866E-006
          3626.76     -5.9443213E-006
          3638.05     -6.4627789E-006
          3649.34     -7.0048775E-006
          3660.62     -7.5772020E-006
          3671.91     -8.1815248E-006
          3683.20     -8.8197089E-006
          3694.49     -9.4937131E-006
          3705.78     -1.0205594E-005
          3717.07     -1.0957514E-005
          3728.36     -1.1751745E-005
          3739.65     -1.2590669E-005
          3750.94     -1.3476793E-005
          3762.23     -1.4412743E-005
          3773.52     -1.5401281E-005
          3784.80     -1.6445301E-005
          3796.09     -1.7567570E-005
          3807.38     -1.8790030E-005
          3818.67     -2.0114696E-005
          3829.96     -2.1543909E-005
          3841.25     -2.3080340E-005
          3852.54     -2.4726992E-005
          3863.83     -2.6487194E-005
          3875.12     -2.8364615E-005
          3886.41     -3.0363252E-005
          3897.70     -3.2487452E-005
          3908.98     -3.4741904E-005
          3920.27     -3.7131647E-005
          3931.56     -3.9662084E-005
          3942.85     -4.2410400E-005
          3954.14     -4.5450510E-005
          3965.43     -4.8783908E-005
          3976.72     -5.2413028E-005
          3988.01     -5.6341246E-005
          3999.30     -6.0572858E-005
          4010.59     -6.5113059E-005
          4021.88     -6.9967959E-005
          4033.16     -7.5144562E-005
          4044.45     -8.0650769E-005
          4055.74     -8.6495383E-005
          4067.03     -9.2688092E-005
          4078.32     -9.9239503E-005
          4089.61     -1.0633875E-004
          4100.90     -1.1416609E-004
          4112.19     -1.2272124E-004
          4123.48     -1.3200611E-004
          4134.77     -1.4202477E-004
          4146.05     -1.5278345E-004
          4157.34     -1.6429042E-004
          4168.63     -1.7655602E-004
          4179.92     -1.8959266E-004
          4191.21     -2.0341470E-004
          4202.50     -2.1803855E-004
          4213.79     -2.3348259E-004
          4225.08     -2.4976719E-004
          4236.37     -2.6720159E-004
          4247.66     -2.8608006E-004
          4258.95     -3.0640513E-004
          4270.23     -3.2818326E-004
          4281.52     -3.5142464E-004
          4292.81     -3.7614332E-004
          4304.10     -4.0235701E-004
          4315.39     -4.3008707E-004
          4326.68     -4.5935847E-004
          4337.97     -4.9019969E-004
          4349.26     -5.2264284E-004
          4360.55     -5.5672353E-004
          4371.84     -5.9248087E-004
          4383.12     -6.2995757E-004
          4394.41     -6.6925047E-004
          4405.70     -7.1045695E-004
          4416.99     -7.5362601E-004
          4428.28     -7.9881043E-004
          4439.57     -8.4606704E-004
          4450.86     -8.9545659E-004
          4462.15     -9.4704369E-004
          4473.44     -1.0008971E-003
          4484.73     -1.0570896E-003
          4496.02     -1.1156980E-003
          4507.30     -1.1768035E-003
          4518.59     -1.2404912E-003
          4529.88     -1.3066397E-003
          4541.17     -1.3745640E-003
          4552.46     -1.4438294E-003
          4563.75     -1.5145956E-003
          4575.04     -1.5870227E-003
          4586.33     -1.6612714E-003
          4597.62     -1.7375031E-003
          4608.91     -1.8158804E-003
          4620.20     -1.8965674E-003
          4631.48     -1.9797304E-003
          4642.77     -2.0655372E-003
          4654.06     -2.1541582E-003
          4665.35     -2.2457668E-003
          4676.64     -2.3387421E-003
          4687.93     -2.4315346E-003
          4699.22     -2.5244217E-003
          4710.51     -2.6176749E-003
          4721.80     -2.7115603E-003
          4733.09     -2.8063396E-003
          4744.38     -2.9022703E-003
          4755.66     -2.9996066E-003
          4766.95     -3.0985997E-003
          4778.24     -3.1994987E-003
          4789.53     -3.3025505E-003
          4800.82     -3.4080010E-003
          4812.11     -3.5160954E-003
          4823.40     -3.6270781E-003
          4834.69     -3.7384821E-003
          4845.98     -3.8479090E-003
          4857.27     -3.9556970E-003
          4868.55     -4.0621721E-003
          4879.84     -4.1676481E-003
          4891.13     -4.2724287E-003
          4902.42     -4.3768073E-003
          4913.71     -4.4810675E-003
          4925.00     -4.5854846E-003
          4936.29     -4.6903259E-003
          4947.58     -4.7958507E-003
          4958.87     -4.9023119E-003
          4970.16     -5.0099555E-003
          4981.45     -5.1164777E-003
          4992.73     -5.2196180E-003
          5004.02     -5.3196707E-003
          5015.31     -5.4169132E-003
          5026.60     -5.5116069E-003
          5037.89     -5.6039977E-003
          5049.18     -5.6943170E-003
          5060.47     -5.7827817E-003
          5071.76     -5.8695950E-003
          5083.05     -5.9549471E-003
          5094.34     -6.0390155E-003
          5105.62     -6.1219652E-003
          5116.91     -6.2039496E-003
          5128.20     -6.2839397E-003
          5139.49     -6.3609187E-003
          5150.78     -6.4350369E-003
          5162.07     -6.5064286E-003
          5173.36     -6.5752128E-003
          5184.65     -6.6414930E-003
          5195.94     -6.7053579E-003
          5207.23     -6.7668814E-003
          5218.52     -6.8261231E-003
          5229.80     -6.8831282E-003
          5241.09     -6.9379279E-003
          5252.38     -6.9905392E-003
          5263.67     -7.0409656E-003
          5274.96     -7.0902819E-003
          5286.25     -7.1404523E-003
          5297.54     -7.1923044E-003
          5308.83     -7.2457140E-003
          5320.12     -7.3005515E-003
          5331.41     -7.3566818E-003
          5342.70     -7.4139639E-003
          5353.98     -7.4722506E-003
          5365.27     -7.5313881E-003
          5376.56     -7.5912157E-003
          5387.85     -7.6515657E-003
          5399.14     -7.7122626E-003
          5410.43     -7.7731232E-003
          5421.72     -7.8426226E-003
          5433.01     -7.9288665E-003
          5444.30     -8.0311311E-003
          5455.59     -8.1487171E-003
          5466.88     -8.2809487E-003
          5478.16     -8.4271716E-003
          5489.45     -8.5867513E-003
          5500.74     -8.7590715E-003
          5512.03     -8.9435325E-003
          5523.32     -9.1395498E-003
          5534.61     -9.3465530E-003
          5545.90     -9.5639829E-003
          5557.19     -9.7912918E-003
          5568.48     -1.0027941E-002
          5579.77     -1.0279763E-002
          5591.05     -1.0561617E-002
          5602.34     -1.0881184E-002
          5613.63     -1.1236453E-002
          5624.92     -1.1625471E-002
          5636.21     -1.2046342E-002
          5647.50     -1.2497224E-002
          5658.79     -1.2976322E-002
          5670.08     -1.3481884E-002
          5681.37     -1.4012178E-002
          5692.66     -1.4565492E-002
          5703.95     -1.5140158E-002
          5715.23     -1.5734546E-002
          5726.52     -1.8174146E-002
          5737.81     -2.4104495E-002
          5749.10     -3.3260604E-002
          5760.39     -4.5385810E-002
          5771.68     -6.0231304E-002
          5782.97     -7.7555643E-002
          5794.26     -9.7124763E-002
          5805.55     -1.1871076E-001
          5816.84     -1.4209014E-001
          5828.12     -1.6704343E-001
          5839.41     -1.9335464E-001
          5850.70     -2.2081089E-001
          5861.99     -2.4920196E-001
          5873.28     -2.7819061E-001
          5884.57     -3.0750351E-001
          5895.86     -3.3702848E-001
          5907.15     -3.6665376E-001
          5918.44     -3.9626770E-001
          5929.73     -4.2575861E-001
          5941.02     -4.5501509E-001
          5952.30     -4.8392588E-001
          5963.59     -5.1237958E-001
          5974.88     -5.4026454E-001
          5986.17     -5.6746862E-001
          5997.46     -5.9387902E-001
          6008.75     -6.1938246E-001
          6020.04     -6.4404118E-001
          6031.33     -6.6798452E-001
          6042.62     -6.9119825E-001
          6053.91     -7.1366648E-001
          6065.20     -7.3537170E-001
          6076.48     -7.5629484E-001
          6087.77     -7.7641517E-001
          6099.06     -7.9571025E-001
          6110.35     -8.1415574E-001
          6121.64     -8.3172537E-001
          6132.93     -8.4839072E-001
          6144.22     -8.6412130E-001
          6155.51     -8.7888504E-001
          6166.80     -8.9274309E-001
          6178.09     -9.0578067E-001
          6189.38     -9.1799924E-001
          6200.66     -9.2939830E-001
          6211.95     -9.3997536E-001
          6223.24     -9.4972596E-001
          6234.53     -9.5864362E-001
          6245.82     -9.6671991E-001
          6257.11     -9.7394439E-001
          6268.40     -9.8030463E-001
          6279.69     -9.8578622E-001
          6290.98     -9.9037272E-001
          6302.27     -9.9410445E-001
          6313.55     -9.9703566E-001
          6324.84     -9.9916788E-001
          6336.13     -1.0005008E+000
          6347.42     -1.0010322E+000
          6358.71     -1.0007580E+000
          6370.00     -9.9967245E-001
