          3480.00     -8.5412128E-031
          3491.29     -3.1208896E-006
          3502.58     -6.2259068E-006
          3513.87     -9.3237611E-006
          3525.16     -1.2423011E-005
          3536.45     -1.5532107E-005
          3547.73     -1.8659402E-005
          3559.02     -2.1813174E-005
          3570.31     -2.5001657E-005
          3581.60     -2.8233056E-005
          3592.89     -3.1515572E-005
          3604.18     -3.4857409E-005
          3615.47     -3.8266772E-005
          3626.76     -4.1751907E-005
          3638.05     -4.5321125E-005
          3649.34     -4.9002042E-005
          3660.62     -5.2820992E-005
          3671.91     -5.6784611E-005
          3683.20     -6.0899809E-005
          3694.49     -6.5173783E-005
          3705.78     -6.9614010E-005
          3717.07     -7.4228280E-005
          3728.36     -7.9024697E-005
          3739.65     -8.4011673E-005
          3750.94     -8.9197967E-005
          3762.23     -9.4592676E-005
          3773.52     -1.0020526E-004
          3784.80     -1.0604554E-004
          3796.09     -1.1219799E-004
          3807.38     -1.1874349E-004
          3818.67     -1.2568742E-004
          3829.96     -1.3303608E-004
          3841.25     -1.4079666E-004
          3852.54     -1.4897725E-004
          3863.83     -1.5758683E-004
          3875.12     -1.6663524E-004
          3886.41     -1.7613321E-004
          3897.70     -1.8609236E-004
          3908.98     -1.9652519E-004
          3920.27     -2.0744506E-004
          3931.56     -2.1886627E-004
          3942.85     -2.3104527E-004
          3954.14     -2.4422684E-004
          3965.43     -2.5841018E-004
          3976.72     -2.7359686E-004
          3988.01     -2.8979079E-004
          3999.30     -3.0699816E-004
          4010.59     -3.2522733E-004
          4021.88     -3.4448889E-004
          4033.16     -3.6479556E-004
          4044.45     -3.8616218E-004
          4055.74     -4.0860568E-004
          4067.03     -4.3214502E-004
          4078.32     -4.5680128E-004
          4089.61     -4.8312940E-004
          4100.90     -5.1165672E-004
          4112.19     -5.4236830E-004
          4123.48     -5.7525415E-004
          4134.77     -6.1030907E-004
          4146.05     -6.4753260E-004
          4157.34     -6.8692871E-004
          4168.63     -7.2850589E-004
          4179.92     -7.7227700E-004
          4191.21     -8.1825899E-004
          4202.50     -8.6647310E-004
          4213.79     -9.1694461E-004
          4225.08     -9.6970281E-004
          4236.37     -1.0255380E-003
          4247.66     -1.0851987E-003
          4258.95     -1.1486606E-003
          4270.23     -1.2159070E-003
          4281.52     -1.2869286E-003
          4292.81     -1.3617235E-003
          4304.10     -1.4402967E-003
          4315.39     -1.5226599E-003
          4326.68     -1.6088317E-003
          4337.97     -1.6988371E-003
          4349.26     -1.7927072E-003
          4360.55     -1.8904799E-003
          4371.84     -1.9921986E-003
          4383.12     -2.0979131E-003
          4394.41     -2.2077951E-003
          4405.70     -2.3220145E-003
          4416.99     -2.4406279E-003
          4428.28     -2.5636980E-003
          4439.57     -2.6912938E-003
          4450.86     -2.8234903E-003
          4462.15     -2.9603681E-003
          4473.44     -3.1020142E-003
          4484.73     -3.2485213E-003
          4496.02     -3.3999880E-003
          4507.30     -3.5565187E-003
          4518.59     -3.7182233E-003
          4529.88     -3.8847892E-003
          4541.17     -4.0547703E-003
          4552.46     -4.2272290E-003
          4563.75     -4.4024232E-003
          4575.04     -4.5806096E-003
          4586.33     -4.7620442E-003
          4597.62     -4.9469827E-003
          4608.91     -5.1356806E-003
          4620.20     -5.3283940E-003
          4631.48     -5.5253799E-003
          4642.77     -5.7268959E-003
          4654.06     -5.9332015E-003
          4665.35     -6.1445576E-003
          4676.64     -6.3579638E-003
          4687.93     -6.5705507E-003
          4699.22     -6.7827674E-003
          4710.51     -6.9950532E-003
          4721.80     -7.2078377E-003
          4733.09     -7.4215409E-003
          4744.38     -7.6365750E-003
          4755.66     -7.8533447E-003
          4766.95     -8.0722477E-003
          4778.24     -8.2936761E-003
          4789.53     -8.5180157E-003
          4800.82     -8.7456481E-003
          4812.11     -8.9769508E-003
          4823.40     -9.2122969E-003
          4834.69     -9.4475435E-003
          4845.98     -9.6786522E-003
          4857.27     -9.9061359E-003
          4868.55     -1.0130489E-002
          4879.84     -1.0352186E-002
          4891.13     -1.0571687E-002
          4902.42     -1.0789433E-002
          4913.71     -1.1005850E-002
          4925.00     -1.1221351E-002
          4936.29     -1.1436334E-002
          4947.58     -1.1651183E-002
          4958.87     -1.1866270E-002
          4970.16     -1.2081955E-002
          4981.45     -1.2294652E-002
          4992.73     -1.2500827E-002
          5004.02     -1.2700895E-002
          5015.31     -1.2895246E-002
          5026.60     -1.3084249E-002
          5037.89     -1.3268246E-002
          5049.18     -1.3447561E-002
          5060.47     -1.3622494E-002
          5071.76     -1.3793326E-002
          5083.05     -1.3960318E-002
          5094.34     -1.4123709E-002
          5105.62     -1.4283723E-002
          5116.91     -1.4440562E-002
          5128.20     -1.4592720E-002
          5139.49     -1.4738699E-002
          5150.78     -1.4878687E-002
          5162.07     -1.5012846E-002
          5173.36     -1.5141318E-002
          5184.65     -1.5264221E-002
          5195.94     -1.5381653E-002
          5207.23     -1.5493687E-002
          5218.52     -1.5600379E-002
          5229.80     -1.5701760E-002
          5241.09     -1.5797842E-002
          5252.38     -1.5888617E-002
          5263.67     -1.5974052E-002
          5274.96     -1.6055560E-002
          5286.25     -1.6135747E-002
          5297.54     -1.6215694E-002
          5308.83     -1.6295208E-002
          5320.12     -1.6374083E-002
          5331.41     -1.6452100E-002
          5342.70     -1.6529027E-002
          5353.98     -1.6604622E-002
          5365.27     -1.6678627E-002
          5376.56     -1.6750771E-002
          5387.85     -1.6820771E-002
          5399.14     -1.6888328E-002
          5410.43     -1.6953128E-002
          5421.72     -1.7025623E-002
          5433.01     -1.7115859E-002
          5444.30     -1.7222921E-002
          5455.59     -1.7345911E-002
          5466.88     -1.7483945E-002
          5478.16     -1.7636153E-002
          5489.45     -1.7801676E-002
          5500.74     -1.7979667E-002
          5512.03     -1.8169285E-002
          5523.32     -1.8369700E-002
          5534.61     -1.8580085E-002
          5545.90     -1.8799618E-002
          5557.19     -1.9027482E-002
          5568.48     -1.9262859E-002
          5579.77     -1.9512156E-002
          5591.05     -1.9791987E-002
          5602.34     -2.0110895E-002
          5613.63     -2.0466501E-002
          5624.92     -2.0856470E-002
          5636.21     -2.1278511E-002
          5647.50     -2.1730372E-002
          5658.79     -2.2209835E-002
          5670.08     -2.2714714E-002
          5681.37     -2.3242830E-002
          5692.66     -2.3792013E-002
          5703.95     -2.4360129E-002
          5715.23     -2.4945077E-002
          5726.52     -2.7405784E-002
          5737.81     -3.3421773E-002
          5749.10     -4.2727292E-002
          5760.39     -5.5063561E-002
          5771.68     -7.0178432E-002
          5782.97     -8.7826029E-002
          5794.26     -1.0776690E-001
          5805.55     -1.2976688E-001
          5816.84     -1.5359549E-001
          5828.12     -1.7902559E-001
          5839.41     -2.0583297E-001
          5850.70     -2.3379607E-001
          5861.99     -2.6269565E-001
          5873.28     -2.9219359E-001
          5884.57     -3.2201385E-001
          5895.86     -3.5203228E-001
          5907.15     -3.8212519E-001
          5918.44     -4.1216907E-001
          5929.73     -4.4204056E-001
          5941.02     -4.7161675E-001
          5952.30     -5.0077514E-001
          5963.59     -5.2939333E-001
          5974.88     -5.5734902E-001
          5986.17     -5.8451974E-001
          5997.46     -6.1078282E-001
          6008.75     -6.3601547E-001
          6020.04     -6.6034340E-001
          6031.33     -6.8395746E-001
          6042.62     -7.0683183E-001
          6053.91     -7.2893955E-001
          6065.20     -7.5025262E-001
          6076.48     -7.7074200E-001
          6087.77     -7.9037752E-001
          6099.06     -8.0912784E-001
          6110.35     -8.2696023E-001
          6121.64     -8.4384055E-001
          6132.93     -8.5973303E-001
          6144.22     -8.7460042E-001
          6155.51     -8.8840438E-001
          6166.80     -9.0128088E-001
          6178.09     -9.1338912E-001
          6189.38     -9.2472395E-001
          6200.66     -9.3527891E-001
          6211.95     -9.4504620E-001
          6223.24     -9.5401665E-001
          6234.53     -9.6217974E-001
          6245.82     -9.6952357E-001
          6257.11     -9.7603488E-001
          6268.40     -9.8169901E-001
          6279.69     -9.8649994E-001
          6290.98     -9.9042024E-001
          6302.27     -9.9358665E-001
          6313.55     -9.9613914E-001
          6324.84     -9.9807821E-001
          6336.13     -9.9940327E-001
          6347.42     -1.0001127E+000
          6358.71     -1.0002037E+000
          6370.00     -9.9967245E-001
