          3480.00      0.0000000E+000
          3491.29     -1.7826439E+002
          3502.58     -1.8233984E+002
          3513.87     -1.8620847E+002
          3525.16     -1.8988362E+002
          3536.45     -1.9337800E+002
          3547.73     -1.9670376E+002
          3559.02     -1.9987244E+002
          3570.31     -2.0289508E+002
          3581.60     -2.0578222E+002
          3592.89     -2.0854392E+002
          3604.18     -2.1118979E+002
          3615.47     -2.1372908E+002
          3626.76     -2.1617063E+002
          3638.05     -2.1858860E+002
          3649.34     -2.2103424E+002
          3660.62     -2.2348770E+002
          3671.91     -2.2593520E+002
          3683.20     -2.2836724E+002
          3694.49     -2.3077745E+002
          3705.78     -2.3316180E+002
          3717.07     -2.3551797E+002
          3728.36     -2.3784502E+002
          3739.65     -2.4014300E+002
          3750.94     -2.4241278E+002
          3762.23     -2.4465583E+002
          3773.52     -2.4687410E+002
          3784.80     -2.4928260E+002
          3796.09     -2.5204420E+002
          3807.38     -2.5509511E+002
          3818.67     -2.5838414E+002
          3829.96     -2.6186948E+002
          3841.25     -2.6551652E+002
          3852.54     -2.6929626E+002
          3863.83     -2.7318427E+002
          3875.12     -2.7715988E+002
          3886.41     -2.8120558E+002
          3897.70     -2.8530660E+002
          3908.98     -2.8945055E+002
          3920.27     -2.9378781E+002
          3931.56     -2.9858704E+002
          3942.85     -3.0393061E+002
          3954.14     -3.0976122E+002
          3965.43     -3.1603227E+002
          3976.72     -3.2270525E+002
          3988.01     -3.2974795E+002
          3999.30     -3.3713324E+002
          4010.59     -3.4483812E+002
          4021.88     -3.5284317E+002
          4033.16     -3.6113208E+002
          4044.45     -3.6969137E+002
          4055.74     -3.7851018E+002
          4067.03     -3.8758008E+002
          4078.32     -3.9719809E+002
          4089.61     -4.0764549E+002
          4100.90     -4.1890050E+002
          4112.19     -4.3095115E+002
          4123.48     -4.4379393E+002
          4134.77     -4.5743302E+002
          4146.05     -4.7187979E+002
          4157.34     -4.8715264E+002
          4168.63     -5.0327710E+002
          4179.92     -5.2028609E+002
          4191.21     -5.3822032E+002
          4202.50     -5.5712904E+002
          4213.79     -5.7707080E+002
          4225.08     -5.9820960E+002
          4236.37     -6.2071653E+002
          4247.66     -6.4467948E+002
          4258.95     -6.7020285E+002
          4270.23     -6.9740967E+002
          4281.52     -7.2644429E+002
          4292.81     -7.5747591E+002
          4304.10     -7.9070269E+002
          4315.39     -8.2635706E+002
          4326.68     -8.6471222E+002
          4337.97     -9.0609028E+002
          4349.26     -9.5087278E+002
          4360.55     -9.9951388E+002
          4371.84     -1.0520059E+003
          4383.12     -1.1083252E+003
          4394.41     -1.1690352E+003
          4405.70     -1.2348098E+003
          4416.99     -1.3064603E+003
          4428.28     -1.3849714E+003
          4439.57     -1.4715499E+003
          4450.86     -1.5676906E+003
          4462.15     -1.6752670E+003
          4473.44     -1.7966603E+003
          4484.73     -1.9349435E+003
          4496.02     -2.0941534E+003
          4507.30     -2.2797013E+003
          4518.59     -2.5011433E+003
          4529.88     -2.7726028E+003
          4541.17     -3.1127898E+003
          4552.46     -3.5509393E+003
          4563.75     -4.1357726E+003
          4575.04     -4.9549369E+003
          4586.33     -6.1835345E+003
          4597.62     -8.2293831E+003
          4608.91     -1.2311828E+004
          4620.20     -2.4478372E+004
          4631.48     -2.4190603E+006
          4642.77     -2.4944861E+004
          4654.06     -1.2399328E+004
          4665.35     -7.9846340E+003
          4676.64     -5.6501398E+003
          4687.93     -4.2595113E+003
          4699.22     -3.3597719E+003
          4710.51     -2.7412661E+003
          4721.80     -2.2959337E+003
          4733.09     -1.9633607E+003
          4744.38     -1.7075505E+003
          4755.66     -1.5059298E+003
          4766.95     -1.3437341E+003
          4778.24     -1.2109610E+003
          4789.53     -1.1006287E+003
          4800.82     -1.0077368E+003
          4812.11     -9.2862336E+002
          4823.40     -8.5223857E+002
          4834.69     -7.7460738E+002
          4845.98     -7.0086422E+002
          4857.27     -6.3350302E+002
          4868.55     -5.7334654E+002
          4879.84     -5.2029044E+002
          4891.13     -4.7378258E+002
          4902.42     -4.3310067E+002
          4913.71     -3.9749943E+002
          4925.00     -3.6628074E+002
          4936.29     -3.3882221E+002
          4947.58     -3.1458362E+002
          4958.87     -2.9310312E+002
          4970.16     -2.7183616E+002
          4981.45     -2.4969167E+002
          4992.73     -2.2796325E+002
          5004.02     -2.0741273E+002
          5015.31     -1.8842168E+002
          5026.60     -1.7112492E+002
          5037.89     -1.5550979E+002
          5049.18     -1.4148317E+002
          5060.47     -1.2891385E+002
          5071.76     -1.1765770E+002
          5083.05     -1.0757192E+002
          5094.34     -9.8522466E+001
          5105.62     -9.0387319E+001
          5116.91     -8.2441909E+001
          5128.20     -7.4324196E+001
          5139.49     -6.6356730E+001
          5150.78     -5.8741710E+001
          5162.07     -5.1592568E+001
          5173.36     -4.4961366E+001
          5184.65     -3.8860020E+001
          5195.94     -3.3275595E+001
          5207.23     -2.8180883E+001
          5218.52     -2.3541370E+001
          5229.80     -1.9319693E+001
          5241.09     -1.5478388E+001
          5252.38     -1.1981459E+001
          5263.67     -8.5233680E+000
          5274.96     -4.9369451E+000
          5286.25     -1.3577115E+000
          5297.54      2.1219617E+000
          5308.83      5.4433550E+000
          5320.12      8.5726357E+000
          5331.41      1.1493586E+001
          5342.70      1.4201993E+001
          5353.98      1.6701471E+001
          5365.27      1.9000480E+001
          5376.56      2.1110262E+001
          5387.85      2.3043431E+001
          5399.14      2.4813045E+001
          5410.43      2.6580259E+001
          5421.72      2.8438434E+001
          5433.01      3.0316189E+001
          5444.30      3.2162405E+001
          5455.59      3.3942324E+001
          5466.88      3.5633796E+001
          5478.16      3.7224019E+001
          5489.45      3.8706890E+001
          5500.74      4.0080972E+001
          5512.03      4.1347949E+001
          5523.32      4.2511520E+001
          5534.61      4.3576592E+001
          5545.90      4.4548721E+001
          5557.19      4.5433737E+001
          5568.48      4.6313694E+001
          5579.77      4.7239355E+001
          5591.05      4.8176994E+001
          5602.34      4.9101551E+001
          5613.63      4.9995103E+001
          5624.92      5.0845380E+001
          5636.21      5.1644455E+001
          5647.50      5.2387654E+001
          5658.79      5.3072684E+001
          5670.08      5.3698944E+001
          5681.37      5.4266952E+001
          5692.66      5.4777987E+001
          5703.95      5.5233875E+001
          5715.23      5.5655660E+001
          5726.52      5.6057565E+001
          5737.81      5.6433184E+001
          5749.10      5.6778006E+001
          5760.39      5.7088990E+001
          5771.68      5.7364213E+001
          5782.97      5.7602598E+001
          5794.26      5.7803723E+001
          5805.55      5.7967621E+001
          5816.84      5.8094591E+001
          5828.12      5.8185101E+001
          5839.41      5.8239717E+001
          5850.70      5.8259047E+001
          5861.99      5.8238878E+001
          5873.28      5.8176375E+001
          5884.57      5.8073899E+001
          5895.86      5.7933413E+001
          5907.15      5.7756542E+001
          5918.44      5.7544597E+001
          5929.73      5.7298619E+001
          5941.02      5.7019421E+001
          5952.30      5.6707607E+001
          5963.59      5.6363596E+001
          5974.88      5.5987630E+001
          5986.17      5.5579779E+001
          5997.46      5.5139964E+001
          6008.75      5.4655138E+001
          6020.04      5.4114454E+001
          6031.33      5.3520514E+001
          6042.62      5.2875333E+001
          6053.91      5.2180410E+001
          6065.20      5.1436800E+001
          6076.48      5.0645163E+001
          6087.77      4.9805813E+001
          6099.06      4.8918739E+001
          6110.35      4.7983620E+001
          6121.64      4.6999840E+001
          6132.93      4.5966489E+001
          6144.22      4.4879732E+001
          6155.51      4.3723581E+001
          6166.80      4.2485177E+001
          6178.09      4.1163539E+001
          6189.38      3.9757104E+001
          6200.66      3.8263727E+001
          6211.95      3.6680682E+001
          6223.24      3.5004648E+001
          6234.53      3.3231689E+001
          6245.82      3.1357212E+001
          6257.11      2.9375920E+001
          6268.40      2.7281758E+001
          6279.69      2.5067828E+001
          6290.98      2.2700394E+001
          6302.27      2.0143804E+001
          6313.55      1.7386132E+001
          6324.84      1.4413343E+001
          6336.13      1.1209025E+001
          6347.42      7.7540786E+000
          6358.71      4.0263278E+000
          6370.00      0.0000000E+000
