          3480.00      0.0000000E+000
          3491.29     -8.5691863E-002
          3502.58     -8.7347300E-002
          3513.87     -8.8945261E-002
          3525.16     -9.0491455E-002
          3536.45     -9.1991259E-002
          3547.73     -9.3449758E-002
          3559.02     -9.4871773E-002
          3570.31     -9.6261904E-002
          3581.60     -9.7624550E-002
          3592.89     -9.8963941E-002
          3604.18     -1.0028417E-001
          3615.47     -1.0158923E-001
          3626.76     -1.0288301E-001
          3638.05     -1.0418713E-001
          3649.34     -1.0551717E-001
          3660.62     -1.0686947E-001
          3671.91     -1.0824194E-001
          3683.20     -1.0963363E-001
          3694.49     -1.1104443E-001
          3705.78     -1.1247490E-001
          3717.07     -1.1392609E-001
          3728.36     -1.1539952E-001
          3739.65     -1.1689703E-001
          3750.94     -1.1842080E-001
          3762.23     -1.1997326E-001
          3773.52     -1.2155714E-001
          3784.80     -1.2322840E-001
          3796.09     -1.2503247E-001
          3807.38     -1.2695865E-001
          3818.67     -1.2899861E-001
          3829.96     -1.3114586E-001
          3841.25     -1.3339550E-001
          3852.54     -1.3574391E-001
          3863.83     -1.3818859E-001
          3875.12     -1.4072803E-001
          3886.41     -1.4336159E-001
          3897.70     -1.4608946E-001
          3908.98     -1.4891257E-001
          3920.27     -1.5186667E-001
          3931.56     -1.5501389E-001
          3942.85     -1.5837908E-001
          3954.14     -1.6195857E-001
          3965.43     -1.6575061E-001
          3976.72     -1.6975525E-001
          3988.01     -1.7397412E-001
          3999.30     -1.7841045E-001
          4010.59     -1.8306894E-001
          4021.88     -1.8795581E-001
          4033.16     -1.9307885E-001
          4044.45     -1.9844744E-001
          4055.74     -2.0407269E-001
          4067.03     -2.0996752E-001
          4078.32     -2.1617193E-001
          4089.61     -2.2272597E-001
          4100.90     -2.2964613E-001
          4112.19     -2.3695182E-001
          4123.48     -2.4466553E-001
          4134.77     -2.5281322E-001
          4146.05     -2.6142471E-001
          4157.34     -2.7053414E-001
          4168.63     -2.8018058E-001
          4179.92     -2.9040874E-001
          4191.21     -3.0126981E-001
          4202.50     -3.1282249E-001
          4213.79     -3.2513421E-001
          4225.08     -3.3814987E-001
          4236.37     -3.5180410E-001
          4247.66     -3.6616249E-001
          4258.95     -3.8129989E-001
          4270.23     -3.9730179E-001
          4281.52     -4.1426617E-001
          4292.81     -4.3230576E-001
          4304.10     -4.5155075E-001
          4315.39     -4.7215218E-001
          4326.68     -4.9428628E-001
          4337.97     -5.1815974E-001
          4349.26     -5.4401668E-001
          4360.55     -5.7214743E-001
          4371.84     -6.0242378E-001
          4383.12     -6.3466828E-001
          4394.41     -6.6917485E-001
          4405.70     -7.0629433E-001
          4416.99     -7.4644768E-001
          4428.28     -7.9014317E-001
          4439.57     -8.3799970E-001
          4450.86     -8.9077792E-001
          4462.15     -9.4942280E-001
          4473.44     -1.0151235E+000
          4484.73     -1.0893976E+000
          4496.02     -1.1742135E+000
          4507.30     -1.2721723E+000
          4518.59     -1.3879758E+000
          4529.88     -1.5284906E+000
          4541.17     -1.7024444E+000
          4552.46     -1.9231179E+000
          4563.75     -2.2119467E+000
          4575.04     -2.6059045E+000
          4586.33     -3.1746880E+000
          4597.62     -4.0671869E+000
          4608.91     -5.6685578E+000
          4620.20     -9.3770241E+000
          4631.48     -2.7330176E+001
          4642.77     -2.9647190E+001
          4654.06     -9.5879189E+000
          4665.35     -5.5115568E+000
          4676.64     -3.6991546E+000
          4687.93     -2.7068507E+000
          4699.22     -2.0947187E+000
          4710.51     -1.6862545E+000
          4721.80     -1.3979689E+000
          4733.09     -1.1857167E+000
          4744.38     -1.0241826E+000
          4755.66     -8.9792060E-001
          4766.95     -7.9703154E-001
          4778.24     -7.1491183E-001
          4789.53     -6.4700759E-001
          4800.82     -5.9008852E-001
          4812.11     -5.4180740E-001
          4823.40     -4.9632006E-001
          4834.69     -4.5131329E-001
          4845.98     -4.0904181E-001
          4857.27     -3.7056366E-001
          4868.55     -3.3618305E-001
          4879.84     -3.0578373E-001
          4891.13     -2.7904499E-001
          4902.42     -2.5556903E-001
          4913.71     -2.3494994E-001
          4925.00     -2.1680746E-001
          4936.29     -2.0080107E-001
          4947.58     -1.8663352E-001
          4958.87     -1.7404903E-001
          4970.16     -1.6184422E-001
          4981.45     -1.4946188E-001
          4992.73     -1.3744305E-001
          5004.02     -1.2610719E-001
          5015.31     -1.1561433E-001
          5026.60     -1.0601906E-001
          5037.89     -9.7311194E-002
          5049.18     -8.9444027E-002
          5060.47     -8.2352712E-002
          5071.76     -7.5965637E-002
          5083.05     -7.0211133E-002
          5094.34     -6.5021162E-002
          5105.62     -6.0333080E-002
          5116.91     -5.5821890E-002
          5128.20     -5.1314543E-002
          5139.49     -4.6937649E-002
          5150.78     -4.2770389E-002
          5162.07     -3.8856799E-002
          5173.36     -3.5216272E-002
          5184.65     -3.1851759E-002
          5195.94     -2.8755785E-002
          5207.23     -2.5914716E-002
          5218.52     -2.3311658E-002
          5229.80     -2.0928361E-002
          5241.09     -1.8746441E-002
          5252.38     -1.6748105E-002
          5263.67     -1.4804103E-002
          5274.96     -1.2839651E-002
          5286.25     -1.0905288E-002
          5297.54     -9.0355586E-003
          5308.83     -7.2525016E-003
          5320.12     -5.5687851E-003
          5331.41     -3.9903200E-003
          5342.70     -2.5183009E-003
          5353.98     -1.1507629E-003
          5365.27      1.1627503E-004
          5376.56      1.2880012E-003
          5387.85      2.3702349E-003
          5399.14      3.3690365E-003
          5410.43      4.3491123E-003
          5421.72      5.3499284E-003
          5433.01      6.3458346E-003
          5444.30      7.3183123E-003
          5455.59      8.2546191E-003
          5466.88      9.1465256E-003
          5478.16      9.9892135E-003
          5489.45      1.0780374E-002
          5500.74      1.1519493E-002
          5512.03      1.2207300E-002
          5523.32      1.2845357E-002
          5534.61      1.3435751E-002
          5545.90      1.3980875E-002
          5557.19      1.4483269E-002
          5568.48      1.4974162E-002
          5579.77      1.5473735E-002
          5591.05      1.5970475E-002
          5602.34      1.6455774E-002
          5613.63      1.6923420E-002
          5624.92      1.7369114E-002
          5636.21      1.7790052E-002
          5647.50      1.8184572E-002
          5658.79      1.8551864E-002
          5670.08      1.8891744E-002
          5681.37      1.9204448E-002
          5692.66      1.9490505E-002
          5703.95      1.9750671E-002
          5715.23      1.9992476E-002
          5726.52      2.0221196E-002
          5737.81      2.0434871E-002
          5749.10      2.0632153E-002
          5760.39      2.0812167E-002
          5771.68      2.0974401E-002
          5782.97      2.1118619E-002
          5794.26      2.1244801E-002
          5805.55      2.1353082E-002
          5816.84      2.1443674E-002
          5828.12      2.1516841E-002
          5839.41      2.1572872E-002
          5850.70      2.1612061E-002
          5861.99      2.1633233E-002
          5873.28      2.1635627E-002
          5884.57      2.1620053E-002
          5895.86      2.1587195E-002
          5907.15      2.1537624E-002
          5918.44      2.1471804E-002
          5929.73      2.1390101E-002
          5941.02      2.1292800E-002
          5952.30      2.1180106E-002
          5963.59      2.1052152E-002
          5974.88      2.0909003E-002
          5986.17      2.0750651E-002
          5997.46      2.0577029E-002
          6008.75      2.0384817E-002
          6020.04      2.0171306E-002
          6031.33      1.9937147E-002
          6042.62      1.9682832E-002
          6053.91      1.9408699E-002
          6065.20      1.9114951E-002
          6076.48      1.8801668E-002
          6087.77      1.8468818E-002
          6099.06      1.8116260E-002
          6110.35      1.7743745E-002
          6121.64      1.7350923E-002
          6132.93      1.6937337E-002
          6144.22      1.6501838E-002
          6155.51      1.6040568E-002
          6166.80      1.5550402E-002
          6178.09      1.5030842E-002
          6189.38      1.4481234E-002
          6200.66      1.3900760E-002
          6211.95      1.3288439E-002
          6223.24      1.2643120E-002
          6234.53      1.1963474E-002
          6245.82      1.1247984E-002
          6257.11      1.0494933E-002
          6268.40      9.7023888E-003
          6279.69      8.8681813E-003
          6290.98      7.9847747E-003
          6302.27      7.0443627E-003
          6313.55      6.0438767E-003
          6324.84      4.9798177E-003
          6336.13      3.8482083E-003
          6347.42      2.6445426E-003
          6358.71      1.3637275E-003
          6370.00      0.0000000E+000
