          3480.00      0.0000000E+000
          3491.29     -1.5576473E+002
          3502.58     -1.5981047E+002
          3513.87     -1.6358949E+002
          3525.16     -1.6711657E+002
          3536.45     -1.7040638E+002
          3547.73     -1.7347339E+002
          3559.02     -1.7633182E+002
          3570.31     -1.7899560E+002
          3581.60     -1.8147831E+002
          3592.89     -1.8379311E+002
          3604.18     -1.8595272E+002
          3615.47     -1.8796943E+002
          3626.76     -1.8985503E+002
          3638.05     -1.9170956E+002
          3649.34     -1.9359714E+002
          3660.62     -1.9548544E+002
          3671.91     -1.9735229E+002
          3683.20     -1.9918264E+002
          3694.49     -2.0096659E+002
          3705.78     -2.0269801E+002
          3717.07     -2.0437359E+002
          3728.36     -2.0599215E+002
          3739.65     -2.0755403E+002
          3750.94     -2.0906074E+002
          3762.23     -2.1051461E+002
          3773.52     -2.1191857E+002
          3784.80     -2.1357073E+002
          3796.09     -2.1567276E+002
          3807.38     -2.1811050E+002
          3818.67     -2.2079651E+002
          3829.96     -2.2366202E+002
          3841.25     -2.2665198E+002
          3852.54     -2.2972178E+002
          3863.83     -2.3283519E+002
          3875.12     -2.3596280E+002
          3886.41     -2.3908096E+002
          3897.70     -2.4217096E+002
          3908.98     -2.4521830E+002
          3920.27     -2.4845429E+002
          3931.56     -2.5227280E+002
          3942.85     -2.5676822E+002
          3954.14     -2.6182451E+002
          3965.43     -2.6735012E+002
          3976.72     -2.7327049E+002
          3988.01     -2.7952339E+002
          3999.30     -2.8605601E+002
          4010.59     -2.9282306E+002
          4021.88     -2.9978564E+002
          4033.16     -3.0691039E+002
          4044.45     -3.1416901E+002
          4055.74     -3.2153789E+002
          4067.03     -3.2899775E+002
          4078.32     -3.3707827E+002
          4089.61     -3.4624405E+002
          4100.90     -3.5640530E+002
          4112.19     -3.6749685E+002
          4123.48     -3.7947191E+002
          4134.77     -3.9229814E+002
          4146.05     -4.0595528E+002
          4157.34     -4.2043368E+002
          4168.63     -4.3573368E+002
          4179.92     -4.5186539E+002
          4191.21     -4.6884879E+002
          4202.50     -4.8671431E+002
          4213.79     -5.0550349E+002
          4225.08     -5.2566841E+002
          4236.37     -5.4766285E+002
          4247.66     -5.7156252E+002
          4258.95     -5.9747437E+002
          4270.23     -6.2553892E+002
          4281.52     -6.5593406E+002
          4292.81     -6.8888085E+002
          4304.10     -7.2465109E+002
          4315.39     -7.6357745E+002
          4326.68     -8.0606687E+002
          4337.97     -8.5261793E+002
          4349.26     -9.0384439E+002
          4360.55     -9.6050646E+002
          4371.84     -1.0229224E+003
          4383.12     -1.0914576E+003
          4394.41     -1.1672536E+003
          4405.70     -1.2517474E+003
          4416.99     -1.3467711E+003
          4428.28     -1.4546951E+003
          4439.57     -1.5786405E+003
          4450.86     -1.7227997E+003
          4462.15     -1.8929383E+003
          4473.44     -2.0972104E+003
          4484.73     -2.3475379E+003
          4496.02     -2.6620727E+003
          4507.30     -3.0698810E+003
          4518.59     -3.6283644E+003
          4529.88     -4.4505144E+003
          4541.17     -5.7762020E+003
          4552.46     -8.2627975E+003
          4563.75     -1.4600216E+004
          4575.04     -6.4086959E+004
          4586.33     -2.6608345E+004
          4597.62     -1.0986339E+004
          4608.91     -6.9116076E+003
          4620.20     -5.0366114E+003
          4631.48     -3.9589205E+003
          4642.77     -3.2592412E+003
          4654.06     -2.7683910E+003
          4665.35     -2.3621190E+003
          4676.64     -2.0050165E+003
          4687.93     -1.7098177E+003
          4699.22     -1.4714519E+003
          4710.51     -1.2799295E+003
          4721.80     -1.1254164E+003
          4733.09     -9.9972013E+002
          4744.38     -8.9642815E+002
          4755.66     -8.1064093E+002
          4766.95     -7.3864037E+002
          4778.24     -6.7760007E+002
          4789.53     -6.2535882E+002
          4800.82     -5.8025030E+002
          4812.11     -5.4097826E+002
          4823.40     -5.0043621E+002
          4834.69     -4.5636899E+002
          4845.98     -4.1310854E+002
          4857.27     -3.7293682E+002
          4868.55     -3.3678007E+002
          4879.84     -3.0479045E+002
          4891.13     -2.7673183E+002
          4902.42     -2.5220563E+002
          4913.71     -2.3077130E+002
          4925.00     -2.1200488E+002
          4936.29     -1.9552396E+002
          4947.58     -1.8099514E+002
          4958.87     -1.6813306E+002
          4970.16     -1.5482175E+002
          4981.45     -1.4025356E+002
          4992.73     -1.2567884E+002
          5004.02     -1.1182766E+002
          5015.31     -9.9061234E+001
          5026.60     -8.7508316E+001
          5037.89     -7.7164345E+001
          5049.18     -6.7955727E+001
          5060.47     -5.9778519E+001
          5071.76     -5.2520205E+001
          5083.05     -4.6071250E+001
          5094.34     -4.0330596E+001
          5105.62     -3.5207754E+001
          5116.91     -3.0043001E+001
          5128.20     -2.4537404E+001
          5139.49     -1.9033450E+001
          5150.78     -1.3743816E+001
          5162.07     -8.7864108E+000
          5173.36     -4.2153296E+000
          5184.65     -4.4402382E-002
          5195.94      3.7363860E+000
          5207.23      7.1500338E+000
          5218.52      1.0225684E+001
          5229.80      1.2994482E+001
          5241.09      1.5487172E+001
          5252.38      1.7732818E+001
          5263.67      2.0033212E+001
          5274.96      2.2539779E+001
          5286.25      2.5098294E+001
          5297.54      2.7605339E+001
          5308.83      2.9996750E+001
          5320.12      3.2236641E+001
          5331.41      3.4308425E+001
          5342.70      3.6208091E+001
          5353.98      3.7939416E+001
          5365.27      3.9510697E+001
          5376.56      4.0932608E+001
          5387.85      4.2216804E+001
          5399.14      4.3375075E+001
          5410.43      4.4576984E+001
          5421.72      4.5913194E+001
          5433.01      4.7298454E+001
          5444.30      4.8673013E+001
          5455.59      4.9997512E+001
          5466.88      5.1247876E+001
          5478.16      5.2410939E+001
          5489.45      5.3481013E+001
          5500.74      5.4457335E+001
          5512.03      5.5342254E+001
          5523.32      5.6139969E+001
          5534.61      5.6855678E+001
          5545.90      5.7495016E+001
          5557.19      5.8063694E+001
          5568.48      5.8653430E+001
          5579.77      5.9317214E+001
          5591.05      6.0012273E+001
          5602.34      6.0707405E+001
          5613.63      6.1380882E+001
          5624.92      6.2018326E+001
          5636.21      6.2610830E+001
          5647.50      6.3153437E+001
          5658.79      6.3643952E+001
          5670.08      6.4082057E+001
          5681.37      6.4468607E+001
          5692.66      6.4805207E+001
          5703.95      6.5093950E+001
          5715.23      6.5359963E+001
          5726.52      6.5619315E+001
          5737.81      6.5863113E+001
          5749.10      6.6085087E+001
          5760.39      6.6280977E+001
          5771.68      6.6448040E+001
          5782.97      6.6584651E+001
          5794.26      6.6690030E+001
          5805.55      6.6763977E+001
          5816.84      6.6806643E+001
          5828.12      6.6818402E+001
          5839.41      6.6799763E+001
          5850.70      6.6751302E+001
          5861.99      6.6666991E+001
          5873.28      6.6542838E+001
          5884.57      6.6381972E+001
          5895.86      6.6186946E+001
          5907.15      6.5959830E+001
          5918.44      6.5702284E+001
          5929.73      6.5415617E+001
          5941.02      6.5100856E+001
          5952.30      6.4758779E+001
          5963.59      6.4389948E+001
          5974.88      6.3994729E+001
          5986.17      6.3573306E+001
          5997.46      6.3125703E+001
          6008.75      6.2631389E+001
          6020.04      6.2073567E+001
          6031.33      6.1456854E+001
          6042.62      6.0784857E+001
          6053.91      6.0060363E+001
          6065.20      5.9285471E+001
          6076.48      5.8461706E+001
          6087.77      5.7590100E+001
          6099.06      5.6671239E+001
          6110.35      5.5705305E+001
          6121.64      5.4692099E+001
          6132.93      5.3631049E+001
          6144.22      5.2516570E+001
          6155.51      5.1321624E+001
          6166.80      5.0024924E+001
          6178.09      4.8626375E+001
          6189.38      4.7124846E+001
          6200.66      4.5518234E+001
          6211.95      4.3803483E+001
          6223.24      4.1976578E+001
          6234.53      4.0032522E+001
          6245.82      3.7965267E+001
          6257.11      3.5767629E+001
          6268.40      3.3431188E+001
          6279.69      3.0946123E+001
          6290.98      2.8249380E+001
          6302.27      2.5273592E+001
          6313.55      2.1997933E+001
          6324.84      1.8396648E+001
          6336.13      1.4438339E+001
          6347.42      1.0084994E+001
          6358.71      5.2907178E+000
          6370.00      0.0000000E+000
