          3480.00     -2.3059593E-004
          3491.29     -2.2695830E-004
          3502.58     -2.2221466E-004
          3513.87     -2.1653532E-004
          3525.16     -2.1007363E-004
          3536.45     -2.0296805E-004
          3547.73     -1.9534404E-004
          3559.02     -1.8731579E-004
          3570.31     -1.7898782E-004
          3581.60     -1.7045639E-004
          3592.89     -1.6181091E-004
          3604.18     -1.5313513E-004
          3615.47     -1.4450842E-004
          3626.76     -1.3600667E-004
          3638.05     -1.2763175E-004
          3649.34     -1.1936353E-004
          3660.62     -1.1124142E-004
          3671.91     -1.0330344E-004
          3683.20     -9.5586856E-005
          3694.49     -8.8128680E-005
          3705.78     -8.0966268E-005
          3717.07     -7.4137795E-005
          3728.36     -6.7682793E-005
          3739.65     -6.1642672E-005
          3750.94     -5.6061192E-005
          3762.23     -5.0984987E-005
          3773.52     -4.6464074E-005
          3784.80     -4.2342213E-005
          3796.09     -3.8428824E-005
          3807.38     -3.4726105E-005
          3818.67     -3.1237484E-005
          3829.96     -2.7967725E-005
          3841.25     -2.4923000E-005
          3852.54     -2.2111002E-005
          3863.83     -1.9541053E-005
          3875.12     -1.7224209E-005
          3886.41     -1.5173390E-005
          3897.70     -1.3403504E-005
          3908.98     -1.1931585E-005
          3920.27     -1.0706085E-005
          3931.56     -9.6102869E-006
          3942.85     -8.5874813E-006
          3954.14     -7.6356533E-006
          3965.43     -6.7532708E-006
          3976.72     -5.9392868E-006
          3988.01     -5.1931342E-006
          3999.30     -4.5147317E-006
          4010.59     -3.9044905E-006
          4021.88     -3.3633191E-006
          4033.16     -2.8926362E-006
          4044.45     -2.4943841E-006
          4055.74     -2.1710443E-006
          4067.03     -1.9256576E-006
          4078.32     -1.7280516E-006
          4089.61     -1.5452631E-006
          4100.90     -1.3766515E-006
          4112.19     -1.2216709E-006
          4123.48     -1.0798671E-006
          4134.77     -9.5087575E-007
          4146.05     -8.3442009E-007
          4157.34     -7.3031009E-007
          4168.63     -6.3844097E-007
          4179.92     -5.5879320E-007
          4191.21     -4.9143272E-007
          4202.50     -4.3651111E-007
          4213.79     -3.9426683E-007
          4225.08     -3.5985429E-007
          4236.37     -3.2811418E-007
          4247.66     -2.9889241E-007
          4258.95     -2.7205015E-007
          4270.23     -2.4746317E-007
          4281.52     -2.2502111E-007
          4292.81     -2.0462675E-007
          4304.10     -1.8619553E-007
          4315.39     -1.6965501E-007
          4326.68     -1.5494446E-007
          4337.97     -1.4201456E-007
          4349.26     -1.3082698E-007
          4360.55     -1.2135422E-007
          4371.84     -1.1306108E-007
          4383.12     -1.0539085E-007
          4394.41     -9.8294222E-008
          4405.70     -9.1724936E-008
          4416.99     -8.5639477E-008
          4428.28     -7.9996858E-008
          4439.57     -7.4758351E-008
          4450.86     -6.9887286E-008
          4462.15     -6.5348855E-008
          4473.44     -6.1109887E-008
          4484.73     -5.7138680E-008
          4496.02     -5.3404819E-008
          4507.30     -4.9879006E-008
          4518.59     -4.6571637E-008
          4529.88     -4.3497846E-008
          4541.17     -4.0636137E-008
          4552.46     -3.7964122E-008
          4563.75     -3.5460322E-008
          4575.04     -3.3104061E-008
          4586.33     -3.0875346E-008
          4597.62     -2.8754761E-008
          4608.91     -2.6723367E-008
          4620.20     -2.4762588E-008
          4631.48     -2.2854121E-008
          4642.77     -2.0979844E-008
          4654.06     -1.9121709E-008
          4665.35     -1.7336958E-008
          4676.64     -1.5686102E-008
          4687.93     -1.4156527E-008
          4699.22     -1.2736269E-008
          4710.51     -1.1413941E-008
          4721.80     -1.0178677E-008
          4733.09     -9.0200738E-009
          4744.38     -7.9281351E-009
          4755.66     -6.8932189E-009
          4766.95     -5.9059883E-009
          4778.24     -4.9573618E-009
          4789.53     -4.0384701E-009
          4800.82     -3.1406062E-009
          4812.11     -2.2551843E-009
          4823.40     -1.4092711E-009
          4834.69     -6.3128603E-010
          4845.98      8.4965329E-011
          4857.27      7.4531367E-010
          4868.55      1.3552567E-009
          4879.84      1.9199859E-009
          4891.13      2.4444164E-009
          4902.42      2.9332110E-009
          4913.71      3.3908028E-009
          4925.00      3.8214203E-009
          4936.29      4.2291074E-009
          4947.58      4.6177443E-009
          4958.87      4.9910669E-009
          4970.16      5.3397202E-009
          4981.45      5.6539320E-009
          4992.73      5.9365456E-009
          5004.02      6.1901904E-009
          5015.31      6.4172971E-009
          5026.60      6.6201103E-009
          5037.89      6.8006999E-009
          5049.18      6.9609726E-009
          5060.47      7.1026814E-009
          5071.76      7.2274359E-009
          5083.05      7.3367101E-009
          5094.34      7.4318509E-009
          5105.62      7.5140850E-009
          5116.91      7.5826427E-009
          5128.20      7.6367527E-009
          5139.49      7.6774644E-009
          5150.78      7.7057135E-009
          5162.07      7.7223272E-009
          5173.36      7.7280293E-009
          5184.65      7.7234442E-009
          5195.94      7.7091013E-009
          5207.23      7.6854383E-009
          5218.52      7.6528042E-009
          5229.80      7.6114620E-009
          5241.09      7.5615908E-009
          5252.38      7.5032878E-009
          5263.67      7.4383909E-009
          5274.96      7.3688875E-009
          5286.25      7.2949933E-009
          5297.54      7.2168656E-009
          5308.83      7.1346041E-009
          5320.12      7.0482531E-009
          5331.41      6.9578023E-009
          5342.70      6.8631878E-009
          5353.98      6.7642924E-009
          5365.27      6.6609469E-009
          5376.56      6.5529292E-009
          5387.85      6.4399652E-009
          5399.14      6.3217283E-009
          5410.43      6.2005909E-009
          5421.72      6.0791463E-009
          5433.01      5.9573372E-009
          5444.30      5.8350777E-009
          5455.59      5.7122537E-009
          5466.88      5.5887233E-009
          5478.16      5.4643169E-009
          5489.45      5.3388374E-009
          5500.74      5.2120600E-009
          5512.03      5.0837324E-009
          5523.32      4.9535743E-009
          5534.61      4.8212767E-009
          5545.90      4.6865023E-009
          5557.19      4.5488843E-009
          5568.48      4.4103158E-009
          5579.77      4.2729489E-009
          5591.05      4.1367746E-009
          5602.34      4.0017725E-009
          5613.63      3.8679110E-009
          5624.92      3.7351480E-009
          5636.21      3.6034321E-009
          5647.50      3.4727017E-009
          5658.79      3.3428864E-009
          5670.08      3.2139073E-009
          5681.37      3.0856803E-009
          5692.66      2.9581169E-009
          5703.95      2.8311192E-009
          5715.23      2.7055402E-009
          5726.52      2.5823680E-009
          5737.81      2.4616980E-009
          5749.10      2.3436235E-009
          5760.39      2.2282364E-009
          5771.68      2.1156280E-009
          5782.97      2.0058901E-009
          5794.26      1.8991118E-009
          5805.55      1.7953829E-009
          5816.84      1.6947982E-009
          5828.12      1.5974580E-009
          5839.41      1.5034694E-009
          5850.70      1.4129465E-009
          5861.99      1.3256205E-009
          5873.28      1.2411780E-009
          5884.57      1.1596763E-009
          5895.86      1.0811799E-009
          5907.15      1.0057605E-009
          5918.44      9.3349866E-010
          5929.73      8.6448322E-010
          5941.02      7.9881117E-010
          5952.30      7.3658783E-010
          5963.59      6.7792753E-010
          5974.88      6.2295394E-010
          5986.17      5.7180076E-010
          5997.46      5.2461203E-010
          6008.75      4.8048987E-010
          6020.04      4.3843461E-010
          6031.33      3.9844892E-010
          6042.62      3.6054074E-010
          6053.91      3.2472420E-010
          6065.20      2.9101956E-010
          6076.48      2.5945328E-010
          6087.77      2.3005821E-010
          6099.06      2.0287388E-010
          6110.35      1.7794688E-010
          6121.64      1.5533111E-010
          6132.93      1.3508811E-010
          6144.22      1.1716769E-010
          6155.51      1.0098018E-010
          6166.80      8.6012398E-011
          6178.09      7.2269577E-011
          6189.38      5.9760601E-011
          6200.66      4.8498414E-011
          6211.95      3.8500153E-011
          6223.24      2.9787193E-011
          6234.53      2.2385254E-011
          6245.82      1.6324422E-011
          6257.11      1.1639266E-011
          6268.40      8.3689420E-012
          6279.69      6.5572745E-012
          6290.98      5.5234808E-012
          6302.27      4.5538896E-012
          6313.55      3.6467391E-012
          6324.84      2.8004733E-012
          6336.13      2.0137332E-012
          6347.42      1.2853556E-012
          6358.71      6.1437170E-013
          6370.00      0.0000000E+000
