          3480.00     -2.3059593E-004
          3491.29     -2.2427290E-004
          3502.58     -2.1783974E-004
          3513.87     -2.1131829E-004
          3525.16     -2.0473018E-004
          3536.45     -1.9809680E-004
          3547.73     -1.9143937E-004
          3559.02     -1.8477894E-004
          3570.31     -1.7813641E-004
          3581.60     -1.7153261E-004
          3592.89     -1.6498826E-004
          3604.18     -1.5852402E-004
          3615.47     -1.5216061E-004
          3626.76     -1.4591870E-004
          3638.05     -1.3980130E-004
          3649.34     -1.3380857E-004
          3660.62     -1.2795686E-004
          3671.91     -1.2226259E-004
          3683.20     -1.1674218E-004
          3694.49     -1.1141211E-004
          3705.78     -1.0628893E-004
          3717.07     -1.0138926E-004
          3728.36     -9.6729823E-005
          3739.65     -9.2327456E-005
          3750.94     -8.8199105E-005
          3762.23     -8.4361857E-005
          3773.52     -8.0832951E-005
          3784.80     -7.7538255E-005
          3796.09     -7.4396791E-005
          3807.38     -7.1415697E-005
          3818.67     -6.8602199E-005
          3829.96     -6.5963635E-005
          3841.25     -6.3507437E-005
          3852.54     -6.1241155E-005
          3863.83     -5.9172452E-005
          3875.12     -5.7309113E-005
          3886.41     -5.5659051E-005
          3897.70     -5.4230306E-005
          3908.98     -5.3031056E-005
          3920.27     -5.2020315E-005
          3931.56     -5.1113819E-005
          3942.85     -5.0273519E-005
          3954.14     -4.9501402E-005
          3965.43     -4.8799496E-005
          3976.72     -4.8169869E-005
          3988.01     -4.7614633E-005
          3999.30     -4.7135946E-005
          4010.59     -4.6736012E-005
          4021.88     -4.6417078E-005
          4033.16     -4.6181444E-005
          4044.45     -4.6031457E-005
          4055.74     -4.5969512E-005
          4067.03     -4.5998060E-005
          4078.32     -4.6078529E-005
          4089.61     -4.6171035E-005
          4100.90     -4.6276100E-005
          4112.19     -4.6394251E-005
          4123.48     -4.6526014E-005
          4134.77     -4.6671921E-005
          4146.05     -4.6832506E-005
          4157.34     -4.7008306E-005
          4168.63     -4.7199865E-005
          4179.92     -4.7407729E-005
          4191.21     -4.7632449E-005
          4202.50     -4.7874582E-005
          4213.79     -4.8134689E-005
          4225.08     -4.8401291E-005
          4236.37     -4.8662629E-005
          4247.66     -4.8918849E-005
          4258.95     -4.9170087E-005
          4270.23     -4.9416472E-005
          4281.52     -4.9658122E-005
          4292.81     -4.9895151E-005
          4304.10     -5.0127662E-005
          4315.39     -5.0355750E-005
          4326.68     -5.0579505E-005
          4337.97     -5.0799007E-005
          4349.26     -5.1014329E-005
          4360.55     -5.1225539E-005
          4371.84     -5.1430062E-005
          4383.12     -5.1625277E-005
          4394.41     -5.1811159E-005
          4405.70     -5.1987674E-005
          4416.99     -5.2154781E-005
          4428.28     -5.2312425E-005
          4439.57     -5.2460545E-005
          4450.86     -5.2599068E-005
          4462.15     -5.2727912E-005
          4473.44     -5.2846985E-005
          4484.73     -5.2956188E-005
          4496.02     -5.3055409E-005
          4507.30     -5.3144529E-005
          4518.59     -5.3223867E-005
          4529.88     -5.3293764E-005
          4541.17     -5.3354105E-005
          4552.46     -5.3404744E-005
          4563.75     -5.3445526E-005
          4575.04     -5.3476288E-005
          4586.33     -5.3496856E-005
          4597.62     -5.3507049E-005
          4608.91     -5.3506677E-005
          4620.20     -5.3495541E-005
          4631.48     -5.3473433E-005
          4642.77     -5.3440138E-005
          4654.06     -5.3395429E-005
          4665.35     -5.3341107E-005
          4676.64     -5.3278988E-005
          4687.93     -5.3208863E-005
          4699.22     -5.3130516E-005
          4710.51     -5.3043723E-005
          4721.80     -5.2948256E-005
          4733.09     -5.2843878E-005
          4744.38     -5.2730345E-005
          4755.66     -5.2607406E-005
          4766.95     -5.2474805E-005
          4778.24     -5.2332275E-005
          4789.53     -5.2179547E-005
          4800.82     -5.2016340E-005
          4812.11     -5.1842369E-005
          4823.40     -5.1659694E-005
          4834.69     -5.1470403E-005
          4845.98     -5.1274246E-005
          4857.27     -5.1070969E-005
          4868.55     -5.0860309E-005
          4879.84     -5.0642003E-005
          4891.13     -5.0415778E-005
          4902.42     -5.0181358E-005
          4913.71     -4.9938461E-005
          4925.00     -4.9686798E-005
          4936.29     -4.9426078E-005
          4947.58     -4.9156001E-005
          4958.87     -4.8876262E-005
          4970.16     -4.8588788E-005
          4981.45     -4.8295555E-005
          4992.73     -4.7996317E-005
          5004.02     -4.7690830E-005
          5015.31     -4.7378842E-005
          5026.60     -4.7060097E-005
          5037.89     -4.6734337E-005
          5049.18     -4.6401298E-005
          5060.47     -4.6060714E-005
          5071.76     -4.5712310E-005
          5083.05     -4.5355812E-005
          5094.34     -4.4990938E-005
          5105.62     -4.4617402E-005
          5116.91     -4.4236499E-005
          5128.20     -4.3849583E-005
          5139.49     -4.3456452E-005
          5150.78     -4.3056903E-005
          5162.07     -4.2650727E-005
          5173.36     -4.2237713E-005
          5184.65     -4.1817646E-005
          5195.94     -4.1390308E-005
          5207.23     -4.0955476E-005
          5218.52     -4.0512925E-005
          5229.80     -4.0062423E-005
          5241.09     -3.9603740E-005
          5252.38     -3.9136636E-005
          5263.67     -3.8661922E-005
          5274.96     -3.8180506E-005
          5286.25     -3.7692289E-005
          5297.54     -3.7197168E-005
          5308.83     -3.6695039E-005
          5320.12     -3.6185794E-005
          5331.41     -3.5669321E-005
          5342.70     -3.5145507E-005
          5353.98     -3.4614232E-005
          5365.27     -3.4075378E-005
          5376.56     -3.3528821E-005
          5387.85     -3.2974432E-005
          5399.14     -3.2412082E-005
          5410.43     -3.1842344E-005
          5421.72     -3.1265962E-005
          5433.01     -3.0683052E-005
          5444.30     -3.0093725E-005
          5455.59     -2.9498096E-005
          5466.88     -2.8896273E-005
          5478.16     -2.8288363E-005
          5489.45     -2.7674469E-005
          5500.74     -2.7054695E-005
          5512.03     -2.6429140E-005
          5523.32     -2.5797903E-005
          5534.61     -2.5161078E-005
          5545.90     -2.4518761E-005
          5557.19     -2.3871043E-005
          5568.48     -2.3219177E-005
          5579.77     -2.2564696E-005
          5591.05     -2.1908107E-005
          5602.34     -2.1249919E-005
          5613.63     -2.0590638E-005
          5624.92     -1.9930770E-005
          5636.21     -1.9270817E-005
          5647.50     -1.8611284E-005
          5658.79     -1.7952671E-005
          5670.08     -1.7295481E-005
          5681.37     -1.6640235E-005
          5692.66     -1.5987477E-005
          5703.95     -1.5337744E-005
          5715.23     -1.4693128E-005
          5726.52     -1.4055899E-005
          5737.81     -1.3426844E-005
          5749.10     -1.2806742E-005
          5760.39     -1.2196366E-005
          5771.68     -1.1596479E-005
          5782.97     -1.1007839E-005
          5794.26     -1.0431174E-005
          5805.55     -9.8671941E-006
          5816.84     -9.3166112E-006
          5828.12     -8.7801371E-006
          5839.41     -8.2584857E-006
          5850.70     -7.7523725E-006
          5861.99     -7.2612675E-006
          5873.28     -6.7845641E-006
          5884.57     -6.3228633E-006
          5895.86     -5.8767677E-006
          5907.15     -5.4468839E-006
          5918.44     -5.0338242E-006
          5929.73     -4.6382068E-006
          5941.02     -4.2606498E-006
          5952.30     -3.9017702E-006
          5963.59     -3.5621857E-006
          5974.88     -3.2425133E-006
          5986.17     -2.9433713E-006
          5997.46     -2.6653780E-006
          6008.75     -2.4042178E-006
          6020.04     -2.1553712E-006
          6031.33     -1.9191452E-006
          6042.62     -1.6958432E-006
          6053.91     -1.4857711E-006
          6065.20     -1.2892358E-006
          6076.48     -1.1065453E-006
          6087.77     -9.3800855E-007
          6099.06     -7.8393643E-007
          6110.35     -6.4464330E-007
          6121.64     -5.2044724E-007
          6132.93     -4.1167160E-007
          6144.22     -3.1788506E-007
          6155.51     -2.3521042E-007
          6166.80     -1.6041916E-007
          6178.09     -9.3656239E-008
          6189.38     -3.5066392E-008
          6200.66      1.5203644E-008
          6211.95      5.7004506E-008
          6223.24      9.0184192E-008
          6234.53      1.1458791E-007
          6245.82      1.3005826E-007
          6257.11      1.3643504E-007
          6268.40      1.3355532E-007
          6279.69      1.2125336E-007
          6290.98      1.0442409E-007
          6302.27      8.8073741E-008
          6313.55      7.2201599E-008
          6324.84      5.6807130E-008
          6336.13      4.1889916E-008
          6347.42      2.7449692E-008
          6358.71      1.3486380E-008
          6370.00     -1.8909318E-040
