          3480.00     -2.3059593E-004
          3491.29     -2.2403917E-004
          3502.58     -2.1725744E-004
          3513.87     -2.1028305E-004
          3525.16     -2.0314761E-004
          3536.45     -1.9588204E-004
          3547.73     -1.8851670E-004
          3559.02     -1.8108149E-004
          3570.31     -1.7360587E-004
          3581.60     -1.6611896E-004
          3592.89     -1.5864963E-004
          3604.18     -1.5122653E-004
          3615.47     -1.4387828E-004
          3626.76     -1.3663338E-004
          3638.05     -1.2949797E-004
          3649.34     -1.2247341E-004
          3660.62     -1.1558096E-004
          3671.91     -1.0884195E-004
          3683.20     -1.0227780E-004
          3694.49     -9.5910065E-005
          3705.78     -8.9760501E-005
          3717.07     -8.3851073E-005
          3728.36     -7.8204006E-005
          3739.65     -7.2841848E-005
          3750.94     -6.7787469E-005
          3762.23     -6.3064128E-005
          3773.52     -5.8695502E-005
          3784.80     -5.4595215E-005
          3796.09     -5.0665976E-005
          3807.38     -4.6915577E-005
          3818.67     -4.3352058E-005
          3829.96     -3.9983729E-005
          3841.25     -3.6819165E-005
          3852.54     -3.3867235E-005
          3863.83     -3.1137106E-005
          3875.12     -2.8638259E-005
          3886.41     -2.6380506E-005
          3897.70     -2.4373990E-005
          3908.98     -2.2629209E-005
          3920.27     -2.1100827E-005
          3931.56     -1.9693565E-005
          3942.85     -1.8363740E-005
          3954.14     -1.7112857E-005
          3965.43     -1.5942533E-005
          3976.72     -1.4854507E-005
          3988.01     -1.3850629E-005
          3999.30     -1.2932871E-005
          4010.59     -1.2103331E-005
          4021.88     -1.1364226E-005
          4033.16     -1.0717901E-005
          4044.45     -1.0166831E-005
          4055.74     -9.7136205E-006
          4067.03     -9.3610075E-006
          4078.32     -9.0693338E-006
          4089.61     -8.7971792E-006
          4100.90     -8.5447599E-006
          4112.19     -8.3123165E-006
          4123.48     -8.1001155E-006
          4134.77     -7.9084491E-006
          4146.05     -7.7376352E-006
          4157.34     -7.5880183E-006
          4168.63     -7.4599687E-006
          4179.92     -7.3538834E-006
          4191.21     -7.2701866E-006
          4202.50     -7.2093295E-006
          4213.79     -7.1717906E-006
          4225.08     -7.1472331E-006
          4236.37     -7.1250017E-006
          4247.66     -7.1051185E-006
          4258.95     -7.0876063E-006
          4270.23     -7.0724883E-006
          4281.52     -7.0597882E-006
          4292.81     -7.0495303E-006
          4304.10     -7.0417396E-006
          4315.39     -7.0364414E-006
          4326.68     -7.0336620E-006
          4337.97     -7.0334281E-006
          4349.26     -7.0357672E-006
          4360.55     -7.0407077E-006
          4371.84     -7.0462923E-006
          4383.12     -7.0505185E-006
          4394.41     -7.0533440E-006
          4405.70     -7.0547222E-006
          4416.99     -7.0546029E-006
          4428.28     -7.0529314E-006
          4439.57     -7.0496490E-006
          4450.86     -7.0446930E-006
          4462.15     -7.0379965E-006
          4473.44     -7.0294882E-006
          4484.73     -7.0190928E-006
          4496.02     -7.0067308E-006
          4507.30     -6.9923180E-006
          4518.59     -6.9760542E-006
          4529.88     -6.9581550E-006
          4541.17     -6.9385475E-006
          4552.46     -6.9171396E-006
          4563.75     -6.8938352E-006
          4575.04     -6.8685343E-006
          4586.33     -6.8411332E-006
          4597.62     -6.8115236E-006
          4608.91     -6.7795935E-006
          4620.20     -6.7452266E-006
          4631.48     -6.7083022E-006
          4642.77     -6.6686953E-006
          4654.06     -6.6262765E-006
          4665.35     -6.5820621E-006
          4676.64     -6.5370827E-006
          4687.93     -6.4912255E-006
          4699.22     -6.4443755E-006
          4710.51     -6.3964152E-006
          4721.80     -6.3472246E-006
          4733.09     -6.2966814E-006
          4744.38     -6.2446603E-006
          4755.66     -6.1910334E-006
          4766.95     -6.1356700E-006
          4778.24     -6.0784364E-006
          4789.53     -6.0191960E-006
          4800.82     -5.9578088E-006
          4812.11     -5.8941319E-006
          4823.40     -5.8292478E-006
          4834.69     -5.7642548E-006
          4845.98     -5.6990308E-006
          4857.27     -5.6334522E-006
          4868.55     -5.5673945E-006
          4879.84     -5.5007318E-006
          4891.13     -5.4333367E-006
          4902.42     -5.3650802E-006
          4913.71     -5.2958320E-006
          4925.00     -5.2254597E-006
          4936.29     -5.1538294E-006
          4947.58     -5.0808050E-006
          4958.87     -5.0062485E-006
          4970.16     -4.9311761E-006
          4981.45     -4.8566196E-006
          4992.73     -4.7824636E-006
          5004.02     -4.7085925E-006
          5015.31     -4.6348902E-006
          5026.60     -4.5612406E-006
          5037.89     -4.4875268E-006
          5049.18     -4.4136314E-006
          5060.47     -4.3394367E-006
          5071.76     -4.2648239E-006
          5083.05     -4.1896734E-006
          5094.34     -4.1138648E-006
          5105.62     -4.0372768E-006
          5116.91     -3.9606715E-006
          5128.20     -3.8848240E-006
          5139.49     -3.8096316E-006
          5150.78     -3.7349919E-006
          5162.07     -3.6608028E-006
          5173.36     -3.5869619E-006
          5184.65     -3.5133674E-006
          5195.94     -3.4399169E-006
          5207.23     -3.3665083E-006
          5218.52     -3.2930391E-006
          5229.80     -3.2194063E-006
          5241.09     -3.1455070E-006
          5252.38     -3.0712376E-006
          5263.67     -2.9972314E-006
          5274.96     -2.9241336E-006
          5286.25     -2.8518584E-006
          5297.54     -2.7803204E-006
          5308.83     -2.7094346E-006
          5320.12     -2.6391167E-006
          5331.41     -2.5692827E-006
          5342.70     -2.4998487E-006
          5353.98     -2.4307311E-006
          5365.27     -2.3618466E-006
          5376.56     -2.2931120E-006
          5387.85     -2.2244439E-006
          5399.14     -2.1557591E-006
          5410.43     -2.0876244E-006
          5421.72     -2.0206188E-006
          5433.01     -1.9546775E-006
          5444.30     -1.8897368E-006
          5455.59     -1.8257335E-006
          5466.88     -1.7626055E-006
          5478.16     -1.7002910E-006
          5489.45     -1.6387290E-006
          5500.74     -1.5778591E-006
          5512.03     -1.5176215E-006
          5523.32     -1.4579568E-006
          5534.61     -1.3988060E-006
          5545.90     -1.3401107E-006
          5557.19     -1.2818128E-006
          5568.48     -1.2244192E-006
          5579.77     -1.1684496E-006
          5591.05     -1.1138657E-006
          5602.34     -1.0606303E-006
          5613.63     -1.0087074E-006
          5624.92     -9.5806182E-007
          5636.21     -9.0865950E-007
          5647.50     -8.6046720E-007
          5658.79     -8.1345265E-007
          5670.08     -7.6758448E-007
          5681.37     -7.2283377E-007
          5692.66     -6.7917403E-007
          5703.95     -6.3657943E-007
          5715.23     -5.9529164E-007
          5726.52     -5.5555844E-007
          5737.81     -5.1736420E-007
          5749.10     -4.8069419E-007
          5760.39     -4.4553456E-007
          5771.68     -4.1187228E-007
          5782.97     -3.7969515E-007
          5794.26     -3.4899063E-007
          5805.55     -3.1974615E-007
          5816.84     -2.9195024E-007
          5828.12     -2.6559237E-007
          5839.41     -2.4066303E-007
          5850.70     -2.1715369E-007
          5861.99     -1.9494881E-007
          5873.28     -1.7393215E-007
          5884.57     -1.5409535E-007
          5895.86     -1.3543087E-007
          5907.15     -1.1793200E-007
          5918.44     -1.0159302E-007
          5929.73     -8.6409179E-008
          5941.02     -7.2376417E-008
          5952.30     -5.9491352E-008
          5963.59     -4.7751312E-008
          5974.88     -3.7154287E-008
          5986.17     -2.7698993E-008
          5997.46     -1.9384832E-008
          6008.75     -1.1939239E-008
          6020.04     -5.0873364E-009
          6031.33      1.1743930E-009
          6042.62      6.8492425E-009
          6053.91      1.1940116E-008
          6065.20      1.6449564E-008
          6076.48      2.0379804E-008
          6087.77      2.3732730E-008
          6099.06      2.6509893E-008
          6110.35      2.8712467E-008
          6121.64      3.0341240E-008
          6132.93      3.1396566E-008
          6144.22      3.1909353E-008
          6155.51      3.2047216E-008
          6166.80      3.1947420E-008
          6178.09      3.1610674E-008
          6189.38      3.1037582E-008
          6200.66      3.0228605E-008
          6211.95      2.9184045E-008
          6223.24      2.7904043E-008
          6234.53      2.6388593E-008
          6245.82      2.4637526E-008
          6257.11      2.2650525E-008
          6268.40      2.0427123E-008
          6279.69      1.7966702E-008
          6290.98      1.5429820E-008
          6302.27      1.2977112E-008
          6313.55      1.0607999E-008
          6324.84      8.3219625E-009
          6336.13      6.1185332E-009
          6347.42      3.9972941E-009
          6358.71      1.9578871E-009
          6370.00     -2.2639329E-041
