          3480.00     -2.0947917E-025
          3491.29      1.1771089E-008
          3502.58      2.4321693E-008
          3513.87      3.7672523E-008
          3525.16      5.1853903E-008
          3536.45      6.6905427E-008
          3547.73      8.2875613E-008
          3559.02      9.9821640E-008
          3570.31      1.1780931E-007
          3581.60      1.3691293E-007
          3592.89      1.5721539E-007
          3604.18      1.7880824E-007
          3615.47      2.0179174E-007
          3626.76      2.2627527E-007
          3638.05      2.5231264E-007
          3649.34      2.7998652E-007
          3660.62      3.0946319E-007
          3671.91      3.4091834E-007
          3683.20      3.7453798E-007
          3694.49      4.1051945E-007
          3705.78      4.4907228E-007
          3717.07      4.9041942E-007
          3728.36      5.3479834E-007
          3739.65      5.8246197E-007
          3750.94      6.3368026E-007
          3762.23      6.8874126E-007
          3773.52      7.4795259E-007
          3784.80      8.1093652E-007
          3796.09      8.7742777E-007
          3807.38      9.4792415E-007
          3818.67      1.0229340E-006
          3829.96      1.1029795E-006
          3841.25      1.1886006E-006
          3852.54      1.2803579E-006
          3863.83      1.3788366E-006
          3875.12      1.4846498E-006
          3886.41      1.5984416E-006
          3897.70      1.7208913E-006
          3908.98      1.8527169E-006
          3920.27      1.9936506E-006
          3931.56      2.1426000E-006
          3942.85      2.2996518E-006
          3954.14      2.4659045E-006
          3965.43      2.6424751E-006
          3976.72      2.8305055E-006
          3988.01      3.0311712E-006
          3999.30      3.2456870E-006
          4010.59      3.4753141E-006
          4021.88      3.7213674E-006
          4033.16      3.9852226E-006
          4044.45      4.2683227E-006
          4055.74      4.5721857E-006
          4067.03      4.8984110E-006
          4078.32      5.2458003E-006
          4089.61      5.6134687E-006
          4100.90      6.0035872E-006
          4112.19      6.4183843E-006
          4123.48      6.8601567E-006
          4134.77      7.3312823E-006
          4146.05      7.8342323E-006
          4157.34      8.3715811E-006
          4168.63      8.9460216E-006
          4179.92      9.5603760E-006
          4191.21      1.0217607E-005
          4202.50      1.0920832E-005
          4213.79      1.1673336E-005
          4225.08      1.2476804E-005
          4236.37      1.3333295E-005
          4247.66      1.4246923E-005
          4258.95      1.5221997E-005
          4270.23      1.6263036E-005
          4281.52      1.7374784E-005
          4292.81      1.8562240E-005
          4304.10      1.9830665E-005
          4315.39      2.1185611E-005
          4326.68      2.2632940E-005
          4337.97      2.4178841E-005
          4349.26      2.5829859E-005
          4360.55      2.7592918E-005
          4371.84      2.9477019E-005
          4383.12      3.1491639E-005
          4394.41      3.3645069E-005
          4405.70      3.5946115E-005
          4416.99      3.8404128E-005
          4428.28      4.1029027E-005
          4439.57      4.3831348E-005
          4450.86      4.6822269E-005
          4462.15      5.0013641E-005
          4473.44      5.3418041E-005
          4484.73      5.7048804E-005
          4496.02      6.0920068E-005
          4507.30      6.5046823E-005
          4518.59      6.9441392E-005
          4529.88      7.4116913E-005
          4541.17      7.9091084E-005
          4552.46      8.4382796E-005
          4563.75      9.0012009E-005
          4575.04      9.5999793E-005
          4586.33      1.0236840E-004
          4597.62      1.0914132E-004
          4608.91      1.1634337E-004
          4620.20      1.2400077E-004
          4631.48      1.3214121E-004
          4642.77      1.4079392E-004
          4654.06      1.4998980E-004
          4665.35      1.5966399E-004
          4676.64      1.6975733E-004
          4687.93      1.8031078E-004
          4699.22      1.9136579E-004
          4710.51      2.0296449E-004
          4721.80      2.1514986E-004
          4733.09      2.2796577E-004
          4744.38      2.4145730E-004
          4755.66      2.5567072E-004
          4766.95      2.7065375E-004
          4778.24      2.8645565E-004
          4789.53      3.0312731E-004
          4800.82      3.2072151E-004
          4812.11      3.3929298E-004
          4823.40      3.5829406E-004
          4834.69      3.7721241E-004
          4845.98      3.9615232E-004
          4857.27      4.1521192E-004
          4868.55      4.3448377E-004
          4879.84      4.5405527E-004
          4891.13      4.7400916E-004
          4902.42      4.9442394E-004
          4913.71      5.1537407E-004
          4925.00      5.3693047E-004
          4936.29      5.5916067E-004
          4947.58      5.8212907E-004
          4958.87      6.0589720E-004
          4970.16      6.2805433E-004
          4981.45      6.4635411E-004
          4992.73      6.6107482E-004
          5004.02      6.7245946E-004
          5015.31      6.8071781E-004
          5026.60      6.8602797E-004
          5037.89      6.8853787E-004
          5049.18      6.8836654E-004
          5060.47      6.8560517E-004
          5071.76      6.8031803E-004
          5083.05      6.7254322E-004
          5094.34      6.6229319E-004
          5105.62      6.4955521E-004
          5116.91      6.2729912E-004
          5128.20      5.8901930E-004
          5139.49      5.3538405E-004
          5150.78      4.6695047E-004
          5162.07      3.8416971E-004
          5173.36      2.8739177E-004
          5184.65      1.7687004E-004
          5195.94      5.2764419E-005
          5207.23     -8.4855176E-005
          5218.52     -2.3600628E-004
          5229.80     -4.0079183E-004
          5241.09     -5.7939790E-004
          5252.38     -7.7209320E-004
          5263.67     -9.9992106E-004
          5274.96     -1.2822274E-003
          5286.25     -1.6170481E-003
          5297.54     -2.0027389E-003
          5308.83     -2.4379587E-003
          5320.12     -2.9216548E-003
          5331.41     -3.4530476E-003
          5342.70     -4.0316210E-003
          5353.98     -4.6571108E-003
          5365.27     -5.3294925E-003
          5376.56     -6.0489773E-003
          5387.85     -6.8160019E-003
          5399.14     -7.6312229E-003
          5410.43     -8.5534379E-003
          5421.72     -9.6361652E-003
          5433.01     -1.0872966E-002
          5444.30     -1.2258232E-002
          5455.59     -1.3787131E-002
          5466.88     -1.5455562E-002
          5478.16     -1.7260109E-002
          5489.45     -1.9198001E-002
          5500.74     -2.1267074E-002
          5512.03     -2.3465731E-002
          5523.32     -2.5792916E-002
          5534.61     -2.8248085E-002
          5545.90     -3.0831168E-002
          5557.19     -3.3542558E-002
          5568.48     -3.6522079E-002
          5579.77     -3.9895095E-002
          5591.05     -4.3642053E-002
          5602.34     -4.7745176E-002
          5613.63     -5.2188347E-002
          5624.92     -5.6956955E-002
          5636.21     -6.2037754E-002
          5647.50     -6.7418766E-002
          5658.79     -7.3089141E-002
          5670.08     -7.9039055E-002
          5681.37     -8.5259380E-002
          5692.66     -9.1741614E-002
          5703.95     -9.8478116E-002
          5715.23     -1.0557840E-001
          5726.52     -1.1313798E-001
          5737.81     -1.2113030E-001
          5749.10     -1.2953053E-001
          5760.39     -1.3831543E-001
          5771.68     -1.4746312E-001
          5782.97     -1.5695293E-001
          5794.26     -1.6676557E-001
          5805.55     -1.7688279E-001
          5816.84     -1.8728672E-001
          5828.12     -1.9795978E-001
          5839.41     -2.0888443E-001
          5850.70     -2.2004308E-001
          5861.99     -2.3134282E-001
          5873.28     -2.4270013E-001
          5884.57     -2.5411038E-001
          5895.86     -2.6556748E-001
          5907.15     -2.7706377E-001
          5918.44     -2.8858985E-001
          5929.73     -3.0013442E-001
          5941.02     -3.1168446E-001
          5952.30     -3.2322512E-001
          5963.59     -3.3473956E-001
          5974.88     -3.4620885E-001
          5986.17     -3.5761177E-001
          5997.46     -3.6892474E-001
          6008.75     -3.7977432E-001
          6020.04     -3.8982328E-001
          6031.33     -3.9909594E-001
          6042.62     -4.0761050E-001
          6053.91     -4.1537889E-001
          6065.20     -4.2240684E-001
          6076.48     -4.2869406E-001
          6087.77     -4.3423422E-001
          6099.06     -4.3901494E-001
          6110.35     -4.4301761E-001
          6121.64     -4.4621735E-001
          6132.93     -4.4858271E-001
          6144.22     -4.4999155E-001
          6155.51     -4.4993723E-001
          6166.80     -4.4802645E-001
          6178.09     -4.4425761E-001
          6189.38     -4.3861816E-001
          6200.66     -4.3108447E-001
          6211.95     -4.2162174E-001
          6223.24     -4.1018400E-001
          6234.53     -3.9671402E-001
          6245.82     -3.8114318E-001
          6257.11     -3.6339134E-001
          6268.40     -3.4336667E-001
          6279.69     -3.2096539E-001
          6290.98     -2.9535278E-001
          6302.27     -2.6574503E-001
          6313.55     -2.3209114E-001
          6324.84     -1.9432098E-001
          6336.13     -1.5234514E-001
          6347.42     -1.0605494E-001
          6358.71     -5.5322425E-002
          6370.00      1.6307889E-034
