          3480.00     -7.2621645E-027
          3491.29      3.1129496E-007
          3502.58      6.4013638E-007
          3513.87      9.8642469E-007
          3525.16      1.3501911E-006
          3536.45      1.7315908E-006
          3547.73      2.1308949E-006
          3559.02      2.5484825E-006
          3570.31      2.9848370E-006
          3581.60      3.4405400E-006
          3592.89      3.9162665E-006
          3604.18      4.4127820E-006
          3615.47      4.9309358E-006
          3626.76      5.4716631E-006
          3638.05      6.0356007E-006
          3649.34      6.6237667E-006
          3660.62      7.2377884E-006
          3671.91      7.8793687E-006
          3683.20      8.5502898E-006
          3694.49      9.2524168E-006
          3705.78      9.9876982E-006
          3717.07      1.0758174E-005
          3728.36      1.1565976E-005
          3739.65      1.2413330E-005
          3750.94      1.3302568E-005
          3762.23      1.4236122E-005
          3773.52      1.5216536E-005
          3784.80      1.6241862E-005
          3796.09      1.7311215E-005
          3807.38      1.8428867E-005
          3818.67      1.9599161E-005
          3829.96      2.0826522E-005
          3841.25      2.2115484E-005
          3852.54      2.3470697E-005
          3863.83      2.4896947E-005
          3875.12      2.6399171E-005
          3886.41      2.7982467E-005
          3897.70      2.9652121E-005
          3908.98      3.1413612E-005
          3920.27      3.3266604E-005
          3931.56      3.5206089E-005
          3942.85      3.7234016E-005
          3954.14      3.9358149E-005
          3965.43      4.1586392E-005
          3976.72      4.3926809E-005
          3988.01      4.6387661E-005
          3999.30      4.8977429E-005
          4010.59      5.1704835E-005
          4021.88      5.4578880E-005
          4033.16      5.7608867E-005
          4044.45      6.0804424E-005
          4055.74      6.4175537E-005
          4067.03      6.7732566E-005
          4078.32      7.1474122E-005
          4089.61      7.5400079E-005
          4100.90      7.9523234E-005
          4112.19      8.3856740E-005
          4123.48      8.8414135E-005
          4134.77      9.3209381E-005
          4146.05      9.8256911E-005
          4157.34      1.0357164E-004
          4168.63      1.0916905E-004
          4179.92      1.1506519E-004
          4191.21      1.2127672E-004
          4202.50      1.2782096E-004
          4213.79      1.3471596E-004
          4225.08      1.4197946E-004
          4236.37      1.4963044E-004
          4247.66      1.5768989E-004
          4258.95      1.6617967E-004
          4270.23      1.7512260E-004
          4281.52      1.8454239E-004
          4292.81      1.9446382E-004
          4304.10      2.0491273E-004
          4315.39      2.1591607E-004
          4326.68      2.2750201E-004
          4337.97      2.3969989E-004
          4349.26      2.5254041E-004
          4360.55      2.6605563E-004
          4371.84      2.8029327E-004
          4383.12      2.9530253E-004
          4394.41      3.1111998E-004
          4405.70      3.2778394E-004
          4416.99      3.4533463E-004
          4428.28      3.6381415E-004
          4439.57      3.8326667E-004
          4450.86      4.0373844E-004
          4462.15      4.2527785E-004
          4473.44      4.4793561E-004
          4484.73      4.7176477E-004
          4496.02      4.9682084E-004
          4507.30      5.2316191E-004
          4518.59      5.5083201E-004
          4529.88      5.7987732E-004
          4541.17      6.1036360E-004
          4552.46      6.4236036E-004
          4563.75      6.7594014E-004
          4575.04      7.1117853E-004
          4586.33      7.4815433E-004
          4597.62      7.8694973E-004
          4608.91      8.2765031E-004
          4620.20      8.7034540E-004
          4631.48      9.1512814E-004
          4642.77      9.6209548E-004
          4654.06      1.0113486E-003
          4665.35      1.0626449E-003
          4676.64      1.1157563E-003
          4687.93      1.1708097E-003
          4699.22      1.2279338E-003
          4710.51      1.2872590E-003
          4721.80      1.3489179E-003
          4733.09      1.4130453E-003
          4744.38      1.4797786E-003
          4755.66      1.5492585E-003
          4766.95      1.6216283E-003
          4778.24      1.6970352E-003
          4789.53      1.7756297E-003
          4800.82      1.8575664E-003
          4812.11      1.9430042E-003
          4823.40      2.0303978E-003
          4834.69      2.1182765E-003
          4845.98      2.2069065E-003
          4857.27      2.2965439E-003
          4868.55      2.3874361E-003
          4879.84      2.4798219E-003
          4891.13      2.5739329E-003
          4902.42      2.6699938E-003
          4913.71      2.7682227E-003
          4925.00      2.8688325E-003
          4936.29      2.9720304E-003
          4947.58      3.0780191E-003
          4958.87      3.1869972E-003
          4970.16      3.2934091E-003
          4981.45      3.3919955E-003
          4992.73      3.4833564E-003
          5004.02      3.5680421E-003
          5015.31      3.6465557E-003
          5026.60      3.7193551E-003
          5037.89      3.7868553E-003
          5049.18      3.8494301E-003
          5060.47      3.9074135E-003
          5071.76      3.9611016E-003
          5083.05      4.0107538E-003
          5094.34      4.0565941E-003
          5105.62      4.0988118E-003
          5116.91      4.1240207E-003
          5128.20      4.1196492E-003
          5139.49      4.0869787E-003
          5150.78      4.0271563E-003
          5162.07      3.9412007E-003
          5173.36      3.8300079E-003
          5184.65      3.6943568E-003
          5195.94      3.5349126E-003
          5207.23      3.3522319E-003
          5218.52      3.1467665E-003
          5229.80      2.9188664E-003
          5241.09      2.6687837E-003
          5252.38      2.3966743E-003
          5263.67      2.0691992E-003
          5274.96      1.6552981E-003
          5286.25      1.1582197E-003
          5297.54      5.8088837E-004
          5308.83     -7.4080091E-005
          5320.12     -8.0436415E-004
          5331.41     -1.6079204E-003
          5342.70     -2.4829743E-003
          5353.98     -3.4280073E-003
          5365.27     -4.4417421E-003
          5376.56     -5.5231383E-003
          5387.85     -6.6713791E-003
          5399.14     -7.8858632E-003
          5410.43     -9.2445225E-003
          5421.72     -1.0819138E-002
          5433.01     -1.2600603E-002
          5444.30     -1.4580518E-002
          5455.59     -1.6751142E-002
          5466.88     -1.9105360E-002
          5478.16     -2.1636645E-002
          5489.45     -2.4339019E-002
          5500.74     -2.7207021E-002
          5512.03     -3.0235668E-002
          5523.32     -3.3420439E-002
          5534.61     -3.6757234E-002
          5545.90     -4.0242343E-002
          5557.19     -4.3872433E-002
          5568.48     -4.7798794E-002
          5579.77     -5.2158138E-002
          5591.05     -5.6926501E-002
          5602.34     -6.2081144E-002
          5613.63     -6.7600494E-002
          5624.92     -7.3464023E-002
          5636.21     -7.9652148E-002
          5647.50     -8.6146167E-002
          5658.79     -9.2928151E-002
          5670.08     -9.9980865E-002
          5681.37     -1.0728741E-001
          5692.66     -1.1483116E-001
          5703.95     -1.2259615E-001
          5715.23     -1.3067276E-001
          5726.52     -1.3913901E-001
          5737.81     -1.4796163E-001
          5749.10     -1.5710849E-001
          5760.39     -1.6654840E-001
          5771.68     -1.7625104E-001
          5782.97     -1.8618682E-001
          5794.26     -1.9632721E-001
          5805.55     -2.0664439E-001
          5816.84     -2.1711065E-001
          5828.12     -2.2769830E-001
          5839.41     -2.3837954E-001
          5850.70     -2.4912633E-001
          5861.99     -2.5985671E-001
          5873.28     -2.7049577E-001
          5884.57     -2.8102518E-001
          5895.86     -2.9142565E-001
          5907.15     -3.0167681E-001
          5918.44     -3.1175704E-001
          5929.73     -3.2164337E-001
          5941.02     -3.3131168E-001
          5952.30     -3.4073662E-001
          5963.59     -3.4989151E-001
          5974.88     -3.5874826E-001
          5986.17     -3.6727724E-001
          5997.46     -3.7544725E-001
          6008.75     -3.8302935E-001
          6020.04     -3.8981807E-001
          6031.33     -3.9581404E-001
          6042.62     -4.0101495E-001
          6053.91     -4.0541531E-001
          6065.20     -4.0900644E-001
          6076.48     -4.1177658E-001
          6087.77     -4.1371085E-001
          6099.06     -4.1479120E-001
          6110.35     -4.1499633E-001
          6121.64     -4.1430155E-001
          6132.93     -4.1267868E-001
          6144.22     -4.1005462E-001
          6155.51     -4.0616916E-001
          6166.80     -4.0081910E-001
          6178.09     -3.9399325E-001
          6189.38     -3.8567569E-001
          6200.66     -3.7584568E-001
          6211.95     -3.6447757E-001
          6223.24     -3.5154075E-001
          6234.53     -3.3699970E-001
          6245.82     -3.2081391E-001
          6257.11     -3.0293779E-001
          6268.40     -2.8332075E-001
          6279.69     -2.6190702E-001
          6290.98     -2.3831734E-001
          6302.27     -2.1219476E-001
          6313.55     -1.8350763E-001
          6324.84     -1.5221728E-001
          6336.13     -1.1827787E-001
          6347.42     -8.1636412E-002
          6358.71     -4.2232883E-002
          6370.00     -1.7180405E-046
