          3480.00     -9.9160063E-032
          3491.29     -7.4038071E-003
          3502.58     -1.4798982E-002
          3513.87     -2.2175963E-002
          3525.16     -2.9525211E-002
          3536.45     -3.6837243E-002
          3547.73     -4.4102611E-002
          3559.02     -5.1311873E-002
          3570.31     -5.8455629E-002
          3581.60     -6.5524491E-002
          3592.89     -7.2509084E-002
          3604.18     -7.9400028E-002
          3615.47     -8.6187883E-002
          3626.76     -9.2863209E-002
          3638.05     -9.9425100E-002
          3649.34     -1.0587381E-001
          3660.62     -1.1220170E-001
          3671.91     -1.1840109E-001
          3683.20     -1.2446432E-001
          3694.49     -1.3038374E-001
          3705.78     -1.3615166E-001
          3717.07     -1.4176040E-001
          3728.36     -1.4720228E-001
          3739.65     -1.5246956E-001
          3750.94     -1.5755454E-001
          3762.23     -1.6244946E-001
          3773.52     -1.6714655E-001
          3784.80     -1.7168235E-001
          3796.09     -1.7609632E-001
          3807.38     -1.8038516E-001
          3818.67     -1.8454550E-001
          3829.96     -1.8857396E-001
          3841.25     -1.9246714E-001
          3852.54     -1.9622159E-001
          3863.83     -1.9983384E-001
          3875.12     -2.0330041E-001
          3886.41     -2.0661775E-001
          3897.70     -2.0978231E-001
          3908.98     -2.1279050E-001
          3920.27     -2.1566203E-001
          3931.56     -2.1843702E-001
          3942.85     -2.2113364E-001
          3954.14     -2.2375122E-001
          3965.43     -2.2628905E-001
          3976.72     -2.2874640E-001
          3988.01     -2.3112253E-001
          3999.30     -2.3341666E-001
          4010.59     -2.3562799E-001
          4021.88     -2.3775571E-001
          4033.16     -2.3979897E-001
          4044.45     -2.4175690E-001
          4055.74     -2.4362862E-001
          4067.03     -2.4541321E-001
          4078.32     -2.4712673E-001
          4089.61     -2.4878591E-001
          4100.90     -2.5039081E-001
          4112.19     -2.5194148E-001
          4123.48     -2.5343794E-001
          4134.77     -2.5488020E-001
          4146.05     -2.5626826E-001
          4157.34     -2.5760209E-001
          4168.63     -2.5888165E-001
          4179.92     -2.6010690E-001
          4191.21     -2.6127776E-001
          4202.50     -2.6239414E-001
          4213.79     -2.6345594E-001
          4225.08     -2.6446568E-001
          4236.37     -2.6542599E-001
          4247.66     -2.6633699E-001
          4258.95     -2.6719876E-001
          4270.23     -2.6801137E-001
          4281.52     -2.6877488E-001
          4292.81     -2.6948932E-001
          4304.10     -2.7015475E-001
          4315.39     -2.7077117E-001
          4326.68     -2.7133859E-001
          4337.97     -2.7185700E-001
          4349.26     -2.7232639E-001
          4360.55     -2.7274672E-001
          4371.84     -2.7311740E-001
          4383.12     -2.7343785E-001
          4394.41     -2.7370803E-001
          4405.70     -2.7392793E-001
          4416.99     -2.7409749E-001
          4428.28     -2.7421666E-001
          4439.57     -2.7428537E-001
          4450.86     -2.7430355E-001
          4462.15     -2.7427110E-001
          4473.44     -2.7418792E-001
          4484.73     -2.7405390E-001
          4496.02     -2.7386892E-001
          4507.30     -2.7363284E-001
          4518.59     -2.7334593E-001
          4529.88     -2.7300844E-001
          4541.17     -2.7262022E-001
          4552.46     -2.7218109E-001
          4563.75     -2.7169086E-001
          4575.04     -2.7114932E-001
          4586.33     -2.7055626E-001
          4597.62     -2.6991146E-001
          4608.91     -2.6921468E-001
          4620.20     -2.6846568E-001
          4631.48     -2.6766422E-001
          4642.77     -2.6681003E-001
          4654.06     -2.6590284E-001
          4665.35     -2.6494651E-001
          4676.64     -2.6394483E-001
          4687.93     -2.6289742E-001
          4699.22     -2.6180391E-001
          4710.51     -2.6066393E-001
          4721.80     -2.5947707E-001
          4733.09     -2.5824295E-001
          4744.38     -2.5696115E-001
          4755.66     -2.5563127E-001
          4766.95     -2.5425289E-001
          4778.24     -2.5282558E-001
          4789.53     -2.5134890E-001
          4800.82     -2.4982243E-001
          4812.11     -2.4824570E-001
          4823.40     -2.4662831E-001
          4834.69     -2.4497972E-001
          4845.98     -2.4329924E-001
          4857.27     -2.4158622E-001
          4868.55     -2.3983998E-001
          4879.84     -2.3805984E-001
          4891.13     -2.3624513E-001
          4902.42     -2.3439515E-001
          4913.71     -2.3250923E-001
          4925.00     -2.3058667E-001
          4936.29     -2.2862677E-001
          4947.58     -2.2662885E-001
          4958.87     -2.2459219E-001
          4970.16     -2.2253498E-001
          4981.45     -2.2047507E-001
          4992.73     -2.1841128E-001
          5004.02     -2.1634246E-001
          5015.31     -2.1426742E-001
          5026.60     -2.1218500E-001
          5037.89     -2.1009402E-001
          5049.18     -2.0799332E-001
          5060.47     -2.0588175E-001
          5071.76     -2.0375812E-001
          5083.05     -2.0162128E-001
          5094.34     -1.9947007E-001
          5105.62     -1.9730332E-001
          5116.91     -1.9514588E-001
          5128.20     -1.9302204E-001
          5139.49     -1.9092983E-001
          5150.78     -1.8886727E-001
          5162.07     -1.8683242E-001
          5173.36     -1.8482331E-001
          5184.65     -1.8283801E-001
          5195.94     -1.8087456E-001
          5207.23     -1.7893104E-001
          5218.52     -1.7700553E-001
          5229.80     -1.7509608E-001
          5241.09     -1.7320081E-001
          5252.38     -1.7131778E-001
          5263.67     -1.6948220E-001
          5274.96     -1.6772823E-001
          5286.25     -1.6605245E-001
          5297.54     -1.6445140E-001
          5308.83     -1.6292170E-001
          5320.12     -1.6145993E-001
          5331.41     -1.6006271E-001
          5342.70     -1.5872666E-001
          5353.98     -1.5744842E-001
          5365.27     -1.5622464E-001
          5376.56     -1.5505197E-001
          5387.85     -1.5392709E-001
          5399.14     -1.5284668E-001
          5410.43     -1.5185769E-001
          5421.72     -1.5100514E-001
          5433.01     -1.5028275E-001
          5444.30     -1.4968428E-001
          5455.59     -1.4920352E-001
          5466.88     -1.4883427E-001
          5478.16     -1.4857034E-001
          5489.45     -1.4840556E-001
          5500.74     -1.4833380E-001
          5512.03     -1.4834891E-001
          5523.32     -1.4844479E-001
          5534.61     -1.4861533E-001
          5545.90     -1.4885445E-001
          5557.19     -1.4915608E-001
          5568.48     -1.4956515E-001
          5579.77     -1.5012316E-001
          5591.05     -1.5081888E-001
          5602.34     -1.5164108E-001
          5613.63     -1.5257860E-001
          5624.92     -1.5362030E-001
          5636.21     -1.5475505E-001
          5647.50     -1.5597180E-001
          5658.79     -1.5725947E-001
          5670.08     -1.5860706E-001
          5681.37     -1.6000342E-001
          5692.66     -1.6143729E-001
          5703.95     -1.6289755E-001
          5715.23     -1.6438643E-001
          5726.52     -1.6590393E-001
          5737.81     -1.6743574E-001
          5749.10     -1.6896768E-001
          5760.39     -1.7048572E-001
          5771.68     -1.7197597E-001
          5782.97     -1.7342472E-001
          5794.26     -1.7481856E-001
          5805.55     -1.7614430E-001
          5816.84     -1.7738883E-001
          5828.12     -1.7853908E-001
          5839.41     -1.7958201E-001
          5850.70     -1.8050463E-001
          5861.99     -1.8129743E-001
          5873.28     -1.8195203E-001
          5884.57     -1.8245718E-001
          5895.86     -1.8280168E-001
          5907.15     -1.8297437E-001
          5918.44     -1.8296406E-001
          5929.73     -1.8275957E-001
          5941.02     -1.8234979E-001
          5952.30     -1.8172369E-001
          5963.59     -1.8087032E-001
          5974.88     -1.7977878E-001
          5986.17     -1.7843825E-001
          5997.46     -1.7683799E-001
          6008.75     -1.7500399E-001
          6020.04     -1.7296526E-001
          6031.33     -1.7071566E-001
          6042.62     -1.6824917E-001
          6053.91     -1.6555978E-001
          6065.20     -1.6264149E-001
          6076.48     -1.5948833E-001
          6087.77     -1.5609437E-001
          6099.06     -1.5245369E-001
          6110.35     -1.4856036E-001
          6121.64     -1.4440845E-001
          6132.93     -1.3999201E-001
          6144.22     -1.3531250E-001
          6155.51     -1.3040569E-001
          6166.80     -1.2530162E-001
          6178.09     -1.1999724E-001
          6189.38     -1.1448947E-001
          6200.66     -1.0877524E-001
          6211.95     -1.0285146E-001
          6223.24     -9.6715019E-002
          6234.53     -9.0362787E-002
          6245.82     -8.3791612E-002
          6257.11     -7.6998318E-002
          6268.40     -6.9979729E-002
          6279.69     -6.2732628E-002
          6290.98     -5.5310877E-002
          6302.27     -4.7770172E-002
          6313.55     -4.0110018E-002
          6324.84     -3.2329935E-002
          6336.13     -2.4429410E-002
          6347.42     -1.6407923E-002
          6358.71     -8.2649646E-003
          6370.00      0.0000000E+000
