          3480.00     -5.5124790E-031
          3491.29      3.8596977E-013
          3502.58      7.9649841E-013
          3513.87      1.2319686E-012
          3525.16      1.6930229E-012
          3536.45      2.1805531E-012
          3547.73      2.6956886E-012
          3559.02      3.2397867E-012
          3570.31      3.8144296E-012
          3581.60      4.4214178E-012
          3592.89      5.0627686E-012
          3604.18      5.7407154E-012
          3615.47      6.4577045E-012
          3626.76      7.2164032E-012
          3638.05      8.0182174E-012
          3649.34      8.8653068E-012
          3660.62      9.7617943E-012
          3671.91      1.0712022E-011
          3683.20      1.1720568E-011
          3694.49      1.2792270E-011
          3705.78      1.3932235E-011
          3717.07      1.5145869E-011
          3728.36      1.6438897E-011
          3739.65      1.7817379E-011
          3750.94      1.9287739E-011
          3762.23      2.0856792E-011
          3773.52      2.2531764E-011
          3784.80      2.4304327E-011
          3796.09      2.6168782E-011
          3807.38      2.8136766E-011
          3818.67      3.0220153E-011
          3829.96      3.2431113E-011
          3841.25      3.4782192E-011
          3852.54      3.7286373E-011
          3863.83      3.9957144E-011
          3875.12      4.2808569E-011
          3886.41      4.5855343E-011
          3897.70      4.9112879E-011
          3908.98      5.2597371E-011
          3920.27      5.6303655E-011
          3931.56      6.0208818E-011
          3942.85      6.4315280E-011
          3954.14      6.8647105E-011
          3965.43      7.3228773E-011
          3976.72      7.8085292E-011
          3988.01      8.3242357E-011
          3999.30      8.8726467E-011
          4010.59      9.4565034E-011
          4021.88      1.0078654E-010
          4033.16      1.0742066E-010
          4044.45      1.1449837E-010
          4055.74      1.2205210E-010
          4067.03      1.3011585E-010
          4078.32      1.3866787E-010
          4089.61      1.4769224E-010
          4100.90      1.5723370E-010
          4112.19      1.6733818E-010
          4123.48      1.7805295E-010
          4134.77      1.8942691E-010
          4146.05      2.0151072E-010
          4157.34      2.1435701E-010
          4168.63      2.2802067E-010
          4179.92      2.4255898E-010
          4191.21      2.5803183E-010
          4202.50      2.7450199E-010
          4213.79      2.9203528E-010
          4225.08      3.1067060E-010
          4236.37      3.3045340E-010
          4247.66      3.5146417E-010
          4258.95      3.7378703E-010
          4270.23      3.9750998E-010
          4281.52      4.2272509E-010
          4292.81      4.4952898E-010
          4304.10      4.7802304E-010
          4315.39      5.0831380E-010
          4326.68      5.4051324E-010
          4337.97      5.7473911E-010
          4349.26      6.1111538E-010
          4360.55      6.4977260E-010
          4371.84      6.9088381E-010
          4383.12      7.3463006E-010
          4394.41      7.8116520E-010
          4405.70      8.3065185E-010
          4416.99      8.8326193E-010
          4428.28      9.3917695E-010
          4439.57      9.9858883E-010
          4450.86      1.0617003E-009
          4462.15      1.1287251E-009
          4473.44      1.1998894E-009
          4484.73      1.2754316E-009
          4496.02      1.3556033E-009
          4507.30      1.4406704E-009
          4518.59      1.5308481E-009
          4529.88      1.6263649E-009
          4541.17      1.7275300E-009
          4552.46      1.8346721E-009
          4563.75      1.9481374E-009
          4575.04      2.0682894E-009
          4586.33      2.1955105E-009
          4597.62      2.3302030E-009
          4608.91      2.4727894E-009
          4620.20      2.6237145E-009
          4631.48      2.7834462E-009
          4642.77      2.9524760E-009
          4654.06      3.1313211E-009
          4665.35      3.3188861E-009
          4676.64      3.5141614E-009
          4687.93      3.7178183E-009
          4699.22      3.9305362E-009
          4710.51      4.1530064E-009
          4721.80      4.3859331E-009
          4733.09      4.6300350E-009
          4744.38      4.8860490E-009
          4755.66      5.1547307E-009
          4766.95      5.4368573E-009
          4778.24      5.7332292E-009
          4789.53      6.0446713E-009
          4800.82      6.3720364E-009
          4812.11      6.7162066E-009
          4823.40      7.0686413E-009
          4834.69      7.4213046E-009
          4845.98      7.7757920E-009
          4857.27      8.1336193E-009
          4868.55      8.4962298E-009
          4879.84      8.8649994E-009
          4891.13      9.2412444E-009
          4902.42      9.6262254E-009
          4913.71      1.0021152E-008
          4925.00      1.0427186E-008
          4936.29      1.0845451E-008
          4947.58      1.1277027E-008
          4958.87      1.1722959E-008
          4970.16      1.2147974E-008
          4981.45      1.2519026E-008
          4992.73      1.2840129E-008
          5004.02      1.3114854E-008
          5015.31      1.3346354E-008
          5026.60      1.3537383E-008
          5037.89      1.3690314E-008
          5049.18      1.3807156E-008
          5060.47      1.3889567E-008
          5071.76      1.3938869E-008
          5083.05      1.3956055E-008
          5094.34      1.3941799E-008
          5105.62      1.3896463E-008
          5116.91      1.3723326E-008
          5128.20      1.3332445E-008
          5139.49      1.2733081E-008
          5150.78      1.1933166E-008
          5162.07      1.0939364E-008
          5173.36      9.7571262E-009
          5184.65      8.3907474E-009
          5195.94      6.8434041E-009
          5207.23      5.1171975E-009
          5218.52      3.2131868E-009
          5229.80      1.1314164E-009
          5241.09     -1.1290523E-009
          5252.38     -3.5701318E-009
          5263.67     -6.4646206E-009
          5274.96     -1.0064409E-008
          5286.25     -1.4343611E-008
          5297.54     -1.9279955E-008
          5308.83     -2.4854599E-008
          5320.12     -3.1051968E-008
          5331.41     -3.7859573E-008
          5342.70     -4.5267913E-008
          5353.98     -5.3270324E-008
          5365.27     -6.1862848E-008
          5376.56     -7.1044174E-008
          5387.85     -8.0815515E-008
          5399.14     -9.1180537E-008
          5410.43     -1.0285857E-007
          5421.72     -1.1650693E-007
          5433.01     -1.3204509E-007
          5444.30     -1.4940143E-007
          5455.59     -1.6851256E-007
          5466.88     -1.8932295E-007
          5478.16     -2.1178439E-007
          5489.45     -2.3585552E-007
          5500.74     -2.6150149E-007
          5512.03     -2.8869346E-007
          5523.32     -3.1740837E-007
          5534.61     -3.4762855E-007
          5545.90     -3.7934130E-007
          5557.19     -4.1253879E-007
          5568.48     -4.4882332E-007
          5579.77     -4.8963537E-007
          5591.05     -5.3474197E-007
          5602.34     -5.8392783E-007
          5613.63     -6.3699429E-007
          5624.92     -6.9375774E-007
          5636.21     -7.5404819E-007
          5647.50     -8.1770830E-007
          5658.79     -8.8459193E-007
          5670.08     -9.5456309E-007
          5681.37     -1.0274922E-006
          5692.66     -1.1032552E-006
          5703.95     -1.1817370E-006
          5715.23     -1.2640920E-006
          5726.52     -1.3513249E-006
          5737.81     -1.4431155E-006
          5749.10     -1.5391603E-006
          5760.39     -1.6391708E-006
          5771.68     -1.7428714E-006
          5782.97     -1.8499981E-006
          5794.26     -1.9603006E-006
          5805.55     -2.0735387E-006
          5816.84     -2.1894752E-006
          5828.12     -2.3078749E-006
          5839.41     -2.4285020E-006
          5850.70     -2.5511193E-006
          5861.99     -2.6747290E-006
          5873.28     -2.7984282E-006
          5884.57     -2.9221101E-006
          5895.86     -3.0456534E-006
          5907.15     -3.1689213E-006
          5918.44     -3.2917590E-006
          5929.73     -3.4139930E-006
          5941.02     -3.5354323E-006
          5952.30     -3.6558677E-006
          5963.59     -3.7750702E-006
          5974.88     -3.8927900E-006
          5986.17     -4.0087544E-006
          5997.46     -4.1226672E-006
          6008.75     -4.2309320E-006
          6020.04     -4.3303003E-006
          6031.33     -4.4209391E-006
          6042.62     -4.5029612E-006
          6053.91     -4.5764227E-006
          6065.20     -4.6413236E-006
          6076.48     -4.6976093E-006
          6087.77     -4.7451705E-006
          6099.06     -4.7838426E-006
          6110.35     -4.8134045E-006
          6121.64     -4.8335773E-006
          6132.93     -4.8440220E-006
          6144.22     -4.8435793E-006
          6155.51     -4.8276255E-006
          6166.80     -4.7925603E-006
          6178.09     -4.7383164E-006
          6189.38     -4.6647329E-006
          6200.66     -4.5715539E-006
          6211.95     -4.4584276E-006
          6223.24     -4.3249059E-006
          6234.53     -4.1704442E-006
          6245.82     -3.9944001E-006
          6257.11     -3.7960325E-006
          6268.40     -3.5745004E-006
          6279.69     -3.3288607E-006
          6290.98     -3.0517787E-006
          6302.27     -2.7363500E-006
          6313.55     -2.3820826E-006
          6324.84     -1.9883288E-006
          6336.13     -1.5542838E-006
          6347.42     -1.0789859E-006
          6358.71     -5.6131724E-007
          6370.00     -1.6676825E-039
