          3480.00     -2.2276545E-030
          3491.29      1.3685286E-012
          3502.58      2.8241353E-012
          3513.87      4.3681769E-012
          3525.16      6.0029319E-012
          3536.45      7.7315621E-012
          3547.73      9.5580721E-012
          3559.02      1.1487275E-011
          3570.31      1.3524779E-011
          3581.60      1.5676970E-011
          3592.89      1.7951001E-011
          3604.18      2.0354789E-011
          3615.47      2.2897009E-011
          3626.76      2.5587118E-011
          3638.05      2.8430102E-011
          3649.34      3.1433617E-011
          3660.62      3.4612282E-011
          3671.91      3.7981493E-011
          3683.20      4.1557485E-011
          3694.49      4.5357405E-011
          3705.78      4.9399365E-011
          3717.07      5.3702535E-011
          3728.36      5.8287210E-011
          3739.65      6.3174875E-011
          3750.94      6.8388316E-011
          3762.23      7.3951689E-011
          3773.52      7.9890618E-011
          3784.80      8.6175574E-011
          3796.09      9.2786350E-011
          3807.38      9.9764210E-011
          3818.67      1.0715125E-010
          3829.96      1.1499063E-010
          3841.25      1.2332682E-010
          3852.54      1.3220587E-010
          3863.83      1.4167559E-010
          3875.12      1.5178585E-010
          3886.41      1.6258877E-010
          3897.70      1.7413897E-010
          3908.98      1.8649390E-010
          3920.27      1.9963523E-010
          3931.56      2.1348172E-010
          3942.85      2.2804195E-010
          3954.14      2.4340126E-010
          3965.43      2.5964642E-010
          3976.72      2.7686613E-010
          3988.01      2.9515148E-010
          3999.30      3.1459642E-010
          4010.59      3.3529816E-010
          4021.88      3.5735770E-010
          4033.16      3.8088022E-010
          4044.45      4.0597557E-010
          4055.74      4.3275875E-010
          4067.03      4.6135029E-010
          4078.32      4.9167309E-010
          4089.61      5.2367070E-010
          4100.90      5.5750174E-010
          4112.19      5.9332906E-010
          4123.48      6.3132032E-010
          4134.77      6.7164883E-010
          4146.05      7.1449424E-010
          4157.34      7.6004321E-010
          4168.63      8.0849028E-010
          4179.92      8.6003860E-010
          4191.21      9.1490051E-010
          4202.50      9.7329856E-010
          4213.79      1.0354661E-009
          4225.08      1.1015412E-009
          4236.37      1.1716848E-009
          4247.66      1.2461825E-009
          4258.95      1.3253324E-009
          4270.23      1.4094466E-009
          4281.52      1.4988515E-009
          4292.81      1.5938898E-009
          4304.10      1.6949208E-009
          4315.39      1.8023224E-009
          4326.68      1.9164916E-009
          4337.97      2.0378459E-009
          4349.26      2.1668248E-009
          4360.55      2.3038913E-009
          4371.84      2.4496588E-009
          4383.12      2.6047694E-009
          4394.41      2.7697685E-009
          4405.70      2.9452328E-009
          4416.99      3.1317717E-009
          4428.28      3.3300290E-009
          4439.57      3.5406850E-009
          4450.86      3.7644585E-009
          4462.15      4.0021078E-009
          4473.44      4.2544341E-009
          4484.73      4.5222831E-009
          4496.02      4.8065473E-009
          4507.30      5.1081685E-009
          4518.59      5.4279106E-009
          4529.88      5.7665835E-009
          4541.17      6.1252833E-009
          4552.46      6.5051760E-009
          4563.75      6.9074885E-009
          4575.04      7.3335101E-009
          4586.33      7.7845965E-009
          4597.62      8.2621740E-009
          4608.91      8.7677410E-009
          4620.20      9.3028746E-009
          4631.48      9.8692335E-009
          4642.77      1.0468560E-008
          4654.06      1.1102690E-008
          4665.35      1.1767737E-008
          4676.64      1.2460122E-008
          4687.93      1.3182226E-008
          4699.22      1.3936457E-008
          4710.51      1.4725267E-008
          4721.80      1.5551153E-008
          4733.09      1.6416662E-008
          4744.38      1.7324408E-008
          4755.66      1.8277070E-008
          4766.95      1.9277403E-008
          4778.24      2.0328245E-008
          4789.53      2.1432522E-008
          4800.82      2.2593257E-008
          4812.11      2.3813577E-008
          4823.40      2.5063201E-008
          4834.69      2.6313635E-008
          4845.98      2.7570537E-008
          4857.27      2.8839281E-008
          4868.55      3.0124985E-008
          4879.84      3.1432527E-008
          4891.13      3.2766575E-008
          4902.42      3.4131597E-008
          4913.71      3.5531883E-008
          4925.00      3.6971556E-008
          4936.29      3.8454591E-008
          4947.58      3.9984824E-008
          4958.87      4.1565963E-008
          4970.16      4.3072934E-008
          4981.45      4.4388567E-008
          4992.73      4.5527097E-008
          5004.02      4.6501187E-008
          5015.31      4.7322015E-008
          5026.60      4.7999344E-008
          5037.89      4.8541590E-008
          5049.18      4.8955875E-008
          5060.47      4.9248079E-008
          5071.76      4.9422888E-008
          5083.05      4.9483824E-008
          5094.34      4.9433277E-008
          5105.62      4.9272531E-008
          5116.91      4.8658639E-008
          5128.20      4.7272697E-008
          5139.49      4.5147540E-008
          5150.78      4.2311292E-008
          5162.07      3.8787578E-008
          5173.36      3.4595731E-008
          5184.65      2.9750977E-008
          5195.94      2.4264580E-008
          5207.23      1.8143989E-008
          5218.52      1.1392960E-008
          5229.80      4.0116502E-009
          5241.09     -4.0032677E-009
          5252.38     -1.2658575E-008
          5263.67     -2.2921531E-008
          5274.96     -3.5685260E-008
          5286.25     -5.0857978E-008
          5297.54     -6.8360716E-008
          5308.83     -8.8126669E-008
          5320.12     -1.1010061E-007
          5331.41     -1.3423826E-007
          5342.70     -1.6050592E-007
          5353.98     -1.8887998E-007
          5365.27     -2.1934639E-007
          5376.56     -2.5190052E-007
          5387.85     -2.8654665E-007
          5399.14     -3.2329779E-007
          5410.43     -3.6470446E-007
          5421.72     -4.1309728E-007
          5433.01     -4.6819077E-007
          5444.30     -5.2973094E-007
          5455.59     -5.9749306E-007
          5466.88     -6.7128023E-007
          5478.16     -7.5092148E-007
          5489.45     -8.3627021E-007
          5500.74     -9.2720284E-007
          5512.03     -1.0236171E-006
          5523.32     -1.1254312E-006
          5534.61     -1.2325826E-006
          5545.90     -1.3450261E-006
          5557.19     -1.4627341E-006
          5568.48     -1.5913877E-006
          5579.77     -1.7360945E-006
          5591.05     -1.8960285E-006
          5602.34     -2.0704262E-006
          5613.63     -2.2585834E-006
          5624.92     -2.4598489E-006
          5636.21     -2.6736201E-006
          5647.50     -2.8993390E-006
          5658.79     -3.1364875E-006
          5670.08     -3.3845834E-006
          5681.37     -3.6431672E-006
          5692.66     -3.9117995E-006
          5703.95     -4.1900714E-006
          5715.23     -4.4820766E-006
          5726.52     -4.7913773E-006
          5737.81     -5.1168382E-006
          5749.10     -5.4573832E-006
          5760.39     -5.8119890E-006
          5771.68     -6.1796791E-006
          5782.97     -6.5595170E-006
          5794.26     -6.9506153E-006
          5805.55     -7.3521224E-006
          5816.84     -7.7631974E-006
          5828.12     -8.1830057E-006
          5839.41     -8.6107120E-006
          5850.70     -9.0454747E-006
          5861.99     -9.4837561E-006
          5873.28     -9.9223549E-006
          5884.57     -1.0360892E-005
          5895.86     -1.0798938E-005
          5907.15     -1.1236008E-005
          5918.44     -1.1671552E-005
          5929.73     -1.2104956E-005
          5941.02     -1.2535542E-005
          5952.30     -1.2962568E-005
          5963.59     -1.3385223E-005
          5974.88     -1.3802621E-005
          5986.17     -1.4213795E-005
          5997.46     -1.4617694E-005
          6008.75     -1.5001567E-005
          6020.04     -1.5353896E-005
          6031.33     -1.5675273E-005
          6042.62     -1.5966098E-005
          6053.91     -1.6226570E-005
          6065.20     -1.6456688E-005
          6076.48     -1.6656259E-005
          6087.77     -1.6824897E-005
          6099.06     -1.6962016E-005
          6110.35     -1.7066833E-005
          6121.64     -1.7138360E-005
          6132.93     -1.7175393E-005
          6144.22     -1.7173824E-005
          6155.51     -1.7117257E-005
          6166.80     -1.6992926E-005
          6178.09     -1.6800594E-005
          6189.38     -1.6539690E-005
          6200.66     -1.6209306E-005
          6211.95     -1.5808196E-005
          6223.24     -1.5334769E-005
          6234.53     -1.4787096E-005
          6245.82     -1.4162899E-005
          6257.11     -1.3459549E-005
          6268.40     -1.2674065E-005
          6279.69     -1.1803103E-005
          6290.98     -1.0820657E-005
          6302.27     -9.7022450E-006
          6313.55     -8.4461230E-006
          6324.84     -7.0499946E-006
          6336.13     -5.5110062E-006
          6347.42     -3.8257480E-006
          6358.71     -1.9902561E-006
          6370.00     -5.9130829E-039
