          3480.00      6.1307221E-026
          3491.29      1.8108024E-001
          3502.58      3.6277385E-001
          3513.87      5.4538001E-001
          3525.16      7.2919590E-001
          3536.45      9.1451809E-001
          3547.73      1.1016425E+000
          3559.02      1.2908645E+000
          3570.31      1.4824800E+000
          3581.60      1.6767856E+000
          3592.89      1.8740787E+000
          3604.18      2.0746582E+000
          3615.47      2.2788226E+000
          3626.76      2.4868721E+000
          3638.05      2.6986883E+000
          3649.34      2.9141768E+000
          3660.62      3.1336785E+000
          3671.91      3.3575358E+000
          3683.20      3.5860933E+000
          3694.49      3.8196983E+000
          3705.78      4.0587007E+000
          3717.07      4.3034543E+000
          3728.36      4.5543170E+000
          3739.65      4.8116500E+000
          3750.94      5.0758201E+000
          3762.23      5.3471986E+000
          3773.52      5.6261626E+000
          3784.80      5.9103162E+000
          3796.09      6.1973496E+000
          3807.38      6.4877716E+000
          3818.67      6.7820891E+000
          3829.96      7.0808059E+000
          3841.25      7.3844260E+000
          3852.54      7.6934522E+000
          3863.83      8.0083879E+000
          3875.12      8.3297373E+000
          3886.41      8.6580054E+000
          3897.70      8.9937001E+000
          3908.98      9.3373320E+000
          3920.27      9.6867865E+000
          3931.56      1.0037677E+001
          3942.85      1.0388303E+001
          3954.14      1.0739303E+001
          3965.43      1.1091303E+001
          3976.72      1.1444921E+001
          3988.01      1.1800767E+001
          3999.30      1.2159445E+001
          4010.59      1.2521551E+001
          4021.88      1.2887677E+001
          4033.16      1.3258410E+001
          4044.45      1.3634333E+001
          4055.74      1.4016025E+001
          4067.03      1.4404065E+001
          4078.32      1.4793317E+001
          4089.61      1.5178706E+001
          4100.90      1.5560886E+001
          4112.19      1.5940497E+001
          4123.48      1.6318161E+001
          4134.77      1.6694487E+001
          4146.05      1.7070072E+001
          4157.34      1.7445499E+001
          4168.63      1.7821338E+001
          4179.92      1.8198151E+001
          4191.21      1.8576488E+001
          4202.50      1.8956890E+001
          4213.79      1.9339890E+001
          4225.08      1.9721119E+001
          4236.37      2.0096240E+001
          4247.66      2.0465808E+001
          4258.95      2.0830361E+001
          4270.23      2.1190416E+001
          4281.52      2.1546475E+001
          4292.81      2.1899020E+001
          4304.10      2.2248521E+001
          4315.39      2.2595428E+001
          4326.68      2.2940181E+001
          4337.97      2.3283202E+001
          4349.26      2.3624901E+001
          4360.55      2.3965674E+001
          4371.84      2.4303141E+001
          4383.12      2.4634926E+001
          4394.41      2.4961417E+001
          4405.70      2.5282981E+001
          4416.99      2.5599970E+001
          4428.28      2.5912715E+001
          4439.57      2.6221536E+001
          4450.86      2.6526735E+001
          4462.15      2.6828597E+001
          4473.44      2.7127394E+001
          4484.73      2.7423384E+001
          4496.02      2.7716810E+001
          4507.30      2.8007901E+001
          4518.59      2.8297890E+001
          4529.88      2.8588045E+001
          4541.17      2.8878601E+001
          4552.46      2.9169722E+001
          4563.75      2.9461566E+001
          4575.04      2.9754278E+001
          4586.33      3.0047997E+001
          4597.62      3.0342851E+001
          4608.91      3.0638958E+001
          4620.20      3.0936429E+001
          4631.48      3.1235366E+001
          4642.77      3.1535860E+001
          4654.06      3.1837998E+001
          4665.35      3.2151569E+001
          4676.64      3.2486210E+001
          4687.93      3.2841777E+001
          4699.22      3.3218136E+001
          4710.51      3.3615169E+001
          4721.80      3.4032769E+001
          4733.09      3.4470839E+001
          4744.38      3.4929295E+001
          4755.66      3.5408065E+001
          4766.95      3.5907086E+001
          4778.24      3.6426306E+001
          4789.53      3.6965685E+001
          4800.82      3.7525189E+001
          4812.11      3.8104798E+001
          4823.40      3.8729814E+001
          4834.69      3.9424971E+001
          4845.98      4.0189449E+001
          4857.27      4.1022486E+001
          4868.55      4.1923380E+001
          4879.84      4.2891482E+001
          4891.13      4.3926200E+001
          4902.42      4.5026997E+001
          4913.71      4.6193385E+001
          4925.00      4.7424929E+001
          4936.29      4.8721243E+001
          4947.58      5.0081992E+001
          4958.87      5.1506885E+001
          4970.16      5.3048391E+001
          4981.45      5.4757388E+001
          4992.73      5.6631348E+001
          5004.02      5.8667879E+001
          5015.31      6.0864732E+001
          5026.60      6.3219791E+001
          5037.89      6.5731069E+001
          5049.18      6.8396709E+001
          5060.47      7.1214973E+001
          5071.76      7.4184245E+001
          5083.05      7.7303030E+001
          5094.34      8.0569936E+001
          5105.62      8.3983692E+001
          5116.91      8.7623393E+001
          5128.20      9.1564940E+001
          5139.49      9.5802538E+001
          5150.78      1.0033062E+002
          5162.07      1.0514386E+002
          5173.36      1.1023716E+002
          5184.65      1.1560563E+002
          5195.94      1.2124459E+002
          5207.23      1.2714956E+002
          5218.52      1.3331626E+002
          5229.80      1.3974061E+002
          5241.09      1.4641869E+002
          5252.38      1.5334677E+002
          5263.67      1.6064741E+002
          5274.96      1.6843647E+002
          5286.25      1.7670059E+002
          5297.54      1.8542678E+002
          5308.83      1.9460238E+002
          5320.12      2.0421508E+002
          5331.41      2.1425286E+002
          5342.70      2.2470400E+002
          5353.98      2.3555708E+002
          5365.27      2.4680094E+002
          5376.56      2.5842469E+002
          5387.85      2.7041767E+002
          5399.14      2.8276946E+002
          5410.43      2.9565103E+002
          5421.72      3.0921950E+002
          5433.01      3.2344426E+002
          5444.30      3.3829520E+002
          5455.59      3.5374255E+002
          5466.88      3.6975703E+002
          5478.16      3.8630967E+002
          5489.45      4.0337189E+002
          5500.74      4.2091542E+002
          5512.03      4.3891224E+002
          5523.32      4.5733464E+002
          5534.61      4.7615516E+002
          5545.90      4.9534648E+002
          5557.19      5.1488155E+002
          5568.48      5.3490361E+002
          5579.77      5.5553060E+002
          5591.05      5.7669791E+002
          5602.34      5.9834125E+002
          5613.63      6.2039671E+002
          5624.92      6.4280075E+002
          5636.21      6.6548997E+002
          5647.50      6.8840126E+002
          5658.79      7.1147168E+002
          5670.08      7.3463837E+002
          5681.37      7.5783799E+002
          5692.66      7.8100687E+002
          5703.95      8.0408187E+002
          5715.23      8.2700303E+002
          5726.52      8.4969347E+002
          5737.81      8.7206566E+002
          5749.10      8.9403273E+002
          5760.39      9.1550847E+002
          5771.68      9.3640728E+002
          5782.97      9.5664413E+002
          5794.26      9.7613499E+002
          5805.55      9.9479628E+002
          5816.84      1.0125441E+003
          5828.12      1.0292941E+003
          5839.41      1.0449615E+003
          5850.70      1.0594610E+003
          5861.99      1.0727666E+003
          5873.28      1.0848596E+003
          5884.57      1.0956648E+003
          5895.86      1.1051064E+003
          5907.15      1.1131077E+003
          5918.44      1.1195916E+003
          5929.73      1.1244801E+003
          5941.02      1.1276948E+003
          5952.30      1.1291568E+003
          5963.59      1.1287867E+003
          5974.88      1.1265045E+003
          5986.17      1.1222297E+003
          5997.46      1.1158813E+003
          6008.75      1.1077484E+003
          6020.04      1.0981395E+003
          6031.33      1.0870016E+003
          6042.62      1.0742809E+003
          6053.91      1.0599229E+003
          6065.20      1.0438723E+003
          6076.48      1.0260732E+003
          6087.77      1.0064682E+003
          6099.06      9.8499923E+002
          6110.35      9.6160703E+002
          6121.64      9.3623137E+002
          6132.93      9.0881147E+002
          6144.22      8.7936528E+002
          6155.51      8.4827769E+002
          6166.80      8.1586348E+002
          6178.09      7.8207510E+002
          6189.38      7.4686360E+002
          6200.66      7.1017907E+002
          6211.95      6.7197070E+002
          6223.24      6.3218674E+002
          6234.53      5.9077466E+002
          6245.82      5.4768083E+002
          6257.11      5.0285069E+002
          6268.40      4.5622877E+002
          6279.69      4.0775845E+002
          6290.98      3.5820355E+002
          6302.27      3.0833584E+002
          6313.55      2.5810970E+002
          6324.84      2.0747954E+002
          6336.13      1.5639950E+002
          6347.42      1.0482358E+002
          6358.71      5.2705801E+001
          6370.00      1.8351867E-037
