          3480.00      7.8808049E-033
          3491.29     -8.2611523E-003
          3502.58     -1.6531086E-002
          3513.87     -2.4799034E-002
          3525.16     -3.3054258E-002
          3536.45     -4.1286094E-002
          3547.73     -4.9483916E-002
          3559.02     -5.7637116E-002
          3570.31     -6.5735139E-002
          3581.60     -7.3767447E-002
          3592.89     -8.1723524E-002
          3604.18     -8.9592854E-002
          3615.47     -9.7364863E-002
          3626.76     -1.0502899E-001
          3638.05     -1.1258440E-001
          3649.34     -1.2003156E-001
          3660.62     -1.2736191E-001
          3671.91     -1.3456688E-001
          3683.20     -1.4163789E-001
          3694.49     -1.4856638E-001
          3705.78     -1.5534377E-001
          3717.07     -1.6196150E-001
          3728.36     -1.6841096E-001
          3739.65     -1.7468356E-001
          3750.94     -1.8077069E-001
          3762.23     -1.8666372E-001
          3773.52     -1.9235400E-001
          3784.80     -1.9788343E-001
          3796.09     -2.0329720E-001
          3807.38     -2.0859159E-001
          3818.67     -2.1376288E-001
          3829.96     -2.1880728E-001
          3841.25     -2.2372102E-001
          3852.54     -2.2850027E-001
          3863.83     -2.3314118E-001
          3875.12     -2.3763988E-001
          3886.41     -2.4199245E-001
          3897.70     -2.4619495E-001
          3908.98     -2.5024342E-001
          3920.27     -2.5416071E-001
          3931.56     -2.5799310E-001
          3942.85     -2.6176160E-001
          3954.14     -2.6546548E-001
          3965.43     -2.6910399E-001
          3976.72     -2.7267636E-001
          3988.01     -2.7618181E-001
          3999.30     -2.7961952E-001
          4010.59     -2.8298865E-001
          4021.88     -2.8628836E-001
          4033.16     -2.8951776E-001
          4044.45     -2.9267595E-001
          4055.74     -2.9576202E-001
          4067.03     -2.9877502E-001
          4078.32     -3.0173418E-001
          4089.61     -3.0465947E-001
          4100.90     -3.0755105E-001
          4112.19     -3.1040903E-001
          4123.48     -3.1323356E-001
          4134.77     -3.1602472E-001
          4146.05     -3.1878261E-001
          4157.34     -3.2150731E-001
          4168.63     -3.2419889E-001
          4179.92     -3.2685738E-001
          4191.21     -3.2948283E-001
          4202.50     -3.3207527E-001
          4213.79     -3.3463469E-001
          4225.08     -3.3716481E-001
          4236.37     -3.3966950E-001
          4247.66     -3.4214900E-001
          4258.95     -3.4460354E-001
          4270.23     -3.4703334E-001
          4281.52     -3.4943862E-001
          4292.81     -3.5181957E-001
          4304.10     -3.5417638E-001
          4315.39     -3.5650924E-001
          4326.68     -3.5881831E-001
          4337.97     -3.6110374E-001
          4349.26     -3.6336568E-001
          4360.55     -3.6560429E-001
          4371.84     -3.6781940E-001
          4383.12     -3.7001090E-001
          4394.41     -3.7217896E-001
          4405.70     -3.7432372E-001
          4416.99     -3.7644532E-001
          4428.28     -3.7854391E-001
          4439.57     -3.8061959E-001
          4450.86     -3.8267248E-001
          4462.15     -3.8470270E-001
          4473.44     -3.8671033E-001
          4484.73     -3.8869547E-001
          4496.02     -3.9065820E-001
          4507.30     -3.9259858E-001
          4518.59     -3.9451703E-001
          4529.88     -3.9641394E-001
          4541.17     -3.9828939E-001
          4552.46     -4.0014340E-001
          4563.75     -4.0197599E-001
          4575.04     -4.0378717E-001
          4586.33     -4.0557696E-001
          4597.62     -4.0734535E-001
          4608.91     -4.0909234E-001
          4620.20     -4.1081791E-001
          4631.48     -4.1252205E-001
          4642.77     -4.1420471E-001
          4654.06     -4.1586588E-001
          4665.35     -4.1750929E-001
          4676.64     -4.1913862E-001
          4687.93     -4.2075376E-001
          4699.22     -4.2235456E-001
          4710.51     -4.2394089E-001
          4721.80     -4.2551259E-001
          4733.09     -4.2706951E-001
          4744.38     -4.2861150E-001
          4755.66     -4.3013840E-001
          4766.95     -4.3165004E-001
          4778.24     -4.3314625E-001
          4789.53     -4.3462685E-001
          4800.82     -4.3609166E-001
          4812.11     -4.3754049E-001
          4823.40     -4.3898264E-001
          4834.69     -4.4042727E-001
          4845.98     -4.4187396E-001
          4857.27     -4.4332232E-001
          4868.55     -4.4477194E-001
          4879.84     -4.4622242E-001
          4891.13     -4.4767334E-001
          4902.42     -4.4912429E-001
          4913.71     -4.5057487E-001
          4925.00     -4.5202466E-001
          4936.29     -4.5347323E-001
          4947.58     -4.5492018E-001
          4958.87     -4.5636509E-001
          4970.16     -4.5782559E-001
          4981.45     -4.5931902E-001
          4992.73     -4.6084448E-001
          5004.02     -4.6240108E-001
          5015.31     -4.6398796E-001
          5026.60     -4.6560422E-001
          5037.89     -4.6724900E-001
          5049.18     -4.6892142E-001
          5060.47     -4.7062061E-001
          5071.76     -4.7234571E-001
          5083.05     -4.7409586E-001
          5094.34     -4.7587019E-001
          5105.62     -4.7766785E-001
          5116.91     -4.7951298E-001
          5128.20     -4.8142918E-001
          5139.49     -4.8341480E-001
          5150.78     -4.8546817E-001
          5162.07     -4.8758764E-001
          5173.36     -4.8977159E-001
          5184.65     -4.9201838E-001
          5195.94     -4.9432638E-001
          5207.23     -4.9669398E-001
          5218.52     -4.9911958E-001
          5229.80     -5.0160157E-001
          5241.09     -5.0413837E-001
          5252.38     -5.0672838E-001
          5263.67     -5.0940573E-001
          5274.96     -5.1220355E-001
          5286.25     -5.1511873E-001
          5297.54     -5.1814818E-001
          5308.83     -5.2128882E-001
          5320.12     -5.2453760E-001
          5331.41     -5.2789148E-001
          5342.70     -5.3134741E-001
          5353.98     -5.3490239E-001
          5365.27     -5.3855340E-001
          5376.56     -5.4229745E-001
          5387.85     -5.4613156E-001
          5399.14     -5.5005275E-001
          5410.43     -5.5410629E-001
          5421.72     -5.5833547E-001
          5433.01     -5.6273442E-001
          5444.30     -5.6729727E-001
          5455.59     -5.7201816E-001
          5466.88     -5.7689129E-001
          5478.16     -5.8191083E-001
          5489.45     -5.8707101E-001
          5500.74     -5.9236605E-001
          5512.03     -5.9779021E-001
          5523.32     -6.0333775E-001
          5534.61     -6.0900296E-001
          5545.90     -6.1478012E-001
          5557.19     -6.2066355E-001
          5568.48     -6.2669576E-001
          5579.77     -6.3291582E-001
          5591.05     -6.3931293E-001
          5602.34     -6.4587630E-001
          5613.63     -6.5259518E-001
          5624.92     -6.5945886E-001
          5636.21     -6.6645666E-001
          5647.50     -6.7357792E-001
          5658.79     -6.8081202E-001
          5670.08     -6.8814837E-001
          5681.37     -6.9557626E-001
          5692.66     -7.0308484E-001
          5703.95     -7.1066339E-001
          5715.23     -7.1831297E-001
          5726.52     -7.2603237E-001
          5737.81     -7.3380774E-001
          5749.10     -7.4162535E-001
          5760.39     -7.4947163E-001
          5771.68     -7.5733314E-001
          5782.97     -7.6519661E-001
          5794.26     -7.7304908E-001
          5805.55     -7.8087785E-001
          5816.84     -7.8867025E-001
          5828.12     -7.9641367E-001
          5839.41     -8.0409553E-001
          5850.70     -8.1170332E-001
          5861.99     -8.1922864E-001
          5873.28     -8.2666424E-001
          5884.57     -8.3399931E-001
          5895.86     -8.4122310E-001
          5907.15     -8.4832489E-001
          5918.44     -8.5529394E-001
          5929.73     -8.6211951E-001
          5941.02     -8.6879094E-001
          5952.30     -8.7529766E-001
          5963.59     -8.8162913E-001
          5974.88     -8.8777492E-001
          5986.17     -8.9372466E-001
          5997.46     -8.9946803E-001
          6008.75     -9.0503307E-001
          6020.04     -9.1045076E-001
          6031.33     -9.1571538E-001
          6042.62     -9.2082130E-001
          6053.91     -9.2576289E-001
          6065.20     -9.3053457E-001
          6076.48     -9.3513078E-001
          6087.77     -9.3954599E-001
          6099.06     -9.4377467E-001
          6110.35     -9.4781130E-001
          6121.64     -9.5165037E-001
          6132.93     -9.5528634E-001
          6144.22     -9.5872123E-001
          6155.51     -9.6199208E-001
          6166.80     -9.6513004E-001
          6178.09     -9.6813241E-001
          6189.38     -9.7099651E-001
          6200.66     -9.7371966E-001
          6211.95     -9.7629914E-001
          6223.24     -9.7873223E-001
          6234.53     -9.8101619E-001
          6245.82     -9.8314825E-001
          6257.11     -9.8512565E-001
          6268.40     -9.8694558E-001
          6279.69     -9.8860522E-001
          6290.98     -9.9015954E-001
          6302.27     -9.9166528E-001
          6313.55     -9.9312232E-001
          6324.84     -9.9453055E-001
          6336.13     -9.9588982E-001
          6347.42     -9.9719999E-001
          6358.71     -9.9846092E-001
          6370.00     -9.9967245E-001
