          3480.00     -5.0140544E-032
          3491.29     -6.5804328E-003
          3502.58     -1.3163924E-002
          3513.87     -1.9742416E-002
          3525.16     -2.6307879E-002
          3536.45     -3.2852344E-002
          3547.73     -3.9367881E-002
          3559.02     -4.5846582E-002
          3570.31     -5.2280588E-002
          3581.60     -5.8662070E-002
          3592.89     -6.4983226E-002
          3604.18     -7.1236265E-002
          3615.47     -7.7413342E-002
          3626.76     -8.3506624E-002
          3638.05     -8.9516243E-002
          3649.34     -9.5443182E-002
          3660.62     -1.0128096E-001
          3671.91     -1.0702310E-001
          3683.20     -1.1266317E-001
          3694.49     -1.1819475E-001
          3705.78     -1.2361144E-001
          3717.07     -1.2890687E-001
          3728.36     -1.3407468E-001
          3739.65     -1.3910853E-001
          3750.94     -1.4400211E-001
          3762.23     -1.4874909E-001
          3773.52     -1.5334320E-001
          3784.80     -1.5781942E-001
          3796.09     -1.6221490E-001
          3807.38     -1.6652666E-001
          3818.67     -1.7075174E-001
          3829.96     -1.7488716E-001
          3841.25     -1.7892995E-001
          3852.54     -1.8287714E-001
          3863.83     -1.8672578E-001
          3875.12     -1.9047288E-001
          3886.41     -1.9411548E-001
          3897.70     -1.9765062E-001
          3908.98     -2.0107533E-001
          3920.27     -2.0440919E-001
          3931.56     -2.0769132E-001
          3942.85     -2.1093939E-001
          3954.14     -2.1415269E-001
          3965.43     -2.1733052E-001
          3976.72     -2.2047216E-001
          3988.01     -2.2357691E-001
          3999.30     -2.2664404E-001
          4010.59     -2.2967284E-001
          4021.88     -2.3266258E-001
          4033.16     -2.3561254E-001
          4044.45     -2.3852199E-001
          4055.74     -2.4139021E-001
          4067.03     -2.4421644E-001
          4078.32     -2.4701869E-001
          4089.61     -2.4981550E-001
          4100.90     -2.5260691E-001
          4112.19     -2.5539299E-001
          4123.48     -2.5817379E-001
          4134.77     -2.6094937E-001
          4146.05     -2.6371978E-001
          4157.34     -2.6648507E-001
          4168.63     -2.6924528E-001
          4179.92     -2.7200047E-001
          4191.21     -2.7475067E-001
          4202.50     -2.7749592E-001
          4213.79     -2.8023627E-001
          4225.08     -2.8297668E-001
          4236.37     -2.8572222E-001
          4247.66     -2.8847314E-001
          4258.95     -2.9122966E-001
          4270.23     -2.9399200E-001
          4281.52     -2.9676038E-001
          4292.81     -2.9953504E-001
          4304.10     -3.0231619E-001
          4315.39     -3.0510405E-001
          4326.68     -3.0789884E-001
          4337.97     -3.1070078E-001
          4349.26     -3.1351008E-001
          4360.55     -3.1632696E-001
          4371.84     -3.1915235E-001
          4383.12     -3.2198721E-001
          4394.41     -3.2483179E-001
          4405.70     -3.2768633E-001
          4416.99     -3.3055109E-001
          4428.28     -3.3342628E-001
          4439.57     -3.3631217E-001
          4450.86     -3.3920900E-001
          4462.15     -3.4211699E-001
          4473.44     -3.4503639E-001
          4484.73     -3.4796744E-001
          4496.02     -3.5091037E-001
          4507.30     -3.5386542E-001
          4518.59     -3.5683280E-001
          4529.88     -3.5981272E-001
          4541.17     -3.6280541E-001
          4552.46     -3.6581107E-001
          4563.75     -3.6882995E-001
          4575.04     -3.7186227E-001
          4586.33     -3.7490825E-001
          4597.62     -3.7796812E-001
          4608.91     -3.8104209E-001
          4620.20     -3.8413039E-001
          4631.48     -3.8723324E-001
          4642.77     -3.9035085E-001
          4654.06     -3.9348346E-001
          4665.35     -3.9663187E-001
          4676.64     -3.9979687E-001
          4687.93     -4.0297865E-001
          4699.22     -4.0617736E-001
          4710.51     -4.0939320E-001
          4721.80     -4.1262634E-001
          4733.09     -4.1587693E-001
          4744.38     -4.1914517E-001
          4755.66     -4.2243123E-001
          4766.95     -4.2573527E-001
          4778.24     -4.2905748E-001
          4789.53     -4.3239802E-001
          4800.82     -4.3575706E-001
          4812.11     -4.3913478E-001
          4823.40     -4.4253349E-001
          4834.69     -4.4595545E-001
          4845.98     -4.4940074E-001
          4857.27     -4.5286944E-001
          4868.55     -4.5636161E-001
          4879.84     -4.5987734E-001
          4891.13     -4.6341669E-001
          4902.42     -4.6697974E-001
          4913.71     -4.7056657E-001
          4925.00     -4.7417726E-001
          4936.29     -4.7781187E-001
          4947.58     -4.8147048E-001
          4958.87     -4.8515318E-001
          4970.16     -4.8886440E-001
          4981.45     -4.9260847E-001
          4992.73     -4.9638528E-001
          5004.02     -5.0019471E-001
          5015.31     -5.0403662E-001
          5026.60     -5.0791091E-001
          5037.89     -5.1181745E-001
          5049.18     -5.1575613E-001
          5060.47     -5.1972682E-001
          5071.76     -5.2372941E-001
          5083.05     -5.2776379E-001
          5094.34     -5.3182982E-001
          5105.62     -5.3592741E-001
          5116.91     -5.4006225E-001
          5128.20     -5.4423984E-001
          5139.49     -5.4845975E-001
          5150.78     -5.5272154E-001
          5162.07     -5.5702478E-001
          5173.36     -5.6136904E-001
          5184.65     -5.6575387E-001
          5195.94     -5.7017885E-001
          5207.23     -5.7464355E-001
          5218.52     -5.7914754E-001
          5229.80     -5.8369039E-001
          5241.09     -5.8827167E-001
          5252.38     -5.9289095E-001
          5263.67     -5.9755508E-001
          5274.96     -6.0227051E-001
          5286.25     -6.0703623E-001
          5297.54     -6.1185125E-001
          5308.83     -6.1671456E-001
          5320.12     -6.2162516E-001
          5331.41     -6.2658204E-001
          5342.70     -6.3158422E-001
          5353.98     -6.3663069E-001
          5365.27     -6.4172045E-001
          5376.56     -6.4685253E-001
          5387.85     -6.5202591E-001
          5399.14     -6.5723961E-001
          5410.43     -6.6249956E-001
          5421.72     -6.6781095E-001
          5433.01     -6.7317171E-001
          5444.30     -6.7857978E-001
          5455.59     -6.8403307E-001
          5466.88     -6.8952953E-001
          5478.16     -6.9506709E-001
          5489.45     -7.0064368E-001
          5500.74     -7.0625725E-001
          5512.03     -7.1190573E-001
          5523.32     -7.1758706E-001
          5534.61     -7.2329919E-001
          5545.90     -7.2904006E-001
          5557.19     -7.3480761E-001
          5568.48     -7.4059919E-001
          5579.77     -7.4641085E-001
          5591.05     -7.5223866E-001
          5602.34     -7.5807865E-001
          5613.63     -7.6392689E-001
          5624.92     -7.6977946E-001
          5636.21     -7.7563242E-001
          5647.50     -7.8148186E-001
          5658.79     -7.8732387E-001
          5670.08     -7.9315456E-001
          5681.37     -7.9896987E-001
          5692.66     -8.0476562E-001
          5703.95     -8.1053765E-001
          5715.23     -8.1627358E-001
          5726.52     -8.2196025E-001
          5737.81     -8.2759243E-001
          5749.10     -8.3316496E-001
          5760.39     -8.3867275E-001
          5771.68     -8.4411075E-001
          5782.97     -8.4947401E-001
          5794.26     -8.5475778E-001
          5805.55     -8.5995748E-001
          5816.84     -8.6506853E-001
          5828.12     -8.7008638E-001
          5839.41     -8.7500652E-001
          5850.70     -8.7982441E-001
          5861.99     -8.8454326E-001
          5873.28     -8.8916662E-001
          5884.57     -8.9369060E-001
          5895.86     -8.9811131E-001
          5907.15     -9.0242490E-001
          5918.44     -9.0662745E-001
          5929.73     -9.1071509E-001
          5941.02     -9.1468394E-001
          5952.30     -9.1853017E-001
          5963.59     -9.2224999E-001
          5974.88     -9.2583962E-001
          5986.17     -9.2929535E-001
          5997.46     -9.3261344E-001
          6008.75     -9.3582180E-001
          6020.04     -9.3894930E-001
          6031.33     -9.4199389E-001
          6042.62     -9.4495353E-001
          6053.91     -9.4782621E-001
          6065.20     -9.5060994E-001
          6076.48     -9.5330273E-001
          6087.77     -9.5590262E-001
          6099.06     -9.5840769E-001
          6110.35     -9.6081598E-001
          6121.64     -9.6312557E-001
          6132.93     -9.6533450E-001
          6144.22     -9.6744577E-001
          6155.51     -9.6948489E-001
          6166.80     -9.7147301E-001
          6178.09     -9.7340920E-001
          6189.38     -9.7529253E-001
          6200.66     -9.7712210E-001
          6211.95     -9.7889699E-001
          6223.24     -9.8061629E-001
          6234.53     -9.8227906E-001
          6245.82     -9.8388439E-001
          6257.11     -9.8543135E-001
          6268.40     -9.8691901E-001
          6279.69     -9.8834644E-001
          6290.98     -9.8974576E-001
          6302.27     -9.9114973E-001
          6313.55     -9.9255836E-001
          6324.84     -9.9397170E-001
          6336.13     -9.9538975E-001
          6347.42     -9.9681254E-001
          6358.71     -9.9824010E-001
          6370.00     -9.9967245E-001
