          3480.00      0.0000000E+000
          3491.29      2.5703516E+000
          3502.58     -1.7807916E+000
          3513.87     -5.8805047E+000
          3525.16     -9.7312459E+000
          3536.45     -1.3336340E+001
          3547.73     -1.6699910E+001
          3559.02     -1.9826809E+001
          3570.31     -2.2722568E+001
          3581.60     -2.5393319E+001
          3592.89     -2.7845717E+001
          3604.18     -3.0086895E+001
          3615.47     -3.2124421E+001
          3626.76     -3.3966220E+001
          3638.05     -3.5620454E+001
          3649.34     -3.7095437E+001
          3660.62     -3.8399573E+001
          3671.91     -3.9794458E+001
          3683.20     -4.1463386E+001
          3694.49     -4.3318679E+001
          3705.78     -4.5293744E+001
          3717.07     -4.7336852E+001
          3728.36     -4.9407153E+001
          3739.65     -5.1472055E+001
          3750.94     -5.3505453E+001
          3762.23     -5.5486469E+001
          3773.52     -5.7398540E+001
          3784.80     -5.9228728E+001
          3796.09     -6.0967165E+001
          3807.38     -6.2606617E+001
          3818.67     -6.4142098E+001
          3829.96     -6.5570550E+001
          3841.25     -6.6890572E+001
          3852.54     -6.8102153E+001
          3863.83     -6.9206451E+001
          3875.12     -7.0555738E+001
          3886.41     -7.2417824E+001
          3897.70     -7.4688625E+001
          3908.98     -7.7284964E+001
          3920.27     -8.0138648E+001
          3931.56     -8.3192567E+001
          3942.85     -8.6398051E+001
          3954.14     -8.9713064E+001
          3965.43     -9.3100966E+001
          3976.72     -9.6529638E+001
          3988.01     -9.9970888E+001
          3999.30     -1.0340000E+002
          4010.59     -1.0679537E+002
          4021.88     -1.1013833E+002
          4033.16     -1.1341282E+002
          4044.45     -1.1660529E+002
          4055.74     -1.1970448E+002
          4067.03     -1.2270128E+002
          4078.32     -1.2558850E+002
          4089.61     -1.2836079E+002
          4100.90     -1.3101441E+002
          4112.19     -1.3354709E+002
          4123.48     -1.3595783E+002
          4134.77     -1.3824682E+002
          4146.05     -1.4041518E+002
          4157.34     -1.4246491E+002
          4168.63     -1.4439868E+002
          4179.92     -1.4661236E+002
          4191.21     -1.4941854E+002
          4202.50     -1.5271326E+002
          4213.79     -1.5641118E+002
          4225.08     -1.6044079E+002
          4236.37     -1.6474113E+002
          4247.66     -1.6925948E+002
          4258.95     -1.7394974E+002
          4270.23     -1.7877124E+002
          4281.52     -1.8368785E+002
          4292.81     -1.8866746E+002
          4304.10     -1.9368139E+002
          4315.39     -1.9870417E+002
          4326.68     -2.0371316E+002
          4337.97     -2.0868840E+002
          4349.26     -2.1361241E+002
          4360.55     -2.1846999E+002
          4371.84     -2.2324812E+002
          4383.12     -2.2793576E+002
          4394.41     -2.3252379E+002
          4405.70     -2.3700482E+002
          4416.99     -2.4137307E+002
          4428.28     -2.4562420E+002
          4439.57     -2.4975522E+002
          4450.86     -2.5376434E+002
          4462.15     -2.5765080E+002
          4473.44     -2.6114031E+002
          4484.73     -2.6401369E+002
          4496.02     -2.6635059E+002
          4507.30     -2.6822551E+002
          4518.59     -2.6970679E+002
          4529.88     -2.7085611E+002
          4541.17     -2.7172843E+002
          4552.46     -2.7237214E+002
          4563.75     -2.7282945E+002
          4575.04     -2.7313681E+002
          4586.33     -2.7332549E+002
          4597.62     -2.7342209E+002
          4608.91     -2.7344910E+002
          4620.20     -2.7342536E+002
          4631.48     -2.7336659E+002
          4642.77     -2.7328578E+002
          4654.06     -2.7319358E+002
          4665.35     -2.7309865E+002
          4676.64     -2.7300795E+002
          4687.93     -2.7292699E+002
          4699.22     -2.7286008E+002
          4710.51     -2.7281052E+002
          4721.80     -2.7278076E+002
          4733.09     -2.7277253E+002
          4744.38     -2.7278700E+002
          4755.66     -2.7282485E+002
          4766.95     -2.7288636E+002
          4778.24     -2.7156265E+002
          4789.53     -2.6786242E+002
          4800.82     -2.6238952E+002
          4812.11     -2.5568392E+002
          4823.40     -2.4819920E+002
          4834.69     -2.4029773E+002
          4845.98     -2.3225686E+002
          4857.27     -2.2428061E+002
          4868.55     -2.1651297E+002
          4879.84     -2.0905071E+002
          4891.13     -2.0195459E+002
          4902.42     -1.9525869E+002
          4913.71     -1.8897776E+002
          4925.00     -1.8311289E+002
          4936.29     -1.7765585E+002
          4947.58     -1.7259225E+002
          4958.87     -1.6790389E+002
          4970.16     -1.6357038E+002
          4981.45     -1.5957038E+002
          4992.73     -1.5588233E+002
          5004.02     -1.5248510E+002
          5015.31     -1.4935826E+002
          5026.60     -1.4648236E+002
          5037.89     -1.4383901E+002
          5049.18     -1.4141098E+002
          5060.47     -1.3918216E+002
          5071.76     -1.3655732E+002
          5083.05     -1.3314095E+002
          5094.34     -1.2918663E+002
          5105.62     -1.2490393E+002
          5116.91     -1.2045935E+002
          5128.20     -1.1598061E+002
          5139.49     -1.1156236E+002
          5150.78     -1.0727226E+002
          5162.07     -1.0315657E+002
          5173.36     -9.9245024E+001
          5184.65     -9.5554940E+001
          5195.94     -9.2094402E+001
          5207.23     -8.8864853E+001
          5218.52     -8.5863048E+001
          5229.80     -8.3082536E+001
          5241.09     -8.0514784E+001
          5252.38     -7.8149972E+001
          5263.67     -7.5977597E+001
          5274.96     -7.3986903E+001
          5286.25     -7.2167165E+001
          5297.54     -7.0507903E+001
          5308.83     -6.8999014E+001
          5320.12     -6.7630852E+001
          5331.41     -6.6394285E+001
          5342.70     -6.5280705E+001
          5353.98     -6.4282038E+001
          5365.27     -6.3390735E+001
          5376.56     -6.2521445E+001
          5387.85     -6.1611820E+001
          5399.14     -6.0685415E+001
          5410.43     -5.9761279E+001
          5421.72     -5.8854602E+001
          5433.01     -5.7977302E+001
          5444.30     -5.7138568E+001
          5455.59     -5.6345324E+001
          5466.88     -5.5602637E+001
          5478.16     -5.4914057E+001
          5489.45     -5.4281909E+001
          5500.74     -5.3707537E+001
          5512.03     -5.3191508E+001
          5523.32     -5.2703722E+001
          5534.61     -5.2221614E+001
          5545.90     -5.1754917E+001
          5557.19     -5.1311419E+001
          5568.48     -5.0897265E+001
          5579.77     -5.0517241E+001
          5591.05     -5.0175009E+001
          5602.34     -4.9873267E+001
          5613.63     -4.9613917E+001
          5624.92     -4.9398207E+001
          5636.21     -4.9226861E+001
          5647.50     -4.9100172E+001
          5658.79     -4.9018095E+001
          5670.08     -4.8924529E+001
          5681.37     -4.8764359E+001
          5692.66     -4.8546011E+001
          5703.95     -4.8288730E+001
          5715.23     -4.8008818E+001
          5726.52     -4.7719943E+001
          5737.81     -4.7433453E+001
          5749.10     -4.7158677E+001
          5760.39     -4.6903202E+001
          5771.68     -4.6673128E+001
          5782.97     -4.6473278E+001
          5794.26     -4.6307250E+001
          5805.55     -4.6177647E+001
          5816.84     -4.6086395E+001
          5828.12     -4.5899554E+001
          5839.41     -4.5515954E+001
          5850.70     -4.4981912E+001
          5861.99     -4.4337855E+001
          5873.28     -4.3618447E+001
          5884.57     -4.2852941E+001
          5895.86     -4.2065671E+001
          5907.15     -4.1276614E+001
          5918.44     -4.0502008E+001
          5929.73     -3.9754878E+001
          5941.02     -3.9045454E+001
          5952.30     -3.8381633E+001
          5963.59     -3.7769382E+001
          5974.88     -3.6983683E+001
          5986.17     -3.5864769E+001
          5997.46     -3.4505986E+001
          6008.75     -3.2987251E+001
          6020.04     -3.1374922E+001
          6031.33     -2.9722578E+001
          6042.62     -2.8072456E+001
          6053.91     -2.6457175E+001
          6065.20     -2.4901321E+001
          6076.48     -2.3422895E+001
          6087.77     -2.2034630E+001
          6099.06     -2.0745141E+001
          6110.35     -1.9559880E+001
          6121.64     -1.8264956E+001
          6132.93     -1.6721920E+001
          6144.22     -1.5032591E+001
          6155.51     -1.3279017E+001
          6166.80     -1.1525131E+001
          6178.09     -9.8192316E+000
          6189.38     -8.1967354E+000
          6200.66     -6.6829156E+000
          6211.95     -5.2952147E+000
          6223.24     -4.0451482E+000
          6234.53     -2.9398637E+000
          6245.82     -1.9833729E+000
          6257.11     -1.1775255E+000
          6268.40     -5.2275962E-001
          6279.69      2.7739752E-002
          6290.98      5.0057251E-001
          6302.27      8.7021850E-001
          6313.55      1.1160876E+000
          6324.84      1.2212518E+000
          6336.13      1.1757193E+000
          6347.42      9.6781181E-001
          6358.71      5.8115844E-001
          6370.00      0.0000000E+000
