          3480.00      0.0000000E+000
          3491.29     -8.4736929E+000
          3502.58     -1.2248083E+001
          3513.87     -1.5830555E+001
          3525.16     -1.9222543E+001
          3536.45     -2.2425904E+001
          3547.73     -2.5442876E+001
          3559.02     -2.8276057E+001
          3570.31     -3.0928391E+001
          3581.60     -3.3403134E+001
          3592.89     -3.5703828E+001
          3604.18     -3.7834305E+001
          3615.47     -3.9798683E+001
          3626.76     -4.1601338E+001
          3638.05     -4.3246831E+001
          3649.34     -4.4739871E+001
          3660.62     -4.6085289E+001
          3671.91     -4.7476212E+001
          3683.20     -4.9055372E+001
          3694.49     -5.0764924E+001
          3705.78     -5.2560029E+001
          3717.07     -5.4405246E+001
          3728.36     -5.6272119E+001
          3739.65     -5.8137539E+001
          3750.94     -5.9982605E+001
          3762.23     -6.1791804E+001
          3773.52     -6.3552410E+001
          3784.80     -6.5254033E+001
          3796.09     -6.6888265E+001
          3807.38     -6.8448405E+001
          3818.67     -6.9929232E+001
          3829.96     -7.1326815E+001
          3841.25     -7.2638365E+001
          3852.54     -7.3862087E+001
          3863.83     -7.4997058E+001
          3875.12     -7.6288825E+001
          3886.41     -7.7935785E+001
          3897.70     -7.9876946E+001
          3908.98     -8.2061922E+001
          3920.27     -8.4448296E+001
          3931.56     -8.6999777E+001
          3942.85     -8.9684871E+001
          3954.14     -9.2475909E+001
          3965.43     -9.5348356E+001
          3976.72     -9.8280283E+001
          3988.01     -1.0125201E+002
          3999.30     -1.0424582E+002
          4010.59     -1.0724572E+002
          4021.88     -1.1023731E+002
          4033.16     -1.1320765E+002
          4044.45     -1.1614516E+002
          4055.74     -1.1903951E+002
          4067.03     -1.2188160E+002
          4078.32     -1.2466343E+002
          4089.61     -1.2737811E+002
          4100.90     -1.3001973E+002
          4112.19     -1.3258335E+002
          4123.48     -1.3506492E+002
          4134.77     -1.3746124E+002
          4146.05     -1.3976987E+002
          4157.34     -1.4198909E+002
          4168.63     -1.4411783E+002
          4179.92     -1.4641502E+002
          4191.21     -1.4909975E+002
          4202.50     -1.5211885E+002
          4213.79     -1.5542697E+002
          4225.08     -1.5898486E+002
          4236.37     -1.6275813E+002
          4247.66     -1.6671626E+002
          4258.95     -1.7083195E+002
          4270.23     -1.7508056E+002
          4281.52     -1.7943967E+002
          4292.81     -1.8388882E+002
          4304.10     -1.8840924E+002
          4315.39     -1.9298367E+002
          4326.68     -1.9759625E+002
          4337.97     -2.0223237E+002
          4349.26     -2.0687861E+002
          4360.55     -2.1152266E+002
          4371.84     -2.1615326E+002
          4383.12     -2.2076013E+002
          4394.41     -2.2533400E+002
          4405.70     -2.2986650E+002
          4416.99     -2.3435016E+002
          4428.28     -2.3877833E+002
          4439.57     -2.4314520E+002
          4450.86     -2.4744570E+002
          4462.15     -2.5167550E+002
          4473.44     -2.5565527E+002
          4484.73     -2.5922948E+002
          4496.02     -2.6243011E+002
          4507.30     -2.6528874E+002
          4518.59     -2.6783609E+002
          4529.88     -2.7010161E+002
          4541.17     -2.7211322E+002
          4552.46     -2.7389710E+002
          4563.75     -2.7547766E+002
          4575.04     -2.7687739E+002
          4586.33     -2.7811697E+002
          4597.62     -2.7921525E+002
          4608.91     -2.8018933E+002
          4620.20     -2.8105469E+002
          4631.48     -2.8182523E+002
          4642.77     -2.8251342E+002
          4654.06     -2.8313040E+002
          4665.35     -2.8368606E+002
          4676.64     -2.8418921E+002
          4687.93     -2.8464762E+002
          4699.22     -2.8506815E+002
          4710.51     -2.8545684E+002
          4721.80     -2.8581897E+002
          4733.09     -2.8615915E+002
          4744.38     -2.8648143E+002
          4755.66     -2.8678930E+002
          4766.95     -2.8708577E+002
          4778.24     -2.8636605E+002
          4789.53     -2.8386104E+002
          4800.82     -2.7992332E+002
          4812.11     -2.7488422E+002
          4823.40     -2.6904025E+002
          4834.69     -2.6264652E+002
          4845.98     -2.5591545E+002
          4857.27     -2.4901883E+002
          4868.55     -2.4209187E+002
          4879.84     -2.3523828E+002
          4891.13     -2.2853525E+002
          4902.42     -2.2203836E+002
          4913.71     -2.1578589E+002
          4925.00     -2.0980248E+002
          4936.29     -2.0410225E+002
          4947.58     -1.9869133E+002
          4958.87     -1.9356982E+002
          4970.16     -1.8873350E+002
          4981.45     -1.8417500E+002
          4992.73     -1.7988479E+002
          5004.02     -1.7585196E+002
          5015.31     -1.7206475E+002
          5026.60     -1.6851097E+002
          5037.89     -1.6517832E+002
          5049.18     -1.6205463E+002
          5060.47     -1.5912800E+002
          5071.76     -1.5593571E+002
          5083.05     -1.5215491E+002
          5094.34     -1.4796356E+002
          5105.62     -1.4351167E+002
          5116.91     -1.3892190E+002
          5128.20     -1.3429185E+002
          5139.49     -1.2969717E+002
          5150.78     -1.2519486E+002
          5162.07     -1.2082656E+002
          5173.36     -1.1662147E+002
          5184.65     -1.1259894E+002
          5195.94     -1.0877065E+002
          5207.23     -1.0514241E+002
          5218.52     -1.0171559E+002
          5229.80     -9.8488290E+001
          5241.09     -9.5456260E+001
          5252.38     -9.2613594E+001
          5263.67     -8.9953283E+001
          5274.96     -8.7467636E+001
          5286.25     -8.5148580E+001
          5297.54     -8.2987902E+001
          5308.83     -8.0977418E+001
          5320.12     -7.9109093E+001
          5331.41     -7.7375131E+001
          5342.70     -7.5768024E+001
          5353.98     -7.4280591E+001
          5365.27     -7.2906004E+001
          5376.56     -7.1580313E+001
          5387.85     -7.0255245E+001
          5399.14     -6.8945362E+001
          5410.43     -6.7662386E+001
          5421.72     -6.6415616E+001
          5433.01     -6.5212290E+001
          5444.30     -6.4057917E+001
          5455.59     -6.2956572E+001
          5466.88     -6.1911133E+001
          5478.16     -6.0923499E+001
          5489.45     -5.9994770E+001
          5500.74     -5.9125398E+001
          5512.03     -5.8315320E+001
          5523.32     -5.7542930E+001
          5534.61     -5.6791402E+001
          5545.90     -5.6066519E+001
          5557.19     -5.5372897E+001
          5568.48     -5.4714157E+001
          5579.77     -5.4093103E+001
          5591.05     -5.3511847E+001
          5602.34     -5.2971906E+001
          5613.63     -5.2474292E+001
          5624.92     -5.2019600E+001
          5636.21     -5.1608087E+001
          5647.50     -5.1239725E+001
          5658.79     -5.0914266E+001
          5670.08     -5.0593645E+001
          5681.37     -5.0239508E+001
          5692.66     -4.9855903E+001
          5703.95     -4.9454425E+001
          5715.23     -4.9045025E+001
          5726.52     -4.8636182E+001
          5737.81     -4.8235060E+001
          5749.10     -4.7847665E+001
          5760.39     -4.7478989E+001
          5771.68     -4.7133138E+001
          5782.97     -4.6813446E+001
          5794.26     -4.6522450E+001
          5805.55     -4.6262034E+001
          5816.84     -4.6033649E+001
          5828.12     -4.5748635E+001
          5839.41     -4.5337125E+001
          5850.70     -4.4826224E+001
          5861.99     -4.4240013E+001
          5873.28     -4.3599618E+001
          5884.57     -4.2923362E+001
          5895.86     -4.2226974E+001
          5907.15     -4.1523824E+001
          5918.44     -4.0825219E+001
          5929.73     -4.0140632E+001
          5941.02     -3.9477871E+001
          5952.30     -3.8843304E+001
          5963.59     -3.8242060E+001
          5974.88     -3.7522516E+001
          5986.17     -3.6570804E+001
          5997.46     -3.5443202E+001
          6008.75     -3.4189246E+001
          6020.04     -3.2851571E+001
          6031.33     -3.1466087E+001
          6042.62     -3.0062513E+001
          6053.91     -2.8665115E+001
          6065.20     -2.7293370E+001
          6076.48     -2.5962636E+001
          6087.77     -2.4684779E+001
          6099.06     -2.3468792E+001
          6110.35     -2.2321322E+001
          6121.64     -2.1090934E+001
          6132.93     -1.9673458E+001
          6144.22     -1.8136607E+001
          6155.51     -1.6536857E+001
          6166.80     -1.4920107E+001
          6178.09     -1.3322781E+001
          6189.38     -1.1773135E+001
          6200.66     -1.0292690E+001
          6211.95     -8.8974859E+000
          6223.24     -7.5991659E+000
          6234.53     -6.4059161E+000
          6245.82     -5.3232505E+000
          6257.11     -4.3546692E+000
          6268.40     -3.5021939E+000
          6279.69     -2.7323927E+000
          6290.98     -2.0254398E+000
          6302.27     -1.3997414E+000
          6313.55     -8.7015258E-001
          6324.84     -4.4875928E-001
          6336.13     -1.4235193E-001
          6347.42      4.1485293E-002
          6358.71      9.2159687E-002
          6370.00      0.0000000E+000
