          3480.00     -1.2010845E-035
          3491.29      1.0193967E-011
          3502.58      3.0100245E-011
          3513.87      5.9104933E-011
          3525.16      9.6632368E-011
          3536.45      1.4214228E-010
          3547.73      1.9512690E-010
          3559.02      2.5510812E-010
          3570.31      3.2163520E-010
          3581.60      3.9428224E-010
          3592.89      4.7264587E-010
          3604.18      5.5634348E-010
          3615.47      6.4501139E-010
          3626.76      7.3830356E-010
          3638.05      8.3588929E-010
          3649.34      9.3745133E-010
          3660.62      1.0426846E-009
          3671.91      1.1543067E-009
          3683.20      1.2750739E-009
          3694.49      1.4047686E-009
          3705.78      1.5431992E-009
          3717.07      1.6902000E-009
          3728.36      1.8456290E-009
          3739.65      2.0093667E-009
          3750.94      2.1813149E-009
          3762.23      2.3613960E-009
          3773.52      2.5495511E-009
          3784.80      2.7457400E-009
          3796.09      2.9499389E-009
          3807.38      3.1621409E-009
          3818.67      3.3823542E-009
          3829.96      3.6106011E-009
          3841.25      3.8469182E-009
          3852.54      4.0913554E-009
          3863.83      4.3439747E-009
          3875.12      4.6120021E-009
          3886.41      4.9025429E-009
          3897.70      5.2155308E-009
          3908.98      5.5509542E-009
          3920.27      5.9088541E-009
          3931.56      6.2893238E-009
          3942.85      6.6925071E-009
          3954.14      7.1185966E-009
          3965.43      7.5678334E-009
          3976.72      8.0405044E-009
          3988.01      8.5369444E-009
          3999.30      9.0575337E-009
          4010.59      9.6026963E-009
          4021.88      1.0172902E-008
          4033.16      1.0768665E-008
          4044.45      1.1390543E-008
          4055.74      1.2039137E-008
          4067.03      1.2715091E-008
          4078.32      1.3419093E-008
          4089.61      1.4151876E-008
          4100.90      1.4914213E-008
          4112.19      1.5706923E-008
          4123.48      1.6530868E-008
          4134.77      1.7386955E-008
          4146.05      1.8276136E-008
          4157.34      1.9199404E-008
          4168.63      2.0157801E-008
          4179.92      2.1163751E-008
          4191.21      2.2229394E-008
          4202.50      2.3355469E-008
          4213.79      2.4542821E-008
          4225.08      2.5792403E-008
          4236.37      2.7105276E-008
          4247.66      2.8482600E-008
          4258.95      2.9925646E-008
          4270.23      3.1435789E-008
          4281.52      3.3014504E-008
          4292.81      3.4663374E-008
          4304.10      3.6384085E-008
          4315.39      3.8178429E-008
          4326.68      4.0048305E-008
          4337.97      4.1995711E-008
          4349.26      4.4022759E-008
          4360.55      4.6131669E-008
          4371.84      4.8324762E-008
          4383.12      5.0604476E-008
          4394.41      5.2973358E-008
          4405.70      5.5434070E-008
          4416.99      5.7989390E-008
          4428.28      6.0642206E-008
          4439.57      6.3395530E-008
          4450.86      6.6252497E-008
          4462.15      6.9216356E-008
          4473.44      7.2280841E-008
          4484.73      7.5440098E-008
          4496.02      7.8698163E-008
          4507.30      8.2059161E-008
          4518.59      8.5527301E-008
          4529.88      8.9106898E-008
          4541.17      9.2802370E-008
          4552.46      9.6618227E-008
          4563.75      1.0055910E-007
          4575.04      1.0462974E-007
          4586.33      1.0883499E-007
          4597.62      1.1317985E-007
          4608.91      1.1766942E-007
          4620.20      1.2230895E-007
          4631.48      1.2710382E-007
          4642.77      1.3205955E-007
          4654.06      1.3718180E-007
          4665.35      1.4247640E-007
          4676.64      1.4794932E-007
          4687.93      1.5360670E-007
          4699.22      1.5945484E-007
          4710.51      1.6550022E-007
          4721.80      1.7174949E-007
          4733.09      1.7820949E-007
          4744.38      1.8488722E-007
          4755.66      1.9178993E-007
          4766.95      1.9892501E-007
          4778.24      2.0617619E-007
          4789.53      2.1343208E-007
          4800.82      2.2070737E-007
          4812.11      2.2801648E-007
          4823.40      2.3537359E-007
          4834.69      2.4279266E-007
          4845.98      2.5028745E-007
          4857.27      2.5787153E-007
          4868.55      2.6555836E-007
          4879.84      2.7336122E-007
          4891.13      2.8129331E-007
          4902.42      2.8936772E-007
          4913.71      2.9759747E-007
          4925.00      3.0599552E-007
          4936.29      3.1457481E-007
          4947.58      3.2334824E-007
          4958.87      3.3232873E-007
          4970.16      3.4152917E-007
          4981.45      3.5096253E-007
          4992.73      3.6064181E-007
          5004.02      3.7058004E-007
          5015.31      3.8079038E-007
          5026.60      3.9128604E-007
          5037.89      4.0208037E-007
          5049.18      4.1318683E-007
          5060.47      4.2461899E-007
          5071.76      4.3607296E-007
          5083.05      4.4726026E-007
          5094.34      4.5821699E-007
          5105.62      4.6897835E-007
          5116.91      4.7957870E-007
          5128.20      4.9005159E-007
          5139.49      5.0042987E-007
          5150.78      5.1074569E-007
          5162.07      5.2103062E-007
          5173.36      5.3131565E-007
          5184.65      5.4163124E-007
          5195.94      5.5200744E-007
          5207.23      5.6247385E-007
          5218.52      5.7305971E-007
          5229.80      5.8379397E-007
          5241.09      5.9470525E-007
          5252.38      6.0582198E-007
          5263.67      6.1717242E-007
          5274.96      6.2878462E-007
          5286.25      6.4068658E-007
          5297.54      6.5290621E-007
          5308.83      6.6547141E-007
          5320.12      6.7841009E-007
          5331.41      6.9175018E-007
          5342.70      7.0551973E-007
          5353.98      7.1974691E-007
          5365.27      7.3446001E-007
          5376.56      7.4946449E-007
          5387.85      7.6457831E-007
          5399.14      7.7984838E-007
          5410.43      7.9532121E-007
          5421.72      8.1104299E-007
          5433.01      8.2705966E-007
          5444.30      8.4341698E-007
          5455.59      8.6016057E-007
          5466.88      8.7733603E-007
          5478.16      8.9498893E-007
          5489.45      9.1316493E-007
          5500.74      9.3190981E-007
          5512.03      9.5126946E-007
          5523.32      9.7114304E-007
          5534.61      9.9143813E-007
          5545.90      1.0122134E-006
          5557.19      1.0335274E-006
          5568.48      1.0554391E-006
          5579.77      1.0780074E-006
          5591.05      1.1012919E-006
          5602.34      1.1253526E-006
          5613.63      1.1502496E-006
          5624.92      1.1760437E-006
          5636.21      1.2027958E-006
          5647.50      1.2305678E-006
          5658.79      1.2594219E-006
          5670.08      1.2889950E-006
          5681.37      1.3188518E-006
          5692.66      1.3490017E-006
          5703.95      1.3795542E-006
          5715.23      1.4106181E-006
          5726.52      1.4423016E-006
          5737.81      1.4747125E-006
          5749.10      1.5079583E-006
          5760.39      1.5421462E-006
          5771.68      1.5773835E-006
          5782.97      1.6137770E-006
          5794.26      1.6514313E-006
          5805.55      1.6904486E-006
          5816.84      1.7309314E-006
          5828.12      1.7713290E-006
          5839.41      1.8101835E-006
          5850.70      1.8477352E-006
          5861.99      1.8842205E-006
          5873.28      1.9198726E-006
          5884.57      1.9549219E-006
          5895.86      1.9895960E-006
          5907.15      2.0241204E-006
          5918.44      2.0587200E-006
          5929.73      2.0936193E-006
          5941.02      2.1290413E-006
          5952.30      2.1652072E-006
          5963.59      2.2023372E-006
          5974.88      2.2358758E-006
          5986.17      2.2615826E-006
          5997.46      2.2801380E-006
          6008.75      2.2922074E-006
          6020.04      2.2984420E-006
          6031.33      2.2994763E-006
          6042.62      2.2959302E-006
          6053.91      2.2884132E-006
          6065.20      2.2775259E-006
          6076.48      2.2638590E-006
          6087.77      2.2479942E-006
          6099.06      2.2305057E-006
          6110.35      2.2119631E-006
          6121.64      2.1836923E-006
          6132.93      2.1378883E-006
          6144.22      2.0763991E-006
          6155.51      2.0010360E-006
          6166.80      1.9135774E-006
          6178.09      1.8157690E-006
          6189.38      1.7093271E-006
          6200.66      1.5959500E-006
          6211.95      1.4773242E-006
          6223.24      1.3551267E-006
          6234.53      1.2310276E-006
          6245.82      1.1066917E-006
          6257.11      9.8378083E-007
          6268.40      8.6395642E-007
          6279.69      7.4449435E-007
          6290.98      6.2366658E-007
          6302.27      5.0462561E-007
          6313.55      3.9052313E-007
          6324.84      2.8451392E-007
          6336.13      1.8925310E-007
          6347.42      1.0768009E-007
          6358.71      4.3391122E-008
          6370.00     -2.1486039E-047
