          3480.00      7.1793675E-038
          3491.29     -8.4993088E-008
          3502.58     -1.6916152E-007
          3513.87     -2.5246733E-007
          3525.16     -3.3487196E-007
          3536.45     -4.1633670E-007
          3547.73     -4.9682245E-007
          3559.02     -5.7628947E-007
          3570.31     -6.5469780E-007
          3581.60     -7.3200694E-007
          3592.89     -8.0817589E-007
          3604.18     -8.8316297E-007
          3615.47     -9.5692504E-007
          3626.76     -1.0294183E-006
          3638.05     -1.1005984E-006
          3649.34     -1.1704205E-006
          3660.62     -1.2388393E-006
          3671.91     -1.3058730E-006
          3683.20     -1.3715667E-006
          3694.49     -1.4359148E-006
          3705.78     -1.4989106E-006
          3717.07     -1.5605471E-006
          3728.36     -1.6208165E-006
          3739.65     -1.6797102E-006
          3750.94     -1.7372189E-006
          3762.23     -1.7933328E-006
          3773.52     -1.8480413E-006
          3784.80     -1.9013333E-006
          3796.09     -1.9531966E-006
          3807.38     -2.0036189E-006
          3818.67     -2.0525873E-006
          3829.96     -2.1000878E-006
          3841.25     -2.1461061E-006
          3852.54     -2.1906271E-006
          3863.83     -2.2336353E-006
          3875.12     -2.2750959E-006
          3886.41     -2.3149940E-006
          3897.70     -2.3533425E-006
          3908.98     -2.3901535E-006
          3920.27     -2.4254382E-006
          3931.56     -2.4592069E-006
          3942.85     -2.4914696E-006
          3954.14     -2.5222352E-006
          3965.43     -2.5515121E-006
          3976.72     -2.5793081E-006
          3988.01     -2.6056302E-006
          3999.30     -2.6304846E-006
          4010.59     -2.6538771E-006
          4021.88     -2.6758127E-006
          4033.16     -2.6962956E-006
          4044.45     -2.7153296E-006
          4055.74     -2.7329179E-006
          4067.03     -2.7490628E-006
          4078.32     -2.7637663E-006
          4089.61     -2.7770295E-006
          4100.90     -2.7888532E-006
          4112.19     -2.7992375E-006
          4123.48     -2.8081818E-006
          4134.77     -2.8156853E-006
          4146.05     -2.8217462E-006
          4157.34     -2.8263624E-006
          4168.63     -2.8295313E-006
          4179.92     -2.8310481E-006
          4191.21     -2.8307145E-006
          4202.50     -2.8285359E-006
          4213.79     -2.8245174E-006
          4225.08     -2.8186633E-006
          4236.37     -2.8109772E-006
          4247.66     -2.8014620E-006
          4258.95     -2.7901200E-006
          4270.23     -2.7769530E-006
          4281.52     -2.7619619E-006
          4292.81     -2.7451474E-006
          4304.10     -2.7265091E-006
          4315.39     -2.7060465E-006
          4326.68     -2.6837580E-006
          4337.97     -2.6596420E-006
          4349.26     -2.6336958E-006
          4360.55     -2.6059165E-006
          4371.84     -2.5763005E-006
          4383.12     -2.5448439E-006
          4394.41     -2.5115419E-006
          4405.70     -2.4763893E-006
          4416.99     -2.4393804E-006
          4428.28     -2.4005089E-006
          4439.57     -2.3597682E-006
          4450.86     -2.3171508E-006
          4462.15     -2.2726490E-006
          4473.44     -2.2263876E-006
          4484.73     -2.1784890E-006
          4496.02     -2.1289416E-006
          4507.30     -2.0777333E-006
          4518.59     -2.0248517E-006
          4529.88     -1.9702840E-006
          4541.17     -1.9140170E-006
          4552.46     -1.8560370E-006
          4563.75     -1.7963301E-006
          4575.04     -1.7348820E-006
          4586.33     -1.6716778E-006
          4597.62     -1.6067024E-006
          4608.91     -1.5399404E-006
          4620.20     -1.4713759E-006
          4631.48     -1.4009925E-006
          4642.77     -1.3287738E-006
          4654.06     -1.2547026E-006
          4665.35     -1.1787617E-006
          4676.64     -1.1009333E-006
          4687.93     -1.0211992E-006
          4699.22     -9.3954104E-007
          4710.51     -8.5594001E-007
          4721.80     -7.7037679E-007
          4733.09     -6.8283196E-007
          4744.38     -5.9328551E-007
          4755.66     -5.0171717E-007
          4766.95     -4.0810626E-007
          4778.24     -3.1348744E-007
          4789.53     -2.1888247E-007
          4800.82     -1.2425072E-007
          4812.11     -2.9551828E-008
          4823.40      6.5254165E-008
          4834.69      1.6020727E-007
          4845.98      2.5534723E-007
          4857.27      3.5071366E-007
          4868.55      4.4634608E-007
          4879.84      5.4228365E-007
          4891.13      6.3856563E-007
          4902.42      7.3523115E-007
          4913.71      8.3231901E-007
          4925.00      9.2986812E-007
          4936.29      1.0279172E-006
          4947.58      1.1265050E-006
          4958.87      1.2256702E-006
          4970.16      1.3254510E-006
          4981.45      1.4258861E-006
          4992.73      1.5270139E-006
          5004.02      1.6288727E-006
          5015.31      1.7315008E-006
          5026.60      1.8349368E-006
          5037.89      1.9392188E-006
          5049.18      2.0443853E-006
          5060.47      2.1504743E-006
          5071.76      2.2558210E-006
          5083.05      2.3587877E-006
          5094.34      2.4594535E-006
          5105.62      2.5578969E-006
          5116.91      2.6541954E-006
          5128.20      2.7484260E-006
          5139.49      2.8406651E-006
          5150.78      2.9309880E-006
          5162.07      3.0194698E-006
          5173.36      3.1061850E-006
          5184.65      3.1912070E-006
          5195.94      3.2746092E-006
          5207.23      3.3564642E-006
          5218.52      3.4368441E-006
          5229.80      3.5158204E-006
          5241.09      3.5934641E-006
          5252.38      3.6698459E-006
          5263.67      3.7450359E-006
          5274.96      3.8191036E-006
          5286.25      3.8921184E-006
          5297.54      3.9641492E-006
          5308.83      4.0352644E-006
          5320.12      4.1055322E-006
          5331.41      4.1750203E-006
          5342.70      4.2437962E-006
          5353.98      4.3119271E-006
          5365.27      4.3794796E-006
          5376.56      4.4458109E-006
          5387.85      4.5102941E-006
          5399.14      4.5730190E-006
          5410.43      4.6340752E-006
          5421.72      4.6935513E-006
          5433.01      4.7515358E-006
          5444.30      4.8081168E-006
          5455.59      4.8633817E-006
          5466.88      4.9174176E-006
          5478.16      4.9703115E-006
          5489.45      5.0221497E-006
          5500.74      5.0730182E-006
          5512.03      5.1230027E-006
          5523.32      5.1718424E-006
          5534.61      5.2192857E-006
          5545.90      5.2654306E-006
          5557.19      5.3103753E-006
          5568.48      5.3542172E-006
          5579.77      5.3970545E-006
          5591.05      5.4389866E-006
          5602.34      5.4801123E-006
          5613.63      5.5205304E-006
          5624.92      5.5603391E-006
          5636.21      5.5996365E-006
          5647.50      5.6385202E-006
          5658.79      5.6770878E-006
          5670.08      5.7147156E-006
          5681.37      5.7506474E-006
          5692.66      5.7848715E-006
          5703.95      5.8175414E-006
          5715.23      5.8488094E-006
          5726.52      5.8788270E-006
          5737.81      5.9077446E-006
          5749.10      5.9357119E-006
          5760.39      5.9628777E-006
          5771.68      5.9893898E-006
          5782.97      6.0153941E-006
          5794.26      6.0410263E-006
          5805.55      6.0664124E-006
          5816.84      6.0916778E-006
          5828.12      6.1148971E-006
          5839.41      6.1342179E-006
          5850.70      6.1498741E-006
          5861.99      6.1620978E-006
          5873.28      6.1711201E-006
          5884.57      6.1771706E-006
          5895.86      6.1804774E-006
          5907.15      6.1812678E-006
          5918.44      6.1797716E-006
          5929.73      6.1762219E-006
          5941.02      6.1708499E-006
          5952.30      6.1638854E-006
          5963.59      6.1555569E-006
          5974.88      6.1413589E-006
          5986.17      6.1170019E-006
          5997.46      6.0830340E-006
          6008.75      6.0399981E-006
          6020.04      5.9884323E-006
          6031.33      5.9288629E-006
          6042.62      5.8618055E-006
          6053.91      5.7877720E-006
          6065.20      5.7072705E-006
          6076.48      5.6208032E-006
          6087.77      5.5288651E-006
          6099.06      5.4319464E-006
          6110.35      5.3305348E-006
          6121.64      5.2172997E-006
          6132.93      5.0854414E-006
          6144.22      4.9362401E-006
          6155.51      4.7709604E-006
          6166.80      4.5908521E-006
          6178.09      4.3971467E-006
          6189.38      4.1910551E-006
          6200.66      3.9737801E-006
          6211.95      3.7465202E-006
          6223.24      3.5104703E-006
          6234.53      3.2668230E-006
          6245.82      3.0167669E-006
          6257.11      2.7614882E-006
          6268.40      2.5021711E-006
          6279.69      2.2367068E-006
          6290.98      1.9635403E-006
          6302.27      1.6846809E-006
          6313.55      1.4021354E-006
          6324.84      1.1179085E-006
          6336.13      8.3362547E-007
          6347.42      5.5106151E-007
          6358.71      2.7244408E-007
          6370.00     -1.1278248E-041
