          3480.00      0.0000000E+000
          3491.29      3.1481323E-002
          3502.58      3.1115999E-002
          3513.87      3.0762134E-002
          3525.16      3.0419414E-002
          3536.45      3.0087514E-002
          3547.73      2.9766107E-002
          3559.02      2.9454860E-002
          3570.31      2.9153437E-002
          3581.60      2.8861497E-002
          3592.89      2.8578702E-002
          3604.18      2.8304709E-002
          3615.47      2.8039169E-002
          3626.76      2.7781735E-002
          3638.05      2.7532061E-002
          3649.34      2.7289805E-002
          3660.62      2.7054629E-002
          3671.91      2.6826202E-002
          3683.20      2.6604196E-002
          3694.49      2.6388291E-002
          3705.78      2.6178174E-002
          3717.07      2.5973540E-002
          3728.36      2.5774089E-002
          3739.65      2.5579532E-002
          3750.94      2.5389587E-002
          3762.23      2.5203982E-002
          3773.52      2.5022452E-002
          3784.80      2.4844741E-002
          3796.09      2.4670603E-002
          3807.38      2.4499802E-002
          3818.67      2.4332110E-002
          3829.96      2.4167310E-002
          3841.25      2.4005190E-002
          3852.54      2.3845551E-002
          3863.83      2.3688200E-002
          3875.12      2.3532952E-002
          3886.41      2.3379631E-002
          3897.70      2.3228068E-002
          3908.98      2.3078104E-002
          3920.27      2.2929584E-002
          3931.56      2.2782362E-002
          3942.85      2.2636300E-002
          3954.14      2.2491264E-002
          3965.43      2.2347131E-002
          3976.72      2.2203780E-002
          3988.01      2.2061099E-002
          3999.30      2.1918979E-002
          4010.59      2.1777318E-002
          4021.88      2.1636019E-002
          4033.16      2.1494987E-002
          4044.45      2.1354136E-002
          4055.74      2.1213380E-002
          4067.03      2.1072639E-002
          4078.32      2.0931837E-002
          4089.61      2.0790900E-002
          4100.90      2.0649760E-002
          4112.19      2.0508350E-002
          4123.48      2.0366605E-002
          4134.77      2.0224467E-002
          4146.05      2.0081875E-002
          4157.34      1.9938775E-002
          4168.63      1.9795113E-002
          4179.92      1.9650838E-002
          4191.21      1.9505900E-002
          4202.50      1.9360251E-002
          4213.79      1.9213845E-002
          4225.08      1.9066637E-002
          4236.37      1.8918584E-002
          4247.66      1.8769645E-002
          4258.95      1.8619777E-002
          4270.23      1.8468942E-002
          4281.52      1.8317100E-002
          4292.81      1.8164213E-002
          4304.10      1.8010243E-002
          4315.39      1.7855155E-002
          4326.68      1.7698910E-002
          4337.97      1.7541476E-002
          4349.26      1.7382815E-002
          4360.55      1.7222893E-002
          4371.84      1.7061676E-002
          4383.12      1.6899132E-002
          4394.41      1.6735226E-002
          4405.70      1.6569923E-002
          4416.99      1.6403189E-002
          4428.28      1.6234990E-002
          4439.57      1.6065291E-002
          4450.86      1.5894057E-002
          4462.15      1.5721254E-002
          4473.44      1.5546848E-002
          4484.73      1.5370803E-002
          4496.02      1.5193083E-002
          4507.30      1.5013653E-002
          4518.59      1.4832478E-002
          4529.88      1.4649520E-002
          4541.17      1.4464743E-002
          4552.46      1.4278110E-002
          4563.75      1.4089582E-002
          4575.04      1.3899121E-002
          4586.33      1.3706689E-002
          4597.62      1.3512245E-002
          4608.91      1.3315749E-002
          4620.20      1.3117160E-002
          4631.48      1.2916436E-002
          4642.77      1.2713534E-002
          4654.06      1.2508411E-002
          4665.35      1.2301022E-002
          4676.64      1.2091322E-002
          4687.93      1.1879264E-002
          4699.22      1.1664800E-002
          4710.51      1.1447883E-002
          4721.80      1.1228463E-002
          4733.09      1.1006488E-002
          4744.38      1.0781908E-002
          4755.66      1.0554668E-002
          4766.95      1.0324714E-002
          4778.24      1.0091990E-002
          4789.53      9.8564387E-003
          4800.82      9.6180022E-003
          4812.11      9.3766195E-003
          4823.40      9.1322295E-003
          4834.69      8.8847686E-003
          4845.98      8.6341719E-003
          4857.27      8.3803725E-003
          4868.55      8.1233014E-003
          4879.84      7.8628886E-003
          4891.13      7.5990615E-003
          4902.42      7.3317453E-003
          4913.71      7.0608642E-003
          4925.00      6.7863394E-003
          4936.29      6.5080900E-003
          4947.58      6.2260332E-003
          4958.87      5.9400832E-003
          4970.16      5.6501527E-003
          4981.45      5.3561510E-003
          4992.73      5.0579849E-003
          5004.02      4.7555589E-003
          5015.31      4.4487737E-003
          5026.60      4.1375274E-003
          5037.89      3.8217149E-003
          5049.18      3.5012279E-003
          5060.47      3.1759553E-003
          5071.76      2.8457821E-003
          5083.05      2.5105893E-003
          5094.34      2.1702554E-003
          5105.62      1.8246540E-003
          5116.91      1.4736550E-003
          5128.20      1.1171241E-003
          5139.49      7.5492215E-004
          5150.78      3.8690651E-004
          5162.07      1.2928525E-005
          5173.36     -5.6342304E-005
          5184.65      4.2172068E-004
          5195.94      1.3255267E-003
          5207.23      2.5274622E-003
          5218.52      3.9119442E-003
          5229.80      5.3846747E-003
          5241.09      6.8748413E-003
          5252.38      8.3330642E-003
          5263.67      9.7274576E-003
          5274.96      1.1039372E-002
          5286.25      1.2259617E-002
          5297.54      1.3385423E-002
          5308.83      1.4418169E-002
          5320.12      1.5361757E-002
          5331.41      1.6221491E-002
          5342.70      1.7003328E-002
          5353.98      1.7713402E-002
          5365.27      1.8357720E-002
          5376.56      1.8941990E-002
          5387.85      1.9471531E-002
          5399.14      1.9951230E-002
          5410.43      2.0385538E-002
          5421.72      2.0778481E-002
          5433.01      2.1133685E-002
          5444.30      2.1454409E-002
          5455.59      2.1743573E-002
          5466.88      2.2003791E-002
          5478.16      2.2237404E-002
          5489.45      2.2446505E-002
          5500.74      2.2632970E-002
          5512.03      2.2798474E-002
          5523.32      2.2944520E-002
          5534.61      2.3072454E-002
          5545.90      2.3183483E-002
          5557.19      2.3278687E-002
          5568.48      2.3359038E-002
          5579.77      2.3425403E-002
          5591.05      2.3478559E-002
          5602.34      2.3519202E-002
          5613.63      2.3547958E-002
          5624.92      2.3565388E-002
          5636.21      2.3571993E-002
          5647.50      2.3568222E-002
          5658.79      2.3554476E-002
          5670.08      2.3531111E-002
          5681.37      2.3498427E-002
          5692.66      2.3456682E-002
          5703.95      2.3406101E-002
          5715.23      2.3346884E-002
          5726.52      2.3279207E-002
          5737.81      2.3203220E-002
          5749.10      2.3119051E-002
          5760.39      2.3026807E-002
          5771.68      2.2926575E-002
          5782.97      2.2818422E-002
          5794.26      2.2702408E-002
          5805.55      2.2578582E-002
          5816.84      2.2446969E-002
          5828.12      2.2307574E-002
          5839.41      2.2160379E-002
          5850.70      2.2005348E-002
          5861.99      2.1842422E-002
          5873.28      2.1671524E-002
          5884.57      2.1492558E-002
          5895.86      2.1305406E-002
          5907.15      2.1109933E-002
          5918.44      2.0905977E-002
          5929.73      2.0693358E-002
          5941.02      2.0471871E-002
          5952.30      2.0241297E-002
          5963.59      2.0001394E-002
          5974.88      1.9751897E-002
          5986.17      1.9492520E-002
          5997.46      1.9222953E-002
          6008.75      1.8942862E-002
          6020.04      1.8651887E-002
          6031.33      1.8349647E-002
          6042.62      1.8035735E-002
          6053.91      1.7709711E-002
          6065.20      1.7371099E-002
          6076.48      1.7019388E-002
          6087.77      1.6654028E-002
          6099.06      1.6274425E-002
          6110.35      1.5879936E-002
          6121.64      1.5469869E-002
          6132.93      1.5043465E-002
          6144.22      1.4599910E-002
          6155.51      1.4138324E-002
          6166.80      1.3657765E-002
          6178.09      1.3157216E-002
          6189.38      1.2635583E-002
          6200.66      1.2091675E-002
          6211.95      1.1524197E-002
          6223.24      1.0931737E-002
          6234.53      1.0312754E-002
          6245.82      9.6655654E-003
          6257.11      8.9883289E-003
          6268.40      8.2790289E-003
          6279.69      7.5354517E-003
          6290.98      6.7551648E-003
          6302.27      5.9354880E-003
          6313.55      5.0734623E-003
          6324.84      4.1658163E-003
          6336.13      3.2089199E-003
          6347.42      2.1987376E-003
          6358.71      1.1307736E-003
          6370.00      0.0000000E+000
