          3480.00     -2.3059593E-004
          3491.29     -2.3150990E-004
          3502.58     -2.3205267E-004
          3513.87     -2.3225372E-004
          3525.16     -2.3214057E-004
          3536.45     -2.3173893E-004
          3547.73     -2.3107279E-004
          3559.02     -2.3016454E-004
          3570.31     -2.2903509E-004
          3581.60     -2.2770394E-004
          3592.89     -2.2618928E-004
          3604.18     -2.2450809E-004
          3615.47     -2.2267623E-004
          3626.76     -2.2070848E-004
          3638.05     -2.1861860E-004
          3649.34     -2.1641941E-004
          3660.62     -2.1412283E-004
          3671.91     -2.1173995E-004
          3683.20     -2.0928106E-004
          3694.49     -2.0675572E-004
          3705.78     -2.0417284E-004
          3717.07     -2.0154064E-004
          3728.36     -1.9886678E-004
          3739.65     -1.9615833E-004
          3750.94     -1.9342187E-004
          3762.23     -1.9066344E-004
          3773.52     -1.8788867E-004
          3784.80     -1.8510274E-004
          3796.09     -1.8231042E-004
          3807.38     -1.7951611E-004
          3818.67     -1.7672387E-004
          3829.96     -1.7393742E-004
          3841.25     -1.7116018E-004
          3852.54     -1.6839527E-004
          3863.83     -1.6564557E-004
          3875.12     -1.6291370E-004
          3886.41     -1.6020206E-004
          3897.70     -1.5751282E-004
          3908.98     -1.5484795E-004
          3920.27     -1.5220924E-004
          3931.56     -1.4959832E-004
          3942.85     -1.4701662E-004
          3954.14     -1.4446545E-004
          3965.43     -1.4194595E-004
          3976.72     -1.3945916E-004
          3988.01     -1.3700597E-004
          3999.30     -1.3458717E-004
          4010.59     -1.3220345E-004
          4021.88     -1.2985540E-004
          4033.16     -1.2754350E-004
          4044.45     -1.2526819E-004
          4055.74     -1.2302979E-004
          4067.03     -1.2082857E-004
          4078.32     -1.1866473E-004
          4089.61     -1.1653840E-004
          4100.90     -1.1444967E-004
          4112.19     -1.1239858E-004
          4123.48     -1.1038509E-004
          4134.77     -1.0840915E-004
          4146.05     -1.0647064E-004
          4157.34     -1.0456944E-004
          4168.63     -1.0270536E-004
          4179.92     -1.0087819E-004
          4191.21     -9.9087701E-005
          4202.50     -9.7333626E-005
          4213.79     -9.5615677E-005
          4225.08     -9.3933545E-005
          4236.37     -9.2286897E-005
          4247.66     -9.0675388E-005
          4258.95     -8.9098652E-005
          4270.23     -8.7556308E-005
          4281.52     -8.6047966E-005
          4292.81     -8.4573217E-005
          4304.10     -8.3131645E-005
          4315.39     -8.1722824E-005
          4326.68     -8.0346315E-005
          4337.97     -7.9001677E-005
          4349.26     -7.7688457E-005
          4360.55     -7.6406197E-005
          4371.84     -7.5154432E-005
          4383.12     -7.3932690E-005
          4394.41     -7.2740498E-005
          4405.70     -7.1577378E-005
          4416.99     -7.0442850E-005
          4428.28     -6.9336431E-005
          4439.57     -6.8257634E-005
          4450.86     -6.7205966E-005
          4462.15     -6.6180938E-005
          4473.44     -6.5182053E-005
          4484.73     -6.4208814E-005
          4496.02     -6.3260722E-005
          4507.30     -6.2337273E-005
          4518.59     -6.1437966E-005
          4529.88     -6.0562294E-005
          4541.17     -5.9709748E-005
          4552.46     -5.8879819E-005
          4563.75     -5.8071991E-005
          4575.04     -5.7285751E-005
          4586.33     -5.6520579E-005
          4597.62     -5.5775953E-005
          4608.91     -5.5051350E-005
          4620.20     -5.4346241E-005
          4631.48     -5.3660092E-005
          4642.77     -5.2992371E-005
          4654.06     -5.2342535E-005
          4665.35     -5.1710039E-005
          4676.64     -5.1094333E-005
          4687.93     -5.0494861E-005
          4699.22     -4.9911062E-005
          4710.51     -4.9342367E-005
          4721.80     -4.8788201E-005
          4733.09     -4.8247983E-005
          4744.38     -4.7721121E-005
          4755.66     -4.7207017E-005
          4766.95     -4.6705063E-005
          4778.24     -4.6214642E-005
          4789.53     -4.5735126E-005
          4800.82     -4.5265879E-005
          4812.11     -4.4806249E-005
          4823.40     -4.4355576E-005
          4834.69     -4.3913186E-005
          4845.98     -4.3478390E-005
          4857.27     -4.3050488E-005
          4868.55     -4.2628763E-005
          4879.84     -4.2212483E-005
          4891.13     -4.1800900E-005
          4902.42     -4.1393247E-005
          4913.71     -4.0988742E-005
          4925.00     -4.0586583E-005
          4936.29     -4.0185946E-005
          4947.58     -3.9785989E-005
          4958.87     -3.9385848E-005
          4970.16     -3.8984636E-005
          4981.45     -3.8581443E-005
          4992.73     -3.8175334E-005
          5004.02     -3.7765349E-005
          5015.31     -3.7350501E-005
          5026.60     -3.6929777E-005
          5037.89     -3.6502134E-005
          5049.18     -3.6066500E-005
          5060.47     -3.5621771E-005
          5071.76     -3.5166813E-005
          5083.05     -3.4700456E-005
          5094.34     -3.4221498E-005
          5105.62     -3.3728699E-005
          5116.91     -3.3220785E-005
          5128.20     -3.2696440E-005
          5139.49     -3.2154310E-005
          5150.78     -3.1593000E-005
          5162.07     -3.1011073E-005
          5173.36     -3.0423718E-005
          5184.65     -2.9846967E-005
          5195.94     -2.9280612E-005
          5207.23     -2.8724448E-005
          5218.52     -2.8178275E-005
          5229.80     -2.7641892E-005
          5241.09     -2.7115105E-005
          5252.38     -2.6597723E-005
          5263.67     -2.6089555E-005
          5274.96     -2.5590415E-005
          5286.25     -2.5100121E-005
          5297.54     -2.4618492E-005
          5308.83     -2.4145351E-005
          5320.12     -2.3680523E-005
          5331.41     -2.3223837E-005
          5342.70     -2.2775125E-005
          5353.98     -2.2334220E-005
          5365.27     -2.1900960E-005
          5376.56     -2.1475184E-005
          5387.85     -2.1056733E-005
          5399.14     -2.0645454E-005
          5410.43     -2.0241192E-005
          5421.72     -1.9843800E-005
          5433.01     -1.9453128E-005
          5444.30     -1.9069032E-005
          5455.59     -1.8691369E-005
          5466.88     -1.8319999E-005
          5478.16     -1.7954786E-005
          5489.45     -1.7595592E-005
          5500.74     -1.7242286E-005
          5512.03     -1.6894736E-005
          5523.32     -1.6552815E-005
          5534.61     -1.6216394E-005
          5545.90     -1.5885350E-005
          5557.19     -1.5559560E-005
          5568.48     -1.5238905E-005
          5579.77     -1.4923267E-005
          5591.05     -1.4612533E-005
          5602.34     -1.4306593E-005
          5613.63     -1.4005337E-005
          5624.92     -1.3708656E-005
          5636.21     -1.3416446E-005
          5647.50     -1.3128601E-005
          5658.79     -1.2845019E-005
          5670.08     -1.2565597E-005
          5681.37     -1.2290246E-005
          5692.66     -1.2018884E-005
          5703.95     -1.1751434E-005
          5715.23     -1.1487813E-005
          5726.52     -1.1227944E-005
          5737.81     -1.0971747E-005
          5749.10     -1.0719143E-005
          5760.39     -1.0470052E-005
          5771.68     -1.0224397E-005
          5782.97     -9.9820989E-006
          5794.26     -9.7430703E-006
          5805.55     -9.5072180E-006
          5816.84     -9.2744503E-006
          5828.12     -9.0446760E-006
          5839.41     -8.8178055E-006
          5850.70     -8.5937501E-006
          5861.99     -8.3724224E-006
          5873.28     -8.1537363E-006
          5884.57     -7.9376063E-006
          5895.86     -7.7239480E-006
          5907.15     -7.5126786E-006
          5918.44     -7.3037180E-006
          5929.73     -7.0969900E-006
          5941.02     -6.8924188E-006
          5952.30     -6.6899291E-006
          5963.59     -6.4894467E-006
          5974.88     -6.2908979E-006
          5986.17     -6.0942105E-006
          5997.46     -5.8993142E-006
          6008.75     -5.7061382E-006
          6020.04     -5.5146126E-006
          6031.33     -5.3246647E-006
          6042.62     -5.1362199E-006
          6053.91     -4.9492041E-006
          6065.20     -4.7635438E-006
          6076.48     -4.5791649E-006
          6087.77     -4.3959930E-006
          6099.06     -4.2139530E-006
          6110.35     -4.0329707E-006
          6121.64     -3.8529730E-006
          6132.93     -3.6738902E-006
          6144.22     -3.4956563E-006
          6155.51     -3.3182041E-006
          6166.80     -3.1414655E-006
          6178.09     -2.9653704E-006
          6189.38     -2.7898455E-006
          6200.66     -2.6148171E-006
          6211.95     -2.4402120E-006
          6223.24     -2.2659571E-006
          6234.53     -2.0919805E-006
          6245.82     -1.9182101E-006
          6257.11     -1.7445740E-006
          6268.40     -1.5710015E-006
          6279.69     -1.3974210E-006
          6290.98     -1.2237615E-006
          6302.27     -1.0499520E-006
          6313.55     -8.7592179E-007
          6324.84     -7.0160063E-007
          6336.13     -5.2691795E-007
          6347.42     -3.5180337E-007
          6358.71     -1.7618726E-007
          6370.00     -1.9772906E-041
