          3480.00      1.4580374E-028
          3491.29     -3.1084734E-008
          3502.58     -6.1775679E-008
          3513.87     -9.2313745E-008
          3525.16     -1.2293128E-007
          3536.45     -1.5385418E-007
          3547.73     -1.8530359E-007
          3559.02     -2.1749752E-007
          3570.31     -2.5065260E-007
          3581.60     -2.8498553E-007
          3592.89     -3.2071450E-007
          3604.18     -3.5806057E-007
          3615.47     -3.9724863E-007
          3626.76     -4.3850903E-007
          3638.05     -4.8207898E-007
          3649.34     -5.2820371E-007
          3660.62     -5.7713794E-007
          3671.91     -6.2914705E-007
          3683.20     -6.8450837E-007
          3694.49     -7.4351252E-007
          3705.78     -8.0646455E-007
          3717.07     -8.7368558E-007
          3728.36     -9.4551402E-007
          3739.65     -1.0223068E-006
          3750.94     -1.1044412E-006
          3762.23     -1.1923162E-006
          3773.52     -1.2863539E-006
          3784.80     -1.3870014E-006
          3796.09     -1.4947321E-006
          3807.38     -1.6100481E-006
          3818.67     -1.7334821E-006
          3829.96     -1.8655980E-006
          3841.25     -2.0069948E-006
          3852.54     -2.1583069E-006
          3863.83     -2.3202077E-006
          3875.12     -2.4934109E-006
          3886.41     -2.6786730E-006
          3897.70     -2.8767966E-006
          3908.98     -3.0886322E-006
          3920.27     -3.3150810E-006
          3931.56     -3.5570981E-006
          3942.85     -3.8156955E-006
          3954.14     -4.0919452E-006
          3965.43     -4.3869830E-006
          3976.72     -4.7020106E-006
          3988.01     -5.0383008E-006
          3999.30     -5.3972003E-006
          4010.59     -5.7801325E-006
          4021.88     -6.1886037E-006
          4033.16     -6.6242062E-006
          4044.45     -7.0886227E-006
          4055.74     -7.5836312E-006
          4067.03     -8.1111088E-006
          4078.32     -8.6730383E-006
          4089.61     -9.2715130E-006
          4100.90     -9.9087399E-006
          4112.19     -1.0587049E-005
          4123.48     -1.1308895E-005
          4134.77     -1.2076868E-005
          4146.05     -1.2893697E-005
          4157.34     -1.3762252E-005
          4168.63     -1.4685560E-005
          4179.92     -1.5666807E-005
          4191.21     -1.6709342E-005
          4202.50     -1.7816688E-005
          4213.79     -1.8992551E-005
          4225.08     -2.0240825E-005
          4236.37     -2.1565602E-005
          4247.66     -2.2971174E-005
          4258.95     -2.4462051E-005
          4270.23     -2.6042964E-005
          4281.52     -2.7718871E-005
          4292.81     -2.9494974E-005
          4304.10     -3.1376722E-005
          4315.39     -3.3369822E-005
          4326.68     -3.5480251E-005
          4337.97     -3.7714256E-005
          4349.26     -4.0078379E-005
          4360.55     -4.2579455E-005
          4371.84     -4.5224628E-005
          4383.12     -4.8021363E-005
          4394.41     -5.0977442E-005
          4405.70     -5.4100982E-005
          4416.99     -5.7400448E-005
          4428.28     -6.0884651E-005
          4439.57     -6.4562773E-005
          4450.86     -6.8444371E-005
          4462.15     -7.2539372E-005
          4473.44     -7.6858106E-005
          4484.73     -8.1411294E-005
          4496.02     -8.6210065E-005
          4507.30     -9.1265962E-005
          4518.59     -9.6590935E-005
          4529.88     -1.0219737E-004
          4541.17     -1.0809808E-004
          4552.46     -1.1430629E-004
          4563.75     -1.2083568E-004
          4575.04     -1.2770035E-004
          4586.33     -1.3491485E-004
          4597.62     -1.4249414E-004
          4608.91     -1.5045360E-004
          4620.20     -1.5880905E-004
          4631.48     -1.6757670E-004
          4642.77     -1.7677317E-004
          4654.06     -1.8641545E-004
          4665.35     -1.9652090E-004
          4676.64     -2.0710723E-004
          4687.93     -2.1819247E-004
          4699.22     -2.2979492E-004
          4710.51     -2.4193316E-004
          4721.80     -2.5462599E-004
          4733.09     -2.6789235E-004
          4744.38     -2.8175134E-004
          4755.66     -2.9622214E-004
          4766.95     -3.1132391E-004
          4778.24     -3.2707578E-004
          4789.53     -3.4349669E-004
          4800.82     -3.6060540E-004
          4812.11     -3.7842037E-004
          4823.40     -3.9695957E-004
          4834.69     -4.1624046E-004
          4845.98     -4.3627986E-004
          4857.27     -4.5709373E-004
          4868.55     -4.7869711E-004
          4879.84     -5.0110382E-004
          4891.13     -5.2432645E-004
          4902.42     -5.4837606E-004
          4913.71     -5.7326190E-004
          4925.00     -5.9899132E-004
          4936.29     -6.2556942E-004
          4947.58     -6.5299877E-004
          4958.87     -6.8127913E-004
          4970.16     -7.1040706E-004
          4981.45     -7.4037567E-004
          4992.73     -7.7117414E-004
          5004.02     -8.0278728E-004
          5015.31     -8.3519514E-004
          5026.60     -8.6837251E-004
          5037.89     -9.0228836E-004
          5049.18     -9.3690535E-004
          5060.47     -9.7217906E-004
          5071.76     -1.0080575E-003
          5083.05     -1.0444805E-003
          5094.34     -1.0813784E-003
          5105.62     -1.1186720E-003
          5116.91     -1.1562711E-003
          5128.20     -1.1940738E-003
          5139.49     -1.2319654E-003
          5150.78     -1.2698175E-003
          5162.07     -1.3074865E-003
          5173.36     -1.4382688E-003
          5184.65     -1.7476360E-003
          5195.94     -2.2245738E-003
          5207.23     -2.8591687E-003
          5218.52     -3.6425264E-003
          5229.80     -4.5666985E-003
          5241.09     -5.6246090E-003
          5252.38     -6.8099951E-003
          5263.67     -8.1173462E-003
          5274.96     -9.5418443E-003
          5286.25     -1.1079320E-002
          5297.54     -1.2726202E-002
          5308.83     -1.4479470E-002
          5320.12     -1.6336620E-002
          5331.41     -1.8295619E-002
          5342.70     -2.0354876E-002
          5353.98     -2.2513207E-002
          5365.27     -2.4769797E-002
          5376.56     -2.7124185E-002
          5387.85     -2.9576221E-002
          5399.14     -3.2126051E-002
          5410.43     -3.4774087E-002
          5421.72     -3.7520977E-002
          5433.01     -4.0367599E-002
          5444.30     -4.3315026E-002
          5455.59     -4.6364502E-002
          5466.88     -4.9517434E-002
          5478.16     -5.2775361E-002
          5489.45     -5.6139939E-002
          5500.74     -5.9612925E-002
          5512.03     -6.3196142E-002
          5523.32     -6.6891479E-002
          5534.61     -7.0700862E-002
          5545.90     -7.4626223E-002
          5557.19     -7.8669498E-002
          5568.48     -8.2832594E-002
          5579.77     -8.7117346E-002
          5591.05     -9.1525498E-002
          5602.34     -9.6058690E-002
          5613.63     -1.0071846E-001
          5624.92     -1.0550621E-001
          5636.21     -1.1042316E-001
          5647.50     -1.1547034E-001
          5658.79     -1.2064856E-001
          5670.08     -1.2595838E-001
          5681.37     -1.3139985E-001
          5692.66     -1.3697253E-001
          5703.95     -1.4267570E-001
          5715.23     -1.4850832E-001
          5726.52     -1.5446898E-001
          5737.81     -1.6055587E-001
          5749.10     -1.6676676E-001
          5760.39     -1.7309894E-001
          5771.68     -1.7954917E-001
          5782.97     -1.8611367E-001
          5794.26     -1.9278828E-001
          5805.55     -1.9956841E-001
          5816.84     -2.0644856E-001
          5828.12     -2.1342233E-001
          5839.41     -2.2048234E-001
          5850.70     -2.2762014E-001
          5861.99     -2.3482613E-001
          5873.28     -2.4208948E-001
          5884.57     -2.4939806E-001
          5895.86     -2.5673832E-001
          5907.15     -2.6409520E-001
          5918.44     -2.7145188E-001
          5929.73     -2.7878975E-001
          5941.02     -2.8608843E-001
          5952.30     -2.9332568E-001
          5963.59     -3.0047724E-001
          5974.88     -3.0751671E-001
          5986.17     -3.1441537E-001
          5997.46     -3.2114205E-001
          6008.75     -3.2766311E-001
          6020.04     -3.3394219E-001
          6031.33     -3.3994032E-001
          6042.62     -3.4561559E-001
          6053.91     -3.5092265E-001
          6065.20     -3.5581255E-001
          6076.48     -3.6023255E-001
          6087.77     -3.6412588E-001
          6099.06     -3.6743137E-001
          6110.35     -3.7008310E-001
          6121.64     -3.7201006E-001
          6132.93     -3.7313564E-001
          6144.22     -3.7337760E-001
          6155.51     -3.7264817E-001
          6166.80     -3.7085372E-001
          6178.09     -3.6789438E-001
          6189.38     -3.6366357E-001
          6200.66     -3.5804707E-001
          6211.95     -3.5092245E-001
          6223.24     -3.4215851E-001
          6234.53     -3.3161489E-001
          6245.82     -3.1914144E-001
          6257.11     -3.0457768E-001
          6268.40     -2.8775228E-001
          6279.69     -2.6848235E-001
          6290.98     -2.4657281E-001
          6302.27     -2.2181566E-001
          6313.55     -1.9398918E-001
          6324.84     -1.6285727E-001
          6336.13     -1.2816853E-001
          6347.42     -8.9655387E-002
          6358.71     -4.7033379E-002
          6370.00      1.6307262E-034
