          3480.00      5.7285201E-033
          3491.29     -1.2212959E-012
          3502.58     -2.4271203E-012
          3513.87     -3.6269380E-012
          3525.16     -4.8298782E-012
          3536.45     -6.0448158E-012
          3547.73     -7.2804396E-012
          3559.02     -8.5453148E-012
          3570.31     -9.8479534E-012
          3581.60     -1.1196868E-011
          3592.89     -1.2600633E-011
          3604.18     -1.4067932E-011
          3615.47     -1.5607602E-011
          3626.76     -1.7228692E-011
          3638.05     -1.8940523E-011
          3649.34     -2.0752729E-011
          3660.62     -2.2675318E-011
          3671.91     -2.4718717E-011
          3683.20     -2.6893822E-011
          3694.49     -2.9212051E-011
          3705.78     -3.1685389E-011
          3717.07     -3.4326453E-011
          3728.36     -3.7148539E-011
          3739.65     -4.0165670E-011
          3750.94     -4.3392670E-011
          3762.23     -4.6845213E-011
          3773.52     -5.0539883E-011
          3784.80     -5.4494247E-011
          3796.09     -5.8726906E-011
          3807.38     -6.3257588E-011
          3818.67     -6.8107214E-011
          3829.96     -7.3297952E-011
          3841.25     -7.8853324E-011
          3852.54     -8.4798266E-011
          3863.83     -9.1159226E-011
          3875.12     -9.7964250E-011
          3886.41     -1.0524306E-010
          3897.70     -1.1302719E-010
          3908.98     -1.2135005E-010
          3920.27     -1.3024705E-010
          3931.56     -1.3975572E-010
          3942.85     -1.4991582E-010
          3954.14     -1.6076947E-010
          3965.43     -1.7236128E-010
          3976.72     -1.8473848E-010
          3988.01     -1.9795107E-010
          3999.30     -2.1205196E-010
          4010.59     -2.2709708E-010
          4021.88     -2.4314561E-010
          4033.16     -2.6026011E-010
          4044.45     -2.7850668E-010
          4055.74     -2.9795520E-010
          4067.03     -3.1867940E-010
          4078.32     -3.4075719E-010
          4089.61     -3.6427082E-010
          4100.90     -3.8930698E-010
          4112.19     -4.1595723E-010
          4123.48     -4.4431804E-010
          4134.77     -4.7449113E-010
          4146.05     -5.0658370E-010
          4157.34     -5.4070859E-010
          4168.63     -5.7698469E-010
          4179.92     -6.1553715E-010
          4191.21     -6.5649754E-010
          4202.50     -7.0000435E-010
          4213.79     -7.4620314E-010
          4225.08     -7.9524690E-010
          4236.37     -8.4729638E-010
          4247.66     -9.0252025E-010
          4258.95     -9.6109568E-010
          4270.23     -1.0232086E-009
          4281.52     -1.0890537E-009
          4292.81     -1.1588355E-009
          4304.10     -1.2327679E-009
          4315.39     -1.3110754E-009
          4326.68     -1.3939925E-009
          4337.97     -1.4817649E-009
          4349.26     -1.5746495E-009
          4360.55     -1.6729150E-009
          4371.84     -1.7768418E-009
          4383.12     -1.8867235E-009
          4394.41     -2.0028656E-009
          4405.70     -2.1255871E-009
          4416.99     -2.2552207E-009
          4428.28     -2.3921124E-009
          4439.57     -2.5366231E-009
          4450.86     -2.6891282E-009
          4462.15     -2.8500177E-009
          4473.44     -3.0196975E-009
          4484.73     -3.1985889E-009
          4496.02     -3.3871290E-009
          4507.30     -3.5857714E-009
          4518.59     -3.7949856E-009
          4529.88     -4.0152582E-009
          4541.17     -4.2470926E-009
          4552.46     -4.4910086E-009
          4563.75     -4.7475434E-009
          4575.04     -5.0172514E-009
          4586.33     -5.3007035E-009
          4597.62     -5.5984882E-009
          4608.91     -5.9112095E-009
          4620.20     -6.2394888E-009
          4631.48     -6.5839635E-009
          4642.77     -6.9452857E-009
          4654.06     -7.3241236E-009
          4665.35     -7.7211592E-009
          4676.64     -8.1370882E-009
          4687.93     -8.5726190E-009
          4699.22     -9.0284706E-009
          4710.51     -9.5053729E-009
          4721.80     -1.0004065E-008
          4733.09     -1.0525290E-008
          4744.38     -1.1069800E-008
          4755.66     -1.1638346E-008
          4766.95     -1.2231684E-008
          4778.24     -1.2850563E-008
          4789.53     -1.3495728E-008
          4800.82     -1.4167917E-008
          4812.11     -1.4867854E-008
          4823.40     -1.5596245E-008
          4834.69     -1.6353777E-008
          4845.98     -1.7141110E-008
          4857.27     -1.7958871E-008
          4868.55     -1.8807652E-008
          4879.84     -1.9687995E-008
          4891.13     -2.0600394E-008
          4902.42     -2.1545285E-008
          4913.71     -2.2523031E-008
          4925.00     -2.3533921E-008
          4936.29     -2.4578155E-008
          4947.58     -2.5655833E-008
          4958.87     -2.6766948E-008
          4970.16     -2.7911362E-008
          4981.45     -2.9088806E-008
          4992.73     -3.0298856E-008
          5004.02     -3.1540912E-008
          5015.31     -3.2814193E-008
          5026.60     -3.4117707E-008
          5037.89     -3.5450235E-008
          5049.18     -3.6810311E-008
          5060.47     -3.8196189E-008
          5071.76     -3.9605827E-008
          5083.05     -4.1036858E-008
          5094.34     -4.2486549E-008
          5105.62     -4.3951786E-008
          5116.91     -4.5429026E-008
          5128.20     -4.6914265E-008
          5139.49     -4.8403001E-008
          5150.78     -4.9890181E-008
          5162.07     -5.1370168E-008
          5173.36     -5.6508505E-008
          5184.65     -6.8663312E-008
          5195.94     -8.7401843E-008
          5207.23     -1.1233460E-007
          5218.52     -1.4311214E-007
          5229.80     -1.7942217E-007
          5241.09     -2.2098668E-007
          5252.38     -2.6755962E-007
          5263.67     -3.1892446E-007
          5274.96     -3.7489193E-007
          5286.25     -4.3529821E-007
          5297.54     -5.0000295E-007
          5308.83     -5.6888755E-007
          5320.12     -6.4185361E-007
          5331.41     -7.1882120E-007
          5342.70     -7.9972785E-007
          5353.98     -8.8452706E-007
          5365.27     -9.7318682E-007
          5376.56     -1.0656889E-006
          5387.85     -1.1620276E-006
          5399.14     -1.2622085E-006
          5410.43     -1.3662479E-006
          5421.72     -1.4741711E-006
          5433.01     -1.5860128E-006
          5444.30     -1.7018150E-006
          5455.59     -1.8216266E-006
          5466.88     -1.9455030E-006
          5478.16     -2.0735045E-006
          5489.45     -2.2056962E-006
          5500.74     -2.3421473E-006
          5512.03     -2.4829292E-006
          5523.32     -2.6281162E-006
          5534.61     -2.7777840E-006
          5545.90     -2.9320085E-006
          5557.19     -3.0908658E-006
          5568.48     -3.2544307E-006
          5579.77     -3.4227754E-006
          5591.05     -3.5959684E-006
          5602.34     -3.7740741E-006
          5613.63     -3.9571530E-006
          5624.92     -4.1452601E-006
          5636.21     -4.3384432E-006
          5647.50     -4.5367432E-006
          5658.79     -4.7401918E-006
          5670.08     -4.9488105E-006
          5681.37     -5.1626019E-006
          5692.66     -5.3815484E-006
          5703.95     -5.6056217E-006
          5715.23     -5.8347810E-006
          5726.52     -6.0689707E-006
          5737.81     -6.3081201E-006
          5749.10     -6.5521415E-006
          5760.39     -6.8009280E-006
          5771.68     -7.0543528E-006
          5782.97     -7.3122668E-006
          5794.26     -7.5745075E-006
          5805.55     -7.8408936E-006
          5816.84     -8.1112094E-006
          5828.12     -8.3852038E-006
          5839.41     -8.6625864E-006
          5850.70     -8.9430251E-006
          5861.99     -9.2261432E-006
          5873.28     -9.5115148E-006
          5884.57     -9.7986634E-006
          5895.86     -1.0087057E-005
          5907.15     -1.0376103E-005
          5918.44     -1.0665141E-005
          5929.73     -1.0953441E-005
          5941.02     -1.1240201E-005
          5952.30     -1.1524547E-005
          5963.59     -1.1805526E-005
          5974.88     -1.2082102E-005
          5986.17     -1.2353145E-005
          5997.46     -1.2617431E-005
          6008.75     -1.2873639E-005
          6020.04     -1.3120339E-005
          6031.33     -1.3356001E-005
          6042.62     -1.3578978E-005
          6053.91     -1.3787488E-005
          6065.20     -1.3979609E-005
          6076.48     -1.4153268E-005
          6087.77     -1.4306234E-005
          6099.06     -1.4436104E-005
          6110.35     -1.4540288E-005
          6121.64     -1.4615997E-005
          6132.93     -1.4660220E-005
          6144.22     -1.4669727E-005
          6155.51     -1.4641068E-005
          6166.80     -1.4570565E-005
          6178.09     -1.4454295E-005
          6189.38     -1.4288070E-005
          6200.66     -1.4067402E-005
          6211.95     -1.3787481E-005
          6223.24     -1.3443152E-005
          6234.53     -1.3028901E-005
          6245.82     -1.2538829E-005
          6257.11     -1.1966629E-005
          6268.40     -1.1305572E-005
          6279.69     -1.0548471E-005
          6290.98     -9.6876615E-006
          6302.27     -8.7149716E-006
          6313.55     -7.6216897E-006
          6324.84     -6.3985404E-006
          6336.13     -5.0356455E-006
          6347.42     -3.5224931E-006
          6358.71     -1.8479063E-006
          6370.00      6.4070013E-039
