          3480.00     -1.4636244E-039
          3491.29     -2.1747956E-008
          3502.58     -4.3170700E-008
          3513.87     -6.4271215E-008
          3525.16     -8.5052329E-008
          3536.45     -1.0551683E-007
          3547.73     -1.2566741E-007
          3559.02     -1.4550661E-007
          3570.31     -1.6503694E-007
          3581.60     -1.8426080E-007
          3592.89     -2.0318052E-007
          3604.18     -2.2179823E-007
          3615.47     -2.4011571E-007
          3626.76     -2.5813451E-007
          3638.05     -2.7585615E-007
          3649.34     -2.9328199E-007
          3660.62     -3.1041340E-007
          3671.91     -3.2725165E-007
          3683.20     -3.4379794E-007
          3694.49     -3.6005342E-007
          3705.78     -3.7601913E-007
          3717.07     -3.9169611E-007
          3728.36     -4.0708530E-007
          3739.65     -4.2218757E-007
          3750.94     -4.3700375E-007
          3762.23     -4.5153461E-007
          3773.52     -4.6578086E-007
          3784.80     -4.7974315E-007
          3796.09     -4.9342205E-007
          3807.38     -5.0681817E-007
          3818.67     -5.1993206E-007
          3829.96     -5.3276420E-007
          3841.25     -5.4531506E-007
          3852.54     -5.5758503E-007
          3863.83     -5.6957445E-007
          3875.12     -5.8128364E-007
          3886.41     -5.9271280E-007
          3897.70     -6.0386216E-007
          3908.98     -6.1473185E-007
          3920.27     -6.2532196E-007
          3931.56     -6.3563256E-007
          3942.85     -6.4566363E-007
          3954.14     -6.5541518E-007
          3965.43     -6.6488717E-007
          3976.72     -6.7407953E-007
          3988.01     -6.8299214E-007
          3999.30     -6.9162487E-007
          4010.59     -6.9997748E-007
          4021.88     -7.0804976E-007
          4033.16     -7.1584141E-007
          4044.45     -7.2335212E-007
          4055.74     -7.3058151E-007
          4067.03     -7.3752917E-007
          4078.32     -7.4419467E-007
          4089.61     -7.5057751E-007
          4100.90     -7.5667717E-007
          4112.19     -7.6249308E-007
          4123.48     -7.6802466E-007
          4134.77     -7.7327126E-007
          4146.05     -7.7823221E-007
          4157.34     -7.8290681E-007
          4168.63     -7.8729430E-007
          4179.92     -7.9139392E-007
          4191.21     -7.9520483E-007
          4202.50     -7.9872619E-007
          4213.79     -8.0195712E-007
          4225.08     -8.0489670E-007
          4236.37     -8.0754397E-007
          4247.66     -8.0989795E-007
          4258.95     -8.1195761E-007
          4270.23     -8.1372190E-007
          4281.52     -8.1518972E-007
          4292.81     -8.1635995E-007
          4304.10     -8.1723145E-007
          4315.39     -8.1780301E-007
          4326.68     -8.1807344E-007
          4337.97     -8.1804148E-007
          4349.26     -8.1770585E-007
          4360.55     -8.1706524E-007
          4371.84     -8.1611837E-007
          4383.12     -8.1486390E-007
          4394.41     -8.1330045E-007
          4405.70     -8.1142656E-007
          4416.99     -8.0924079E-007
          4428.28     -8.0674163E-007
          4439.57     -8.0392756E-007
          4450.86     -8.0079704E-007
          4462.15     -7.9734849E-007
          4473.44     -7.9358031E-007
          4484.73     -7.8949085E-007
          4496.02     -7.8507847E-007
          4507.30     -7.8034146E-007
          4518.59     -7.7527813E-007
          4529.88     -7.6988674E-007
          4541.17     -7.6416550E-007
          4552.46     -7.5811265E-007
          4563.75     -7.5172635E-007
          4575.04     -7.4500478E-007
          4586.33     -7.3794606E-007
          4597.62     -7.3054830E-007
          4608.91     -7.2280959E-007
          4620.20     -7.1472799E-007
          4631.48     -7.0630151E-007
          4642.77     -6.9752819E-007
          4654.06     -6.8840600E-007
          4665.35     -6.7893290E-007
          4676.64     -6.6910682E-007
          4687.93     -6.5892567E-007
          4699.22     -6.4838734E-007
          4710.51     -6.3748969E-007
          4721.80     -6.2623055E-007
          4733.09     -6.1460774E-007
          4744.38     -6.0261905E-007
          4755.66     -5.9026225E-007
          4766.95     -5.7753506E-007
          4778.24     -5.6443521E-007
          4789.53     -5.5096041E-007
          4800.82     -5.3710832E-007
          4812.11     -5.2287657E-007
          4823.40     -5.0826282E-007
          4834.69     -4.9326466E-007
          4845.98     -4.7787967E-007
          4857.27     -4.6210540E-007
          4868.55     -4.4593936E-007
          4879.84     -4.2937909E-007
          4891.13     -4.1242206E-007
          4902.42     -3.9506571E-007
          4913.71     -3.7730751E-007
          4925.00     -3.5914487E-007
          4936.29     -3.4057517E-007
          4947.58     -3.2159579E-007
          4958.87     -3.0220406E-007
          4970.16     -2.8239735E-007
          4981.45     -2.6217294E-007
          4992.73     -2.4152811E-007
          5004.02     -2.2046015E-007
          5015.31     -1.9896628E-007
          5026.60     -1.7704370E-007
          5037.89     -1.5468961E-007
          5049.18     -1.3190116E-007
          5060.47     -1.0867553E-007
          5071.76     -8.5009825E-008
          5083.05     -6.0901139E-008
          5094.34     -3.6346596E-008
          5105.62     -1.1343240E-008
          5116.91      1.4111887E-008
          5128.20      4.0021761E-008
          5139.49      6.6389404E-008
          5150.78      9.3217789E-008
          5162.07      1.2050999E-007
          5173.36      1.4735446E-007
          5184.65      1.7285451E-007
          5195.94      1.9703544E-007
          5207.23      2.1992240E-007
          5218.52      2.4154039E-007
          5229.80      2.6191429E-007
          5241.09      2.8106880E-007
          5252.38      2.9902854E-007
          5263.67      3.1581798E-007
          5274.96      3.3146146E-007
          5286.25      3.4598321E-007
          5297.54      3.5940734E-007
          5308.83      3.7175786E-007
          5320.12      3.8305869E-007
          5331.41      3.9333358E-007
          5342.70      4.0260625E-007
          5353.98      4.1090028E-007
          5365.27      4.1823916E-007
          5376.56      4.2464627E-007
          5387.85      4.3014492E-007
          5399.14      4.3475831E-007
          5410.43      4.3850959E-007
          5421.72      4.4142178E-007
          5433.01      4.4351785E-007
          5444.30      4.4482068E-007
          5455.59      4.4535309E-007
          5466.88      4.4513785E-007
          5478.16      4.4419764E-007
          5489.45      4.4255509E-007
          5500.74      4.4023274E-007
          5512.03      4.3725310E-007
          5523.32      4.3363859E-007
          5534.61      4.2941155E-007
          5545.90      4.2459431E-007
          5557.19      4.1920909E-007
          5568.48      4.1327810E-007
          5579.77      4.0682375E-007
          5591.05      3.9986880E-007
          5602.34      3.9243598E-007
          5613.63      3.8454794E-007
          5624.92      3.7622730E-007
          5636.21      3.6749663E-007
          5647.50      3.5837842E-007
          5658.79      3.4889510E-007
          5670.08      3.3906909E-007
          5681.37      3.2892499E-007
          5692.66      3.1848963E-007
          5703.95      3.0778968E-007
          5715.23      2.9685164E-007
          5726.52      2.8570194E-007
          5737.81      2.7436678E-007
          5749.10      2.6287226E-007
          5760.39      2.5124429E-007
          5771.68      2.3950861E-007
          5782.97      2.2769063E-007
          5794.26      2.1581318E-007
          5805.55      2.0389679E-007
          5816.84      1.9196193E-007
          5828.12      1.8002898E-007
          5839.41      1.6811825E-007
          5850.70      1.5625000E-007
          5861.99      1.4444439E-007
          5873.28      1.3272154E-007
          5884.57      1.2110149E-007
          5895.86      1.0960420E-007
          5907.15      9.8249605E-008
          5918.44      8.7058458E-008
          5929.73      7.6052335E-008
          5941.02      6.5252700E-008
          5952.30      5.4680889E-008
          5963.59      4.4358149E-008
          5974.88      3.4305747E-008
          5986.17      2.4545229E-008
          5997.46      1.5098254E-008
          6008.75      5.9863102E-009
          6020.04     -2.7692611E-009
          6031.33     -1.1148411E-008
          6042.62     -1.9132356E-008
          6053.91     -2.6702375E-008
          6065.20     -3.3839849E-008
          6076.48     -4.0526617E-008
          6087.77     -4.6745227E-008
          6099.06     -5.2478572E-008
          6110.35     -5.7709578E-008
          6121.64     -6.2421002E-008
          6132.93     -6.6594248E-008
          6144.22     -7.0209606E-008
          6155.51     -7.3247987E-008
          6166.80     -7.5690934E-008
          6178.09     -7.7521209E-008
          6189.38     -7.8723161E-008
          6200.66     -7.9281568E-008
          6211.95     -7.9181181E-008
          6223.24     -7.8406718E-008
          6234.53     -7.6942858E-008
          6245.82     -7.4774242E-008
          6257.11     -7.1885471E-008
          6268.40     -6.8261118E-008
          6279.69     -6.3885807E-008
          6290.98     -5.8744229E-008
          6302.27     -5.2821026E-008
          6313.55     -4.6100760E-008
          6324.84     -3.8567967E-008
          6336.13     -3.0207150E-008
          6347.42     -2.1002728E-008
          6358.71     -1.0938996E-008
          6370.00      3.7054196E-039
