          3480.00      1.0008450E-032
          3491.29     -1.5954131E-011
          3502.58     -3.1650047E-011
          3513.87     -4.7171229E-011
          3525.16     -6.2597697E-011
          3536.45     -7.8006560E-011
          3547.73     -9.3472421E-011
          3559.02     -1.0906775E-010
          3570.31     -1.2486334E-010
          3581.60     -1.4092862E-010
          3592.89     -1.5733203E-010
          3604.18     -1.7414125E-010
          3615.47     -1.9142338E-010
          3626.76     -2.0924537E-010
          3638.05     -2.2767429E-010
          3649.34     -2.4677758E-010
          3660.62     -2.6662339E-010
          3671.91     -2.8728073E-010
          3683.20     -3.0881973E-010
          3694.49     -3.3131189E-010
          3705.78     -3.5483019E-010
          3717.07     -3.7944944E-010
          3728.36     -4.0524642E-010
          3739.65     -4.3230002E-010
          3750.94     -4.6069154E-010
          3762.23     -4.9050485E-010
          3773.52     -5.2182657E-010
          3784.80     -5.5474628E-010
          3796.09     -5.8935664E-010
          3807.38     -6.2575375E-010
          3818.67     -6.6403733E-010
          3829.96     -7.0431068E-010
          3841.25     -7.4668112E-010
          3852.54     -7.9126004E-010
          3863.83     -8.3816310E-010
          3875.12     -8.8751052E-010
          3886.41     -9.3942703E-010
          3897.70     -9.9404237E-010
          3908.98     -1.0514914E-009
          3920.27     -1.1119140E-009
          3931.56     -1.1754557E-009
          3942.85     -1.2422676E-009
          3954.14     -1.3125069E-009
          3965.43     -1.3863369E-009
          3976.72     -1.4639270E-009
          3988.01     -1.5454533E-009
          3999.30     -1.6310985E-009
          4010.59     -1.7210520E-009
          4021.88     -1.8155107E-009
          4033.16     -1.9146783E-009
          4044.45     -2.0187663E-009
          4055.74     -2.1279940E-009
          4067.03     -2.2425879E-009
          4078.32     -2.3627832E-009
          4089.61     -2.4888233E-009
          4100.90     -2.6209596E-009
          4112.19     -2.7594524E-009
          4123.48     -2.9045708E-009
          4134.77     -3.0565927E-009
          4146.05     -3.2158054E-009
          4157.34     -3.3825048E-009
          4168.63     -3.5569966E-009
          4179.92     -3.7395962E-009
          4191.21     -3.9306279E-009
          4202.50     -4.1304260E-009
          4213.79     -4.3393348E-009
          4225.08     -4.5577081E-009
          4236.37     -4.7859097E-009
          4247.66     -5.0243127E-009
          4258.95     -5.2733006E-009
          4270.23     -5.5332666E-009
          4281.52     -5.8046128E-009
          4292.81     -6.0877518E-009
          4304.10     -6.3831051E-009
          4315.39     -6.6911037E-009
          4326.68     -7.0121877E-009
          4337.97     -7.3468053E-009
          4349.26     -7.6954138E-009
          4360.55     -8.0584785E-009
          4371.84     -8.4364727E-009
          4383.12     -8.8298774E-009
          4394.41     -9.2391788E-009
          4405.70     -9.6648690E-009
          4416.99     -1.0107446E-008
          4428.28     -1.0567409E-008
          4439.57     -1.1045265E-008
          4450.86     -1.1541521E-008
          4462.15     -1.2056686E-008
          4473.44     -1.2591268E-008
          4484.73     -1.3145776E-008
          4496.02     -1.3720715E-008
          4507.30     -1.4316588E-008
          4518.59     -1.4933888E-008
          4529.88     -1.5573104E-008
          4541.17     -1.6234714E-008
          4552.46     -1.6919185E-008
          4563.75     -1.7626967E-008
          4575.04     -1.8358497E-008
          4586.33     -1.9114189E-008
          4597.62     -1.9894438E-008
          4608.91     -2.0699608E-008
          4620.20     -2.1530038E-008
          4631.48     -2.2386032E-008
          4642.77     -2.3267857E-008
          4654.06     -2.4175737E-008
          4665.35     -2.5109852E-008
          4676.64     -2.6070330E-008
          4687.93     -2.7057244E-008
          4699.22     -2.8070601E-008
          4710.51     -2.9110342E-008
          4721.80     -3.0176334E-008
          4733.09     -3.1268359E-008
          4744.38     -3.2386114E-008
          4755.66     -3.3529196E-008
          4766.95     -3.4697097E-008
          4778.24     -3.5889196E-008
          4789.53     -3.7104744E-008
          4800.82     -3.8342861E-008
          4812.11     -3.9602522E-008
          4823.40     -4.0882543E-008
          4834.69     -4.2181572E-008
          4845.98     -4.3498077E-008
          4857.27     -4.4830328E-008
          4868.55     -4.6176384E-008
          4879.84     -4.7534078E-008
          4891.13     -4.8901001E-008
          4902.42     -5.0274488E-008
          4913.71     -5.1651588E-008
          4925.00     -5.3029061E-008
          4936.29     -5.4403343E-008
          4947.58     -5.5770533E-008
          4958.87     -5.7126368E-008
          4970.16     -5.8466191E-008
          4981.45     -5.9784938E-008
          4992.73     -6.1077103E-008
          5004.02     -6.2336707E-008
          5015.31     -6.3557270E-008
          5026.60     -6.4731781E-008
          5037.89     -6.5852662E-008
          5049.18     -6.6911734E-008
          5060.47     -6.7900176E-008
          5071.76     -6.8808491E-008
          5083.05     -6.9626460E-008
          5094.34     -7.0343097E-008
          5105.62     -7.0946606E-008
          5116.91     -7.1424330E-008
          5128.20     -7.1762698E-008
          5139.49     -7.1947175E-008
          5150.78     -7.1962199E-008
          5162.07     -7.1791120E-008
          5173.36     -7.7018401E-008
          5184.65     -9.2831402E-008
          5195.94     -1.1865169E-007
          5207.23     -1.5394470E-007
          5218.52     -1.9821682E-007
          5229.80     -2.5101281E-007
          5241.09     -3.1191301E-007
          5252.38     -3.8053130E-007
          5263.67     -4.5651270E-007
          5274.96     -5.3953102E-007
          5286.25     -6.2928732E-007
          5297.54     -7.2550768E-007
          5308.83     -8.2794154E-007
          5320.12     -9.3636007E-007
          5331.41     -1.0505542E-006
          5342.70     -1.1703338E-006
          5353.98     -1.2955257E-006
          5365.27     -1.4259723E-006
          5376.56     -1.5615306E-006
          5387.85     -1.7020708E-006
          5399.14     -1.8474747E-006
          5410.43     -1.9976356E-006
          5421.72     -2.1524554E-006
          5433.01     -2.3118456E-006
          5444.30     -2.4757247E-006
          5455.59     -2.6440177E-006
          5466.88     -2.8166552E-006
          5478.16     -2.9935722E-006
          5489.45     -3.1747076E-006
          5500.74     -3.3600027E-006
          5512.03     -3.5494003E-006
          5523.32     -3.7428445E-006
          5534.61     -3.9402790E-006
          5545.90     -4.1416461E-006
          5557.19     -4.3468867E-006
          5568.48     -4.5559383E-006
          5579.77     -4.7687336E-006
          5591.05     -4.9851992E-006
          5602.34     -5.2052557E-006
          5613.63     -5.4288177E-006
          5624.92     -5.6557924E-006
          5636.21     -5.8860781E-006
          5647.50     -6.1195639E-006
          5658.79     -6.3561283E-006
          5670.08     -6.5956382E-006
          5681.37     -6.8379379E-006
          5692.66     -7.0828495E-006
          5703.95     -7.3301832E-006
          5715.23     -7.5797368E-006
          5726.52     -7.8312929E-006
          5737.81     -8.0846198E-006
          5749.10     -8.3394693E-006
          5760.39     -8.5955753E-006
          5771.68     -8.8526533E-006
          5782.97     -9.1103992E-006
          5794.26     -9.3684992E-006
          5805.55     -9.6266250E-006
          5816.84     -9.8844186E-006
          5828.12     -1.0141492E-005
          5839.41     -1.0397424E-005
          5850.70     -1.0651760E-005
          5861.99     -1.0904008E-005
          5873.28     -1.1153638E-005
          5884.57     -1.1400081E-005
          5895.86     -1.1642725E-005
          5907.15     -1.1880911E-005
          5918.44     -1.2113931E-005
          5929.73     -1.2341021E-005
          5941.02     -1.2561372E-005
          5952.30     -1.2774120E-005
          5963.59     -1.2978347E-005
          5974.88     -1.3173079E-005
          5986.17     -1.3357279E-005
          5997.46     -1.3529849E-005
          6008.75     -1.3689625E-005
          6020.04     -1.3835378E-005
          6031.33     -1.3965815E-005
          6042.62     -1.4079574E-005
          6053.91     -1.4175208E-005
          6065.20     -1.4251187E-005
          6076.48     -1.4305891E-005
          6087.77     -1.4337606E-005
          6099.06     -1.4344519E-005
          6110.35     -1.4324708E-005
          6121.64     -1.4276137E-005
          6132.93     -1.4196642E-005
          6144.22     -1.4083937E-005
          6155.51     -1.3935619E-005
          6166.80     -1.3749161E-005
          6178.09     -1.3521911E-005
          6189.38     -1.3251079E-005
          6200.66     -1.2933717E-005
          6211.95     -1.2566713E-005
          6223.24     -1.2146774E-005
          6234.53     -1.1670429E-005
          6245.82     -1.1134009E-005
          6257.11     -1.0533649E-005
          6268.40     -9.8652730E-006
          6279.69     -9.1245872E-006
          6290.98     -8.3070683E-006
          6302.27     -7.4079535E-006
          6313.55     -6.4222280E-006
          6324.84     -5.3446183E-006
          6336.13     -4.1695751E-006
          6347.42     -2.8912630E-006
          6358.71     -1.5035523E-006
          6370.00     -5.1720502E-039
