          3480.00      1.7046272E-030
          3491.29     -9.4707127E-006
          3502.58     -1.8972267E-005
          3513.87     -2.8523691E-005
          3525.16     -3.8143847E-005
          3536.45     -4.7851515E-005
          3547.73     -5.7665415E-005
          3559.02     -6.7604204E-005
          3570.31     -7.7686577E-005
          3581.60     -8.7931254E-005
          3592.89     -9.8357033E-005
          3604.18     -1.0898280E-004
          3615.47     -1.1982747E-004
          3626.76     -1.3091011E-004
          3638.05     -1.4225000E-004
          3649.34     -1.5386661E-004
          3660.62     -1.6577970E-004
          3671.91     -1.7800929E-004
          3683.20     -1.9057573E-004
          3694.49     -2.0349972E-004
          3705.78     -2.1680231E-004
          3717.07     -2.3050494E-004
          3728.36     -2.4462950E-004
          3739.65     -2.5919831E-004
          3750.94     -2.7423418E-004
          3762.23     -2.8976040E-004
          3773.52     -3.0580083E-004
          3784.80     -3.2237986E-004
          3796.09     -3.3952246E-004
          3807.38     -3.5725425E-004
          3818.67     -3.7560150E-004
          3829.96     -3.9459113E-004
          3841.25     -4.1425077E-004
          3852.54     -4.3460878E-004
          3863.83     -4.5569424E-004
          3875.12     -4.7753705E-004
          3886.41     -5.0016785E-004
          3897.70     -5.2361817E-004
          3908.98     -5.4792041E-004
          3920.27     -5.7310779E-004
          3931.56     -5.9921450E-004
          3942.85     -6.2627570E-004
          3954.14     -6.5432749E-004
          3965.43     -6.8340708E-004
          3976.72     -7.1355263E-004
          3988.01     -7.4480343E-004
          3999.30     -7.7719991E-004
          4010.59     -8.1078352E-004
          4021.88     -8.4559697E-004
          4033.16     -8.8168414E-004
          4044.45     -9.1909012E-004
          4055.74     -9.5786133E-004
          4067.03     -9.9804534E-004
          4078.32     -1.0396912E-003
          4089.61     -1.0828493E-003
          4100.90     -1.1275712E-003
          4112.19     -1.1739103E-003
          4123.48     -1.2219211E-003
          4134.77     -1.2716598E-003
          4146.05     -1.3231840E-003
          4157.34     -1.3765530E-003
          4168.63     -1.4318277E-003
          4179.92     -1.4890705E-003
          4191.21     -1.5483455E-003
          4202.50     -1.6097187E-003
          4213.79     -1.6732576E-003
          4225.08     -1.7390318E-003
          4236.37     -1.8071124E-003
          4247.66     -1.8775725E-003
          4258.95     -1.9504870E-003
          4270.23     -2.0259330E-003
          4281.52     -2.1039893E-003
          4292.81     -2.1847367E-003
          4304.10     -2.2682582E-003
          4315.39     -2.3546389E-003
          4326.68     -2.4439660E-003
          4337.97     -2.5363285E-003
          4349.26     -2.6318182E-003
          4360.55     -2.7305288E-003
          4371.84     -2.8325563E-003
          4383.12     -2.9379993E-003
          4394.41     -3.0469582E-003
          4405.70     -3.1595363E-003
          4416.99     -3.2758390E-003
          4428.28     -3.3959739E-003
          4439.57     -3.5200516E-003
          4450.86     -3.6481849E-003
          4462.15     -3.7804890E-003
          4473.44     -3.9170821E-003
          4484.73     -4.0580848E-003
          4496.02     -4.2036203E-003
          4507.30     -4.3538148E-003
          4518.59     -4.5087964E-003
          4529.88     -4.6686969E-003
          4541.17     -4.8336503E-003
          4552.46     -5.0037934E-003
          4563.75     -5.1792661E-003
          4575.04     -5.3602108E-003
          4586.33     -5.5467730E-003
          4597.62     -5.7391012E-003
          4608.91     -5.9373462E-003
          4620.20     -6.1416622E-003
          4631.48     -6.3522063E-003
          4642.77     -6.5691382E-003
          4654.06     -6.7926208E-003
          4665.35     -7.0228198E-003
          4676.64     -7.2599041E-003
          4687.93     -7.5040453E-003
          4699.22     -7.7554178E-003
          4710.51     -8.0141992E-003
          4721.80     -8.2805701E-003
          4733.09     -8.5547135E-003
          4744.38     -8.8368157E-003
          4755.66     -9.1270659E-003
          4766.95     -9.4256559E-003
          4778.24     -9.7327808E-003
          4789.53     -1.0048638E-002
          4800.82     -1.0373427E-002
          4812.11     -1.0707352E-002
          4823.40     -1.1050617E-002
          4834.69     -1.1403432E-002
          4845.98     -1.1766006E-002
          4857.27     -1.2138554E-002
          4868.55     -1.2521290E-002
          4879.84     -1.2914433E-002
          4891.13     -1.3318202E-002
          4902.42     -1.3732820E-002
          4913.71     -1.4158510E-002
          4925.00     -1.4595499E-002
          4936.29     -1.5044015E-002
          4947.58     -1.5504288E-002
          4958.87     -1.5976548E-002
          4970.16     -1.6461029E-002
          4981.45     -1.6957964E-002
          4992.73     -1.7467588E-002
          5004.02     -1.7990136E-002
          5015.31     -1.8525846E-002
          5026.60     -1.9074953E-002
          5037.89     -1.9637696E-002
          5049.18     -2.0214312E-002
          5060.47     -2.0805037E-002
          5071.76     -2.1410108E-002
          5083.05     -2.2029763E-002
          5094.34     -2.2664235E-002
          5105.62     -2.3313759E-002
          5116.91     -2.3978567E-002
          5128.20     -2.4658891E-002
          5139.49     -2.5354958E-002
          5150.78     -2.6066995E-002
          5162.07     -2.6795223E-002
          5173.36     -2.7734204E-002
          5184.65     -2.9067857E-002
          5195.94     -3.0781106E-002
          5207.23     -3.2859708E-002
          5218.52     -3.5290215E-002
          5229.80     -3.8059935E-002
          5241.09     -4.1156883E-002
          5252.38     -4.4569757E-002
          5263.67     -4.8287901E-002
          5274.96     -5.2301256E-002
          5286.25     -5.6600347E-002
          5297.54     -6.1176242E-002
          5308.83     -6.6020521E-002
          5320.12     -7.1125257E-002
          5331.41     -7.6482965E-002
          5342.70     -8.2086610E-002
          5353.98     -8.7929561E-002
          5365.27     -9.4005556E-002
          5376.56     -1.0030871E-001
          5387.85     -1.0683346E-001
          5399.14     -1.1357458E-001
          5410.43     -1.2052711E-001
          5421.72     -1.2768637E-001
          5433.01     -1.3504795E-001
          5444.30     -1.4260766E-001
          5455.59     -1.5036151E-001
          5466.88     -1.5830574E-001
          5478.16     -1.6643675E-001
          5489.45     -1.7475109E-001
          5500.74     -1.8324549E-001
          5512.03     -1.9191677E-001
          5523.32     -2.0076189E-001
          5534.61     -2.0977791E-001
          5545.90     -2.1896195E-001
          5557.19     -2.2831120E-001
          5568.48     -2.3782293E-001
          5579.77     -2.4749438E-001
          5591.05     -2.5732280E-001
          5602.34     -2.6730540E-001
          5613.63     -2.7743945E-001
          5624.92     -2.8772219E-001
          5636.21     -2.9815082E-001
          5647.50     -3.0872252E-001
          5658.79     -3.1943440E-001
          5670.08     -3.3028354E-001
          5681.37     -3.4126662E-001
          5692.66     -3.5237998E-001
          5703.95     -3.6361995E-001
          5715.23     -3.7498283E-001
          5726.52     -3.8646484E-001
          5737.81     -3.9806218E-001
          5749.10     -4.0977097E-001
          5760.39     -4.2158725E-001
          5771.68     -4.3350697E-001
          5782.97     -4.4552599E-001
          5794.26     -4.5764039E-001
          5805.55     -4.6984635E-001
          5816.84     -4.8213976E-001
          5828.12     -4.9451633E-001
          5839.41     -5.0697147E-001
          5850.70     -5.1950029E-001
          5861.99     -5.3209766E-001
          5873.28     -5.4475808E-001
          5884.57     -5.5747576E-001
          5895.86     -5.7024457E-001
          5907.15     -5.8305800E-001
          5918.44     -5.9590906E-001
          5929.73     -6.0879031E-001
          5941.02     -6.2169392E-001
          5952.30     -6.3461174E-001
          5963.59     -6.4753518E-001
          5974.88     -6.6045529E-001
          5986.17     -6.7336265E-001
          5997.46     -6.8624737E-001
          6008.75     -6.9909919E-001
          6020.04     -7.1190742E-001
          6031.33     -7.2466103E-001
          6042.62     -7.3734867E-001
          6053.91     -7.4995837E-001
          6065.20     -7.6247760E-001
          6076.48     -7.7489328E-001
          6087.77     -7.8719170E-001
          6099.06     -7.9935854E-001
          6110.35     -8.1137871E-001
          6121.64     -8.2323634E-001
          6132.93     -8.3491464E-001
          6144.22     -8.4639595E-001
          6155.51     -8.5766197E-001
          6166.80     -8.6869374E-001
          6178.09     -8.7947155E-001
          6189.38     -8.8997503E-001
          6200.66     -9.0018279E-001
          6211.95     -9.1007239E-001
          6223.24     -9.1962027E-001
          6234.53     -9.2880172E-001
          6245.82     -9.3759087E-001
          6257.11     -9.4596061E-001
          6268.40     -9.5388259E-001
          6279.69     -9.6132715E-001
          6290.98     -9.6826330E-001
          6302.27     -9.7465866E-001
          6313.55     -9.8047940E-001
          6324.84     -9.8569017E-001
          6336.13     -9.9025413E-001
          6347.42     -9.9413284E-001
          6358.71     -9.9728620E-001
          6370.00     -9.9967245E-001
