          3480.00     -1.3940025E-033
          3491.29     -1.7762116E-003
          3502.58     -3.5493097E-003
          3513.87     -5.3195816E-003
          3525.16     -7.0873081E-003
          3536.45     -8.8527724E-003
          3547.73     -1.0616256E-002
          3559.02     -1.2378032E-002
          3570.31     -1.4138379E-002
          3581.60     -1.5897570E-002
          3592.89     -1.7655877E-002
          3604.18     -1.9413560E-002
          3615.47     -2.1170840E-002
          3626.76     -2.2927920E-002
          3638.05     -2.4685003E-002
          3649.34     -2.6442284E-002
          3660.62     -2.8199963E-002
          3671.91     -2.9958235E-002
          3683.20     -3.1717295E-002
          3694.49     -3.3477336E-002
          3705.78     -3.5238547E-002
          3717.07     -3.7001118E-002
          3728.36     -3.8765240E-002
          3739.65     -4.0531095E-002
          3750.94     -4.2298871E-002
          3762.23     -4.4068751E-002
          3773.52     -4.5840919E-002
          3784.80     -4.7615556E-002
          3796.09     -4.9392840E-002
          3807.38     -5.1172957E-002
          3818.67     -5.2956094E-002
          3829.96     -5.4742436E-002
          3841.25     -5.6532168E-002
          3852.54     -5.8325474E-002
          3863.83     -6.0122535E-002
          3875.12     -6.1923536E-002
          3886.41     -6.3728653E-002
          3897.70     -6.5538065E-002
          3908.98     -6.7351954E-002
          3920.27     -6.9170492E-002
          3931.56     -7.0993857E-002
          3942.85     -7.2822223E-002
          3954.14     -7.4655769E-002
          3965.43     -7.6494675E-002
          3976.72     -7.8339120E-002
          3988.01     -8.0189285E-002
          3999.30     -8.2045350E-002
          4010.59     -8.3907489E-002
          4021.88     -8.5775881E-002
          4033.16     -8.7650703E-002
          4044.45     -8.9532129E-002
          4055.74     -9.1420335E-002
          4067.03     -9.3315491E-002
          4078.32     -9.5217773E-002
          4089.61     -9.7127353E-002
          4100.90     -9.9044399E-002
          4112.19     -1.0096908E-001
          4123.48     -1.0290158E-001
          4134.77     -1.0484205E-001
          4146.05     -1.0679067E-001
          4157.34     -1.0874760E-001
          4168.63     -1.1071301E-001
          4179.92     -1.1268708E-001
          4191.21     -1.1466995E-001
          4202.50     -1.1666181E-001
          4213.79     -1.1866280E-001
          4225.08     -1.2067311E-001
          4236.37     -1.2269289E-001
          4247.66     -1.2472230E-001
          4258.95     -1.2676150E-001
          4270.23     -1.2881066E-001
          4281.52     -1.3086993E-001
          4292.81     -1.3293948E-001
          4304.10     -1.3501947E-001
          4315.39     -1.3711004E-001
          4326.68     -1.3921137E-001
          4337.97     -1.4132360E-001
          4349.26     -1.4344690E-001
          4360.55     -1.4558142E-001
          4371.84     -1.4772732E-001
          4383.12     -1.4988476E-001
          4394.41     -1.5205391E-001
          4405.70     -1.5423490E-001
          4416.99     -1.5642791E-001
          4428.28     -1.5863307E-001
          4439.57     -1.6085053E-001
          4450.86     -1.6308046E-001
          4462.15     -1.6532300E-001
          4473.44     -1.6757830E-001
          4484.73     -1.6984651E-001
          4496.02     -1.7212778E-001
          4507.30     -1.7442226E-001
          4518.59     -1.7673010E-001
          4529.88     -1.7905144E-001
          4541.17     -1.8138645E-001
          4552.46     -1.8373525E-001
          4563.75     -1.8609800E-001
          4575.04     -1.8847485E-001
          4586.33     -1.9086595E-001
          4597.62     -1.9327144E-001
          4608.91     -1.9569147E-001
          4620.20     -1.9812619E-001
          4631.48     -2.0057573E-001
          4642.77     -2.0304026E-001
          4654.06     -2.0551991E-001
          4665.35     -2.0801482E-001
          4676.64     -2.1052515E-001
          4687.93     -2.1305104E-001
          4699.22     -2.1559263E-001
          4710.51     -2.1815007E-001
          4721.80     -2.2072350E-001
          4733.09     -2.2331306E-001
          4744.38     -2.2591890E-001
          4755.66     -2.2854116E-001
          4766.95     -2.3117998E-001
          4778.24     -2.3383551E-001
          4789.53     -2.3650789E-001
          4800.82     -2.3919725E-001
          4812.11     -2.4190375E-001
          4823.40     -2.4462752E-001
          4834.69     -2.4736870E-001
          4845.98     -2.5012744E-001
          4857.27     -2.5290388E-001
          4868.55     -2.5569815E-001
          4879.84     -2.5851040E-001
          4891.13     -2.6134076E-001
          4902.42     -2.6418938E-001
          4913.71     -2.6705639E-001
          4925.00     -2.6994193E-001
          4936.29     -2.7284613E-001
          4947.58     -2.7576915E-001
          4958.87     -2.7871111E-001
          4970.16     -2.8167216E-001
          4981.45     -2.8465242E-001
          4992.73     -2.8765205E-001
          5004.02     -2.9067117E-001
          5015.31     -2.9370993E-001
          5026.60     -2.9676845E-001
          5037.89     -2.9984687E-001
          5049.18     -3.0294533E-001
          5060.47     -3.0606396E-001
          5071.76     -3.0920290E-001
          5083.05     -3.1236228E-001
          5094.34     -3.1554224E-001
          5105.62     -3.1874291E-001
          5116.91     -3.2196442E-001
          5128.20     -3.2520690E-001
          5139.49     -3.2847051E-001
          5150.78     -3.3175536E-001
          5162.07     -3.3506158E-001
          5173.36     -3.3841369E-001
          5184.65     -3.4183578E-001
          5195.94     -3.4532741E-001
          5207.23     -3.4888815E-001
          5218.52     -3.5251756E-001
          5229.80     -3.5621519E-001
          5241.09     -3.5998062E-001
          5252.38     -3.6381342E-001
          5263.67     -3.6771315E-001
          5274.96     -3.7167939E-001
          5286.25     -3.7571172E-001
          5297.54     -3.7980970E-001
          5308.83     -3.8397292E-001
          5320.12     -3.8820097E-001
          5331.41     -3.9249340E-001
          5342.70     -3.9684982E-001
          5353.98     -4.0126981E-001
          5365.27     -4.0575295E-001
          5376.56     -4.1029883E-001
          5387.85     -4.1490704E-001
          5399.14     -4.1957717E-001
          5410.43     -4.2430882E-001
          5421.72     -4.2910158E-001
          5433.01     -4.3395503E-001
          5444.30     -4.3886880E-001
          5455.59     -4.4384245E-001
          5466.88     -4.4887560E-001
          5478.16     -4.5396783E-001
          5489.45     -4.5911876E-001
          5500.74     -4.6432797E-001
          5512.03     -4.6959507E-001
          5523.32     -4.7491966E-001
          5534.61     -4.8030135E-001
          5545.90     -4.8573974E-001
          5557.19     -4.9123442E-001
          5568.48     -4.9678502E-001
          5579.77     -5.0239111E-001
          5591.05     -5.0805224E-001
          5602.34     -5.1376796E-001
          5613.63     -5.1953781E-001
          5624.92     -5.2536135E-001
          5636.21     -5.3123811E-001
          5647.50     -5.3716766E-001
          5658.79     -5.4314954E-001
          5670.08     -5.4918330E-001
          5681.37     -5.5526831E-001
          5692.66     -5.6140372E-001
          5703.95     -5.6758870E-001
          5715.23     -5.7382242E-001
          5726.52     -5.8010405E-001
          5737.81     -5.8643275E-001
          5749.10     -5.9280770E-001
          5760.39     -5.9922807E-001
          5771.68     -6.0569304E-001
          5782.97     -6.1220180E-001
          5794.26     -6.1875373E-001
          5805.55     -6.2534843E-001
          5816.84     -6.3198546E-001
          5828.12     -6.3866440E-001
          5839.41     -6.4538483E-001
          5850.70     -6.5214633E-001
          5861.99     -6.5894850E-001
          5873.28     -6.6579090E-001
          5884.57     -6.7267312E-001
          5895.86     -6.7959476E-001
          5907.15     -6.8655539E-001
          5918.44     -6.9355454E-001
          5929.73     -7.0059164E-001
          5941.02     -7.0766614E-001
          5952.30     -7.1477748E-001
          5963.59     -7.2192511E-001
          5974.88     -7.2910846E-001
          5986.17     -7.3632694E-001
          5997.46     -7.4357993E-001
          6008.75     -7.5086683E-001
          6020.04     -7.5818703E-001
          6031.33     -7.6554001E-001
          6042.62     -7.7292537E-001
          6053.91     -7.8034269E-001
          6065.20     -7.8779156E-001
          6076.48     -7.9527162E-001
          6087.77     -8.0278252E-001
          6099.06     -8.1032399E-001
          6110.35     -8.1789572E-001
          6121.64     -8.2549740E-001
          6132.93     -8.3312862E-001
          6144.22     -8.4078885E-001
          6155.51     -8.4847759E-001
          6166.80     -8.5619443E-001
          6178.09     -8.6393901E-001
          6189.38     -8.7171113E-001
          6200.66     -8.7951063E-001
          6211.95     -8.8733733E-001
          6223.24     -8.9519107E-001
          6234.53     -9.0307166E-001
          6245.82     -9.1097894E-001
          6257.11     -9.1891275E-001
          6268.40     -9.2687288E-001
          6279.69     -9.3485918E-001
          6290.98     -9.4287150E-001
          6302.27     -9.5090968E-001
          6313.55     -9.5897355E-001
          6324.84     -9.6706294E-001
          6336.13     -9.7517769E-001
          6347.42     -9.8331765E-001
          6358.71     -9.9148264E-001
          6370.00     -9.9967245E-001
