          3480.00      0.0000000E+000
          3491.29      3.3679528E+003
          3502.58      6.7443936E+003
          3513.87      1.0129569E+004
          3525.16      1.3523715E+004
          3536.45      1.6927071E+004
          3547.73      2.0339875E+004
          3559.02      2.3762352E+004
          3570.31      2.7194732E+004
          3581.60      3.0637240E+004
          3592.89      3.4090096E+004
          3604.18      3.7553512E+004
          3615.47      4.1027663E+004
          3626.76      4.4512717E+004
          3638.05      4.8008838E+004
          3649.34      5.1516178E+004
          3660.62      5.5034896E+004
          3671.91      5.8565144E+004
          3683.20      6.2107072E+004
          3694.49      6.5660830E+004
          3705.78      6.9226556E+004
          3717.07      7.2804393E+004
          3728.36      7.6394482E+004
          3739.65      7.9996951E+004
          3750.94      8.3611934E+004
          3762.23      8.7239559E+004
          3773.52      9.0879951E+004
          3784.80      9.4533233E+004
          3796.09      9.8199517E+004
          3807.38      1.0187892E+005
          3818.67      1.0557158E+005
          3829.96      1.0927758E+005
          3841.25      1.1299705E+005
          3852.54      1.1673009E+005
          3863.83      1.2047681E+005
          3875.12      1.2423730E+005
          3886.41      1.2801166E+005
          3897.70      1.3179998E+005
          3908.98      1.3560234E+005
          3920.27      1.3941883E+005
          3931.56      1.4324953E+005
          3942.85      1.4709451E+005
          3954.14      1.5095385E+005
          3965.43      1.5482762E+005
          3976.72      1.5871587E+005
          3988.01      1.6261869E+005
          3999.30      1.6653612E+005
          4010.59      1.7046823E+005
          4021.88      1.7441505E+005
          4033.16      1.7837665E+005
          4044.45      1.8235305E+005
          4055.74      1.8634429E+005
          4067.03      1.9035041E+005
          4078.32      1.9437143E+005
          4089.61      1.9840737E+005
          4100.90      2.0245825E+005
          4112.19      2.0652408E+005
          4123.48      2.1060486E+005
          4134.77      2.1470061E+005
          4146.05      2.1881131E+005
          4157.34      2.2293695E+005
          4168.63      2.2707753E+005
          4179.92      2.3123302E+005
          4191.21      2.3540339E+005
          4202.50      2.3958862E+005
          4213.79      2.4378868E+005
          4225.08      2.4800352E+005
          4236.37      2.5223309E+005
          4247.66      2.5647735E+005
          4258.95      2.6073623E+005
          4270.23      2.6500967E+005
          4281.52      2.6929760E+005
          4292.81      2.7359994E+005
          4304.10      2.7791662E+005
          4315.39      2.8224755E+005
          4326.68      2.8659263E+005
          4337.97      2.9095175E+005
          4349.26      2.9532483E+005
          4360.55      2.9971174E+005
          4371.84      3.0411237E+005
          4383.12      3.0852661E+005
          4394.41      3.1295431E+005
          4405.70      3.1739535E+005
          4416.99      3.2184957E+005
          4428.28      3.2631683E+005
          4439.57      3.3079697E+005
          4450.86      3.3528982E+005
          4462.15      3.3979521E+005
          4473.44      3.4431297E+005
          4484.73      3.4884290E+005
          4496.02      3.5338482E+005
          4507.30      3.5793854E+005
          4518.59      3.6250383E+005
          4529.88      3.6708049E+005
          4541.17      3.7166831E+005
          4552.46      3.7626705E+005
          4563.75      3.8087647E+005
          4575.04      3.8549635E+005
          4586.33      3.9012642E+005
          4597.62      3.9476644E+005
          4608.91      3.9941613E+005
          4620.20      4.0407523E+005
          4631.48      4.0874346E+005
          4642.77      4.1342053E+005
          4654.06      4.1810614E+005
          4665.35      4.2279999E+005
          4676.64      4.2750178E+005
          4687.93      4.3221118E+005
          4699.22      4.3692787E+005
          4710.51      4.4165150E+005
          4721.80      4.4638174E+005
          4733.09      4.5111823E+005
          4744.38      4.5586061E+005
          4755.66      4.6060852E+005
          4766.95      4.6536157E+005
          4778.24      4.7011939E+005
          4789.53      4.7488156E+005
          4800.82      4.7964769E+005
          4812.11      4.8441737E+005
          4823.40      4.8919017E+005
          4834.69      4.9396566E+005
          4845.98      4.9874340E+005
          4857.27      5.0352295E+005
          4868.55      5.0830383E+005
          4879.84      5.1308559E+005
          4891.13      5.1786774E+005
          4902.42      5.2264980E+005
          4913.71      5.2743126E+005
          4925.00      5.3221161E+005
          4936.29      5.3699035E+005
          4947.58      5.4176695E+005
          4958.87      5.4654086E+005
          4970.16      5.5131154E+005
          4981.45      5.5607844E+005
          4992.73      5.6084098E+005
          5004.02      5.6559858E+005
          5015.31      5.7035066E+005
          5026.60      5.7509661E+005
          5037.89      5.7983584E+005
          5049.18      5.8456771E+005
          5060.47      5.8929159E+005
          5071.76      5.9400684E+005
          5083.05      5.9871282E+005
          5094.34      6.0340884E+005
          5105.62      6.0809425E+005
          5116.91      6.1276835E+005
          5128.20      6.1743044E+005
          5139.49      6.2207983E+005
          5150.78      6.2671577E+005
          5162.07      6.3133755E+005
          5173.36      6.3605002E+005
          5184.65      6.4095093E+005
          5195.94      6.4602894E+005
          5207.23      6.5127274E+005
          5218.52      6.5667107E+005
          5229.80      6.6221268E+005
          5241.09      6.6788637E+005
          5252.38      6.7368097E+005
          5263.67      6.7958532E+005
          5274.96      6.8558829E+005
          5286.25      6.9167878E+005
          5297.54      6.9784569E+005
          5308.83      7.0407795E+005
          5320.12      7.1036451E+005
          5331.41      7.1669429E+005
          5342.70      7.2305626E+005
          5353.98      7.2943939E+005
          5365.27      7.3583263E+005
          5376.56      7.4222495E+005
          5387.85      7.4860532E+005
          5399.14      7.5496271E+005
          5410.43      7.6128608E+005
          5421.72      7.6756436E+005
          5433.01      7.7378651E+005
          5444.30      7.7994147E+005
          5455.59      7.8601813E+005
          5466.88      7.9200541E+005
          5478.16      7.9789219E+005
          5489.45      8.0366734E+005
          5500.74      8.0931972E+005
          5512.03      8.1483813E+005
          5523.32      8.2021139E+005
          5534.61      8.2542829E+005
          5545.90      8.3047755E+005
          5557.19      8.3534791E+005
          5568.48      8.4002806E+005
          5579.77      8.4450665E+005
          5591.05      8.4877231E+005
          5602.34      8.5281365E+005
          5613.63      8.5661925E+005
          5624.92      8.6017769E+005
          5636.21      8.6347751E+005
          5647.50      8.6650725E+005
          5658.79      8.6925542E+005
          5670.08      8.7171051E+005
          5681.37      8.7386102E+005
          5692.66      8.7569553E+005
          5703.95      8.7720275E+005
          5715.23      8.7837148E+005
          5726.52      8.7919061E+005
          5737.81      8.7964917E+005
          5749.10      8.7973630E+005
          5760.39      8.7944125E+005
          5771.68      8.7875338E+005
          5782.97      8.7766217E+005
          5794.26      8.7615707E+005
          5805.55      8.7422743E+005
          5816.84      8.7186259E+005
          5828.12      8.6905187E+005
          5839.41      8.6578456E+005
          5850.70      8.6204994E+005
          5861.99      8.5783724E+005
          5873.28      8.5313571E+005
          5884.57      8.4793453E+005
          5895.86      8.4222288E+005
          5907.15      8.3598993E+005
          5918.44      8.2922489E+005
          5929.73      8.2191711E+005
          5941.02      8.1405597E+005
          5952.30      8.0563088E+005
          5963.59      7.9663129E+005
          5974.88      7.8704670E+005
          5986.17      7.7686672E+005
          5997.46      7.6608106E+005
          6008.75      7.5467948E+005
          6020.04      7.4265181E+005
          6031.33      7.2998773E+005
          6042.62      7.1667674E+005
          6053.91      7.0270836E+005
          6065.20      6.8807207E+005
          6076.48      6.7275723E+005
          6087.77      6.5675309E+005
          6099.06      6.4004874E+005
          6110.35      6.2263323E+005
          6121.64      6.0449559E+005
          6132.93      5.8562511E+005
          6144.22      5.6601144E+005
          6155.51      5.4564410E+005
          6166.80      5.2451247E+005
          6178.09      5.0260569E+005
          6189.38      4.7991237E+005
          6200.66      4.5642090E+005
          6211.95      4.3211955E+005
          6223.24      4.0699645E+005
          6234.53      3.8103968E+005
          6245.82      3.5423715E+005
          6257.11      3.2657663E+005
          6268.40      2.9804584E+005
          6279.69      2.6863229E+005
          6290.98      2.3832333E+005
          6302.27      2.0710618E+005
          6313.55      1.7496793E+005
          6324.84      1.4189560E+005
          6336.13      1.0787598E+005
          6347.42      7.2895749E+004
          6358.71      3.6941577E+004
          6370.00      1.1478566E-031
