          3480.00      1.9786821E-027
          3491.29      4.8575228E+003
          3502.58      9.7262175E+003
          3513.87      1.4606188E+004
          3525.16      1.9497523E+004
          3536.45      2.4400324E+004
          3547.73      2.9314688E+004
          3559.02      3.4240699E+004
          3570.31      3.9178452E+004
          3581.60      4.4128034E+004
          3592.89      4.9089532E+004
          3604.18      5.4063021E+004
          3615.47      5.9048527E+004
          3626.76      6.4046065E+004
          3638.05      6.9055652E+004
          3649.34      7.4077285E+004
          3660.62      7.9110977E+004
          3671.91      8.4156734E+004
          3683.20      8.9214559E+004
          3694.49      9.4284461E+004
          3705.78      9.9366432E+004
          3717.07      1.0446047E+005
          3728.36      1.0956659E+005
          3739.65      1.1468477E+005
          3750.94      1.1981502E+005
          3762.23      1.2495732E+005
          3773.52      1.3011166E+005
          3784.80      1.3527805E+005
          3796.09      1.4045646E+005
          3807.38      1.4564688E+005
          3818.67      1.5084932E+005
          3829.96      1.5606376E+005
          3841.25      1.6129020E+005
          3852.54      1.6652862E+005
          3863.83      1.7177902E+005
          3875.12      1.7704137E+005
          3886.41      1.8231566E+005
          3897.70      1.8760187E+005
          3908.98      1.9289998E+005
          3920.27      1.9820997E+005
          3931.56      2.0353180E+005
          3942.85      2.0886546E+005
          3954.14      2.1421092E+005
          3965.43      2.1956815E+005
          3976.72      2.2493713E+005
          3988.01      2.3031783E+005
          3999.30      2.3571022E+005
          4010.59      2.4111427E+005
          4021.88      2.4652995E+005
          4033.16      2.5195721E+005
          4044.45      2.5739603E+005
          4055.74      2.6284635E+005
          4067.03      2.6830814E+005
          4078.32      2.7378134E+005
          4089.61      2.7926592E+005
          4100.90      2.8476182E+005
          4112.19      2.9026898E+005
          4123.48      2.9578735E+005
          4134.77      3.0131687E+005
          4146.05      3.0685750E+005
          4157.34      3.1240914E+005
          4168.63      3.1797175E+005
          4179.92      3.2354527E+005
          4191.21      3.2912960E+005
          4202.50      3.3472469E+005
          4213.79      3.4033045E+005
          4225.08      3.4594682E+005
          4236.37      3.5157372E+005
          4247.66      3.5721104E+005
          4258.95      3.6285872E+005
          4270.23      3.6851667E+005
          4281.52      3.7418479E+005
          4292.81      3.7986298E+005
          4304.10      3.8555116E+005
          4315.39      3.9124922E+005
          4326.68      3.9695707E+005
          4337.97      4.0267458E+005
          4349.26      4.0840168E+005
          4360.55      4.1413823E+005
          4371.84      4.1988414E+005
          4383.12      4.2563930E+005
          4394.41      4.3140359E+005
          4405.70      4.3717689E+005
          4416.99      4.4295908E+005
          4428.28      4.4875002E+005
          4439.57      4.5454960E+005
          4450.86      4.6035768E+005
          4462.15      4.6617412E+005
          4473.44      4.7199879E+005
          4484.73      4.7783155E+005
          4496.02      4.8367226E+005
          4507.30      4.8952077E+005
          4518.59      4.9537694E+005
          4529.88      5.0124061E+005
          4541.17      5.0711165E+005
          4552.46      5.1298987E+005
          4563.75      5.1887514E+005
          4575.04      5.2476730E+005
          4586.33      5.3066617E+005
          4597.62      5.3657161E+005
          4608.91      5.4248342E+005
          4620.20      5.4840146E+005
          4631.48      5.5432554E+005
          4642.77      5.6025549E+005
          4654.06      5.6619113E+005
          4665.35      5.7213227E+005
          4676.64      5.7807875E+005
          4687.93      5.8403036E+005
          4699.22      5.8998692E+005
          4710.51      5.9594824E+005
          4721.80      6.0191413E+005
          4733.09      6.0788438E+005
          4744.38      6.1385879E+005
          4755.66      6.1983717E+005
          4766.95      6.2581931E+005
          4778.24      6.3180500E+005
          4789.53      6.3779402E+005
          4800.82      6.4378617E+005
          4812.11      6.4978123E+005
          4823.40      6.5577897E+005
          4834.69      6.6177919E+005
          4845.98      6.6778164E+005
          4857.27      6.7378611E+005
          4868.55      6.7979237E+005
          4879.84      6.8580018E+005
          4891.13      6.9180930E+005
          4902.42      6.9781950E+005
          4913.71      7.0383052E+005
          4925.00      7.0984214E+005
          4936.29      7.1585410E+005
          4947.58      7.2186614E+005
          4958.87      7.2787804E+005
          4970.16      7.3388951E+005
          4981.45      7.3990030E+005
          4992.73      7.4591017E+005
          5004.02      7.5191882E+005
          5015.31      7.5792602E+005
          5026.60      7.6393147E+005
          5037.89      7.6993491E+005
          5049.18      7.7593608E+005
          5060.47      7.8193467E+005
          5071.76      7.8793041E+005
          5083.05      7.9392304E+005
          5094.34      7.9991224E+005
          5105.62      8.0589773E+005
          5116.91      8.1187923E+005
          5128.20      8.1785644E+005
          5139.49      8.2382907E+005
          5150.78      8.2979680E+005
          5162.07      8.3575934E+005
          5173.36      8.4167699E+005
          5184.65      8.4750697E+005
          5195.94      8.5324439E+005
          5207.23      8.5888432E+005
          5218.52      8.6442185E+005
          5229.80      8.6985205E+005
          5241.09      8.7516997E+005
          5252.38      8.8037069E+005
          5263.67      8.8544926E+005
          5274.96      8.9040071E+005
          5286.25      8.9522010E+005
          5297.54      8.9990245E+005
          5308.83      9.0444278E+005
          5320.12      9.0883611E+005
          5331.41      9.1307744E+005
          5342.70      9.1716178E+005
          5353.98      9.2108411E+005
          5365.27      9.2483941E+005
          5376.56      9.2842265E+005
          5387.85      9.3182879E+005
          5399.14      9.3505278E+005
          5410.43      9.3808958E+005
          5421.72      9.4093410E+005
          5433.01      9.4358126E+005
          5444.30      9.4602599E+005
          5455.59      9.4826318E+005
          5466.88      9.5028771E+005
          5478.16      9.5209448E+005
          5489.45      9.5367834E+005
          5500.74      9.5503417E+005
          5512.03      9.5615680E+005
          5523.32      9.5704107E+005
          5534.61      9.5768182E+005
          5545.90      9.5807384E+005
          5557.19      9.5821195E+005
          5568.48      9.5809094E+005
          5579.77      9.5770560E+005
          5591.05      9.5705075E+005
          5602.34      9.5612120E+005
          5613.63      9.5491176E+005
          5624.92      9.5341725E+005
          5636.21      9.5163249E+005
          5647.50      9.4955229E+005
          5658.79      9.4717147E+005
          5670.08      9.4448484E+005
          5681.37      9.4148743E+005
          5692.66      9.3817450E+005
          5703.95      9.3454137E+005
          5715.23      9.3058348E+005
          5726.52      9.2629632E+005
          5737.81      9.2167548E+005
          5749.10      9.1671663E+005
          5760.39      9.1141554E+005
          5771.68      9.0576803E+005
          5782.97      8.9977003E+005
          5794.26      8.9341723E+005
          5805.55      8.8670514E+005
          5816.84      8.7962924E+005
          5828.12      8.7218505E+005
          5839.41      8.6436807E+005
          5850.70      8.5617381E+005
          5861.99      8.4759780E+005
          5873.28      8.3863558E+005
          5884.57      8.2928267E+005
          5895.86      8.1953462E+005
          5907.15      8.0938700E+005
          5918.44      7.9883550E+005
          5929.73      7.8787601E+005
          5941.02      7.7650445E+005
          5952.30      7.6471676E+005
          5963.59      7.5250898E+005
          5974.88      7.3987716E+005
          5986.17      7.2681750E+005
          5997.46      7.1332631E+005
          6008.75      6.9939993E+005
          6020.04      6.8503477E+005
          6031.33      6.7022707E+005
          6042.62      6.5497285E+005
          6053.91      6.3926821E+005
          6065.20      6.2310920E+005
          6076.48      6.0649182E+005
          6087.77      5.8941198E+005
          6099.06      5.7186546E+005
          6110.35      5.5384805E+005
          6121.64      5.3535561E+005
          6132.93      5.1638430E+005
          6144.22      4.9693064E+005
          6155.51      4.7699104E+005
          6166.80      4.5656183E+005
          6178.09      4.3563908E+005
          6189.38      4.1421844E+005
          6200.66      3.9229538E+005
          6211.95      3.6986540E+005
          6223.24      3.4692390E+005
          6234.53      3.2346633E+005
          6245.82      2.9948807E+005
          6257.11      2.7498443E+005
          6268.40      2.4995078E+005
          6279.69      2.2438236E+005
          6290.98      1.9827436E+005
          6302.27      1.7162195E+005
          6313.55      1.4442024E+005
          6324.84      1.1666436E+005
          6336.13      8.8349370E+004
          6347.42      5.9470258E+004
          6358.71      3.0022119E+004
          6370.00     -2.6931174E-029
