          3480.00      8.8489352E-027
          3491.29      2.3696989E+003
          3502.58      4.7456059E+003
          3513.87      7.1280312E+003
          3525.16      9.5172753E+003
          3536.45      1.1913642E+004
          3547.73      1.4317430E+004
          3559.02      1.6728931E+004
          3570.31      1.9148436E+004
          3581.60      2.1576234E+004
          3592.89      2.4012608E+004
          3604.18      2.6457834E+004
          3615.47      2.8912162E+004
          3626.76      3.1375834E+004
          3638.05      3.3849091E+004
          3649.34      3.6332161E+004
          3660.62      3.8825280E+004
          3671.91      4.1328675E+004
          3683.20      4.3842572E+004
          3694.49      4.6367196E+004
          3705.78      4.8902762E+004
          3717.07      5.1449486E+004
          3728.36      5.4007586E+004
          3739.65      5.6577265E+004
          3750.94      5.9158732E+004
          3762.23      6.1752189E+004
          3773.52      6.4357837E+004
          3784.80      6.6975874E+004
          3796.09      6.9606486E+004
          3807.38      7.2249870E+004
          3818.67      7.4906217E+004
          3829.96      7.7575709E+004
          3841.25      8.0258532E+004
          3852.54      8.2954865E+004
          3863.83      8.5664884E+004
          3875.12      8.8388761E+004
          3886.41      9.1126660E+004
          3897.70      9.3878747E+004
          3908.98      9.6645183E+004
          3920.27      9.9426120E+004
          3931.56      1.0222171E+005
          3942.85      1.0503210E+005
          3954.14      1.0785744E+005
          3965.43      1.1069787E+005
          3976.72      1.1355352E+005
          3988.01      1.1642453E+005
          3999.30      1.1931104E+005
          4010.59      1.2221316E+005
          4021.88      1.2513101E+005
          4033.16      1.2806472E+005
          4044.45      1.3101440E+005
          4055.74      1.3398014E+005
          4067.03      1.3696205E+005
          4078.32      1.3996023E+005
          4089.61      1.4297477E+005
          4100.90      1.4600575E+005
          4112.19      1.4905325E+005
          4123.48      1.5211736E+005
          4134.77      1.5519814E+005
          4146.05      1.5829565E+005
          4157.34      1.6140996E+005
          4168.63      1.6454113E+005
          4179.92      1.6768919E+005
          4191.21      1.7085419E+005
          4202.50      1.7403618E+005
          4213.79      1.7723517E+005
          4225.08      1.8045120E+005
          4236.37      1.8368429E+005
          4247.66      1.8693445E+005
          4258.95      1.9020168E+005
          4270.23      1.9348600E+005
          4281.52      1.9678738E+005
          4292.81      2.0010582E+005
          4304.10      2.0344130E+005
          4315.39      2.0679380E+005
          4326.68      2.1016328E+005
          4337.97      2.1354971E+005
          4349.26      2.1695303E+005
          4360.55      2.2037321E+005
          4371.84      2.2381017E+005
          4383.12      2.2726386E+005
          4394.41      2.3073420E+005
          4405.70      2.3422112E+005
          4416.99      2.3772451E+005
          4428.28      2.4124429E+005
          4439.57      2.4478035E+005
          4450.86      2.4833258E+005
          4462.15      2.5190086E+005
          4473.44      2.5548505E+005
          4484.73      2.5908502E+005
          4496.02      2.6270063E+005
          4507.30      2.6633172E+005
          4518.59      2.6997814E+005
          4529.88      2.7363970E+005
          4541.17      2.7731624E+005
          4552.46      2.8100757E+005
          4563.75      2.8471349E+005
          4575.04      2.8843379E+005
          4586.33      2.9216827E+005
          4597.62      2.9591670E+005
          4608.91      2.9967884E+005
          4620.20      3.0345445E+005
          4631.48      3.0724329E+005
          4642.77      3.1104509E+005
          4654.06      3.1485958E+005
          4665.35      3.1868648E+005
          4676.64      3.2252549E+005
          4687.93      3.2637633E+005
          4699.22      3.3023866E+005
          4710.51      3.3411217E+005
          4721.80      3.3799654E+005
          4733.09      3.4189140E+005
          4744.38      3.4579641E+005
          4755.66      3.4971120E+005
          4766.95      3.5363539E+005
          4778.24      3.5756860E+005
          4789.53      3.6151041E+005
          4800.82      3.6546043E+005
          4812.11      3.6941823E+005
          4823.40      3.7338336E+005
          4834.69      3.7735538E+005
          4845.98      3.8133383E+005
          4857.27      3.8531824E+005
          4868.55      3.8930812E+005
          4879.84      3.9330297E+005
          4891.13      3.9730227E+005
          4902.42      4.0130551E+005
          4913.71      4.0531214E+005
          4925.00      4.0932161E+005
          4936.29      4.1333336E+005
          4947.58      4.1734680E+005
          4958.87      4.2136135E+005
          4970.16      4.2537639E+005
          4981.45      4.2939131E+005
          4992.73      4.3340546E+005
          5004.02      4.3741820E+005
          5015.31      4.4142886E+005
          5026.60      4.4543676E+005
          5037.89      4.4944120E+005
          5049.18      4.5344148E+005
          5060.47      4.5743686E+005
          5071.76      4.6142661E+005
          5083.05      4.6540996E+005
          5094.34      4.6938614E+005
          5105.62      4.7335436E+005
          5116.91      4.7731381E+005
          5128.20      4.8126368E+005
          5139.49      4.8520311E+005
          5150.78      4.8913126E+005
          5162.07      4.9304725E+005
          5173.36      4.9712085E+005
          5184.65      5.0151274E+005
          5195.94      5.0620855E+005
          5207.23      5.1119398E+005
          5218.52      5.1645481E+005
          5229.80      5.2197692E+005
          5241.09      5.2774624E+005
          5252.38      5.3374881E+005
          5263.67      5.3997070E+005
          5274.96      5.4639806E+005
          5286.25      5.5301708E+005
          5297.54      5.5981404E+005
          5308.83      5.6677523E+005
          5320.12      5.7388699E+005
          5331.41      5.8113570E+005
          5342.70      5.8850778E+005
          5353.98      5.9598968E+005
          5365.27      6.0356786E+005
          5376.56      6.1122882E+005
          5387.85      6.1895906E+005
          5399.14      6.2674512E+005
          5410.43      6.3457351E+005
          5421.72      6.4243078E+005
          5433.01      6.5030345E+005
          5444.30      6.5817806E+005
          5455.59      6.6604114E+005
          5466.88      6.7387920E+005
          5478.16      6.8167873E+005
          5489.45      6.8942623E+005
          5500.74      6.9710817E+005
          5512.03      7.0471097E+005
          5523.32      7.1222104E+005
          5534.61      7.1962479E+005
          5545.90      7.2690854E+005
          5557.19      7.3405862E+005
          5568.48      7.4106130E+005
          5579.77      7.4790278E+005
          5591.05      7.5456924E+005
          5602.34      7.6104678E+005
          5613.63      7.6732150E+005
          5624.92      7.7337947E+005
          5636.21      7.7920670E+005
          5647.50      7.8478919E+005
          5658.79      7.9011290E+005
          5670.08      7.9516371E+005
          5681.37      7.9992747E+005
          5692.66      8.0438995E+005
          5703.95      8.0853709E+005
          5715.23      8.1235489E+005
          5726.52      8.1582946E+005
          5737.81      8.1894703E+005
          5749.10      8.2169395E+005
          5760.39      8.2405666E+005
          5771.68      8.2602173E+005
          5782.97      8.2757583E+005
          5794.26      8.2870569E+005
          5805.55      8.2939800E+005
          5816.84      8.2963939E+005
          5828.12      8.2941645E+005
          5839.41      8.2871572E+005
          5850.70      8.2752367E+005
          5861.99      8.2582672E+005
          5873.28      8.2361122E+005
          5884.57      8.2086349E+005
          5895.86      8.1756975E+005
          5907.15      8.1371617E+005
          5918.44      8.0928895E+005
          5929.73      8.0427433E+005
          5941.02      7.9865856E+005
          5952.30      7.9242788E+005
          5963.59      7.8556855E+005
          5974.88      7.7806687E+005
          5986.17      7.6990916E+005
          5997.46      7.6108186E+005
          6008.75      7.5157139E+005
          6020.04      7.4136424E+005
          6031.33      7.3044677E+005
          6042.62      7.1880510E+005
          6053.91      7.0642536E+005
          6065.20      6.9329357E+005
          6076.48      6.7939563E+005
          6087.77      6.6471725E+005
          6099.06      6.4924396E+005
          6110.35      6.3296117E+005
          6121.64      6.1585422E+005
          6132.93      5.9790865E+005
          6144.22      5.7911026E+005
          6155.51      5.5944474E+005
          6166.80      5.3889757E+005
          6178.09      5.1745396E+005
          6189.38      4.9509853E+005
          6200.66      4.7181563E+005
          6211.95      4.4758940E+005
          6223.24      4.2240376E+005
          6234.53      3.9624251E+005
          6245.82      3.6908916E+005
          6257.11      3.4092705E+005
          6268.40      3.1173935E+005
          6279.69      2.8150896E+005
          6290.98      2.5021851E+005
          6302.27      2.1785042E+005
          6313.55      1.8438690E+005
          6324.84      1.4980997E+005
          6336.13      1.1410138E+005
          6347.42      7.7242605E+004
          6358.71      3.9215085E+004
          6370.00     -5.2785170E-030
