          3480.00      1.4710822E-031
          3491.29     -3.5674815E-006
          3502.58     -7.1491634E-006
          3513.87     -1.0754400E-005
          3525.16     -1.4392482E-005
          3536.45     -1.8072678E-005
          3547.73     -2.1804251E-005
          3559.02     -2.5596469E-005
          3570.31     -2.9458650E-005
          3581.60     -3.3400169E-005
          3592.89     -3.7430483E-005
          3604.18     -4.1559146E-005
          3615.47     -4.5795796E-005
          3626.76     -5.0150210E-005
          3638.05     -5.4632329E-005
          3649.34     -5.9252265E-005
          3660.62     -6.4020346E-005
          3671.91     -6.8947121E-005
          3683.20     -7.4043380E-005
          3694.49     -7.9320179E-005
          3705.78     -8.4788843E-005
          3717.07     -9.0461010E-005
          3728.36     -9.6348640E-005
          3739.65     -1.0246402E-004
          3750.94     -1.0881980E-004
          3762.23     -1.1542903E-004
          3773.52     -1.2230514E-004
          3784.80     -1.2946199E-004
          3796.09     -1.3691387E-004
          3807.38     -1.4467555E-004
          3818.67     -1.5276231E-004
          3829.96     -1.6118990E-004
          3841.25     -1.6997463E-004
          3852.54     -1.7913334E-004
          3863.83     -1.8868346E-004
          3875.12     -1.9864303E-004
          3886.41     -2.0903067E-004
          3897.70     -2.1986568E-004
          3908.98     -2.3116804E-004
          3920.27     -2.4295840E-004
          3931.56     -2.5525814E-004
          3942.85     -2.6808940E-004
          3954.14     -2.8147510E-004
          3965.43     -2.9543899E-004
          3976.72     -3.1000562E-004
          3988.01     -3.2520045E-004
          3999.30     -3.4104980E-004
          4010.59     -3.5758091E-004
          4021.88     -3.7482200E-004
          4033.16     -3.9280225E-004
          4044.45     -4.1155187E-004
          4055.74     -4.3110213E-004
          4067.03     -4.5148533E-004
          4078.32     -4.7273497E-004
          4089.61     -4.9488565E-004
          4100.90     -5.1797315E-004
          4112.19     -5.4203452E-004
          4123.48     -5.6710803E-004
          4134.77     -5.9323329E-004
          4146.05     -6.2045124E-004
          4157.34     -6.4880416E-004
          4168.63     -6.7833579E-004
          4179.92     -7.0909136E-004
          4191.21     -7.4111750E-004
          4202.50     -7.7446249E-004
          4213.79     -8.0917614E-004
          4225.08     -8.4530993E-004
          4236.37     -8.8291704E-004
          4247.66     -9.2205226E-004
          4258.95     -9.6277225E-004
          4270.23     -1.0051355E-003
          4281.52     -1.0492023E-003
          4292.81     -1.0950348E-003
          4304.10     -1.1426974E-003
          4315.39     -1.1922561E-003
          4326.68     -1.2437793E-003
          4337.97     -1.2973374E-003
          4349.26     -1.3530029E-003
          4360.55     -1.4108507E-003
          4371.84     -1.4709578E-003
          4383.12     -1.5334038E-003
          4394.41     -1.5982705E-003
          4405.70     -1.6656420E-003
          4416.99     -1.7356052E-003
          4428.28     -1.8082493E-003
          4439.57     -1.8836660E-003
          4450.86     -1.9619502E-003
          4462.15     -2.0431989E-003
          4473.44     -2.1275122E-003
          4484.73     -2.2149930E-003
          4496.02     -2.3057473E-003
          4507.30     -2.3998837E-003
          4518.59     -2.4975141E-003
          4529.88     -2.5987532E-003
          4541.17     -2.7037192E-003
          4552.46     -2.8125331E-003
          4563.75     -2.9253195E-003
          4575.04     -3.0422062E-003
          4586.33     -3.1633243E-003
          4597.62     -3.2888084E-003
          4608.91     -3.4187965E-003
          4620.20     -3.5534303E-003
          4631.48     -3.6928549E-003
          4642.77     -3.8372191E-003
          4654.06     -3.9866755E-003
          4665.35     -4.1413803E-003
          4676.64     -4.3014936E-003
          4687.93     -4.4671796E-003
          4699.22     -4.6386056E-003
          4710.51     -4.8159437E-003
          4721.80     -4.9993696E-003
          4733.09     -5.1890629E-003
          4744.38     -5.3852075E-003
          4755.66     -5.5879913E-003
          4766.95     -5.7976063E-003
          4778.24     -6.0142490E-003
          4789.53     -6.2381193E-003
          4800.82     -6.4694219E-003
          4812.11     -6.7083659E-003
          4823.40     -6.9551638E-003
          4834.69     -7.2100332E-003
          4845.98     -7.4731956E-003
          4857.27     -7.7448767E-003
          4868.55     -8.0253067E-003
          4879.84     -8.3147193E-003
          4891.13     -8.6133531E-003
          4902.42     -8.9214510E-003
          4913.71     -9.2392592E-003
          4925.00     -9.5670289E-003
          4936.29     -9.9050149E-003
          4947.58     -1.0253476E-002
          4958.87     -1.0612676E-002
          4970.16     -1.0982881E-002
          4981.45     -1.1364362E-002
          4992.73     -1.1757393E-002
          5004.02     -1.2162251E-002
          5015.31     -1.2579219E-002
          5026.60     -1.3008581E-002
          5037.89     -1.3450625E-002
          5049.18     -1.3905643E-002
          5060.47     -1.4373927E-002
          5071.76     -1.4855775E-002
          5083.05     -1.5351486E-002
          5094.34     -1.5861361E-002
          5105.62     -1.6385705E-002
          5116.91     -1.6924823E-002
          5128.20     -1.7479021E-002
          5139.49     -1.8048610E-002
          5150.78     -1.8633898E-002
          5162.07     -1.9235196E-002
          5173.36     -2.0033933E-002
          5184.65     -2.1200653E-002
          5195.94     -2.2720114E-002
          5207.23     -2.4578060E-002
          5218.52     -2.6761167E-002
          5229.80     -2.9256998E-002
          5241.09     -3.2053940E-002
          5252.38     -3.5141177E-002
          5263.67     -3.8508637E-002
          5274.96     -4.2146939E-002
          5286.25     -4.6047375E-002
          5297.54     -5.0201861E-002
          5308.83     -5.4602898E-002
          5320.12     -5.9243547E-002
          5331.41     -6.4117378E-002
          5342.70     -6.9218465E-002
          5353.98     -7.4541344E-002
          5365.27     -8.0080966E-002
          5376.56     -8.5832706E-002
          5387.85     -9.1792310E-002
          5399.14     -9.7955875E-002
          5410.43     -1.0431983E-001
          5421.72     -1.1088091E-001
          5433.01     -1.1763612E-001
          5444.30     -1.2458275E-001
          5455.59     -1.3171830E-001
          5466.88     -1.3904050E-001
          5478.16     -1.4654728E-001
          5489.45     -1.5423676E-001
          5500.74     -1.6210720E-001
          5512.03     -1.7015701E-001
          5523.32     -1.7838472E-001
          5534.61     -1.8678899E-001
          5545.90     -1.9536852E-001
          5557.19     -2.0412211E-001
          5568.48     -2.1304863E-001
          5579.77     -2.2214692E-001
          5591.05     -2.3141582E-001
          5602.34     -2.4085415E-001
          5613.63     -2.5046076E-001
          5624.92     -2.6023447E-001
          5636.21     -2.7017405E-001
          5647.50     -2.8027823E-001
          5658.79     -2.9054565E-001
          5670.08     -3.0097489E-001
          5681.37     -3.1156415E-001
          5692.66     -3.2231123E-001
          5703.95     -3.3321393E-001
          5715.23     -3.4426996E-001
          5726.52     -3.5547693E-001
          5737.81     -3.6683240E-001
          5749.10     -3.7833379E-001
          5760.39     -3.8997842E-001
          5771.68     -4.0176345E-001
          5782.97     -4.1368593E-001
          5794.26     -4.2574304E-001
          5805.55     -4.3793201E-001
          5816.84     -4.5024974E-001
          5828.12     -4.6269283E-001
          5839.41     -4.7525751E-001
          5850.70     -4.8793967E-001
          5861.99     -5.0073479E-001
          5873.28     -5.1363794E-001
          5884.57     -5.2664377E-001
          5895.86     -5.3974650E-001
          5907.15     -5.5293982E-001
          5918.44     -5.6621685E-001
          5929.73     -5.7957007E-001
          5941.02     -5.9299151E-001
          5952.30     -6.0647267E-001
          5963.59     -6.2000449E-001
          5974.88     -6.3357740E-001
          5986.17     -6.4718116E-001
          5997.46     -6.6080493E-001
          6008.75     -6.7443729E-001
          6020.04     -6.8806617E-001
          6031.33     -7.0167905E-001
          6042.62     -7.1526280E-001
          6053.91     -7.2880348E-001
          6065.20     -7.4228632E-001
          6076.48     -7.5569573E-001
          6087.77     -7.6901522E-001
          6099.06     -7.8222738E-001
          6110.35     -7.9531372E-001
          6121.64     -8.0825460E-001
          6132.93     -8.2102912E-001
          6144.22     -8.3361509E-001
          6155.51     -8.4598937E-001
          6166.80     -8.5812776E-001
          6178.09     -8.7000497E-001
          6189.38     -8.8159455E-001
          6200.66     -8.9286857E-001
          6211.95     -9.0379754E-001
          6223.24     -9.1435029E-001
          6234.53     -9.2449389E-001
          6245.82     -9.3419367E-001
          6257.11     -9.4341311E-001
          6268.40     -9.5211371E-001
          6279.69     -9.6025504E-001
          6290.98     -9.6779456E-001
          6302.27     -9.7468760E-001
          6313.55     -9.8088719E-001
          6324.84     -9.8634407E-001
          6336.13     -9.9100655E-001
          6347.42     -9.9482042E-001
          6358.71     -9.9772888E-001
          6370.00     -9.9967245E-001
