          3480.00      1.1916867E-033
          3491.29     -1.4633689E-003
          3502.58     -2.9257410E-003
          3513.87     -4.3872816E-003
          3525.16     -5.8481488E-003
          3536.45     -7.3085021E-003
          3547.73     -8.7684979E-003
          3559.02     -1.0228286E-002
          3570.31     -1.1688017E-002
          3581.60     -1.3147839E-002
          3592.89     -1.4607895E-002
          3604.18     -1.6068325E-002
          3615.47     -1.7529250E-002
          3626.76     -1.8990786E-002
          3638.05     -2.0453048E-002
          3649.34     -2.1916142E-002
          3660.62     -2.3380178E-002
          3671.91     -2.4845263E-002
          3683.20     -2.6311501E-002
          3694.49     -2.7778995E-002
          3705.78     -2.9247843E-002
          3717.07     -3.0718145E-002
          3728.36     -3.2189999E-002
          3739.65     -3.3663496E-002
          3750.94     -3.5138731E-002
          3762.23     -3.6615794E-002
          3773.52     -3.8094776E-002
          3784.80     -3.9575764E-002
          3796.09     -4.1058842E-002
          3807.38     -4.2544097E-002
          3818.67     -4.4031617E-002
          3829.96     -4.5521483E-002
          3841.25     -4.7013779E-002
          3852.54     -4.8508585E-002
          3863.83     -5.0005981E-002
          3875.12     -5.1506046E-002
          3886.41     -5.3008853E-002
          3897.70     -5.4514479E-002
          3908.98     -5.6022998E-002
          3920.27     -5.7534479E-002
          3931.56     -5.9048993E-002
          3942.85     -6.0566609E-002
          3954.14     -6.2087396E-002
          3965.43     -6.3611423E-002
          3976.72     -6.5138756E-002
          3988.01     -6.6669461E-002
          3999.30     -6.8203604E-002
          4010.59     -6.9741247E-002
          4021.88     -7.1282452E-002
          4033.16     -7.2827280E-002
          4044.45     -7.4375790E-002
          4055.74     -7.5928042E-002
          4067.03     -7.7484089E-002
          4078.32     -7.9043987E-002
          4089.61     -8.0607793E-002
          4100.90     -8.2175557E-002
          4112.19     -8.3747331E-002
          4123.48     -8.5323165E-002
          4134.77     -8.6903109E-002
          4146.05     -8.8487213E-002
          4157.34     -9.0075519E-002
          4168.63     -9.1668075E-002
          4179.92     -9.3264927E-002
          4191.21     -9.4866115E-002
          4202.50     -9.6471682E-002
          4213.79     -9.8081668E-002
          4225.08     -9.9696115E-002
          4236.37     -1.0131506E-001
          4247.66     -1.0293854E-001
          4258.95     -1.0456659E-001
          4270.23     -1.0619925E-001
          4281.52     -1.0783654E-001
          4292.81     -1.0947851E-001
          4304.10     -1.1112518E-001
          4315.39     -1.1277659E-001
          4326.68     -1.1443275E-001
          4337.97     -1.1609371E-001
          4349.26     -1.1775948E-001
          4360.55     -1.1943010E-001
          4371.84     -1.2110559E-001
          4383.12     -1.2278597E-001
          4394.41     -1.2447127E-001
          4405.70     -1.2616151E-001
          4416.99     -1.2785671E-001
          4428.28     -1.2955688E-001
          4439.57     -1.3126205E-001
          4450.86     -1.3297224E-001
          4462.15     -1.3468745E-001
          4473.44     -1.3640770E-001
          4484.73     -1.3813301E-001
          4496.02     -1.3986338E-001
          4507.30     -1.4159884E-001
          4518.59     -1.4333938E-001
          4529.88     -1.4508502E-001
          4541.17     -1.4683578E-001
          4552.46     -1.4859164E-001
          4563.75     -1.5035262E-001
          4575.04     -1.5211874E-001
          4586.33     -1.5388998E-001
          4597.62     -1.5566635E-001
          4608.91     -1.5744786E-001
          4620.20     -1.5923451E-001
          4631.48     -1.6102629E-001
          4642.77     -1.6282321E-001
          4654.06     -1.6462526E-001
          4665.35     -1.6643245E-001
          4676.64     -1.6824476E-001
          4687.93     -1.7006219E-001
          4699.22     -1.7188474E-001
          4710.51     -1.7371239E-001
          4721.80     -1.7554515E-001
          4733.09     -1.7738299E-001
          4744.38     -1.7922592E-001
          4755.66     -1.8107391E-001
          4766.95     -1.8292697E-001
          4778.24     -1.8478506E-001
          4789.53     -1.8664818E-001
          4800.82     -1.8851632E-001
          4812.11     -1.9038945E-001
          4823.40     -1.9226756E-001
          4834.69     -1.9415063E-001
          4845.98     -1.9603863E-001
          4857.27     -1.9793156E-001
          4868.55     -1.9982938E-001
          4879.84     -2.0173207E-001
          4891.13     -2.0363962E-001
          4902.42     -2.0555198E-001
          4913.71     -2.0746914E-001
          4925.00     -2.0939107E-001
          4936.29     -2.1131773E-001
          4947.58     -2.1324910E-001
          4958.87     -2.1518516E-001
          4970.16     -2.1712586E-001
          4981.45     -2.1907117E-001
          4992.73     -2.2102106E-001
          5004.02     -2.2297549E-001
          5015.31     -2.2493442E-001
          5026.60     -2.2689783E-001
          5037.89     -2.2886566E-001
          5049.18     -2.3083788E-001
          5060.47     -2.3281445E-001
          5071.76     -2.3479532E-001
          5083.05     -2.3678045E-001
          5094.34     -2.3876980E-001
          5105.62     -2.4076331E-001
          5116.91     -2.4276095E-001
          5128.20     -2.4476266E-001
          5139.49     -2.4676840E-001
          5150.78     -2.4877812E-001
          5162.07     -2.5079175E-001
          5173.36     -2.5289091E-001
          5184.65     -2.5515560E-001
          5195.94     -2.5758339E-001
          5207.23     -2.6017187E-001
          5218.52     -2.6291866E-001
          5229.80     -2.6582140E-001
          5241.09     -2.6887775E-001
          5252.38     -2.7208537E-001
          5263.67     -2.7544199E-001
          5274.96     -2.7894531E-001
          5286.25     -2.8259307E-001
          5297.54     -2.8638303E-001
          5308.83     -2.9031296E-001
          5320.12     -2.9438065E-001
          5331.41     -2.9858392E-001
          5342.70     -3.0292058E-001
          5353.98     -3.0738849E-001
          5365.27     -3.1198548E-001
          5376.56     -3.1670944E-001
          5387.85     -3.2155825E-001
          5399.14     -3.2652981E-001
          5410.43     -3.3162204E-001
          5421.72     -3.3683285E-001
          5433.01     -3.4216020E-001
          5444.30     -3.4760204E-001
          5455.59     -3.5315633E-001
          5466.88     -3.5882103E-001
          5478.16     -3.6459415E-001
          5489.45     -3.7047367E-001
          5500.74     -3.7645760E-001
          5512.03     -3.8254396E-001
          5523.32     -3.8873078E-001
          5534.61     -3.9501610E-001
          5545.90     -4.0139796E-001
          5557.19     -4.0787441E-001
          5568.48     -4.1444353E-001
          5579.77     -4.2110335E-001
          5591.05     -4.2785193E-001
          5602.34     -4.3468726E-001
          5613.63     -4.4160741E-001
          5624.92     -4.4861043E-001
          5636.21     -4.5569437E-001
          5647.50     -4.6285729E-001
          5658.79     -4.7009727E-001
          5670.08     -4.7741240E-001
          5681.37     -4.8480058E-001
          5692.66     -4.9225952E-001
          5703.95     -4.9978698E-001
          5715.23     -5.0738072E-001
          5726.52     -5.1503850E-001
          5737.81     -5.2275813E-001
          5749.10     -5.3053742E-001
          5760.39     -5.3837420E-001
          5771.68     -5.4626634E-001
          5782.97     -5.5421169E-001
          5794.26     -5.6220838E-001
          5805.55     -5.7025470E-001
          5816.84     -5.7834895E-001
          5828.12     -5.8648943E-001
          5839.41     -5.9467448E-001
          5850.70     -6.0290241E-001
          5861.99     -6.1117157E-001
          5873.28     -6.1948028E-001
          5884.57     -6.2782691E-001
          5895.86     -6.3620981E-001
          5907.15     -6.4462733E-001
          5918.44     -6.5307778E-001
          5929.73     -6.6155938E-001
          5941.02     -6.7007037E-001
          5952.30     -6.7860901E-001
          5963.59     -6.8717355E-001
          5974.88     -6.9576227E-001
          5986.17     -7.0437340E-001
          5997.46     -7.1300519E-001
          6008.75     -7.2165587E-001
          6020.04     -7.3032373E-001
          6031.33     -7.3900713E-001
          6042.62     -7.4770458E-001
          6053.91     -7.5641452E-001
          6065.20     -7.6513549E-001
          6076.48     -7.7386600E-001
          6087.77     -7.8260464E-001
          6099.06     -7.9135005E-001
          6110.35     -8.0010083E-001
          6121.64     -8.0885560E-001
          6132.93     -8.1761287E-001
          6144.22     -8.2637103E-001
          6155.51     -8.3512854E-001
          6166.80     -8.4388393E-001
          6178.09     -8.5263580E-001
          6189.38     -8.6138289E-001
          6200.66     -8.7012397E-001
          6211.95     -8.7885782E-001
          6223.24     -8.8758320E-001
          6234.53     -8.9629887E-001
          6245.82     -9.0500357E-001
          6257.11     -9.1369608E-001
          6268.40     -9.2237512E-001
          6279.69     -9.3103943E-001
          6290.98     -9.3968778E-001
          6302.27     -9.4831890E-001
          6313.55     -9.5693153E-001
          6324.84     -9.6552439E-001
          6336.13     -9.7409620E-001
          6347.42     -9.8264569E-001
          6358.71     -9.9117155E-001
          6370.00     -9.9967245E-001
