          3480.00      0.0000000E+000
          3491.29      7.4550142E+001
          3502.58      7.3352919E+001
          3513.87      7.2209605E+001
          3525.16      7.1118530E+001
          3536.45      7.0077926E+001
          3547.73      6.9085940E+001
          3559.02      6.8140656E+001
          3570.31      6.7240101E+001
          3581.60      6.6382260E+001
          3592.89      6.5565096E+001
          3604.18      6.4786553E+001
          3615.47      6.4044559E+001
          3626.76      6.3337049E+001
          3638.05      6.2661981E+001
          3649.34      6.2017352E+001
          3660.62      6.1401203E+001
          3671.91      6.0811631E+001
          3683.20      6.0246792E+001
          3694.49      5.9704909E+001
          3705.78      5.9184277E+001
          3717.07      5.8683263E+001
          3728.36      5.8200311E+001
          3739.65      5.7733943E+001
          3750.94      5.7278050E+001
          3762.23      5.6828033E+001
          3773.52      5.6384496E+001
          3784.80      5.5947771E+001
          3796.09      5.5517989E+001
          3807.38      5.5095120E+001
          3818.67      5.4679015E+001
          3829.96      5.4269433E+001
          3841.25      5.3866066E+001
          3852.54      5.3468555E+001
          3863.83      5.3076512E+001
          3875.12      5.2689522E+001
          3886.41      5.2307164E+001
          3897.70      5.1929011E+001
          3908.98      5.1554639E+001
          3920.27      5.1183632E+001
          3931.56      5.0815584E+001
          3942.85      5.0450101E+001
          3954.14      5.0086809E+001
          3965.43      4.9725349E+001
          3976.72      4.9365381E+001
          3988.01      4.9006581E+001
          3999.30      4.8648642E+001
          4010.59      4.8291273E+001
          4021.88      4.7934201E+001
          4033.16      4.7577166E+001
          4044.45      4.7219926E+001
          4055.74      4.6862250E+001
          4067.03      4.6503923E+001
          4078.32      4.6144744E+001
          4089.61      4.5784519E+001
          4100.90      4.5423071E+001
          4112.19      4.5060228E+001
          4123.48      4.4695833E+001
          4134.77      4.4329734E+001
          4146.05      4.3961787E+001
          4157.34      4.3591858E+001
          4168.63      4.3219817E+001
          4179.92      4.2845543E+001
          4191.21      4.2468917E+001
          4202.50      4.2089829E+001
          4213.79      4.1708170E+001
          4225.08      4.1323836E+001
          4236.37      4.0936728E+001
          4247.66      4.0546749E+001
          4258.95      4.0153804E+001
          4270.23      3.9757801E+001
          4281.52      3.9358650E+001
          4292.81      3.8956262E+001
          4304.10      3.8550551E+001
          4315.39      3.8141431E+001
          4326.68      3.7728818E+001
          4337.97      3.7312628E+001
          4349.26      3.6892778E+001
          4360.55      3.6469184E+001
          4371.84      3.6041769E+001
          4383.12      3.5610452E+001
          4394.41      3.5175148E+001
          4405.70      3.4735774E+001
          4416.99      3.4292242E+001
          4428.28      3.3844468E+001
          4439.57      3.3392364E+001
          4450.86      3.2935842E+001
          4462.15      3.2474815E+001
          4473.44      3.2009192E+001
          4484.73      3.1538884E+001
          4496.02      3.1063798E+001
          4507.30      3.0583841E+001
          4518.59      3.0098918E+001
          4529.88      2.9608932E+001
          4541.17      2.9113786E+001
          4552.46      2.8619308E+001
          4563.75      2.8129871E+001
          4575.04      2.7643424E+001
          4586.33      2.7158197E+001
          4597.62      2.6672664E+001
          4608.91      2.6185516E+001
          4620.20      2.5695624E+001
          4631.48      2.5202021E+001
          4642.77      2.4703878E+001
          4654.06      2.4200482E+001
          4665.35      2.3691221E+001
          4676.64      2.3175569E+001
          4687.93      2.2653070E+001
          4699.22      2.2123334E+001
          4710.51      2.1586017E+001
          4721.80      2.1040820E+001
          4733.09      2.0487481E+001
          4744.38      1.9925764E+001
          4755.66      1.9355458E+001
          4766.95      1.8776371E+001
          4778.24      1.8188325E+001
          4789.53      1.7591156E+001
          4800.82      1.6984706E+001
          4812.11      1.6383305E+001
          4823.40      1.5797955E+001
          4834.69      1.5223998E+001
          4845.98      1.4657387E+001
          4857.27      1.4094616E+001
          4868.55      1.3532660E+001
          4879.84      1.2968917E+001
          4891.13      1.2401151E+001
          4902.42      1.1827448E+001
          4913.71      1.1246169E+001
          4925.00      1.0655914E+001
          4936.29      1.0055484E+001
          4947.58      9.4438566E+000
          4958.87      8.8201541E+000
          4970.16      8.1836251E+000
          4981.45      7.5336206E+000
          4992.73      6.8695784E+000
          5004.02      6.1910095E+000
          5015.31      5.4974811E+000
          5026.60      4.7886087E+000
          5037.89      4.0640459E+000
          5049.18      3.3234753E+000
          5060.47      2.5666039E+000
          5071.76      1.7931529E+000
          5083.05      1.0028542E+000
          5094.34      2.2085287E-001
          5105.62     -5.3314091E-001
          5116.91     -1.2668023E+000
          5128.20     -1.9868872E+000
          5139.49     -2.6993149E+000
          5150.78     -3.4092501E+000
          5162.07     -4.1211890E+000
          5173.36     -4.8390353E+000
          5184.65     -5.5661709E+000
          5195.94     -6.3055270E+000
          5207.23     -7.0596419E+000
          5218.52     -7.8307170E+000
          5229.80     -8.6206655E+000
          5241.09     -9.4311535E+000
          5252.38     -1.0263642E+001
          5263.67     -1.1119417E+001
          5274.96     -1.1999619E+001
          5286.25     -1.2905272E+001
          5297.54     -1.3837302E+001
          5308.83     -1.4796560E+001
          5320.12     -1.5783836E+001
          5331.41     -1.6799874E+001
          5342.70     -1.7845387E+001
          5353.98     -1.8298124E+001
          5365.27     -1.7694219E+001
          5376.56     -1.6282520E+001
          5387.85     -1.4300647E+001
          5399.14     -1.1954967E+001
          5410.43     -9.4124841E+000
          5421.72     -6.8008791E+000
          5433.01     -4.2129972E+000
          5444.30     -1.7131067E+000
          5455.59      6.5673241E-001
          5466.88      2.8710426E+000
          5478.16      4.9162961E+000
          5489.45      6.7873115E+000
          5500.74      8.4845464E+000
          5512.03      1.0012109E+001
          5523.32      1.1376350E+001
          5534.61      1.2584866E+001
          5545.90      1.3645813E+001
          5557.19      1.4567455E+001
          5568.48      1.5357862E+001
          5579.77      1.6024708E+001
          5591.05      1.6575163E+001
          5602.34      1.7015862E+001
          5613.63      1.7352881E+001
          5624.92      1.7591733E+001
          5636.21      1.7737382E+001
          5647.50      1.7794263E+001
          5658.79      1.7766307E+001
          5670.08      1.7656972E+001
          5681.37      1.7469176E+001
          5692.66      1.7205370E+001
          5703.95      1.8789842E+001
          5715.23      2.3181743E+001
          5726.52      2.8896596E+001
          5737.81      3.4824983E+001
          5749.10      4.0350731E+001
          5760.39      4.5220576E+001
          5771.68      4.9385991E+001
          5782.97      5.2893377E+001
          5794.26      5.5823257E+001
          5805.55      5.8260767E+001
          5816.84      6.0283366E+001
          5828.12      6.1957109E+001
          5839.41      6.3336480E+001
          5850.70      6.4465583E+001
          5861.99      6.5379704E+001
          5873.28      6.6106806E+001
          5884.57      6.6668820E+001
          5895.86      6.7082690E+001
          5907.15      6.7361182E+001
          5918.44      6.7513490E+001
          5929.73      6.7545687E+001
          5941.02      6.7461036E+001
          5952.30      6.7260124E+001
          5963.59      6.6940865E+001
          5974.88      6.6525147E+001
          5986.17      6.6040880E+001
          5997.46      6.5491992E+001
          6008.75      6.4881370E+001
          6020.04      6.4211062E+001
          6031.33      6.3482437E+001
          6042.62      6.2696286E+001
          6053.91      6.1852909E+001
          6065.20      6.0952163E+001
          6076.48      5.9993509E+001
          6087.77      5.8976040E+001
          6099.06      5.7898492E+001
          6110.35      5.6759254E+001
          6121.64      5.5556359E+001
          6132.93      5.4287476E+001
          6144.22      5.2949894E+001
          6155.51      5.1540502E+001
          6166.80      5.0053158E+001
          6178.09      4.8481050E+001
          6189.38      4.6819298E+001
          6200.66      4.5062366E+001
          6211.95      4.3203989E+001
          6223.24      4.1237071E+001
          6234.53      3.9153591E+001
          6245.82      3.6944455E+001
          6257.11      3.4599349E+001
          6268.40      3.2106554E+001
          6279.69      2.9452714E+001
          6290.98      2.6622565E+001
          6302.27      2.3598613E+001
          6313.55      2.0360722E+001
          6324.84      1.6885636E+001
          6336.13      1.3146355E+001
          6347.42      9.1113833E+000
          6358.71      4.7437925E+000
          6370.00      0.0000000E+000
