          3480.00      0.0000000E+000
          3491.29      2.7130611E+001
          3502.58      2.6985476E+001
          3513.87      2.6840549E+001
          3525.16      2.6695825E+001
          3536.45      2.6551298E+001
          3547.73      2.6406963E+001
          3559.02      2.6262816E+001
          3570.31      2.6118849E+001
          3581.60      2.5975059E+001
          3592.89      2.5831441E+001
          3604.18      2.5687985E+001
          3615.47      2.5544677E+001
          3626.76      2.5401501E+001
          3638.05      2.5258443E+001
          3649.34      2.5115492E+001
          3660.62      2.4972637E+001
          3671.91      2.4829871E+001
          3683.20      2.4687184E+001
          3694.49      2.4544568E+001
          3705.78      2.4402018E+001
          3717.07      2.4259524E+001
          3728.36      2.4117082E+001
          3739.65      2.3974685E+001
          3750.94      2.3832296E+001
          3762.23      2.3689888E+001
          3773.52      2.3547462E+001
          3784.80      2.3405018E+001
          3796.09      2.3262557E+001
          3807.38      2.3120080E+001
          3818.67      2.2977585E+001
          3829.96      2.2835073E+001
          3841.25      2.2692543E+001
          3852.54      2.2549993E+001
          3863.83      2.2407421E+001
          3875.12      2.2264825E+001
          3886.41      2.2122203E+001
          3897.70      2.1979553E+001
          3908.98      2.1836872E+001
          3920.27      2.1694157E+001
          3931.56      2.1551406E+001
          3942.85      2.1408615E+001
          3954.14      2.1265781E+001
          3965.43      2.1122902E+001
          3976.72      2.0979976E+001
          3988.01      2.0837000E+001
          3999.30      2.0693970E+001
          4010.59      2.0550884E+001
          4021.88      2.0407738E+001
          4033.16      2.0264531E+001
          4044.45      2.0121258E+001
          4055.74      1.9977917E+001
          4067.03      1.9834504E+001
          4078.32      1.9691017E+001
          4089.61      1.9547451E+001
          4100.90      1.9403804E+001
          4112.19      1.9260072E+001
          4123.48      1.9116252E+001
          4134.77      1.8972340E+001
          4146.05      1.8828333E+001
          4157.34      1.8684229E+001
          4168.63      1.8540022E+001
          4179.92      1.8395710E+001
          4191.21      1.8251290E+001
          4202.50      1.8106758E+001
          4213.79      1.7962110E+001
          4225.08      1.7817343E+001
          4236.37      1.7672453E+001
          4247.66      1.7527437E+001
          4258.95      1.7382292E+001
          4270.23      1.7237013E+001
          4281.52      1.7091597E+001
          4292.81      1.6946041E+001
          4304.10      1.6800341E+001
          4315.39      1.6654492E+001
          4326.68      1.6508493E+001
          4337.97      1.6362339E+001
          4349.26      1.6216025E+001
          4360.55      1.6069550E+001
          4371.84      1.5922909E+001
          4383.12      1.5776099E+001
          4394.41      1.5629116E+001
          4405.70      1.5481957E+001
          4416.99      1.5334617E+001
          4428.28      1.5187094E+001
          4439.57      1.5039383E+001
          4450.86      1.4891480E+001
          4462.15      1.4743382E+001
          4473.44      1.4595085E+001
          4484.73      1.4446584E+001
          4496.02      1.4297878E+001
          4507.30      1.4148960E+001
          4518.59      1.3999828E+001
          4529.88      1.3850478E+001
          4541.17      1.3700906E+001
          4552.46      1.3551132E+001
          4563.75      1.3401174E+001
          4575.04      1.3251026E+001
          4586.33      1.3100683E+001
          4597.62      1.2950138E+001
          4608.91      1.2799388E+001
          4620.20      1.2648426E+001
          4631.48      1.2497247E+001
          4642.77      1.2345845E+001
          4654.06      1.2194216E+001
          4665.35      1.2042353E+001
          4676.64      1.1890252E+001
          4687.93      1.1737907E+001
          4699.22      1.1585313E+001
          4710.51      1.1432465E+001
          4721.80      1.1279358E+001
          4733.09      1.1125986E+001
          4744.38      1.0972345E+001
          4755.66      1.0818429E+001
          4766.95      1.0664233E+001
          4778.24      1.0509752E+001
          4789.53      1.0354981E+001
          4800.82      1.0199915E+001
          4812.11      1.0044599E+001
          4823.40      9.8890744E+000
          4834.69      9.7333340E+000
          4845.98      9.5773694E+000
          4857.27      9.4211724E+000
          4868.55      9.2647347E+000
          4879.84      9.1080488E+000
          4891.13      8.9511065E+000
          4902.42      8.7938998E+000
          4913.71      8.6364212E+000
          4925.00      8.4786628E+000
          4936.29      8.3206171E+000
          4947.58      8.1622763E+000
          4958.87      8.0036327E+000
          4970.16      7.8446791E+000
          4981.45      7.6854080E+000
          4992.73      7.5258117E+000
          5004.02      7.3658831E+000
          5015.31      7.2056146E+000
          5026.60      7.0449990E+000
          5037.89      6.8840288E+000
          5049.18      6.7226966E+000
          5060.47      6.5609954E+000
          5071.76      6.3989178E+000
          5083.05      6.2364565E+000
          5094.34      6.0736802E+000
          5105.62      5.9106541E+000
          5116.91      5.7473669E+000
          5128.20      5.5838070E+000
          5139.49      5.4199632E+000
          5150.78      5.2558245E+000
          5162.07      5.0913795E+000
          5173.36      4.9266172E+000
          5184.65      4.7615268E+000
          5195.94      4.5960972E+000
          5207.23      4.4303177E+000
          5218.52      4.2641775E+000
          5229.80      4.0976658E+000
          5241.09      3.9307722E+000
          5252.38      3.7634861E+000
          5263.67      3.5957969E+000
          5274.96      3.4276943E+000
          5286.25      3.2591679E+000
          5297.54      3.0902072E+000
          5308.83      2.9208021E+000
          5320.12      2.7509421E+000
          5331.41      2.5806171E+000
          5342.70      2.4098169E+000
          5353.98      2.2401515E+000
          5365.27      2.0731695E+000
          5376.56      1.9087675E+000
          5387.85      1.7468429E+000
          5399.14      1.5872929E+000
          5410.43      1.4300155E+000
          5421.72      1.2749095E+000
          5433.01      1.1218739E+000
          5444.30      9.7080862E-001
          5455.59      8.2161482E-001
          5466.88      6.7419410E-001
          5478.16      5.2844925E-001
          5489.45      3.8428414E-001
          5500.74      2.4160364E-001
          5512.03      1.0031420E-001
          5523.32     -3.9676900E-002
          5534.61     -1.7846112E-001
          5545.90     -3.1612828E-001
          5557.19     -4.5276724E-001
          5568.48     -5.8846546E-001
          5579.77     -7.2330972E-001
          5591.05     -8.5738633E-001
          5602.34     -9.9077993E-001
          5613.63     -1.1235741E+000
          5624.92     -1.2558509E+000
          5636.21     -1.3876909E+000
          5647.50     -1.5191732E+000
          5658.79     -1.6503757E+000
          5670.08     -1.7813748E+000
          5681.37     -1.9122505E+000
          5692.66     -2.0430852E+000
          5703.95     -2.1587878E+000
          5715.23     -2.2455995E+000
          5726.52     -2.3056429E+000
          5737.81     -2.3410748E+000
          5749.10     -2.3540604E+000
          5760.39     -2.3467507E+000
          5771.68     -2.3212627E+000
          5782.97     -2.2796629E+000
          5794.26     -2.2239453E+000
          5805.55     -2.1560258E+000
          5816.84     -2.0777473E+000
          5828.12     -1.9908738E+000
          5839.41     -1.8970865E+000
          5850.70     -1.7979816E+000
          5861.99     -1.6950694E+000
          5873.28     -1.5897756E+000
          5884.57     -1.4834420E+000
          5895.86     -1.3773297E+000
          5907.15     -1.2726230E+000
          5918.44     -1.1704359E+000
          5929.73     -1.0718156E+000
          5941.02     -9.7774124E-001
          5952.30     -8.8912932E-001
          5963.59     -8.0683901E-001
          5974.88     -7.3004715E-001
          5986.17     -6.5731153E-001
          5997.46     -5.8852703E-001
          6008.75     -5.2359258E-001
          6020.04     -4.6241127E-001
          6031.33     -4.0488610E-001
          6042.62     -3.5092011E-001
          6053.91     -3.0042050E-001
          6065.20     -2.5329812E-001
          6076.48     -2.0946622E-001
          6087.77     -1.6883961E-001
          6099.06     -1.3133556E-001
          6110.35     -9.6874759E-002
          6121.64     -6.5381704E-002
          6132.93     -3.6788104E-002
          6144.22     -1.1031912E-002
          6155.51      1.1948124E-002
          6166.80      3.2215587E-002
          6178.09      4.9836432E-002
          6189.38      6.4876195E-002
          6200.66      7.7399027E-002
          6211.95      8.7466537E-002
          6223.24      9.5137920E-002
          6234.53      1.0047001E-001
          6245.82      1.0351744E-001
          6257.11      1.0433272E-001
          6268.40      1.0296636E-001
          6279.69      9.9467166E-002
          6290.98      9.3882388E-002
          6302.27      8.6257472E-002
          6313.55      7.6636080E-002
          6324.84      6.5060280E-002
          6336.13      5.1570633E-002
          6347.42      3.6206117E-002
          6358.71      1.9004072E-002
          6370.00      0.0000000E+000
