          3480.00      0.0000000E+000
          3491.29      6.6811718E+001
          3502.58      6.6312985E+001
          3513.87      6.5821521E+001
          3525.16      6.5337129E+001
          3536.45      6.4859615E+001
          3547.73      6.4388790E+001
          3559.02      6.3924466E+001
          3570.31      6.3466458E+001
          3581.60      6.3014584E+001
          3592.89      6.2568665E+001
          3604.18      6.2128519E+001
          3615.47      6.1693961E+001
          3626.76      6.1264803E+001
          3638.05      6.0840861E+001
          3649.34      6.0421960E+001
          3660.62      6.0007924E+001
          3671.91      5.9598584E+001
          3683.20      5.9193773E+001
          3694.49      5.8793327E+001
          3705.78      5.8397087E+001
          3717.07      5.8004893E+001
          3728.36      5.7616593E+001
          3739.65      5.7232034E+001
          3750.94      5.6850454E+001
          3762.23      5.6471203E+001
          3773.52      5.6094279E+001
          3784.80      5.5719664E+001
          3796.09      5.5347330E+001
          3807.38      5.4977234E+001
          3818.67      5.4609329E+001
          3829.96      5.4243559E+001
          3841.25      5.3879863E+001
          3852.54      5.3518174E+001
          3863.83      5.3158423E+001
          3875.12      5.2800535E+001
          3886.41      5.2444437E+001
          3897.70      5.2090050E+001
          3908.98      5.1737294E+001
          3920.27      5.1386090E+001
          3931.56      5.1036357E+001
          3942.85      5.0688012E+001
          3954.14      5.0340974E+001
          3965.43      4.9995161E+001
          3976.72      4.9650492E+001
          3988.01      4.9306887E+001
          3999.30      4.8964263E+001
          4010.59      4.8622540E+001
          4021.88      4.8281638E+001
          4033.16      4.7941476E+001
          4044.45      4.7601974E+001
          4055.74      4.7263053E+001
          4067.03      4.6924634E+001
          4078.32      4.6586638E+001
          4089.61      4.6248989E+001
          4100.90      4.5911608E+001
          4112.19      4.5574420E+001
          4123.48      4.5237348E+001
          4134.77      4.4900317E+001
          4146.05      4.4563253E+001
          4157.34      4.4226081E+001
          4168.63      4.3888728E+001
          4179.92      4.3551120E+001
          4191.21      4.3213187E+001
          4202.50      4.2874855E+001
          4213.79      4.2536054E+001
          4225.08      4.2196713E+001
          4236.37      4.1856761E+001
          4247.66      4.1516130E+001
          4258.95      4.1174749E+001
          4270.23      4.0832550E+001
          4281.52      4.0489464E+001
          4292.81      4.0145424E+001
          4304.10      3.9800361E+001
          4315.39      3.9454208E+001
          4326.68      3.9106898E+001
          4337.97      3.8758364E+001
          4349.26      3.8408540E+001
          4360.55      3.8057359E+001
          4371.84      3.7704757E+001
          4383.12      3.7350668E+001
          4394.41      3.6995027E+001
          4405.70      3.6637767E+001
          4416.99      3.6278823E+001
          4428.28      3.5918128E+001
          4439.57      3.5555617E+001
          4450.86      3.5191224E+001
          4462.15      3.4824883E+001
          4473.44      3.4456528E+001
          4484.73      3.4086092E+001
          4496.02      3.3713510E+001
          4507.30      3.3338715E+001
          4518.59      3.2961640E+001
          4529.88      3.2582218E+001
          4541.17      3.2200381E+001
          4552.46      3.1816682E+001
          4563.75      3.1431623E+001
          4575.04      3.1045064E+001
          4586.33      3.0656871E+001
          4597.62      3.0266911E+001
          4608.91      2.9875055E+001
          4620.20      2.9481176E+001
          4631.48      2.9085151E+001
          4642.77      2.8686859E+001
          4654.06      2.8286179E+001
          4665.35      2.7882994E+001
          4676.64      2.7477188E+001
          4687.93      2.7068648E+001
          4699.22      2.6657261E+001
          4710.51      2.6242915E+001
          4721.80      2.5825500E+001
          4733.09      2.5404907E+001
          4744.38      2.4981026E+001
          4755.66      2.4553751E+001
          4766.95      2.4122974E+001
          4778.24      2.3688586E+001
          4789.53      2.3250484E+001
          4800.82      2.2808558E+001
          4812.11      2.2364153E+001
          4823.40      2.1918510E+001
          4834.69      2.1471369E+001
          4845.98      2.1022479E+001
          4857.27      2.0571596E+001
          4868.55      2.0118479E+001
          4879.84      1.9662899E+001
          4891.13      1.9204627E+001
          4902.42      1.8743442E+001
          4913.71      1.8279127E+001
          4925.00      1.7811470E+001
          4936.29      1.7340264E+001
          4947.58      1.6865304E+001
          4958.87      1.6386389E+001
          4970.16      1.5903322E+001
          4981.45      1.5415909E+001
          4992.73      1.4923956E+001
          5004.02      1.4427275E+001
          5015.31      1.3925676E+001
          5026.60      1.3418973E+001
          5037.89      1.2906979E+001
          5049.18      1.2389511E+001
          5060.47      1.1866384E+001
          5071.76      1.1337416E+001
          5083.05      1.0802421E+001
          5094.34      1.0263650E+001
          5105.62      9.7231865E+000
          5116.91      9.1806097E+000
          5128.20      8.6355087E+000
          5139.49      8.0874815E+000
          5150.78      7.5361366E+000
          5162.07      6.9810894E+000
          5173.36      6.4219629E+000
          5184.65      5.8583892E+000
          5195.94      5.2900057E+000
          5207.23      4.7164564E+000
          5218.52      4.1373912E+000
          5229.80      3.5524645E+000
          5241.09      2.9613366E+000
          5252.38      2.3636704E+000
          5263.67      1.7591323E+000
          5274.96      1.1473928E+000
          5286.25      5.2812332E-001
          5297.54     -9.9002609E-002
          5308.83     -7.3431046E-001
          5320.12     -1.3781258E+000
          5331.41     -2.0307724E+000
          5342.70     -2.6925761E+000
          5353.98     -3.3071105E+000
          5365.27     -3.8220080E+000
          5376.56     -4.2440126E+000
          5387.85     -4.5801769E+000
          5399.14     -4.8377195E+000
          5410.43     -5.0238973E+000
          5421.72     -5.1458969E+000
          5433.01     -5.2107451E+000
          5444.30     -5.2252362E+000
          5455.59     -5.1958761E+000
          5466.88     -5.1288415E+000
          5478.16     -5.0299517E+000
          5489.45     -4.9046515E+000
          5500.74     -4.7580048E+000
          5512.03     -4.5946958E+000
          5523.32     -4.4190356E+000
          5534.61     -4.2349750E+000
          5545.90     -4.0461204E+000
          5557.19     -3.8557520E+000
          5568.48     -3.6668439E+000
          5579.77     -3.4820928E+000
          5591.05     -3.3039388E+000
          5602.34     -3.1345784E+000
          5613.63     -2.9759835E+000
          5624.92     -2.8299225E+000
          5636.21     -2.6979804E+000
          5647.50     -2.5815768E+000
          5658.79     -2.4819838E+000
          5670.08     -2.4003429E+000
          5681.37     -2.3377246E+000
          5692.66     -2.2951317E+000
          5703.95     -1.9574310E+000
          5715.23     -1.0814314E+000
          5726.52      2.1939987E-001
          5737.81      1.8336712E+000
          5749.10      3.6595572E+000
          5760.39      5.6090255E+000
          5771.68      7.6093853E+000
          5782.97      9.6029513E+000
          5794.26      1.1545649E+001
          5805.55      1.3404886E+001
          5816.84      1.5157276E+001
          5828.12      1.6786685E+001
          5839.41      1.8282496E+001
          5850.70      1.9638139E+001
          5861.99      2.0849891E+001
          5873.28      2.1915898E+001
          5884.57      2.2835419E+001
          5895.86      2.3608202E+001
          5907.15      2.4234005E+001
          5918.44      2.4712177E+001
          5929.73      2.5041349E+001
          5941.02      2.5219158E+001
          5952.30      2.5241945E+001
          5963.59      2.5104444E+001
          5974.88      2.4869657E+001
          5986.17      2.4605661E+001
          5997.46      2.4313296E+001
          6008.75      2.3993296E+001
          6020.04      2.3646295E+001
          6031.33      2.3272844E+001
          6042.62      2.2873418E+001
          6053.91      2.2448414E+001
          6065.20      2.1998155E+001
          6076.48      2.1522900E+001
          6087.77      2.1022846E+001
          6099.06      2.0498131E+001
          6110.35      1.9948836E+001
          6121.64      1.9374984E+001
          6132.93      1.8776493E+001
          6144.22      1.8153366E+001
          6155.51      1.7505417E+001
          6166.80      1.6832450E+001
          6178.09      1.6134251E+001
          6189.38      1.5410593E+001
          6200.66      1.4661204E+001
          6211.95      1.3885767E+001
          6223.24      1.3083915E+001
          6234.53      1.2255237E+001
          6245.82      1.1399270E+001
          6257.11      1.0515505E+001
          6268.40      9.6033864E+000
          6279.69      8.6623041E+000
          6290.98      7.6915985E+000
          6302.27      6.6905562E+000
          6313.55      5.6584074E+000
          6324.84      4.5943275E+000
          6336.13      3.4974292E+000
          6347.42      2.3667624E+000
          6358.71      1.2013143E+000
          6370.00      0.0000000E+000
