          3480.00      0.0000000E+000
          3491.29      5.4616144E+001
          3502.58      5.4325117E+001
          3513.87      5.4035773E+001
          3525.16      5.3748065E+001
          3536.45      5.3461946E+001
          3547.73      5.3177370E+001
          3559.02      5.2894292E+001
          3570.31      5.2612668E+001
          3581.60      5.2332454E+001
          3592.89      5.2053606E+001
          3604.18      5.1776078E+001
          3615.47      5.1499818E+001
          3626.76      5.1224768E+001
          3638.05      5.0950878E+001
          3649.34      5.0678098E+001
          3660.62      5.0406383E+001
          3671.91      5.0135686E+001
          3683.20      4.9865966E+001
          3694.49      4.9597177E+001
          3705.78      4.9329281E+001
          3717.07      4.9062235E+001
          3728.36      4.8796000E+001
          3739.65      4.8530537E+001
          3750.94      4.8265657E+001
          3762.23      4.8001199E+001
          3773.52      4.7737162E+001
          3784.80      4.7473538E+001
          3796.09      4.7210319E+001
          3807.38      4.6947492E+001
          3818.67      4.6685043E+001
          3829.96      4.6422957E+001
          3841.25      4.6161217E+001
          3852.54      4.5899805E+001
          3863.83      4.5638700E+001
          3875.12      4.5377883E+001
          3886.41      4.5117332E+001
          3897.70      4.4857025E+001
          3908.98      4.4596940E+001
          3920.27      4.4337055E+001
          3931.56      4.4077346E+001
          3942.85      4.3817789E+001
          3954.14      4.3558362E+001
          3965.43      4.3299041E+001
          3976.72      4.3039804E+001
          3988.01      4.2780626E+001
          3999.30      4.2521485E+001
          4010.59      4.2262357E+001
          4021.88      4.2003218E+001
          4033.16      4.1744045E+001
          4044.45      4.1484813E+001
          4055.74      4.1225499E+001
          4067.03      4.0966079E+001
          4078.32      4.0706530E+001
          4089.61      4.0446827E+001
          4100.90      4.0186946E+001
          4112.19      3.9926864E+001
          4123.48      3.9666557E+001
          4134.77      3.9406000E+001
          4146.05      3.9145171E+001
          4157.34      3.8884044E+001
          4168.63      3.8622597E+001
          4179.92      3.8360805E+001
          4191.21      3.8098645E+001
          4202.50      3.7836093E+001
          4213.79      3.7573124E+001
          4225.08      3.7309716E+001
          4236.37      3.7045843E+001
          4247.66      3.6781483E+001
          4258.95      3.6516611E+001
          4270.23      3.6251204E+001
          4281.52      3.5985237E+001
          4292.81      3.5718686E+001
          4304.10      3.5451528E+001
          4315.39      3.5183738E+001
          4326.68      3.4915291E+001
          4337.97      3.4646166E+001
          4349.26      3.4376335E+001
          4360.55      3.4105777E+001
          4371.84      3.3834466E+001
          4383.12      3.3562379E+001
          4394.41      3.3289491E+001
          4405.70      3.3015778E+001
          4416.99      3.2741215E+001
          4428.28      3.2465778E+001
          4439.57      3.2189441E+001
          4450.86      3.1912179E+001
          4462.15      3.1633967E+001
          4473.44      3.1354781E+001
          4484.73      3.1074595E+001
          4496.02      3.0793383E+001
          4507.30      3.0511120E+001
          4518.59      3.0227781E+001
          4529.88      2.9943340E+001
          4541.17      2.9657769E+001
          4552.46      2.9371170E+001
          4563.75      2.9083634E+001
          4575.04      2.8795126E+001
          4586.33      2.8505611E+001
          4597.62      2.8215053E+001
          4608.91      2.7923417E+001
          4620.20      2.7630669E+001
          4631.48      2.7336774E+001
          4642.77      2.7041697E+001
          4654.06      2.6745403E+001
          4665.35      2.6447858E+001
          4676.64      2.6149027E+001
          4687.93      2.5848876E+001
          4699.22      2.5547369E+001
          4710.51      2.5244472E+001
          4721.80      2.4940150E+001
          4733.09      2.4634368E+001
          4744.38      2.4327091E+001
          4755.66      2.4018285E+001
          4766.95      2.3707914E+001
          4778.24      2.3395941E+001
          4789.53      2.3082333E+001
          4800.82      2.2767054E+001
          4812.11      2.2450340E+001
          4823.40      2.2132419E+001
          4834.69      2.1813238E+001
          4845.98      2.1492743E+001
          4857.27      2.1170882E+001
          4868.55      2.0847602E+001
          4879.84      2.0522851E+001
          4891.13      2.0196576E+001
          4902.42      1.9868726E+001
          4913.71      1.9539248E+001
          4925.00      1.9208092E+001
          4936.29      1.8875204E+001
          4947.58      1.8540533E+001
          4958.87      1.8204027E+001
          4970.16      1.7865635E+001
          4981.45      1.7525304E+001
          4992.73      1.7182982E+001
          5004.02      1.6838617E+001
          5015.31      1.6492157E+001
          5026.60      1.6143548E+001
          5037.89      1.5792739E+001
          5049.18      1.5439676E+001
          5060.47      1.5084305E+001
          5071.76      1.4726573E+001
          5083.05      1.4366426E+001
          5094.34      1.4004238E+001
          5105.62      1.3640366E+001
          5116.91      1.3274731E+001
          5128.20      1.2907254E+001
          5139.49      1.2537857E+001
          5150.78      1.2166462E+001
          5162.07      1.1792991E+001
          5173.36      1.1417365E+001
          5184.65      1.1039506E+001
          5195.94      1.0659336E+001
          5207.23      1.0276777E+001
          5218.52      9.8917486E+000
          5229.80      9.5041734E+000
          5241.09      9.1139727E+000
          5252.38      8.7210668E+000
          5263.67      8.3253760E+000
          5274.96      7.9268211E+000
          5286.25      7.5253213E+000
          5297.54      7.1207961E+000
          5308.83      6.7131640E+000
          5320.12      6.3023429E+000
          5331.41      5.8882510E+000
          5342.70      5.4708050E+000
          5353.98      5.0592450E+000
          5365.27      4.6624517E+000
          5376.56      4.2797878E+000
          5387.85      3.9106029E+000
          5399.14      3.5542367E+000
          5410.43      3.2100219E+000
          5421.72      2.8772879E+000
          5433.01      2.5553618E+000
          5444.30      2.2435719E+000
          5455.59      1.9412502E+000
          5466.88      1.6477330E+000
          5478.16      1.3623634E+000
          5489.45      1.0844928E+000
          5500.74      8.1348198E-001
          5512.03      5.4870281E-001
          5523.32      2.8953800E-001
          5534.61      3.5382445E-002
          5545.90     -2.1435555E-001
          5557.19     -4.6025517E-001
          5568.48     -7.0288191E-001
          5579.77     -9.4278960E-001
          5591.05     -1.1805207E+000
          5602.34     -1.4166031E+000
          5613.63     -1.6515511E+000
          5624.92     -1.8858650E+000
          5636.21     -2.1200310E+000
          5647.50     -2.3545221E+000
          5658.79     -2.5897985E+000
          5670.08     -2.8263076E+000
          5681.37     -3.0644990E+000
          5692.66     -3.3048220E+000
          5703.95     -3.4753270E+000
          5715.23     -3.5133966E+000
          5726.52     -3.4340082E+000
          5737.81     -3.2524701E+000
          5749.10     -2.9839978E+000
          5760.39     -2.6433709E+000
          5771.68     -2.2446714E+000
          5782.97     -1.8010979E+000
          5794.26     -1.3248212E+000
          5805.55     -8.2695761E-001
          5816.84     -3.1761130E-001
          5828.12      1.9410785E-001
          5839.41      7.0003764E-001
          5850.70      1.1928996E+000
          5861.99      1.6662223E+000
          5873.28      2.1142543E+000
          5884.57      2.5318785E+000
          5895.86      2.9145211E+000
          5907.15      3.2580621E+000
          5918.44      3.5587438E+000
          5929.73      3.8130963E+000
          5941.02      4.0178772E+000
          5952.30      4.1699947E+000
          5963.59      4.2664327E+000
          5974.88      4.3271937E+000
          5986.17      4.3745739E+000
          5997.46      4.4089900E+000
          6008.75      4.4308325E+000
          6020.04      4.4404674E+000
          6031.33      4.4382455E+000
          6042.62      4.4245032E+000
          6053.91      4.3995557E+000
          6065.20      4.3636983E+000
          6076.48      4.3172101E+000
          6087.77      4.2603567E+000
          6099.06      4.1933881E+000
          6110.35      4.1165388E+000
          6121.64      4.0300267E+000
          6132.93      3.9340481E+000
          6144.22      3.8287803E+000
          6155.51      3.7143914E+000
          6166.80      3.5910697E+000
          6178.09      3.4590064E+000
          6189.38      3.3183651E+000
          6200.66      3.1693008E+000
          6211.95      3.0119581E+000
          6223.24      2.8464716E+000
          6234.53      2.6729665E+000
          6245.82      2.4915590E+000
          6257.11      2.3023565E+000
          6268.40      2.1054587E+000
          6279.69      1.9009575E+000
          6290.98      1.6889381E+000
          6302.27      1.4694785E+000
          6313.55      1.2426493E+000
          6324.84      1.0085154E+000
          6336.13      7.6713472E-001
          6347.42      5.1855902E-001
          6358.71      2.6283441E-001
          6370.00      0.0000000E+000
