          3480.00     -2.3059593E-004
          3491.29     -2.3124758E-004
          3502.58     -2.3127426E-004
          3513.87     -2.3074138E-004
          3525.16     -2.2970890E-004
          3536.45     -2.2823173E-004
          3547.73     -2.2636014E-004
          3559.02     -2.2414015E-004
          3570.31     -2.2161389E-004
          3581.60     -2.1881989E-004
          3592.89     -2.1579339E-004
          3604.18     -2.1256662E-004
          3615.47     -2.0916909E-004
          3626.76     -2.0562774E-004
          3638.05     -2.0196715E-004
          3649.34     -1.9820976E-004
          3660.62     -1.9437600E-004
          3671.91     -1.9048449E-004
          3683.20     -1.8655221E-004
          3694.49     -1.8259459E-004
          3705.78     -1.7862573E-004
          3717.07     -1.7465845E-004
          3728.36     -1.7070440E-004
          3739.65     -1.6677426E-004
          3750.94     -1.6286998E-004
          3762.23     -1.5899173E-004
          3773.52     -1.5514609E-004
          3784.80     -1.5133888E-004
          3796.09     -1.4757522E-004
          3807.38     -1.4385960E-004
          3818.67     -1.4019589E-004
          3829.96     -1.3658747E-004
          3841.25     -1.3303721E-004
          3852.54     -1.2954756E-004
          3863.83     -1.2612056E-004
          3875.12     -1.2275789E-004
          3886.41     -1.1946092E-004
          3897.70     -1.1623070E-004
          3908.98     -1.1306801E-004
          3920.27     -1.0997341E-004
          3931.56     -1.0694723E-004
          3942.85     -1.0398959E-004
          3954.14     -1.0110046E-004
          3965.43     -9.8279612E-005
          3976.72     -9.5526711E-005
          3988.01     -9.2841279E-005
          3999.30     -9.0222730E-005
          4010.59     -8.7670387E-005
          4021.88     -8.5183481E-005
          4033.16     -8.2761169E-005
          4044.45     -8.0402544E-005
          4055.74     -7.8106641E-005
          4067.03     -7.5872449E-005
          4078.32     -7.3698915E-005
          4089.61     -7.1584948E-005
          4100.90     -6.9529437E-005
          4112.19     -6.7531240E-005
          4123.48     -6.5589200E-005
          4134.77     -6.3702148E-005
          4146.05     -6.1868902E-005
          4157.34     -6.0088280E-005
          4168.63     -5.8359094E-005
          4179.92     -5.6680154E-005
          4191.21     -5.5050279E-005
          4202.50     -5.3468288E-005
          4213.79     -5.1933010E-005
          4225.08     -5.0443283E-005
          4236.37     -4.8997951E-005
          4247.66     -4.7595879E-005
          4258.95     -4.6235937E-005
          4270.23     -4.4917012E-005
          4281.52     -4.3638007E-005
          4292.81     -4.2397839E-005
          4304.10     -4.1195440E-005
          4315.39     -4.0029761E-005
          4326.68     -3.8899765E-005
          4337.97     -3.7804438E-005
          4349.26     -3.6742779E-005
          4360.55     -3.5713803E-005
          4371.84     -3.4716544E-005
          4383.12     -3.3750049E-005
          4394.41     -3.2813386E-005
          4405.70     -3.1905638E-005
          4416.99     -3.1025904E-005
          4428.28     -3.0173299E-005
          4439.57     -2.9346953E-005
          4450.86     -2.8546008E-005
          4462.15     -2.7769625E-005
          4473.44     -2.7016974E-005
          4484.73     -2.6287239E-005
          4496.02     -2.5579616E-005
          4507.30     -2.4893313E-005
          4518.59     -2.4227550E-005
          4529.88     -2.3581555E-005
          4541.17     -2.2954565E-005
          4552.46     -2.2346903E-005
          4563.75     -2.1758969E-005
          4575.04     -2.1190141E-005
          4586.33     -2.0639806E-005
          4597.62     -2.0107366E-005
          4608.91     -1.9592237E-005
          4620.20     -1.9093846E-005
          4631.48     -1.8611629E-005
          4642.77     -1.8145037E-005
          4654.06     -1.7693527E-005
          4665.35     -1.7256569E-005
          4676.64     -1.6833640E-005
          4687.93     -1.6424226E-005
          4699.22     -1.6027819E-005
          4710.51     -1.5643921E-005
          4721.80     -1.5272039E-005
          4733.09     -1.4911684E-005
          4744.38     -1.4562375E-005
          4755.66     -1.4223634E-005
          4766.95     -1.3894987E-005
          4778.24     -1.3575962E-005
          4789.53     -1.3266091E-005
          4800.82     -1.2964908E-005
          4812.11     -1.2673155E-005
          4823.40     -1.2391647E-005
          4834.69     -1.2120022E-005
          4845.98     -1.1857926E-005
          4857.27     -1.1605012E-005
          4868.55     -1.1360935E-005
          4879.84     -1.1125359E-005
          4891.13     -1.0897950E-005
          4902.42     -1.0678377E-005
          4913.71     -1.0466316E-005
          4925.00     -1.0261442E-005
          4936.29     -1.0063434E-005
          4947.58     -9.8719725E-006
          4958.87     -9.6867395E-006
          4970.16     -9.5074177E-006
          4981.45     -9.3336898E-006
          4992.73     -9.1652381E-006
          5004.02     -9.0017447E-006
          5015.31     -8.8428896E-006
          5026.60     -8.6883513E-006
          5037.89     -8.5378054E-006
          5049.18     -8.3909247E-006
          5060.47     -8.2473783E-006
          5071.76     -8.1068310E-006
          5083.05     -7.9689424E-006
          5094.34     -7.8343044E-006
          5105.62     -7.7035368E-006
          5116.91     -7.5763371E-006
          5128.20     -7.4524001E-006
          5139.49     -7.3314179E-006
          5150.78     -7.2130796E-006
          5162.07     -7.0970700E-006
          5173.36     -6.9830694E-006
          5184.65     -6.8707532E-006
          5195.94     -6.7597909E-006
          5207.23     -6.6498456E-006
          5218.52     -6.5405735E-006
          5229.80     -6.4316232E-006
          5241.09     -6.3226352E-006
          5252.38     -6.2132408E-006
          5263.67     -6.1030619E-006
          5274.96     -5.9917101E-006
          5286.25     -5.8787859E-006
          5297.54     -5.7638782E-006
          5308.83     -5.6465635E-006
          5320.12     -5.5264047E-006
          5331.41     -5.4029514E-006
          5342.70     -5.2757379E-006
          5353.98     -5.1487784E-006
          5365.27     -5.0262347E-006
          5376.56     -4.9078541E-006
          5387.85     -4.7933881E-006
          5399.14     -4.6825922E-006
          5410.43     -4.5752248E-006
          5421.72     -4.4710478E-006
          5433.01     -4.3698248E-006
          5444.30     -4.2713218E-006
          5455.59     -4.1753065E-006
          5466.88     -4.0815473E-006
          5478.16     -3.9898138E-006
          5489.45     -3.8998755E-006
          5500.74     -3.8115020E-006
          5512.03     -3.7244626E-006
          5523.32     -3.6385252E-006
          5534.61     -3.5534566E-006
          5545.90     -3.4690221E-006
          5557.19     -3.3849845E-006
          5568.48     -3.3011041E-006
          5579.77     -3.2171388E-006
          5591.05     -3.1328435E-006
          5602.34     -3.0479699E-006
          5613.63     -2.9622654E-006
          5624.92     -2.8754729E-006
          5636.21     -2.7873307E-006
          5647.50     -2.6975720E-006
          5658.79     -2.6059240E-006
          5670.08     -2.5121080E-006
          5681.37     -2.4158420E-006
          5692.66     -2.3168413E-006
          5703.95     -2.2142181E-006
          5715.23     -2.1077865E-006
          5726.52     -1.9982978E-006
          5737.81     -1.8864863E-006
          5749.10     -1.7730718E-006
          5760.39     -1.6587608E-006
          5771.68     -1.5442477E-006
          5782.97     -1.4302165E-006
          5794.26     -1.3173390E-006
          5805.55     -1.2062797E-006
          5816.84     -1.0977030E-006
          5828.12     -9.9227500E-007
          5839.41     -8.9066441E-007
          5850.70     -7.9354455E-007
          5861.99     -7.0159436E-007
          5873.28     -6.1550014E-007
          5884.57     -5.3595641E-007
          5895.86     -4.6366756E-007
          5907.15     -3.9934934E-007
          5918.44     -3.4373032E-007
          5929.73     -2.9755204E-007
          5941.02     -2.6156837E-007
          5952.30     -2.3654656E-007
          5963.59     -2.2326858E-007
          5974.88     -2.1616548E-007
          5986.17     -2.0913859E-007
          5997.46     -2.0218694E-007
          6008.75     -1.9530947E-007
          6020.04     -1.8850509E-007
          6031.33     -1.8177253E-007
          6042.62     -1.7511040E-007
          6053.91     -1.6851730E-007
          6065.20     -1.6199182E-007
          6076.48     -1.5553248E-007
          6087.77     -1.4913779E-007
          6099.06     -1.4280622E-007
          6110.35     -1.3653625E-007
          6121.64     -1.3032641E-007
          6132.93     -1.2417537E-007
          6144.22     -1.1808191E-007
          6155.51     -1.1204473E-007
          6166.80     -1.0605132E-007
          6178.09     -1.0008784E-007
          6189.38     -9.4150912E-008
          6200.66     -8.8237142E-008
          6211.95     -8.2343136E-008
          6223.24     -7.6465498E-008
          6234.53     -7.0600852E-008
          6245.82     -6.4745808E-008
          6257.11     -5.8896972E-008
          6268.40     -5.3050966E-008
          6279.69     -4.7204386E-008
          6290.98     -4.1353818E-008
          6302.27     -3.5495844E-008
          6313.55     -2.9627034E-008
          6324.84     -2.3743966E-008
          6336.13     -1.7843189E-008
          6347.42     -1.1921239E-008
          6358.71     -5.9746660E-009
          6370.00      3.4488204E-043
