          3480.00      4.9517345E-035
          3491.29     -4.2066110E-010
          3502.58     -8.3301178E-010
          3513.87     -1.2379725E-009
          3525.16     -1.6364203E-009
          3536.45     -2.0291938E-009
          3547.73     -2.4170943E-009
          3559.02     -2.8008872E-009
          3570.31     -3.1813066E-009
          3581.60     -3.5590553E-009
          3592.89     -3.9348076E-009
          3604.18     -4.3092097E-009
          3615.47     -4.6828779E-009
          3626.76     -5.0564031E-009
          3638.05     -5.4303537E-009
          3649.34     -5.8052760E-009
          3660.62     -6.1816971E-009
          3671.91     -6.5601250E-009
          3683.20     -6.9410498E-009
          3694.49     -7.3249447E-009
          3705.78     -7.7122661E-009
          3717.07     -8.1034559E-009
          3728.36     -8.4989417E-009
          3739.65     -8.8991359E-009
          3750.94     -9.3037531E-009
          3762.23     -9.7125445E-009
          3773.52     -1.0125956E-008
          3784.80     -1.0544415E-008
          3796.09     -1.0968337E-008
          3807.38     -1.1398118E-008
          3818.67     -1.1834146E-008
          3829.96     -1.2276789E-008
          3841.25     -1.2726406E-008
          3852.54     -1.3183339E-008
          3863.83     -1.3647919E-008
          3875.12     -1.4120465E-008
          3886.41     -1.4601279E-008
          3897.70     -1.5090655E-008
          3908.98     -1.5588873E-008
          3920.27     -1.6096199E-008
          3931.56     -1.6612888E-008
          3942.85     -1.7139182E-008
          3954.14     -1.7675310E-008
          3965.43     -1.8221492E-008
          3976.72     -1.8777932E-008
          3988.01     -1.9344823E-008
          3999.30     -1.9922342E-008
          4010.59     -2.0510652E-008
          4021.88     -2.1109905E-008
          4033.16     -2.1720234E-008
          4044.45     -2.2341759E-008
          4055.74     -2.2974583E-008
          4067.03     -2.3618792E-008
          4078.32     -2.4274455E-008
          4089.61     -2.4941624E-008
          4100.90     -2.5620330E-008
          4112.19     -2.6310588E-008
          4123.48     -2.7012388E-008
          4134.77     -2.7725702E-008
          4146.05     -2.8450481E-008
          4157.34     -2.9186647E-008
          4168.63     -2.9934103E-008
          4179.92     -3.0692725E-008
          4191.21     -3.1462360E-008
          4202.50     -3.2242829E-008
          4213.79     -3.3033923E-008
          4225.08     -3.3835404E-008
          4236.37     -3.4646999E-008
          4247.66     -3.5468403E-008
          4258.95     -3.6299275E-008
          4270.23     -3.7139237E-008
          4281.52     -3.7987871E-008
          4292.81     -3.8844720E-008
          4304.10     -3.9709284E-008
          4315.39     -4.0581020E-008
          4326.68     -4.1459338E-008
          4337.97     -4.2343597E-008
          4349.26     -4.3233108E-008
          4360.55     -4.4127129E-008
          4371.84     -4.5024865E-008
          4383.12     -4.5925465E-008
          4394.41     -4.6828014E-008
          4405.70     -4.7731529E-008
          4416.99     -4.8634966E-008
          4428.28     -4.9537207E-008
          4439.57     -5.0437065E-008
          4450.86     -5.1333279E-008
          4462.15     -5.2224507E-008
          4473.44     -5.3109328E-008
          4484.73     -5.3986236E-008
          4496.02     -5.4853635E-008
          4507.30     -5.5709839E-008
          4518.59     -5.6553064E-008
          4529.88     -5.7381427E-008
          4541.17     -5.8192942E-008
          4552.46     -5.8991671E-008
          4563.75     -5.9781259E-008
          4575.04     -6.0558946E-008
          4586.33     -6.1321875E-008
          4597.62     -6.2067090E-008
          4608.91     -6.2791524E-008
          4620.20     -6.3492000E-008
          4631.48     -6.4165221E-008
          4642.77     -6.4807759E-008
          4654.06     -6.5416058E-008
          4665.35     -6.5986419E-008
          4676.64     -6.6514995E-008
          4687.93     -6.6997786E-008
          4699.22     -6.7430631E-008
          4710.51     -6.7809198E-008
          4721.80     -6.8128979E-008
          4733.09     -6.8385281E-008
          4744.38     -6.8573217E-008
          4755.66     -6.8687703E-008
          4766.95     -6.8723440E-008
          4778.24     -6.8674915E-008
          4789.53     -6.8536387E-008
          4800.82     -6.8301877E-008
          4812.11     -6.7989572E-008
          4823.40     -6.7616204E-008
          4834.69     -6.7173304E-008
          4845.98     -6.6652222E-008
          4857.27     -6.6044111E-008
          4868.55     -6.5339914E-008
          4879.84     -6.4530347E-008
          4891.13     -6.3605884E-008
          4902.42     -6.2556745E-008
          4913.71     -6.1372880E-008
          4925.00     -6.0043948E-008
          4936.29     -5.8559308E-008
          4947.58     -5.6907998E-008
          4958.87     -5.5078721E-008
          4970.16     -5.3059832E-008
          4981.45     -5.0839312E-008
          4992.73     -4.8404757E-008
          5004.02     -4.5743362E-008
          5015.31     -4.2841894E-008
          5026.60     -3.9686681E-008
          5037.89     -3.6263595E-008
          5049.18     -3.2558027E-008
          5060.47     -2.8554884E-008
          5071.76     -2.4238548E-008
          5083.05     -1.9592866E-008
          5094.34     -1.4669780E-008
          5105.62     -9.5171897E-009
          5116.91     -4.1122168E-009
          5128.20      1.5683995E-009
          5139.49      7.5483427E-009
          5150.78      1.3851733E-008
          5162.07      2.0503193E-008
          5173.36      2.7527868E-008
          5184.65      3.4951434E-008
          5195.94      4.2800171E-008
          5207.23      5.1100974E-008
          5218.52      5.9881392E-008
          5229.80      6.9169670E-008
          5241.09      7.8994757E-008
          5252.38      8.9386382E-008
          5263.67      1.0037508E-007
          5274.96      1.1199218E-007
          5286.25      1.2426991E-007
          5297.54      1.3724142E-007
          5308.83      1.5094079E-007
          5320.12      1.6540309E-007
          5331.41      1.8066441E-007
          5342.70      1.9676192E-007
          5353.98      2.1127375E-007
          5365.27      2.2191226E-007
          5376.56      2.2891177E-007
          5387.85      2.3250023E-007
          5399.14      2.3289969E-007
          5410.43      2.3032663E-007
          5421.72      2.2499243E-007
          5433.01      2.1710370E-007
          5444.30      2.0686268E-007
          5455.59      1.9446763E-007
          5466.88      1.8011316E-007
          5478.16      1.6399055E-007
          5489.45      1.4628811E-007
          5500.74      1.2719146E-007
          5512.03      1.0688393E-007
          5523.32      8.5546791E-008
          5534.61      6.3359579E-008
          5545.90      4.0500475E-008
          5557.19      1.7146480E-008
          5568.48     -6.5262197E-009
          5579.77     -3.0341559E-008
          5591.05     -5.4123334E-008
          5602.34     -7.7695359E-008
          5613.63     -1.0088141E-007
          5624.92     -1.2350491E-007
          5636.21     -1.4538858E-007
          5647.50     -1.6635434E-007
          5658.79     -1.8622295E-007
          5670.08     -2.0481376E-007
          5681.37     -2.2194116E-007
          5692.66     -2.3741486E-007
          5703.95     -2.9008419E-007
          5715.23     -4.1423870E-007
          5726.52     -6.0296705E-007
          5737.81     -8.4951042E-007
          5749.10     -1.1472534E-006
          5760.39     -1.4897153E-006
          5771.68     -1.8705427E-006
          5782.97     -2.2835007E-006
          5794.26     -2.7224785E-006
          5805.55     -3.1814588E-006
          5816.84     -3.6544738E-006
          5828.12     -4.1355976E-006
          5839.41     -4.6189354E-006
          5850.70     -5.0986167E-006
          5861.99     -5.5687869E-006
          5873.28     -6.0235981E-006
          5884.57     -6.4572037E-006
          5895.86     -6.8637494E-006
          5907.15     -7.2373647E-006
          5918.44     -7.5721532E-006
          5929.73     -7.8621938E-006
          5941.02     -8.1015483E-006
          5952.30     -8.2842561E-006
          5963.59     -8.4043269E-006
          5974.88     -8.4824812E-006
          5986.17     -8.5435557E-006
          5997.46     -8.5876891E-006
          6008.75     -8.6149948E-006
          6020.04     -8.6255606E-006
          6031.33     -8.6194524E-006
          6042.62     -8.5967137E-006
          6053.91     -8.5573632E-006
          6065.20     -8.5013954E-006
          6076.48     -8.4287813E-006
          6087.77     -8.3394691E-006
          6099.06     -8.2333835E-006
          6110.35     -8.1104251E-006
          6121.64     -7.9704708E-006
          6132.93     -7.8133719E-006
          6144.22     -7.6389560E-006
          6155.51     -7.4470284E-006
          6166.80     -7.2371921E-006
          6178.09     -7.0090419E-006
          6189.38     -6.7623373E-006
          6200.66     -6.4968139E-006
          6211.95     -6.2121829E-006
          6223.24     -5.9081304E-006
          6234.53     -5.5843190E-006
          6245.82     -5.2403854E-006
          6257.11     -4.8759416E-006
          6268.40     -4.4905756E-006
          6279.69     -4.0838492E-006
          6290.98     -3.6552989E-006
          6302.27     -3.2044358E-006
          6313.55     -2.7307444E-006
          6324.84     -2.2336844E-006
          6336.13     -1.7126879E-006
          6347.42     -1.1671599E-006
          6358.71     -5.9648025E-007
          6370.00     -3.1402769E-047
