          3480.00      7.1562489E-035
          3491.29     -1.2621149E-010
          3502.58     -2.4964868E-010
          3513.87     -3.7068311E-010
          3525.16     -4.8966797E-010
          3536.45     -6.0694013E-010
          3547.73     -7.2282099E-010
          3559.02     -8.3761745E-010
          3570.31     -9.5162349E-010
          3581.60     -1.0651209E-009
          3592.89     -1.1783801E-009
          3604.18     -1.2916610E-009
          3615.47     -1.4052124E-009
          3626.76     -1.5192738E-009
          3638.05     -1.6340767E-009
          3649.34     -1.7498444E-009
          3660.62     -1.8667937E-009
          3671.91     -1.9851350E-009
          3683.20     -2.1050725E-009
          3694.49     -2.2268052E-009
          3705.78     -2.3505265E-009
          3717.07     -2.4764257E-009
          3728.36     -2.6046877E-009
          3739.65     -2.7354929E-009
          3750.94     -2.8687349E-009
          3762.23     -3.0043253E-009
          3773.52     -3.1424647E-009
          3784.80     -3.2833484E-009
          3796.09     -3.4271664E-009
          3807.38     -3.5741043E-009
          3818.67     -3.7243436E-009
          3829.96     -3.8780611E-009
          3841.25     -4.0354301E-009
          3852.54     -4.1966196E-009
          3863.83     -4.3617950E-009
          3875.12     -4.5311182E-009
          3886.41     -4.7047473E-009
          3897.70     -4.8828371E-009
          3908.98     -5.0655391E-009
          3920.27     -5.2530009E-009
          3931.56     -5.4453671E-009
          3942.85     -5.6427786E-009
          3954.14     -5.8453732E-009
          3965.43     -6.0532854E-009
          3976.72     -6.2666457E-009
          3988.01     -6.4855810E-009
          3999.30     -6.7102142E-009
          4010.59     -6.9406634E-009
          4021.88     -7.1770425E-009
          4033.16     -7.4194608E-009
          4044.45     -7.6680220E-009
          4055.74     -7.9228251E-009
          4067.03     -8.1839623E-009
          4078.32     -8.4515206E-009
          4089.61     -8.7255803E-009
          4100.90     -9.0062141E-009
          4112.19     -9.2934880E-009
          4123.48     -9.5874596E-009
          4134.77     -9.8881784E-009
          4146.05     -1.0195685E-008
          4157.34     -1.0510009E-008
          4168.63     -1.0831170E-008
          4179.92     -1.1159180E-008
          4191.21     -1.1494033E-008
          4202.50     -1.1835716E-008
          4213.79     -1.2184199E-008
          4225.08     -1.2539440E-008
          4236.37     -1.2901382E-008
          4247.66     -1.3269949E-008
          4258.95     -1.3645051E-008
          4270.23     -1.4026578E-008
          4281.52     -1.4414402E-008
          4292.81     -1.4808373E-008
          4304.10     -1.5208321E-008
          4315.39     -1.5614050E-008
          4326.68     -1.6025345E-008
          4337.97     -1.6441959E-008
          4349.26     -1.6863623E-008
          4360.55     -1.7290036E-008
          4371.84     -1.7720870E-008
          4383.12     -1.8155765E-008
          4394.41     -1.8594324E-008
          4405.70     -1.9036115E-008
          4416.99     -1.9480668E-008
          4428.28     -1.9927471E-008
          4439.57     -2.0375974E-008
          4450.86     -2.0825580E-008
          4462.15     -2.1275646E-008
          4473.44     -2.1725482E-008
          4484.73     -2.2174345E-008
          4496.02     -2.2621438E-008
          4507.30     -2.3065908E-008
          4518.59     -2.3506843E-008
          4529.88     -2.3943267E-008
          4541.17     -2.4374140E-008
          4552.46     -2.4801954E-008
          4563.75     -2.5228929E-008
          4575.04     -2.5653525E-008
          4586.33     -2.6074139E-008
          4597.62     -2.6489108E-008
          4608.91     -2.6896699E-008
          4620.20     -2.7295103E-008
          4631.48     -2.7682437E-008
          4642.77     -2.8056730E-008
          4654.06     -2.8415922E-008
          4665.35     -2.8757860E-008
          4676.64     -2.9080289E-008
          4687.93     -2.9380847E-008
          4699.22     -2.9657061E-008
          4710.51     -2.9906338E-008
          4721.80     -3.0125960E-008
          4733.09     -3.0313077E-008
          4744.38     -3.0464704E-008
          4755.66     -3.0577706E-008
          4766.95     -3.0648800E-008
          4778.24     -3.0674540E-008
          4789.53     -3.0651314E-008
          4800.82     -3.0575334E-008
          4812.11     -3.0458593E-008
          4823.40     -3.0312013E-008
          4834.69     -3.0129977E-008
          4845.98     -2.9906742E-008
          4857.27     -2.9636418E-008
          4868.55     -2.9312962E-008
          4879.84     -2.8930158E-008
          4891.13     -2.8481609E-008
          4902.42     -2.7960721E-008
          4913.71     -2.7360689E-008
          4925.00     -2.6674481E-008
          4936.29     -2.5894827E-008
          4947.58     -2.5014202E-008
          4958.87     -2.4024810E-008
          4970.16     -2.2918572E-008
          4981.45     -2.1687107E-008
          4992.73     -2.0321716E-008
          5004.02     -1.8813370E-008
          5015.31     -1.7152684E-008
          5026.60     -1.5329907E-008
          5037.89     -1.3334903E-008
          5049.18     -1.1157133E-008
          5060.47     -8.7856413E-009
          5071.76     -6.2090267E-009
          5083.05     -3.4154279E-009
          5094.34     -4.4289583E-010
          5105.62      2.6738371E-009
          5116.91      5.9521714E-009
          5128.20      9.4098259E-009
          5139.49      1.3064875E-008
          5150.78      1.6935772E-008
          5162.07      2.1041401E-008
          5173.36      2.5401103E-008
          5184.65      3.0034698E-008
          5195.94      3.4962542E-008
          5207.23      4.0205545E-008
          5218.52      4.5785214E-008
          5229.80      5.1723692E-008
          5241.09      5.8043776E-008
          5252.38      6.4768984E-008
          5263.67      7.1923580E-008
          5274.96      7.9532589E-008
          5286.25      8.7621878E-008
          5297.54      9.6218172E-008
          5308.83      1.0534910E-007
          5320.12      1.1504325E-007
          5331.41      1.2533016E-007
          5342.70      1.3624043E-007
          5353.98      1.4580718E-007
          5365.27      1.5218294E-007
          5376.56      1.5557286E-007
          5387.85      1.5617527E-007
          5399.14      1.5418219E-007
          5410.43      1.4977974E-007
          5421.72      1.4314868E-007
          5433.01      1.3446471E-007
          5444.30      1.2389899E-007
          5455.59      1.1161854E-007
          5466.88      9.7786623E-008
          5478.16      8.2563075E-008
          5489.45      6.6104730E-008
          5500.74      4.8565739E-008
          5512.03      3.0097990E-008
          5523.32      1.0851360E-008
          5534.61     -9.0259005E-009
          5545.90     -2.9386785E-008
          5557.19     -5.0085309E-008
          5568.48     -7.0976121E-008
          5579.77     -9.1913877E-008
          5591.05     -1.1275295E-007
          5602.34     -1.3334746E-007
          5613.63     -1.5355117E-007
          5624.92     -1.7321712E-007
          5636.21     -1.9219732E-007
          5647.50     -2.1034252E-007
          5658.79     -2.2750188E-007
          5670.08     -2.4352269E-007
          5681.37     -2.5824745E-007
          5692.66     -2.7151406E-007
          5703.95     -3.2022940E-007
          5715.23     -4.3694138E-007
          5726.52     -6.1508436E-007
          5737.81     -8.4826528E-007
          5749.10     -1.1302517E-006
          5760.39     -1.4549607E-006
          5771.68     -1.8164482E-006
          5782.97     -2.2088984E-006
          5794.26     -2.6266254E-006
          5805.55     -3.0640420E-006
          5816.84     -3.5156158E-006
          5828.12     -3.9758593E-006
          5839.41     -4.4393178E-006
          5850.70     -4.9005599E-006
          5861.99     -5.3541677E-006
          5873.28     -5.7947256E-006
          5884.57     -6.2168130E-006
          5895.86     -6.6149934E-006
          5907.15     -6.9838039E-006
          5918.44     -7.3177446E-006
          5929.73     -7.6112764E-006
          5941.02     -7.8588270E-006
          5952.30     -8.0547829E-006
          5963.59     -8.1934808E-006
          5974.88     -8.2924427E-006
          5986.17     -8.3731852E-006
          5997.46     -8.4359664E-006
          6008.75     -8.4810064E-006
          6020.04     -8.5084886E-006
          6031.33     -8.5185622E-006
          6042.62     -8.5113431E-006
          6053.91     -8.4869116E-006
          6065.20     -8.4453130E-006
          6076.48     -8.3865590E-006
          6087.77     -8.3106281E-006
          6099.06     -8.2174652E-006
          6110.35     -8.1069814E-006
          6121.64     -7.9790540E-006
          6132.93     -7.8335256E-006
          6144.22     -7.6702055E-006
          6155.51     -7.4888709E-006
          6166.80     -7.2889822E-006
          6178.09     -7.0699835E-006
          6189.38     -6.8315787E-006
          6200.66     -6.5734375E-006
          6211.95     -6.2951951E-006
          6223.24     -5.9964512E-006
          6234.53     -5.6767714E-006
          6245.82     -5.3356851E-006
          6257.11     -4.9726860E-006
          6268.40     -4.5872331E-006
          6279.69     -4.1787481E-006
          6290.98     -3.7466161E-006
          6302.27     -3.2901852E-006
          6313.55     -2.8087653E-006
          6324.84     -2.3016296E-006
          6336.13     -1.7680110E-006
          6347.42     -1.2071032E-006
          6358.71     -6.1806168E-007
          6370.00      0.0000000E+000
