          3480.00      8.8520551E-037
          3491.29     -4.7911225E-009
          3502.58     -9.5131104E-009
          3513.87     -1.4170727E-008
          3525.16     -1.8768530E-008
          3536.45     -2.3310904E-008
          3547.73     -2.7802056E-008
          3559.02     -3.2246012E-008
          3570.31     -3.6646645E-008
          3581.60     -4.1007667E-008
          3592.89     -4.5332641E-008
          3604.18     -4.9624973E-008
          3615.47     -5.3887877E-008
          3626.76     -5.8124419E-008
          3638.05     -6.2337536E-008
          3649.34     -6.6530026E-008
          3660.62     -7.0704581E-008
          3671.91     -7.4863769E-008
          3683.20     -7.9010047E-008
          3694.49     -8.3145761E-008
          3705.78     -8.7273143E-008
          3717.07     -9.1394328E-008
          3728.36     -9.5511352E-008
          3739.65     -9.9626137E-008
          3750.94     -1.0373702E-007
          3762.23     -1.0784247E-007
          3773.52     -1.1194450E-007
          3784.80     -1.1604500E-007
          3796.09     -1.2014576E-007
          3807.38     -1.2424849E-007
          3818.67     -1.2835480E-007
          3829.96     -1.3246620E-007
          3841.25     -1.3658411E-007
          3852.54     -1.4070985E-007
          3863.83     -1.4484467E-007
          3875.12     -1.4898971E-007
          3886.41     -1.5314601E-007
          3897.70     -1.5731454E-007
          3908.98     -1.6149619E-007
          3920.27     -1.6569173E-007
          3931.56     -1.6990186E-007
          3942.85     -1.7412720E-007
          3954.14     -1.7836829E-007
          3965.43     -1.8262558E-007
          3976.72     -1.8689942E-007
          3988.01     -1.9119011E-007
          3999.30     -1.9549784E-007
          4010.59     -1.9982271E-007
          4021.88     -2.0416473E-007
          4033.16     -2.0852383E-007
          4044.45     -2.1289985E-007
          4055.74     -2.1729255E-007
          4067.03     -2.2170155E-007
          4078.32     -2.2612643E-007
          4089.61     -2.3056666E-007
          4100.90     -2.3502160E-007
          4112.19     -2.3949053E-007
          4123.48     -2.4397261E-007
          4134.77     -2.4846693E-007
          4146.05     -2.5297246E-007
          4157.34     -2.5748806E-007
          4168.63     -2.6201250E-007
          4179.92     -2.6654444E-007
          4191.21     -2.7108241E-007
          4202.50     -2.7562484E-007
          4213.79     -2.8017006E-007
          4225.08     -2.8471627E-007
          4236.37     -2.8926155E-007
          4247.66     -2.9380384E-007
          4258.95     -2.9834100E-007
          4270.23     -3.0287071E-007
          4281.52     -3.0739055E-007
          4292.81     -3.1189796E-007
          4304.10     -3.1639023E-007
          4315.39     -3.2086453E-007
          4326.68     -3.2531789E-007
          4337.97     -3.2974715E-007
          4349.26     -3.3414905E-007
          4360.55     -3.3852015E-007
          4371.84     -3.4285687E-007
          4383.12     -3.4715548E-007
          4394.41     -3.5141206E-007
          4405.70     -3.5562251E-007
          4416.99     -3.5978257E-007
          4428.28     -3.6388777E-007
          4439.57     -3.6793348E-007
          4450.86     -3.7191489E-007
          4462.15     -3.7582698E-007
          4473.44     -3.7966453E-007
          4484.73     -3.8342213E-007
          4496.02     -3.8709417E-007
          4507.30     -3.9067480E-007
          4518.59     -3.9415799E-007
          4529.88     -3.9753744E-007
          4541.17     -4.0080667E-007
          4552.46     -4.0397577E-007
          4563.75     -4.0705394E-007
          4575.04     -4.1003305E-007
          4586.33     -4.1290476E-007
          4597.62     -4.1566048E-007
          4608.91     -4.1829141E-007
          4620.20     -4.2078851E-007
          4631.48     -4.2314250E-007
          4642.77     -4.2534384E-007
          4654.06     -4.2738273E-007
          4665.35     -4.2924910E-007
          4676.64     -4.3093260E-007
          4687.93     -4.3242261E-007
          4699.22     -4.3370820E-007
          4710.51     -4.3477814E-007
          4721.80     -4.3562088E-007
          4733.09     -4.3622457E-007
          4744.38     -4.3657701E-007
          4755.66     -4.3666566E-007
          4766.95     -4.3647766E-007
          4778.24     -4.3599975E-007
          4789.53     -4.3521834E-007
          4800.82     -4.3411943E-007
          4812.11     -4.3274203E-007
          4823.40     -4.3112270E-007
          4834.69     -4.2924335E-007
          4845.98     -4.2708558E-007
          4857.27     -4.2463062E-007
          4868.55     -4.2185941E-007
          4879.84     -4.1875249E-007
          4891.13     -4.1529006E-007
          4902.42     -4.1145191E-007
          4913.71     -4.0721747E-007
          4925.00     -4.0256572E-007
          4936.29     -3.9747523E-007
          4947.58     -3.9192411E-007
          4958.87     -3.8589002E-007
          4970.16     -3.7935015E-007
          4981.45     -3.7228120E-007
          4992.73     -3.6465934E-007
          5004.02     -3.5646026E-007
          5015.31     -3.4765906E-007
          5026.60     -3.3823031E-007
          5037.89     -3.2814801E-007
          5049.18     -3.1738555E-007
          5060.47     -3.0591575E-007
          5071.76     -2.9371081E-007
          5083.05     -2.8074226E-007
          5094.34     -2.6709953E-007
          5105.62     -2.5286663E-007
          5116.91     -2.3800626E-007
          5128.20     -2.2248059E-007
          5139.49     -2.0625127E-007
          5150.78     -1.8927943E-007
          5162.07     -1.7152559E-007
          5173.36     -1.5294965E-007
          5184.65     -1.3351096E-007
          5195.94     -1.1316815E-007
          5207.23     -9.1879210E-008
          5218.52     -6.9601407E-008
          5229.80     -4.6291274E-008
          5241.09     -2.1904650E-008
          5252.38      3.6034684E-009
          5263.67      3.0278894E-008
          5274.96      5.8168200E-008
          5286.25      8.7318890E-008
          5297.54      1.1777933E-007
          5308.83      1.4959882E-007
          5320.12      1.8282762E-007
          5331.41      2.1751687E-007
          5342.70      2.5371879E-007
          5353.98      2.8805211E-007
          5365.27      3.1728866E-007
          5376.56      3.4170787E-007
          5387.85      3.6158479E-007
          5399.14      3.7719040E-007
          5410.43      3.8879186E-007
          5421.72      3.9665272E-007
          5433.01      4.0103320E-007
          5444.30      4.0219042E-007
          5455.59      4.0037864E-007
          5466.88      3.9584949E-007
          5478.16      3.8885217E-007
          5489.45      3.7963366E-007
          5500.74      3.6843889E-007
          5512.03      3.5551102E-007
          5523.32      3.4109158E-007
          5534.61      3.2542068E-007
          5545.90      3.0873728E-007
          5557.19      2.9127926E-007
          5568.48      2.7328370E-007
          5579.77      2.5498770E-007
          5591.05      2.3662853E-007
          5602.34      2.1844315E-007
          5613.63      2.0066815E-007
          5624.92      1.8353993E-007
          5636.21      1.6729498E-007
          5647.50      1.5216989E-007
          5658.79      1.3840156E-007
          5670.08      1.2622747E-007
          5681.37      1.1589061E-007
          5692.66      1.0763905E-007
          5703.95      6.1754632E-008
          5715.23     -5.6928247E-008
          5726.52     -2.4141564E-007
          5737.81     -4.8482147E-007
          5749.10     -7.8036380E-007
          5760.39     -1.1213616E-006
          5771.68     -1.5012318E-006
          5782.97     -1.9134863E-006
          5794.26     -2.3517433E-006
          5805.55     -2.8097012E-006
          5816.84     -3.2810963E-006
          5828.12     -3.7596997E-006
          5839.41     -4.2393106E-006
          5850.70     -4.7137533E-006
          5861.99     -5.1768732E-006
          5873.28     -5.6225314E-006
          5884.57     -6.0446029E-006
          5895.86     -6.4369718E-006
          5907.15     -6.7935261E-006
          5918.44     -7.1081519E-006
          5929.73     -7.3747378E-006
          5941.02     -7.5871875E-006
          5952.30     -7.7394176E-006
          5963.59     -7.8253540E-006
          5974.88     -7.8691221E-006
          5986.17     -7.8988886E-006
          5997.46     -7.9146402E-006
          6008.75     -7.9163545E-006
          6020.04     -7.9040005E-006
          6031.33     -7.8775418E-006
          6042.62     -7.8369357E-006
          6053.91     -7.7821307E-006
          6065.20     -7.7130657E-006
          6076.48     -7.6296717E-006
          6087.77     -7.5318720E-006
          6099.06     -7.4195811E-006
          6110.35     -7.2927042E-006
          6121.64     -7.1511365E-006
          6132.93     -6.9947615E-006
          6144.22     -6.8234521E-006
          6155.51     -6.6370735E-006
          6166.80     -6.4354528E-006
          6178.09     -6.2184227E-006
          6189.38     -5.9858448E-006
          6200.66     -5.7375717E-006
          6211.95     -5.4734465E-006
          6223.24     -5.1933020E-006
          6234.53     -4.8969622E-006
          6245.82     -4.5842405E-006
          6257.11     -4.2549406E-006
          6268.40     -3.9088571E-006
          6279.69     -3.5457743E-006
          6290.98     -3.1654666E-006
          6302.27     -2.7676990E-006
          6313.55     -2.3522257E-006
          6324.84     -1.9187923E-006
          6336.13     -1.4671334E-006
          6347.42     -9.9697328E-007
          6358.71     -5.0802739E-007
          6370.00     -7.8423752E-045
