          3480.00     -1.8980185E-038
          3491.29     -3.7760086E-008
          3502.58     -7.5149420E-008
          3513.87     -1.1217533E-007
          3525.16     -1.4884475E-007
          3536.45     -1.8516444E-007
          3547.73     -2.2114086E-007
          3559.02     -2.5678011E-007
          3570.31     -2.9208814E-007
          3581.60     -3.2707058E-007
          3592.89     -3.6173282E-007
          3604.18     -3.9607989E-007
          3615.47     -4.3011616E-007
          3626.76     -4.6384566E-007
          3638.05     -4.9727218E-007
          3649.34     -5.3039919E-007
          3660.62     -5.6323006E-007
          3671.91     -5.9576789E-007
          3683.20     -6.2801561E-007
          3694.49     -6.5997592E-007
          3705.78     -6.9165127E-007
          3717.07     -7.2304399E-007
          3728.36     -7.5415621E-007
          3739.65     -7.8498977E-007
          3750.94     -8.1554109E-007
          3762.23     -8.4580681E-007
          3773.52     -8.7578897E-007
          3784.80     -9.0548944E-007
          3796.09     -9.3490980E-007
          3807.38     -9.6405162E-007
          3818.67     -9.9291629E-007
          3829.96     -1.0215050E-006
          3841.25     -1.0498187E-006
          3852.54     -1.0778583E-006
          3863.83     -1.1056244E-006
          3875.12     -1.1331177E-006
          3886.41     -1.1603382E-006
          3897.70     -1.1872863E-006
          3908.98     -1.2139619E-006
          3920.27     -1.2403648E-006
          3931.56     -1.2664947E-006
          3942.85     -1.2923510E-006
          3954.14     -1.3179332E-006
          3965.43     -1.3432404E-006
          3976.72     -1.3682719E-006
          3988.01     -1.3930265E-006
          3999.30     -1.4175030E-006
          4010.59     -1.4417000E-006
          4021.88     -1.4656160E-006
          4033.16     -1.4892494E-006
          4044.45     -1.5125982E-006
          4055.74     -1.5356606E-006
          4067.03     -1.5584344E-006
          4078.32     -1.5809172E-006
          4089.61     -1.6031068E-006
          4100.90     -1.6250004E-006
          4112.19     -1.6465953E-006
          4123.48     -1.6678887E-006
          4134.77     -1.6888776E-006
          4146.05     -1.7095588E-006
          4157.34     -1.7299289E-006
          4168.63     -1.7499846E-006
          4179.92     -1.7697221E-006
          4191.21     -1.7891378E-006
          4202.50     -1.8082278E-006
          4213.79     -1.8269880E-006
          4225.08     -1.8454142E-006
          4236.37     -1.8635021E-006
          4247.66     -1.8812473E-006
          4258.95     -1.8986451E-006
          4270.23     -1.9156907E-006
          4281.52     -1.9323793E-006
          4292.81     -1.9487057E-006
          4304.10     -1.9646648E-006
          4315.39     -1.9802512E-006
          4326.68     -1.9954594E-006
          4337.97     -2.0102839E-006
          4349.26     -2.0247188E-006
          4360.55     -2.0387581E-006
          4371.84     -2.0523960E-006
          4383.12     -2.0656262E-006
          4394.41     -2.0784424E-006
          4405.70     -2.0908381E-006
          4416.99     -2.1028065E-006
          4428.28     -2.1143410E-006
          4439.57     -2.1254344E-006
          4450.86     -2.1360798E-006
          4462.15     -2.1462698E-006
          4473.44     -2.1559971E-006
          4484.73     -2.1652541E-006
          4496.02     -2.1740331E-006
          4507.30     -2.1823262E-006
          4518.59     -2.1901254E-006
          4529.88     -2.1974227E-006
          4541.17     -2.2042096E-006
          4552.46     -2.2104930E-006
          4563.75     -2.2162790E-006
          4575.04     -2.2215582E-006
          4586.33     -2.2263212E-006
          4597.62     -2.2305582E-006
          4608.91     -2.2342595E-006
          4620.20     -2.2374150E-006
          4631.48     -2.2400146E-006
          4642.77     -2.2420481E-006
          4654.06     -2.2435050E-006
          4665.35     -2.2443747E-006
          4676.64     -2.2446467E-006
          4687.93     -2.2443098E-006
          4699.22     -2.2433532E-006
          4710.51     -2.2417657E-006
          4721.80     -2.2395358E-006
          4733.09     -2.2366522E-006
          4744.38     -2.2331030E-006
          4755.66     -2.2288766E-006
          4766.95     -2.2239609E-006
          4778.24     -2.2183437E-006
          4789.53     -2.2120128E-006
          4800.82     -2.2049557E-006
          4812.11     -2.1971982E-006
          4823.40     -2.1887648E-006
          4834.69     -2.1796412E-006
          4845.98     -2.1698126E-006
          4857.27     -2.1592643E-006
          4868.55     -2.1479812E-006
          4879.84     -2.1359482E-006
          4891.13     -2.1231502E-006
          4902.42     -2.1095716E-006
          4913.71     -2.0951968E-006
          4925.00     -2.0800101E-006
          4936.29     -2.0639956E-006
          4947.58     -2.0471372E-006
          4958.87     -2.0294186E-006
          4970.16     -2.0108234E-006
          4981.45     -1.9913351E-006
          4992.73     -1.9709368E-006
          5004.02     -1.9496117E-006
          5015.31     -1.9273426E-006
          5026.60     -1.9041122E-006
          5037.89     -1.8799030E-006
          5049.18     -1.8546974E-006
          5060.47     -1.8284775E-006
          5071.76     -1.8012254E-006
          5083.05     -1.7729226E-006
          5094.34     -1.7436173E-006
          5105.62     -1.7133550E-006
          5116.91     -1.6821144E-006
          5128.20     -1.6498736E-006
          5139.49     -1.6166107E-006
          5150.78     -1.5823038E-006
          5162.07     -1.5469306E-006
          5173.36     -1.5104687E-006
          5184.65     -1.4728955E-006
          5195.94     -1.4341883E-006
          5207.23     -1.3943241E-006
          5218.52     -1.3532798E-006
          5229.80     -1.3110321E-006
          5241.09     -1.2675576E-006
          5252.38     -1.2228325E-006
          5263.67     -1.1768330E-006
          5274.96     -1.1295351E-006
          5286.25     -1.0809144E-006
          5297.54     -1.0309466E-006
          5308.83     -9.7960691E-007
          5320.12     -9.2687049E-007
          5331.41     -8.7271232E-007
          5342.70     -8.1710709E-007
          5353.98     -7.6154383E-007
          5365.27     -7.0746124E-007
          5376.56     -6.5475843E-007
          5387.85     -6.0333497E-007
          5399.14     -5.5309082E-007
          5410.43     -5.0392627E-007
          5421.72     -4.5574205E-007
          5433.01     -4.0843914E-007
          5444.30     -3.6191876E-007
          5455.59     -3.1608258E-007
          5466.88     -2.7083233E-007
          5478.16     -2.2607006E-007
          5489.45     -1.8169803E-007
          5500.74     -1.3761868E-007
          5512.03     -9.3734731E-008
          5523.32     -4.9948971E-008
          5534.61     -6.1643319E-009
          5545.90      3.7716007E-008
          5557.19      8.1788872E-008
          5568.48      1.2615095E-007
          5579.77      1.7089922E-007
          5591.05      2.1613102E-007
          5602.34      2.6194348E-007
          5613.63      3.0843378E-007
          5624.92      3.5569894E-007
          5636.21      4.0383578E-007
          5647.50      4.5294118E-007
          5658.79      5.0311186E-007
          5670.08      5.5444454E-007
          5681.37      6.0703854E-007
          5692.66      6.6099535E-007
          5703.95      7.0250591E-007
          5715.23      7.1906905E-007
          5726.52      7.1273221E-007
          5737.81      6.8552198E-007
          5749.10      6.3944384E-007
          5760.39      5.7648193E-007
          5771.68      4.9859875E-007
          5782.97      4.0773469E-007
          5794.26      3.0580164E-007
          5805.55      1.9468948E-007
          5816.84      7.6279061E-008
          5828.12     -4.7557576E-008
          5839.41     -1.7495656E-007
          5850.70     -3.0406205E-007
          5861.99     -4.3302605E-007
          5873.28     -5.6000778E-007
          5884.57     -6.8317408E-007
          5895.86     -8.0069886E-007
          5907.15     -9.1076251E-007
          5918.44     -1.0115497E-006
          5929.73     -1.1012518E-006
          5941.02     -1.1780719E-006
          5952.30     -1.2402257E-006
          5963.59     -1.2859408E-006
          5974.88     -1.3209745E-006
          5986.17     -1.3522415E-006
          5997.46     -1.3797139E-006
          6008.75     -1.4033638E-006
          6020.04     -1.4231630E-006
          6031.33     -1.4390861E-006
          6042.62     -1.4511097E-006
          6053.91     -1.4592101E-006
          6065.20     -1.4633633E-006
          6076.48     -1.4635457E-006
          6087.77     -1.4597348E-006
          6099.06     -1.4519081E-006
          6110.35     -1.4400427E-006
          6121.64     -1.4241146E-006
          6132.93     -1.4040964E-006
          6144.22     -1.3799581E-006
          6155.51     -1.3516702E-006
          6166.80     -1.3192149E-006
          6178.09     -1.2825800E-006
          6189.38     -1.2417463E-006
          6200.66     -1.1966949E-006
          6211.95     -1.1474064E-006
          6223.24     -1.0938604E-006
          6234.53     -1.0360362E-006
          6245.82     -9.7391234E-007
          6257.11     -9.0746643E-007
          6268.40     -8.3667578E-007
          6279.69     -7.6151702E-007
          6290.98     -6.8196638E-007
          6302.27     -5.9799940E-007
          6313.55     -5.0959087E-007
          6324.84     -4.1671512E-007
          6336.13     -3.1934569E-007
          6347.42     -2.1745539E-007
          6358.71     -1.1101648E-007
          6370.00     -5.5764693E-042
