          3480.00      0.0000000E+000
          3491.29      6.3844092E+001
          3502.58      6.3040032E+001
          3513.87      6.2250529E+001
          3525.16      6.1475218E+001
          3536.45      6.0713732E+001
          3547.73      5.9965708E+001
          3559.02      5.9230787E+001
          3570.31      5.8508610E+001
          3581.60      5.7798821E+001
          3592.89      5.7101068E+001
          3604.18      5.6414997E+001
          3615.47      5.5740242E+001
          3626.76      5.5076438E+001
          3638.05      5.4423223E+001
          3649.34      5.3780245E+001
          3660.62      5.3147155E+001
          3671.91      5.2523611E+001
          3683.20      5.1909275E+001
          3694.49      5.1303815E+001
          3705.78      5.0706904E+001
          3717.07      5.0118222E+001
          3728.36      4.9537450E+001
          3739.65      4.8964280E+001
          3750.94      4.8398405E+001
          3762.23      4.7839524E+001
          3773.52      4.7287343E+001
          3784.80      4.6741572E+001
          3796.09      4.6201928E+001
          3807.38      4.5668133E+001
          3818.67      4.5139915E+001
          3829.96      4.4617011E+001
          3841.25      4.4099159E+001
          3852.54      4.3586104E+001
          3863.83      4.3077595E+001
          3875.12      4.2573389E+001
          3886.41      4.2073244E+001
          3897.70      4.1576927E+001
          3908.98      4.1084207E+001
          3920.27      4.0594859E+001
          3931.56      4.0108663E+001
          3942.85      3.9625404E+001
          3954.14      3.9144872E+001
          3965.43      3.8666862E+001
          3976.72      3.8191176E+001
          3988.01      3.7717619E+001
          3999.30      3.7245999E+001
          4010.59      3.6776130E+001
          4021.88      3.6307830E+001
          4033.16      3.5840919E+001
          4044.45      3.5375223E+001
          4055.74      3.4910571E+001
          4067.03      3.4446795E+001
          4078.32      3.3983732E+001
          4089.61      3.3521221E+001
          4100.90      3.3059105E+001
          4112.19      3.2597230E+001
          4123.48      3.2135445E+001
          4134.77      3.1673603E+001
          4146.05      3.1211560E+001
          4157.34      3.0749172E+001
          4168.63      3.0286301E+001
          4179.92      2.9822811E+001
          4191.21      2.9358566E+001
          4202.50      2.8893435E+001
          4213.79      2.8427288E+001
          4225.08      2.7959998E+001
          4236.37      2.7491439E+001
          4247.66      2.7021488E+001
          4258.95      2.6550022E+001
          4270.23      2.6076920E+001
          4281.52      2.5602065E+001
          4292.81      2.5125340E+001
          4304.10      2.4646627E+001
          4315.39      2.4165813E+001
          4326.68      2.3682784E+001
          4337.97      2.3197429E+001
          4349.26      2.2709635E+001
          4360.55      2.2219292E+001
          4371.84      2.1726294E+001
          4383.12      2.1230532E+001
          4394.41      2.0731899E+001
          4405.70      2.0230286E+001
          4416.99      1.9725585E+001
          4428.28      1.9217689E+001
          4439.57      1.8706490E+001
          4450.86      1.8191881E+001
          4462.15      1.7673756E+001
          4473.44      1.7152007E+001
          4484.73      1.6626527E+001
          4496.02      1.6097209E+001
          4507.30      1.5563945E+001
          4518.59      1.5026628E+001
          4529.88      1.4485150E+001
          4541.17      1.3939400E+001
          4552.46      1.3389270E+001
          4563.75      1.2834650E+001
          4575.04      1.2275429E+001
          4586.33      1.1711496E+001
          4597.62      1.1142736E+001
          4608.91      1.0569038E+001
          4620.20      9.9902851E+000
          4631.48      9.4063613E+000
          4642.77      8.8171498E+000
          4654.06      8.2225310E+000
          4665.35      7.6223843E+000
          4676.64      7.0165874E+000
          4687.93      6.4050160E+000
          4699.22      5.7875451E+000
          4710.51      5.1640466E+000
          4721.80      4.5343901E+000
          4733.09      3.8984447E+000
          4744.38      3.2560758E+000
          4755.66      2.6071470E+000
          4766.95      1.9515194E+000
          4778.24      1.2890509E+000
          4789.53      6.1959857E-001
          4800.82     -5.6984902E-002
          4812.11     -7.4084989E-001
          4823.40     -1.4321479E+000
          4834.69     -2.1310354E+000
          4845.98     -2.8376714E+000
          4857.27     -3.5522187E+000
          4868.55     -4.2748444E+000
          4879.84     -5.0057171E+000
          4891.13     -5.7450112E+000
          4902.42     -6.4929052E+000
          4913.71     -7.2495794E+000
          4925.00     -8.0152204E+000
          4936.29     -8.7900185E+000
          4947.58     -9.5741685E+000
          4958.87     -1.0367871E+001
          4970.16     -1.1171328E+001
          4981.45     -1.1984751E+001
          4992.73     -1.2808354E+001
          5004.02     -1.3642357E+001
          5015.31     -1.4486987E+001
          5026.60     -1.5342477E+001
          5037.89     -1.6209063E+001
          5049.18     -1.7086993E+001
          5060.47     -1.7976515E+001
          5071.76     -1.8877888E+001
          5083.05     -1.9791377E+001
          5094.34     -2.0717254E+001
          5105.62     -2.1655798E+001
          5116.91     -2.2607297E+001
          5128.20     -2.3572047E+001
          5139.49     -2.4550353E+001
          5150.78     -2.5542525E+001
          5162.07     -2.6548888E+001
          5173.36     -2.7221714E+001
          5184.65     -2.7250573E+001
          5195.94     -2.6703999E+001
          5207.23     -2.5661324E+001
          5218.52     -2.4206251E+001
          5229.80     -2.2421518E+001
          5241.09     -2.0384932E+001
          5252.38     -1.8166760E+001
          5263.67     -1.5828349E+001
          5274.96     -1.3421707E+001
          5286.25     -1.0989743E+001
          5297.54     -8.5669703E+000
          5308.83     -6.1804447E+000
          5320.12     -3.8507859E+000
          5331.41     -1.5932088E+000
          5342.70      5.8153506E-001
          5353.98      2.6662981E+000
          5365.27      4.6567915E+000
          5376.56      6.5509711E+000
          5387.85      8.3485092E+000
          5399.14      1.0050372E+001
          5410.43      1.1658480E+001
          5421.72      1.3175427E+001
          5433.01      1.4604278E+001
          5444.30      1.5948393E+001
          5455.59      1.7211298E+001
          5466.88      1.8396590E+001
          5478.16      1.9507865E+001
          5489.45      2.0548660E+001
          5500.74      2.1522418E+001
          5512.03      2.2432456E+001
          5523.32      2.3281952E+001
          5534.61      2.4073935E+001
          5545.90      2.4811268E+001
          5557.19      2.5496663E+001
          5568.48      2.6132666E+001
          5579.77      2.6721665E+001
          5591.05      2.7265887E+001
          5602.34      2.7767416E+001
          5613.63      2.8228202E+001
          5624.92      2.8650065E+001
          5636.21      2.9034699E+001
          5647.50      2.9383684E+001
          5658.79      2.9698486E+001
          5670.08      2.9980468E+001
          5681.37      3.0230853E+001
          5692.66      3.0450738E+001
          5703.95      3.0641152E+001
          5715.23      3.0803054E+001
          5726.52      3.0937337E+001
          5737.81      3.1044832E+001
          5749.10      3.1126310E+001
          5760.39      3.1182484E+001
          5771.68      3.1214012E+001
          5782.97      3.1221505E+001
          5794.26      3.1205551E+001
          5805.55      3.1166714E+001
          5816.84      3.1105502E+001
          5828.12      3.1022366E+001
          5839.41      3.0917708E+001
          5850.70      3.0791879E+001
          5861.99      3.0645186E+001
          5873.28      3.0477890E+001
          5884.57      3.0290212E+001
          5895.86      3.0082330E+001
          5907.15      2.9854385E+001
          5918.44      2.9606468E+001
          5929.73      2.9338628E+001
          5941.02      2.9050882E+001
          5952.30      2.8743213E+001
          5963.59      2.8415574E+001
          5974.88      2.8067887E+001
          5986.17      2.7700035E+001
          5997.46      2.7311874E+001
          6008.75      2.6903228E+001
          6020.04      2.6473891E+001
          6031.33      2.6023637E+001
          6042.62      2.5552217E+001
          6053.91      2.5059346E+001
          6065.20      2.4544705E+001
          6076.48      2.4007938E+001
          6087.77      2.3448659E+001
          6099.06      2.2866441E+001
          6110.35      2.2260818E+001
          6121.64      2.1631276E+001
          6132.93      2.0977248E+001
          6144.22      2.0298118E+001
          6155.51      1.9593225E+001
          6166.80      1.8861870E+001
          6178.09      1.8103311E+001
          6189.38      1.7316760E+001
          6200.66      1.6501373E+001
          6211.95      1.5656241E+001
          6223.24      1.4780387E+001
          6234.53      1.3872763E+001
          6245.82      1.2932243E+001
          6257.11      1.1957620E+001
          6268.40      1.0947603E+001
          6279.69      9.9008061E+000
          6290.98      8.8157478E+000
          6302.27      7.6908390E+000
          6313.55      6.5243755E+000
          6324.84      5.3145339E+000
          6336.13      4.0593553E+000
          6347.42      2.7567377E+000
          6358.71      1.4044276E+000
          6370.00      0.0000000E+000
