          3480.00     -2.3059593E-004
          3491.29     -2.3232353E-004
          3502.58     -2.3397910E-004
          3513.87     -2.3556536E-004
          3525.16     -2.3708494E-004
          3536.45     -2.3854038E-004
          3547.73     -2.3993411E-004
          3559.02     -2.4126849E-004
          3570.31     -2.4254579E-004
          3581.60     -2.4376820E-004
          3592.89     -2.4493784E-004
          3604.18     -2.4605673E-004
          3615.47     -2.4712686E-004
          3626.76     -2.4815011E-004
          3638.05     -2.4912832E-004
          3649.34     -2.5006325E-004
          3660.62     -2.5095662E-004
          3671.91     -2.5181005E-004
          3683.20     -2.5262514E-004
          3694.49     -2.5340341E-004
          3705.78     -2.5414633E-004
          3717.07     -2.5485531E-004
          3728.36     -2.5553172E-004
          3739.65     -2.5617687E-004
          3750.94     -2.5679204E-004
          3762.23     -2.5737843E-004
          3773.52     -2.5793723E-004
          3784.80     -2.5846956E-004
          3796.09     -2.5897650E-004
          3807.38     -2.5945912E-004
          3818.67     -2.5991840E-004
          3829.96     -2.6035532E-004
          3841.25     -2.6077081E-004
          3852.54     -2.6116575E-004
          3863.83     -2.6154100E-004
          3875.12     -2.6189739E-004
          3886.41     -2.6223570E-004
          3897.70     -2.6255670E-004
          3908.98     -2.6286111E-004
          3920.27     -2.6314963E-004
          3931.56     -2.6342292E-004
          3942.85     -2.6368163E-004
          3954.14     -2.6392636E-004
          3965.43     -2.6415770E-004
          3976.72     -2.6437620E-004
          3988.01     -2.6458240E-004
          3999.30     -2.6477679E-004
          4010.59     -2.6495986E-004
          4021.88     -2.6513207E-004
          4033.16     -2.6529386E-004
          4044.45     -2.6544563E-004
          4055.74     -2.6558779E-004
          4067.03     -2.6572069E-004
          4078.32     -2.6584470E-004
          4089.61     -2.6596013E-004
          4100.90     -2.6606731E-004
          4112.19     -2.6616651E-004
          4123.48     -2.6625803E-004
          4134.77     -2.6634210E-004
          4146.05     -2.6641896E-004
          4157.34     -2.6648884E-004
          4168.63     -2.6655193E-004
          4179.92     -2.6660842E-004
          4191.21     -2.6665848E-004
          4202.50     -2.6670227E-004
          4213.79     -2.6673990E-004
          4225.08     -2.6677152E-004
          4236.37     -2.6679722E-004
          4247.66     -2.6681709E-004
          4258.95     -2.6683122E-004
          4270.23     -2.6683965E-004
          4281.52     -2.6684245E-004
          4292.81     -2.6683964E-004
          4304.10     -2.6683124E-004
          4315.39     -2.6681726E-004
          4326.68     -2.6679769E-004
          4337.97     -2.6677252E-004
          4349.26     -2.6674170E-004
          4360.55     -2.6670519E-004
          4371.84     -2.6666294E-004
          4383.12     -2.6661486E-004
          4394.41     -2.6656088E-004
          4405.70     -2.6650089E-004
          4416.99     -2.6643479E-004
          4428.28     -2.6636246E-004
          4439.57     -2.6628376E-004
          4450.86     -2.6619855E-004
          4462.15     -2.6610668E-004
          4473.44     -2.6600798E-004
          4484.73     -2.6590227E-004
          4496.02     -2.6578936E-004
          4507.30     -2.6566904E-004
          4518.59     -2.6554111E-004
          4529.88     -2.6540533E-004
          4541.17     -2.6526147E-004
          4552.46     -2.6510929E-004
          4563.75     -2.6494852E-004
          4575.04     -2.6477890E-004
          4586.33     -2.6460014E-004
          4597.62     -2.6441195E-004
          4608.91     -2.6421403E-004
          4620.20     -2.6400606E-004
          4631.48     -2.6378771E-004
          4642.77     -2.6355866E-004
          4654.06     -2.6331854E-004
          4665.35     -2.6306701E-004
          4676.64     -2.6280370E-004
          4687.93     -2.6252821E-004
          4699.22     -2.6224016E-004
          4710.51     -2.6193915E-004
          4721.80     -2.6162476E-004
          4733.09     -2.6129657E-004
          4744.38     -2.6095413E-004
          4755.66     -2.6059701E-004
          4766.95     -2.6022473E-004
          4778.24     -2.5983684E-004
          4789.53     -2.5943284E-004
          4800.82     -2.5901225E-004
          4812.11     -2.5857456E-004
          4823.40     -2.5811926E-004
          4834.69     -2.5764581E-004
          4845.98     -2.5715367E-004
          4857.27     -2.5664231E-004
          4868.55     -2.5611114E-004
          4879.84     -2.5555961E-004
          4891.13     -2.5498712E-004
          4902.42     -2.5439307E-004
          4913.71     -2.5377687E-004
          4925.00     -2.5313788E-004
          4936.29     -2.5247547E-004
          4947.58     -2.5178899E-004
          4958.87     -2.5107780E-004
          4970.16     -2.5034121E-004
          4981.45     -2.4957855E-004
          4992.73     -2.4878911E-004
          5004.02     -2.4797220E-004
          5015.31     -2.4712709E-004
          5026.60     -2.4625305E-004
          5037.89     -2.4534934E-004
          5049.18     -2.4441519E-004
          5060.47     -2.4344984E-004
          5071.76     -2.4245250E-004
          5083.05     -2.4142237E-004
          5094.34     -2.4035865E-004
          5105.62     -2.3926050E-004
          5116.91     -2.3812710E-004
          5128.20     -2.3695759E-004
          5139.49     -2.3575110E-004
          5150.78     -2.3450677E-004
          5162.07     -2.3322368E-004
          5173.36     -2.3190820E-004
          5184.65     -2.3056755E-004
          5195.94     -2.2920213E-004
          5207.23     -2.2781236E-004
          5218.52     -2.2639861E-004
          5229.80     -2.2496127E-004
          5241.09     -2.2350071E-004
          5252.38     -2.2201730E-004
          5263.67     -2.2051137E-004
          5274.96     -2.1898328E-004
          5286.25     -2.1743335E-004
          5297.54     -2.1586192E-004
          5308.83     -2.1426930E-004
          5320.12     -2.1265580E-004
          5331.41     -2.1102173E-004
          5342.70     -2.0936737E-004
          5353.98     -2.0769301E-004
          5365.27     -2.0599893E-004
          5376.56     -2.0428540E-004
          5387.85     -2.0255270E-004
          5399.14     -2.0080106E-004
          5410.43     -1.9903075E-004
          5421.72     -1.9724201E-004
          5433.01     -1.9543508E-004
          5444.30     -1.9361019E-004
          5455.59     -1.9176757E-004
          5466.88     -1.8990743E-004
          5478.16     -1.8803001E-004
          5489.45     -1.8613549E-004
          5500.74     -1.8422410E-004
          5512.03     -1.8229603E-004
          5523.32     -1.8035147E-004
          5534.61     -1.7839061E-004
          5545.90     -1.7641364E-004
          5557.19     -1.7442073E-004
          5568.48     -1.7241207E-004
          5579.77     -1.7038783E-004
          5591.05     -1.6834820E-004
          5602.34     -1.6629337E-004
          5613.63     -1.6422353E-004
          5624.92     -1.6213885E-004
          5636.21     -1.6003951E-004
          5647.50     -1.5792568E-004
          5658.79     -1.5579752E-004
          5670.08     -1.5365519E-004
          5681.37     -1.5149895E-004
          5692.66     -1.4932909E-004
          5703.95     -1.4714595E-004
          5715.23     -1.4494981E-004
          5726.52     -1.4274099E-004
          5737.81     -1.4051977E-004
          5749.10     -1.3828644E-004
          5760.39     -1.3604128E-004
          5771.68     -1.3378457E-004
          5782.97     -1.3151656E-004
          5794.26     -1.2923743E-004
          5805.55     -1.2694728E-004
          5816.84     -1.2464619E-004
          5828.12     -1.2233425E-004
          5839.41     -1.2001155E-004
          5850.70     -1.1767816E-004
          5861.99     -1.1533416E-004
          5873.28     -1.1297962E-004
          5884.57     -1.1061463E-004
          5895.86     -1.0823924E-004
          5907.15     -1.0585352E-004
          5918.44     -1.0345757E-004
          5929.73     -1.0105152E-004
          5941.02     -9.8635465E-005
          5952.30     -9.6209534E-005
          5963.59     -9.3773840E-005
          5974.88     -9.1328493E-005
          5986.17     -8.8873615E-005
          5997.46     -8.6409340E-005
          6008.75     -8.3935788E-005
          6020.04     -8.1453082E-005
          6031.33     -7.8961301E-005
          6042.62     -7.6460481E-005
          6053.91     -7.3950664E-005
          6065.20     -7.1431881E-005
          6076.48     -6.8904150E-005
          6087.77     -6.6367472E-005
          6099.06     -6.3821829E-005
          6110.35     -6.1267205E-005
          6121.64     -5.8703587E-005
          6132.93     -5.6131009E-005
          6144.22     -5.3549547E-005
          6155.51     -5.0959252E-005
          6166.80     -4.8360156E-005
          6178.09     -4.5752256E-005
          6189.38     -4.3135492E-005
          6200.66     -4.0509789E-005
          6211.95     -3.7875073E-005
          6223.24     -3.5231266E-005
          6234.53     -3.2578299E-005
          6245.82     -2.9916095E-005
          6257.11     -2.7244577E-005
          6268.40     -2.4563676E-005
          6279.69     -2.1873311E-005
          6290.98     -1.9173401E-005
          6302.27     -1.6463864E-005
          6313.55     -1.3744618E-005
          6324.84     -1.1015588E-005
          6336.13     -8.2766888E-006
          6347.42     -5.5278391E-006
          6358.71     -2.7689670E-006
          6370.00      7.9103704E-040
