          3480.00     -2.3059593E-004
          3491.29     -2.3114917E-004
          3502.58     -2.3068387E-004
          3513.87     -2.2933736E-004
          3525.16     -2.2723227E-004
          3536.45     -2.2447801E-004
          3547.73     -2.2117207E-004
          3559.02     -2.1740126E-004
          3570.31     -2.1324274E-004
          3581.60     -2.0876502E-004
          3592.89     -2.0402886E-004
          3604.18     -1.9908804E-004
          3615.47     -1.9399013E-004
          3626.76     -1.8877704E-004
          3638.05     -1.8348558E-004
          3649.34     -1.7814798E-004
          3660.62     -1.7279236E-004
          3671.91     -1.6744318E-004
          3683.20     -1.6212160E-004
          3694.49     -1.5684586E-004
          3705.78     -1.5163159E-004
          3717.07     -1.4649206E-004
          3728.36     -1.4143850E-004
          3739.65     -1.3648027E-004
          3750.94     -1.3162508E-004
          3762.23     -1.2687922E-004
          3773.52     -1.2224767E-004
          3784.80     -1.1773426E-004
          3796.09     -1.1334186E-004
          3807.38     -1.0907242E-004
          3818.67     -1.0492713E-004
          3829.96     -1.0090651E-004
          3841.25     -9.7010501E-005
          3852.54     -9.3238528E-005
          3863.83     -8.9589589E-005
          3875.12     -8.6062303E-005
          3886.41     -8.2654980E-005
          3897.70     -7.9365652E-005
          3908.98     -7.6192126E-005
          3920.27     -7.3132032E-005
          3931.56     -7.0182837E-005
          3942.85     -6.7341892E-005
          3954.14     -6.4606451E-005
          3965.43     -6.1973691E-005
          3976.72     -5.9440748E-005
          3988.01     -5.7004724E-005
          3999.30     -5.4662704E-005
          4010.59     -5.2411783E-005
          4021.88     -5.0249059E-005
          4033.16     -4.8171657E-005
          4044.45     -4.6176731E-005
          4055.74     -4.4261476E-005
          4067.03     -4.2423135E-005
          4078.32     -4.0658997E-005
          4089.61     -3.8966407E-005
          4100.90     -3.7342775E-005
          4112.19     -3.5785566E-005
          4123.48     -3.4292312E-005
          4134.77     -3.2860610E-005
          4146.05     -3.1488124E-005
          4157.34     -3.0172589E-005
          4168.63     -2.8911806E-005
          4179.92     -2.7703642E-005
          4191.21     -2.6546038E-005
          4202.50     -2.5436996E-005
          4213.79     -2.4374590E-005
          4225.08     -2.3356957E-005
          4236.37     -2.2382299E-005
          4247.66     -2.1448886E-005
          4258.95     -2.0555046E-005
          4270.23     -1.9699169E-005
          4281.52     -1.8879707E-005
          4292.81     -1.8095167E-005
          4304.10     -1.7344116E-005
          4315.39     -1.6625173E-005
          4326.68     -1.5937012E-005
          4337.97     -1.5278359E-005
          4349.26     -1.4647990E-005
          4360.55     -1.4044728E-005
          4371.84     -1.3467446E-005
          4383.12     -1.2915059E-005
          4394.41     -1.2386528E-005
          4405.70     -1.1880857E-005
          4416.99     -1.1397091E-005
          4428.28     -1.0934314E-005
          4439.57     -1.0491648E-005
          4450.86     -1.0068250E-005
          4462.15     -9.6633148E-006
          4473.44     -9.2760691E-006
          4484.73     -8.9057721E-006
          4496.02     -8.5517145E-006
          4507.30     -8.2132165E-006
          4518.59     -7.8896277E-006
          4529.88     -7.5803243E-006
          4541.17     -7.2847091E-006
          4552.46     -7.0022106E-006
          4563.75     -6.7322807E-006
          4575.04     -6.4743947E-006
          4586.33     -6.2280500E-006
          4597.62     -5.9927649E-006
          4608.91     -5.7680784E-006
          4620.20     -5.5535483E-006
          4631.48     -5.3487506E-006
          4642.77     -5.1532792E-006
          4654.06     -4.9667445E-006
          4665.35     -4.7887725E-006
          4676.64     -4.6190044E-006
          4687.93     -4.4570954E-006
          4699.22     -4.3027147E-006
          4710.51     -4.1555440E-006
          4721.80     -4.0152767E-006
          4733.09     -3.8816183E-006
          4744.38     -3.7542843E-006
          4755.66     -3.6330006E-006
          4766.95     -3.5175023E-006
          4778.24     -3.4075333E-006
          4789.53     -3.3028456E-006
          4800.82     -3.2031986E-006
          4812.11     -3.1083587E-006
          4823.40     -3.0180985E-006
          4834.69     -2.9321963E-006
          4845.98     -2.8504354E-006
          4857.27     -2.7726037E-006
          4868.55     -2.6984929E-006
          4879.84     -2.6278982E-006
          4891.13     -2.5606175E-006
          4902.42     -2.4964506E-006
          4913.71     -2.4351992E-006
          4925.00     -2.3766658E-006
          4936.29     -2.3206531E-006
          4947.58     -2.2669637E-006
          4958.87     -2.2153994E-006
          4970.16     -2.1657603E-006
          4981.45     -2.1178445E-006
          4992.73     -2.0714471E-006
          5004.02     -2.0263600E-006
          5015.31     -1.9823708E-006
          5026.60     -1.9392620E-006
          5037.89     -1.8968110E-006
          5049.18     -1.8547882E-006
          5060.47     -1.8129576E-006
          5071.76     -1.7710746E-006
          5083.05     -1.7288862E-006
          5094.34     -1.6861299E-006
          5105.62     -1.6425323E-006
          5116.91     -1.5978090E-006
          5128.20     -1.5516629E-006
          5139.49     -1.5037837E-006
          5150.78     -1.4538468E-006
          5162.07     -1.4015118E-006
          5173.36     -1.3489088E-006
          5184.65     -1.2983466E-006
          5195.94     -1.2497432E-006
          5207.23     -1.2030202E-006
          5218.52     -1.1581021E-006
          5229.80     -1.1149166E-006
          5241.09     -1.0733946E-006
          5252.38     -1.0334695E-006
          5263.67     -9.9507761E-007
          5274.96     -9.5815779E-007
          5286.25     -9.2265139E-007
          5297.54     -8.8850215E-007
          5308.83     -8.5565611E-007
          5320.12     -8.2406150E-007
          5331.41     -7.9366871E-007
          5342.70     -7.6443009E-007
          5353.98     -7.3629991E-007
          5365.27     -7.0923436E-007
          5376.56     -6.8319133E-007
          5387.85     -6.5813046E-007
          5399.14     -6.3401300E-007
          5410.43     -6.1080176E-007
          5421.72     -5.8846109E-007
          5433.01     -5.6695674E-007
          5444.30     -5.4625582E-007
          5455.59     -5.2632683E-007
          5466.88     -5.0713950E-007
          5478.16     -4.8866476E-007
          5489.45     -4.7087473E-007
          5500.74     -4.5374262E-007
          5512.03     -4.3724276E-007
          5523.32     -4.2135045E-007
          5534.61     -4.0604199E-007
          5545.90     -3.9129464E-007
          5557.19     -3.7708655E-007
          5568.48     -3.6339674E-007
          5579.77     -3.5020512E-007
          5591.05     -3.3749247E-007
          5602.34     -3.2524035E-007
          5613.63     -3.1343100E-007
          5624.92     -3.0204736E-007
          5636.21     -2.9107305E-007
          5647.50     -2.8049232E-007
          5658.79     -2.7029001E-007
          5670.08     -2.6045156E-007
          5681.37     -2.5096330E-007
          5692.66     -2.4181234E-007
          5703.95     -2.3298624E-007
          5715.23     -2.2447299E-007
          5726.52     -2.1626098E-007
          5737.81     -2.0833901E-007
          5749.10     -2.0069623E-007
          5760.39     -1.9332219E-007
          5771.68     -1.8620675E-007
          5782.97     -1.7934014E-007
          5794.26     -1.7271266E-007
          5805.55     -1.6631479E-007
          5816.84     -1.6013735E-007
          5828.12     -1.5417151E-007
          5839.41     -1.4840874E-007
          5850.70     -1.4284085E-007
          5861.99     -1.3745992E-007
          5873.28     -1.3225835E-007
          5884.57     -1.2722878E-007
          5895.86     -1.2236413E-007
          5907.15     -1.1765757E-007
          5918.44     -1.1310255E-007
          5929.73     -1.0869281E-007
          5941.02     -1.0442229E-007
          5952.30     -1.0028513E-007
          5963.59     -9.6275666E-008
          5974.88     -9.2388409E-008
          5986.17     -8.8618069E-008
          5997.46     -8.4959536E-008
          6008.75     -8.1407845E-008
          6020.04     -7.7958181E-008
          6031.33     -7.4605822E-008
          6042.62     -7.1346132E-008
          6053.91     -6.8174624E-008
          6065.20     -6.5086931E-008
          6076.48     -6.2078799E-008
          6087.77     -5.9146073E-008
          6099.06     -5.6284700E-008
          6110.35     -5.3490738E-008
          6121.64     -5.0760356E-008
          6132.93     -4.8089866E-008
          6144.22     -4.5475718E-008
          6155.51     -4.2914416E-008
          6166.80     -4.0402524E-008
          6178.09     -3.7936653E-008
          6189.38     -3.5513428E-008
          6200.66     -3.3129537E-008
          6211.95     -3.0781730E-008
          6223.24     -2.8466820E-008
          6234.53     -2.6181682E-008
          6245.82     -2.3923236E-008
          6257.11     -2.1688450E-008
          6268.40     -1.9474340E-008
          6279.69     -1.7277955E-008
          6290.98     -1.5096373E-008
          6302.27     -1.2926707E-008
          6313.55     -1.0766091E-008
          6324.84     -8.6116914E-009
          6336.13     -6.4606828E-009
          6347.42     -4.3102567E-009
          6358.71     -2.1576236E-009
          6370.00     -6.9922056E-044
