          3480.00     -2.3059593E-004
          3491.29     -2.3119455E-004
          3502.58     -2.3085970E-004
          3513.87     -2.2971149E-004
          3525.16     -2.2785770E-004
          3536.45     -2.2539499E-004
          3547.73     -2.2240998E-004
          3559.02     -2.1898016E-004
          3570.31     -2.1517485E-004
          3581.60     -2.1105595E-004
          3592.89     -2.0667865E-004
          3604.18     -2.0209216E-004
          3615.47     -1.9734025E-004
          3626.76     -1.9246178E-004
          3638.05     -1.8749113E-004
          3649.34     -1.8245864E-004
          3660.62     -1.7739099E-004
          3671.91     -1.7231160E-004
          3683.20     -1.6724096E-004
          3694.49     -1.6219689E-004
          3705.78     -1.5719487E-004
          3717.07     -1.5224822E-004
          3728.36     -1.4736836E-004
          3739.65     -1.4256503E-004
          3750.94     -1.3784640E-004
          3762.23     -1.3321933E-004
          3773.52     -1.2868942E-004
          3784.80     -1.2426121E-004
          3796.09     -1.1993828E-004
          3807.38     -1.1572335E-004
          3818.67     -1.1161839E-004
          3829.96     -1.0762470E-004
          3841.25     -1.0374300E-004
          3852.54     -9.9973506E-005
          3863.83     -9.6315980E-005
          3875.12     -9.2769797E-005
          3886.41     -8.9334003E-005
          3897.70     -8.6007344E-005
          3908.98     -8.2788318E-005
          3920.27     -7.9675219E-005
          3931.56     -7.6666154E-005
          3942.85     -7.3759085E-005
          3954.14     -7.0951848E-005
          3965.43     -6.8242177E-005
          3976.72     -6.5627735E-005
          3988.01     -6.3106122E-005
          3999.30     -6.0674895E-005
          4010.59     -5.8331593E-005
          4021.88     -5.6073734E-005
          4033.16     -5.3898834E-005
          4044.45     -5.1804418E-005
          4055.74     -4.9788022E-005
          4067.03     -4.7847211E-005
          4078.32     -4.5979575E-005
          4089.61     -4.4182736E-005
          4100.90     -4.2454361E-005
          4112.19     -4.0792155E-005
          4123.48     -3.9193870E-005
          4134.77     -3.7657306E-005
          4146.05     -3.6180315E-005
          4157.34     -3.4760801E-005
          4168.63     -3.3396722E-005
          4179.92     -3.2086089E-005
          4191.21     -3.0826970E-005
          4202.50     -2.9617486E-005
          4213.79     -2.8455816E-005
          4225.08     -2.7340192E-005
          4236.37     -2.6268902E-005
          4247.66     -2.5240288E-005
          4258.95     -2.4252748E-005
          4270.23     -2.3304727E-005
          4281.52     -2.2394731E-005
          4292.81     -2.1521308E-005
          4304.10     -2.0683062E-005
          4315.39     -1.9878643E-005
          4326.68     -1.9106750E-005
          4337.97     -1.8366129E-005
          4349.26     -1.7655570E-005
          4360.55     -1.6973907E-005
          4371.84     -1.6320018E-005
          4383.12     -1.5692821E-005
          4394.41     -1.5091277E-005
          4405.70     -1.4514385E-005
          4416.99     -1.3961182E-005
          4428.28     -1.3430742E-005
          4439.57     -1.2922176E-005
          4450.86     -1.2434627E-005
          4462.15     -1.1967273E-005
          4473.44     -1.1519322E-005
          4484.73     -1.1090013E-005
          4496.02     -1.0678617E-005
          4507.30     -1.0284430E-005
          4518.59     -9.9067790E-006
          4529.88     -9.5450148E-006
          4541.17     -9.1985145E-006
          4552.46     -8.8666802E-006
          4563.75     -8.5489363E-006
          4575.04     -8.2447303E-006
          4586.33     -7.9535310E-006
          4597.62     -7.6748274E-006
          4608.91     -7.4081294E-006
          4620.20     -7.1529645E-006
          4631.48     -6.9088786E-006
          4642.77     -6.6754352E-006
          4654.06     -6.4522136E-006
          4665.35     -6.2388087E-006
          4676.64     -6.0348304E-006
          4687.93     -5.8399024E-006
          4699.22     -5.6536621E-006
          4710.51     -5.4757590E-006
          4721.80     -5.3058545E-006
          4733.09     -5.1436216E-006
          4744.38     -4.9887432E-006
          4755.66     -4.8409123E-006
          4766.95     -4.6998308E-006
          4778.24     -4.5652092E-006
          4789.53     -4.4367658E-006
          4800.82     -4.3142259E-006
          4812.11     -4.1973214E-006
          4823.40     -4.0857902E-006
          4834.69     -3.9793752E-006
          4845.98     -3.8778240E-006
          4857.27     -3.7808881E-006
          4868.55     -3.6883224E-006
          4879.84     -3.5998846E-006
          4891.13     -3.5153342E-006
          4902.42     -3.4344322E-006
          4913.71     -3.3569405E-006
          4925.00     -3.2826208E-006
          4936.29     -3.2112344E-006
          4947.58     -3.1425413E-006
          4958.87     -3.0762992E-006
          4970.16     -3.0122638E-006
          4981.45     -2.9501868E-006
          4992.73     -2.8898160E-006
          5004.02     -2.8308943E-006
          5015.31     -2.7731590E-006
          5026.60     -2.7163409E-006
          5037.89     -2.6601633E-006
          5049.18     -2.6043418E-006
          5060.47     -2.5485826E-006
          5071.76     -2.4925822E-006
          5083.05     -2.4360262E-006
          5094.34     -2.3785884E-006
          5105.62     -2.3199299E-006
          5116.91     -2.2596978E-006
          5128.20     -2.1975244E-006
          5139.49     -2.1330258E-006
          5150.78     -2.0658013E-006
          5162.07     -1.9954315E-006
          5173.36     -1.9246750E-006
          5184.65     -1.8565121E-006
          5195.94     -1.7908442E-006
          5207.23     -1.7275766E-006
          5218.52     -1.6666184E-006
          5229.80     -1.6078818E-006
          5241.09     -1.5512830E-006
          5252.38     -1.4967410E-006
          5263.67     -1.4441780E-006
          5274.96     -1.3935194E-006
          5286.25     -1.3446932E-006
          5297.54     -1.2976304E-006
          5308.83     -1.2522645E-006
          5320.12     -1.2085317E-006
          5331.41     -1.1663706E-006
          5342.70     -1.1257221E-006
          5353.98     -1.0865294E-006
          5365.27     -1.0487380E-006
          5376.56     -1.0122953E-006
          5387.85     -9.7715088E-007
          5399.14     -9.4325608E-007
          5410.43     -9.1056418E-007
          5421.72     -8.7903030E-007
          5433.01     -8.4861121E-007
          5444.30     -8.1926528E-007
          5455.59     -7.9095260E-007
          5466.88     -7.6363467E-007
          5478.16     -7.3727450E-007
          5489.45     -7.1183648E-007
          5500.74     -6.8728635E-007
          5512.03     -6.6359119E-007
          5523.32     -6.4071927E-007
          5534.61     -6.1864005E-007
          5545.90     -5.9732421E-007
          5557.19     -5.7674345E-007
          5568.48     -5.5687060E-007
          5579.77     -5.3767955E-007
          5591.05     -5.1914528E-007
          5602.34     -5.0124376E-007
          5613.63     -4.8395178E-007
          5624.92     -4.6724698E-007
          5636.21     -4.5110787E-007
          5647.50     -4.3551371E-007
          5658.79     -4.2044451E-007
          5670.08     -4.0588103E-007
          5681.37     -3.9180519E-007
          5692.66     -3.7819999E-007
          5703.95     -3.6504895E-007
          5715.23     -3.5233613E-007
          5726.52     -3.4004609E-007
          5737.81     -3.2816386E-007
          5749.10     -3.1667496E-007
          5760.39     -3.0556533E-007
          5771.68     -2.9482138E-007
          5782.97     -2.8442989E-007
          5794.26     -2.7437775E-007
          5805.55     -2.6465195E-007
          5816.84     -2.5523997E-007
          5828.12     -2.4612971E-007
          5839.41     -2.3730949E-007
          5850.70     -2.2876800E-007
          5861.99     -2.2049436E-007
          5873.28     -2.1247804E-007
          5884.57     -2.0470885E-007
          5895.86     -1.9717694E-007
          5907.15     -1.8987283E-007
          5918.44     -1.8278737E-007
          5929.73     -1.7591182E-007
          5941.02     -1.6923769E-007
          5952.30     -1.6275676E-007
          5963.59     -1.5646106E-007
          5974.88     -1.5034286E-007
          5986.17     -1.4439466E-007
          5997.46     -1.3860924E-007
          6008.75     -1.3297954E-007
          6020.04     -1.2749870E-007
          6031.33     -1.2215998E-007
          6042.62     -1.1695673E-007
          6053.91     -1.1188250E-007
          6065.20     -1.0693098E-007
          6076.48     -1.0209604E-007
          6087.77     -9.7371647E-008
          6099.06     -9.2751909E-008
          6110.35     -8.8231084E-008
          6121.64     -8.3803581E-008
          6132.93     -7.9464012E-008
          6144.22     -7.5207183E-008
          6155.51     -7.1027970E-008
          6166.80     -6.6921322E-008
          6178.09     -6.2882238E-008
          6189.38     -5.8905725E-008
          6200.66     -5.4986869E-008
          6211.95     -5.1120841E-008
          6223.24     -4.7302897E-008
          6234.53     -4.3528377E-008
          6245.82     -3.9792683E-008
          6257.11     -3.6091280E-008
          6268.40     -3.2419704E-008
          6279.69     -2.8773526E-008
          6290.98     -2.5148365E-008
          6302.27     -2.1539880E-008
          6313.55     -1.7943764E-008
          6324.84     -1.4355751E-008
          6336.13     -1.0771587E-008
          6347.42     -7.1870415E-009
          6358.71     -3.5979108E-009
          6370.00     -1.0653983E-044
