          3480.00      3.6203645E-037
          3491.29     -6.2271018E-007
          3502.58     -1.2449962E-006
          3513.87     -1.8669283E-006
          3525.16     -2.4885740E-006
          3536.45     -3.1100009E-006
          3547.73     -3.7312757E-006
          3559.02     -4.3524621E-006
          3570.31     -4.9736244E-006
          3581.60     -5.5948251E-006
          3592.89     -6.2161256E-006
          3604.18     -6.8375852E-006
          3615.47     -7.4592554E-006
          3626.76     -8.0811857E-006
          3638.05     -8.7034245E-006
          3649.34     -9.3260177E-006
          3660.62     -9.9490118E-006
          3671.91     -1.0572452E-005
          3683.20     -1.1196383E-005
          3694.49     -1.1820849E-005
          3705.78     -1.2445891E-005
          3717.07     -1.3071551E-005
          3728.36     -1.3697872E-005
          3739.65     -1.4324892E-005
          3750.94     -1.4952651E-005
          3762.23     -1.5581189E-005
          3773.52     -1.6210543E-005
          3784.80     -1.6840751E-005
          3796.09     -1.7471848E-005
          3807.38     -1.8103871E-005
          3818.67     -1.8736858E-005
          3829.96     -1.9370844E-005
          3841.25     -2.0005863E-005
          3852.54     -2.0641951E-005
          3863.83     -2.1279141E-005
          3875.12     -2.1917466E-005
          3886.41     -2.2556959E-005
          3897.70     -2.3197651E-005
          3908.98     -2.3839574E-005
          3920.27     -2.4482757E-005
          3931.56     -2.5127231E-005
          3942.85     -2.5773025E-005
          3954.14     -2.6420169E-005
          3965.43     -2.7068691E-005
          3976.72     -2.7718619E-005
          3988.01     -2.8369983E-005
          3999.30     -2.9022810E-005
          4010.59     -2.9677126E-005
          4021.88     -3.0332958E-005
          4033.16     -3.0990332E-005
          4044.45     -3.1649272E-005
          4055.74     -3.2309805E-005
          4067.03     -3.2971953E-005
          4078.32     -3.3635739E-005
          4089.61     -3.4301189E-005
          4100.90     -3.4968322E-005
          4112.19     -3.5637162E-005
          4123.48     -3.6307730E-005
          4134.77     -3.6980046E-005
          4146.05     -3.7654133E-005
          4157.34     -3.8330008E-005
          4168.63     -3.9007692E-005
          4179.92     -3.9687203E-005
          4191.21     -4.0368559E-005
          4202.50     -4.1051779E-005
          4213.79     -4.1736880E-005
          4225.08     -4.2423879E-005
          4236.37     -4.3112792E-005
          4247.66     -4.3803634E-005
          4258.95     -4.4496422E-005
          4270.23     -4.5191170E-005
          4281.52     -4.5887891E-005
          4292.81     -4.6586601E-005
          4304.10     -4.7287311E-005
          4315.39     -4.7990036E-005
          4326.68     -4.8694788E-005
          4337.97     -4.9401578E-005
          4349.26     -5.0110418E-005
          4360.55     -5.0821319E-005
          4371.84     -5.1534292E-005
          4383.12     -5.2249348E-005
          4394.41     -5.2966497E-005
          4405.70     -5.3685747E-005
          4416.99     -5.4407109E-005
          4428.28     -5.5130587E-005
          4439.57     -5.5856192E-005
          4450.86     -5.6583930E-005
          4462.15     -5.7313807E-005
          4473.44     -5.8045829E-005
          4484.73     -5.8780002E-005
          4496.02     -5.9516332E-005
          4507.30     -6.0254824E-005
          4518.59     -6.0995481E-005
          4529.88     -6.1738308E-005
          4541.17     -6.2483309E-005
          4552.46     -6.3230485E-005
          4563.75     -6.3979840E-005
          4575.04     -6.4731377E-005
          4586.33     -6.5485096E-005
          4597.62     -6.6241001E-005
          4608.91     -6.6999090E-005
          4620.20     -6.7759365E-005
          4631.48     -6.8521826E-005
          4642.77     -6.9286472E-005
          4654.06     -7.0053303E-005
          4665.35     -7.0822317E-005
          4676.64     -7.1593513E-005
          4687.93     -7.2366889E-005
          4699.22     -7.3142441E-005
          4710.51     -7.3920166E-005
          4721.80     -7.4700063E-005
          4733.09     -7.5482125E-005
          4744.38     -7.6266349E-005
          4755.66     -7.7052730E-005
          4766.95     -7.7841262E-005
          4778.24     -7.8631941E-005
          4789.53     -7.9424759E-005
          4800.82     -8.0219710E-005
          4812.11     -8.1016787E-005
          4823.40     -8.1815982E-005
          4834.69     -8.2617288E-005
          4845.98     -8.3420695E-005
          4857.27     -8.4226195E-005
          4868.55     -8.5033779E-005
          4879.84     -8.5843436E-005
          4891.13     -8.6655156E-005
          4902.42     -8.7468928E-005
          4913.71     -8.8284740E-005
          4925.00     -8.9102581E-005
          4936.29     -8.9922439E-005
          4947.58     -9.0744300E-005
          4958.87     -9.1568152E-005
          4970.16     -9.2393981E-005
          4981.45     -9.3221772E-005
          4992.73     -9.4051513E-005
          5004.02     -9.4883186E-005
          5015.31     -9.5716776E-005
          5026.60     -9.6552267E-005
          5037.89     -9.7389642E-005
          5049.18     -9.8228886E-005
          5060.47     -9.9069978E-005
          5071.76     -9.9912901E-005
          5083.05     -1.0075764E-004
          5094.34     -1.0160417E-004
          5105.62     -1.0245247E-004
          5116.91     -1.0330253E-004
          5128.20     -1.0415432E-004
          5139.49     -1.0500783E-004
          5150.78     -1.0586303E-004
          5162.07     -1.0671989E-004
          5173.36     -1.0761315E-004
          5184.65     -1.0857685E-004
          5195.94     -1.0960995E-004
          5207.23     -1.1071143E-004
          5218.52     -1.1188028E-004
          5229.80     -1.1311549E-004
          5241.09     -1.1441606E-004
          5252.38     -1.1578101E-004
          5263.67     -1.1720936E-004
          5274.96     -1.1870013E-004
          5286.25     -1.2025237E-004
          5297.54     -1.2186512E-004
          5308.83     -1.2353743E-004
          5320.12     -1.2526836E-004
          5331.41     -1.2705699E-004
          5342.70     -1.2890238E-004
          5353.98     -1.3080361E-004
          5365.27     -1.3275978E-004
          5376.56     -1.3476997E-004
          5387.85     -1.3683330E-004
          5399.14     -1.3894885E-004
          5410.43     -1.4111576E-004
          5421.72     -1.4333313E-004
          5433.01     -1.4560009E-004
          5444.30     -1.4791576E-004
          5455.59     -1.5027929E-004
          5466.88     -1.5268980E-004
          5478.16     -1.5514645E-004
          5489.45     -1.5764837E-004
          5500.74     -1.6019472E-004
          5512.03     -1.6278466E-004
          5523.32     -1.6541735E-004
          5534.61     -1.6809196E-004
          5545.90     -1.7080764E-004
          5557.19     -1.7356358E-004
          5568.48     -1.7635895E-004
          5579.77     -1.7919292E-004
          5591.05     -1.8206465E-004
          5602.34     -1.8497330E-004
          5613.63     -1.8791805E-004
          5624.92     -1.9089806E-004
          5636.21     -1.9391250E-004
          5647.50     -1.9696055E-004
          5658.79     -2.0004139E-004
          5670.08     -2.0315421E-004
          5681.37     -2.0629812E-004
          5692.66     -2.0947214E-004
          5703.95     -2.1267531E-004
          5715.23     -2.1590669E-004
          5726.52     -2.1916532E-004
          5737.81     -2.2245027E-004
          5749.10     -2.2576060E-004
          5760.39     -2.2909541E-004
          5771.68     -2.3245376E-004
          5782.97     -2.3583476E-004
          5794.26     -2.3923761E-004
          5805.55     -2.4266158E-004
          5816.84     -2.4610593E-004
          5828.12     -2.4956997E-004
          5839.41     -2.5305297E-004
          5850.70     -2.5655422E-004
          5861.99     -2.6007301E-004
          5873.28     -2.6360863E-004
          5884.57     -2.6716039E-004
          5895.86     -2.7072758E-004
          5907.15     -2.7430950E-004
          5918.44     -2.7790544E-004
          5929.73     -2.8151463E-004
          5941.02     -2.8513633E-004
          5952.30     -2.8876979E-004
          5963.59     -2.9241428E-004
          5974.88     -2.9606905E-004
          5986.17     -2.9973336E-004
          5997.46     -3.0340646E-004
          6008.75     -3.0708760E-004
          6020.04     -3.1077605E-004
          6031.33     -3.1447112E-004
          6042.62     -3.1817216E-004
          6053.91     -3.2187852E-004
          6065.20     -3.2558957E-004
          6076.48     -3.2930468E-004
          6087.77     -3.3302325E-004
          6099.06     -3.3674470E-004
          6110.35     -3.4046844E-004
          6121.64     -3.4419387E-004
          6132.93     -3.4792037E-004
          6144.22     -3.5164725E-004
          6155.51     -3.5537385E-004
          6166.80     -3.5909955E-004
          6178.09     -3.6282374E-004
          6189.38     -3.6654591E-004
          6200.66     -3.7026552E-004
          6211.95     -3.7398205E-004
          6223.24     -3.7769498E-004
          6234.53     -3.8140377E-004
          6245.82     -3.8510790E-004
          6257.11     -3.8880684E-004
          6268.40     -3.9250005E-004
          6279.69     -3.9618699E-004
          6290.98     -3.9986714E-004
          6302.27     -4.0353996E-004
          6313.55     -4.0720491E-004
          6324.84     -4.1086144E-004
          6336.13     -4.1450902E-004
          6347.42     -4.1814710E-004
          6358.71     -4.2177513E-004
          6370.00     -4.2539253E-004
