          3480.00     -1.1716063E-029
          3491.29     -2.9964260E-012
          3502.58     -6.0222440E-012
          3513.87     -9.1016820E-012
          3525.16     -1.2259108E-011
          3536.45     -1.5519236E-011
          3547.73     -1.8907304E-011
          3559.02     -2.2449255E-011
          3570.31     -2.6171937E-011
          3581.60     -3.0103287E-011
          3592.89     -3.4272522E-011
          3604.18     -3.8710334E-011
          3615.47     -4.3449056E-011
          3626.76     -4.8522905E-011
          3638.05     -5.3968213E-011
          3649.34     -5.9823634E-011
          3660.62     -6.6130422E-011
          3671.91     -7.2932656E-011
          3683.20     -8.0277518E-011
          3694.49     -8.8215579E-011
          3705.78     -9.6801071E-011
          3717.07     -1.0609225E-010
          3728.36     -1.1615170E-010
          3739.65     -1.2704669E-010
          3750.94     -1.3884959E-010
          3762.23     -1.5163825E-010
          3773.52     -1.6549643E-010
          3784.80     -1.8051431E-010
          3796.09     -1.9678890E-010
          3807.38     -2.1442468E-010
          3818.67     -2.3353415E-010
          3829.96     -2.5423831E-010
          3841.25     -2.7666746E-010
          3852.54     -3.0096180E-010
          3863.83     -3.2727220E-010
          3875.12     -3.5576096E-010
          3886.41     -3.8660262E-010
          3897.70     -4.1998496E-010
          3908.98     -4.5610991E-010
          3920.27     -4.9519444E-010
          3931.56     -5.3747188E-010
          3942.85     -5.8319294E-010
          3954.14     -6.3262702E-010
          3965.43     -6.8606359E-010
          3976.72     -7.4381338E-010
          3988.01     -8.0621017E-010
          3999.30     -8.7361227E-010
          4010.59     -9.4640404E-010
          4021.88     -1.0249980E-009
          4033.16     -1.1098368E-009
          4044.45     -1.2013949E-009
          4055.74     -1.3001813E-009
          4067.03     -1.4067411E-009
          4078.32     -1.5216592E-009
          4089.61     -1.6455618E-009
          4100.90     -1.7791198E-009
          4112.19     -1.9230516E-009
          4123.48     -2.0781266E-009
          4134.77     -2.2451682E-009
          4146.05     -2.4250579E-009
          4157.34     -2.6187382E-009
          4168.63     -2.8272178E-009
          4179.92     -3.0515754E-009
          4191.21     -3.2929637E-009
          4202.50     -3.5526156E-009
          4213.79     -3.8318482E-009
          4225.08     -4.1320688E-009
          4236.37     -4.4547808E-009
          4247.66     -4.8015890E-009
          4258.95     -5.1742072E-009
          4270.23     -5.5744652E-009
          4281.52     -6.0043140E-009
          4292.81     -6.4658365E-009
          4304.10     -6.9612541E-009
          4315.39     -7.4929353E-009
          4326.68     -8.0634061E-009
          4337.97     -8.6753568E-009
          4349.26     -9.3316564E-009
          4360.55     -1.0035361E-008
          4371.84     -1.0789725E-008
          4383.12     -1.1598216E-008
          4394.41     -1.2464523E-008
          4405.70     -1.3392573E-008
          4416.99     -1.4386545E-008
          4428.28     -1.5450883E-008
          4439.57     -1.6590316E-008
          4450.86     -1.7809871E-008
          4462.15     -1.9114891E-008
          4473.44     -2.0511058E-008
          4484.73     -2.2004406E-008
          4496.02     -2.3601348E-008
          4507.30     -2.5308695E-008
          4518.59     -2.7133674E-008
          4529.88     -2.9083962E-008
          4541.17     -3.1167707E-008
          4552.46     -3.3393549E-008
          4563.75     -3.5770658E-008
          4575.04     -3.8308757E-008
          4586.33     -4.1018156E-008
          4597.62     -4.3909786E-008
          4608.91     -4.6995222E-008
          4620.20     -5.0286736E-008
          4631.48     -5.3797328E-008
          4642.77     -5.7540752E-008
          4654.06     -6.1531582E-008
          4665.35     -6.5785238E-008
          4676.64     -7.0318037E-008
          4687.93     -7.5147245E-008
          4699.22     -8.0291110E-008
          4710.51     -8.5768939E-008
          4721.80     -9.1601140E-008
          4733.09     -9.7809266E-008
          4744.38     -1.0441610E-007
          4755.66     -1.1144571E-007
          4766.95     -1.1892351E-007
          4778.24     -1.2687632E-007
          4789.53     -1.3533243E-007
          4800.82     -1.4432173E-007
          4812.11     -1.5387574E-007
          4823.40     -1.6402765E-007
          4834.69     -1.7481250E-007
          4845.98     -1.8626722E-007
          4857.27     -1.9843069E-007
          4868.55     -2.1134390E-007
          4879.84     -2.2504997E-007
          4891.13     -2.3959432E-007
          4902.42     -2.5502477E-007
          4913.71     -2.7139159E-007
          4925.00     -2.8874768E-007
          4936.29     -3.0714866E-007
          4947.58     -3.2665301E-007
          4958.87     -3.4732217E-007
          4970.16     -3.6922066E-007
          4981.45     -3.9241628E-007
          4992.73     -4.1698022E-007
          5004.02     -4.4298710E-007
          5015.31     -4.7051529E-007
          5026.60     -4.9964697E-007
          5037.89     -5.3046828E-007
          5049.18     -5.6306955E-007
          5060.47     -5.9754532E-007
          5071.76     -6.3399470E-007
          5083.05     -6.7252146E-007
          5094.34     -7.1323410E-007
          5105.62     -7.5624623E-007
          5116.91     -8.0167663E-007
          5128.20     -8.4964947E-007
          5139.49     -9.0029453E-007
          5150.78     -9.5374725E-007
          5162.07     -1.0101492E-006
          5173.36     -1.0983994E-006
          5184.65     -1.2447844E-006
          5195.94     -1.4458741E-006
          5207.23     -1.6986678E-006
          5218.52     -2.0005617E-006
          5229.80     -2.3493206E-006
          5241.09     -2.7430496E-006
          5252.38     -3.1801720E-006
          5263.67     -3.6594064E-006
          5274.96     -4.1797451E-006
          5286.25     -4.7404388E-006
          5297.54     -5.3409779E-006
          5308.83     -5.9810781E-006
          5320.12     -6.6606674E-006
          5331.41     -7.3798714E-006
          5342.70     -8.1390054E-006
          5353.98     -8.9385633E-006
          5365.27     -9.7792054E-006
          5376.56     -1.0661755E-005
          5387.85     -1.1587187E-005
          5399.14     -1.2556624E-005
          5410.43     -1.3571328E-005
          5421.72     -1.4632693E-005
          5433.01     -1.5742245E-005
          5444.30     -1.6901636E-005
          5455.59     -1.8112634E-005
          5466.88     -1.9377126E-005
          5478.16     -2.0697111E-005
          5489.45     -2.2074698E-005
          5500.74     -2.3512103E-005
          5512.03     -2.5011640E-005
          5523.32     -2.6575728E-005
          5534.61     -2.8206883E-005
          5545.90     -2.9907709E-005
          5557.19     -3.1680907E-005
          5568.48     -3.3529261E-005
          5579.77     -3.5455633E-005
          5591.05     -3.7462960E-005
          5602.34     -3.9554248E-005
          5613.63     -4.1732586E-005
          5624.92     -4.4001133E-005
          5636.21     -4.6363106E-005
          5647.50     -4.8821790E-005
          5658.79     -5.1380523E-005
          5670.08     -5.4042687E-005
          5681.37     -5.6811641E-005
          5692.66     -5.9690704E-005
          5703.95     -6.2683261E-005
          5715.23     -6.5792742E-005
          5726.52     -6.9022610E-005
          5737.81     -7.2376368E-005
          5749.10     -7.5857542E-005
          5760.39     -7.9469670E-005
          5771.68     -8.3216297E-005
          5782.97     -8.7100963E-005
          5794.26     -9.1127300E-005
          5805.55     -9.5298978E-005
          5816.84     -9.9619559E-005
          5828.12     -1.0409249E-004
          5839.41     -1.0872110E-004
          5850.70     -1.1350851E-004
          5861.99     -1.1845771E-004
          5873.28     -1.2357144E-004
          5884.57     -1.2885221E-004
          5895.86     -1.3430227E-004
          5907.15     -1.3992353E-004
          5918.44     -1.4571754E-004
          5929.73     -1.5168541E-004
          5941.02     -1.5782787E-004
          5952.30     -1.6414525E-004
          5963.59     -1.7063737E-004
          5974.88     -1.7730353E-004
          5986.17     -1.8414245E-004
          5997.46     -1.9115221E-004
          6008.75     -1.9833022E-004
          6020.04     -2.0567319E-004
          6031.33     -2.1317711E-004
          6042.62     -2.2083716E-004
          6053.91     -2.2864745E-004
          6065.20     -2.3660100E-004
          6076.48     -2.4468963E-004
          6087.77     -2.5290387E-004
          6099.06     -2.6123277E-004
          6110.35     -2.6966378E-004
          6121.64     -2.7818257E-004
          6132.93     -2.8677279E-004
          6144.22     -2.9541609E-004
          6155.51     -3.0409217E-004
          6166.80     -3.1277860E-004
          6178.09     -3.2145064E-004
          6189.38     -3.3008106E-004
          6200.66     -3.3863962E-004
          6211.95     -3.4709281E-004
          6223.24     -3.5540359E-004
          6234.53     -3.6353112E-004
          6245.82     -3.7143053E-004
          6257.11     -3.7905260E-004
          6268.40     -3.8634344E-004
          6279.69     -3.9324422E-004
          6290.98     -3.9969074E-004
          6302.27     -4.0561307E-004
          6313.55     -4.1093512E-004
          6324.84     -4.1557424E-004
          6336.13     -4.1944078E-004
          6347.42     -4.2243756E-004
          6358.71     -4.2445938E-004
          6370.00     -4.2539253E-004
