          3480.00      0.0000000E+000
          3491.29     -1.1066452E+000
          3502.58     -5.3777614E+000
          3513.87     -9.4092516E+000
          3525.16     -1.3203208E+001
          3536.45     -1.6762479E+001
          3547.73     -2.0090616E+001
          3559.02     -2.3191811E+001
          3570.31     -2.6070865E+001
          3581.60     -2.8733115E+001
          3592.89     -3.1184379E+001
          3604.18     -3.3430918E+001
          3615.47     -3.5479412E+001
          3626.76     -3.7336892E+001
          3638.05     -3.9010631E+001
          3649.34     -4.0508074E+001
          3660.62     -4.1836785E+001
          3671.91     -4.3244321E+001
          3683.20     -4.4906559E+001
          3694.49     -4.6742782E+001
          3705.78     -4.8691365E+001
          3717.07     -5.0704224E+001
          3728.36     -5.2743227E+001
          3739.65     -5.4777807E+001
          3750.94     -5.6783351E+001
          3762.23     -5.8740037E+001
          3773.52     -6.0631999E+001
          3784.80     -6.2446695E+001
          3796.09     -6.4174405E+001
          3807.38     -6.5807829E+001
          3818.67     -6.7341749E+001
          3829.96     -6.8772742E+001
          3841.25     -7.0098936E+001
          3852.54     -7.1319785E+001
          3863.83     -7.2435861E+001
          3875.12     -7.3775688E+001
          3886.41     -7.5592874E+001
          3897.70     -7.7794122E+001
          3908.98     -8.0304264E+001
          3920.27     -8.3061282E+001
          3931.56     -8.6012970E+001
          3942.85     -8.9114639E+001
          3954.14     -9.2327530E+001
          3965.43     -9.5617708E+001
          3976.72     -9.8955269E+001
          3988.01     -1.0231381E+002
          3999.30     -1.0566999E+002
          4010.59     -1.0900326E+002
          4021.88     -1.1229560E+002
          4033.16     -1.1553137E+002
          4044.45     -1.1869709E+002
          4055.74     -1.2178135E+002
          4067.03     -1.2477463E+002
          4078.32     -1.2766921E+002
          4089.61     -1.3045898E+002
          4100.90     -1.3313936E+002
          4112.19     -1.3570713E+002
          4123.48     -1.3816032E+002
          4134.77     -1.4049803E+002
          4146.05     -1.4272038E+002
          4157.34     -1.4482832E+002
          4168.63     -1.4682352E+002
          4179.92     -1.4906987E+002
          4191.21     -1.5185972E+002
          4202.50     -1.5510261E+002
          4213.79     -1.5872360E+002
          4225.08     -1.6265939E+002
          4236.37     -1.6685568E+002
          4247.66     -1.7126521E+002
          4258.95     -1.7584641E+002
          4270.23     -1.8056241E+002
          4281.52     -1.8538025E+002
          4292.81     -1.9027042E+002
          4304.10     -1.9520640E+002
          4315.39     -2.0016438E+002
          4326.68     -2.0512304E+002
          4337.97     -2.1006329E+002
          4349.26     -2.1496824E+002
          4360.55     -2.1982295E+002
          4371.84     -2.2461435E+002
          4383.12     -2.2933114E+002
          4394.41     -2.3396370E+002
          4405.70     -2.3850396E+002
          4416.99     -2.4294528E+002
          4428.28     -2.4728239E+002
          4439.57     -2.5151122E+002
          4450.86     -2.5562885E+002
          4462.15     -2.5963339E+002
          4473.44     -2.6327291E+002
          4484.73     -2.6634189E+002
          4496.02     -2.6890688E+002
          4507.30     -2.7103092E+002
          4518.59     -2.7277266E+002
          4529.88     -2.7418584E+002
          4541.17     -2.7531903E+002
          4552.46     -2.7621570E+002
          4563.75     -2.7691437E+002
          4575.04     -2.7744888E+002
          4586.33     -2.7784874E+002
          4597.62     -2.7813952E+002
          4608.91     -2.7834322E+002
          4620.20     -2.7847866E+002
          4631.48     -2.7856185E+002
          4642.77     -2.7860633E+002
          4654.06     -2.7862347E+002
          4665.35     -2.7862277E+002
          4676.64     -2.7861210E+002
          4687.93     -2.7859792E+002
          4699.22     -2.7858551E+002
          4710.51     -2.7857911E+002
          4721.80     -2.7858209E+002
          4733.09     -2.7859708E+002
          4744.38     -2.7862609E+002
          4755.66     -2.7867060E+002
          4766.95     -2.7873164E+002
          4778.24     -2.7749441E+002
          4789.53     -2.7401501E+002
          4800.82     -2.6883364E+002
          4812.11     -2.6243903E+002
          4823.40     -2.5524796E+002
          4834.69     -2.4759948E+002
          4845.98     -2.3975848E+002
          4857.27     -2.3192448E+002
          4868.55     -2.2424229E+002
          4879.84     -2.1681277E+002
          4891.13     -2.0970244E+002
          4902.42     -2.0295179E+002
          4913.71     -1.9658200E+002
          4925.00     -1.9060021E+002
          4936.29     -1.8500361E+002
          4947.58     -1.7978263E+002
          4958.87     -1.7492314E+002
          4970.16     -1.7040829E+002
          4981.45     -1.6621962E+002
          4992.73     -1.6233802E+002
          5004.02     -1.5874435E+002
          5015.31     -1.5541981E+002
          5026.60     -1.5234625E+002
          5037.89     -1.4950636E+002
          5049.18     -1.4688373E+002
          5060.47     -1.4446293E+002
          5071.76     -1.4168076E+002
          5083.05     -1.3815857E+002
          5094.34     -1.3413043E+002
          5105.62     -1.2979066E+002
          5116.91     -1.2529473E+002
          5128.20     -1.2076295E+002
          5139.49     -1.1628548E+002
          5150.78     -1.1192762E+002
          5162.07     -1.0773477E+002
          5173.36     -1.0373678E+002
          5184.65     -9.9951674E+001
          5195.94     -9.6388555E+001
          5207.23     -9.3050034E+001
          5218.52     -8.9934047E+001
          5229.80     -8.7035270E+001
          5241.09     -8.4346201E+001
          5252.38     -8.1857940E+001
          5263.67     -7.9560785E+001
          5274.96     -7.7444665E+001
          5286.25     -7.5499438E+001
          5297.54     -7.3715105E+001
          5308.83     -7.2081962E+001
          5320.12     -7.0590690E+001
          5331.41     -6.9232416E+001
          5342.70     -6.7998738E+001
          5353.98     -6.6881744E+001
          5365.27     -6.5874007E+001
          5376.56     -6.4895630E+001
          5387.85     -6.3887760E+001
          5399.14     -6.2871498E+001
          5410.43     -6.1863902E+001
          5421.72     -6.0878572E+001
          5433.01     -5.9926175E+001
          5444.30     -5.9014921E+001
          5455.59     -5.8150992E+001
          5466.88     -5.7338887E+001
          5478.16     -5.6581738E+001
          5489.45     -5.5881566E+001
          5500.74     -5.5239498E+001
          5512.03     -5.4655953E+001
          5523.32     -5.4103054E+001
          5534.61     -5.3559697E+001
          5545.90     -5.3034551E+001
          5557.19     -5.2534562E+001
          5568.48     -5.2065211E+001
          5579.77     -5.1630772E+001
          5591.05     -5.1234513E+001
          5602.34     -5.0878840E+001
          5613.63     -5.0565440E+001
          5624.92     -5.0295409E+001
          5636.21     -5.0069367E+001
          5647.50     -4.9887543E+001
          5658.79     -4.9749854E+001
          5670.08     -4.9604942E+001
          5681.37     -4.9402007E+001
          5692.66     -4.9148207E+001
          5703.95     -4.8860689E+001
          5715.23     -4.8554036E+001
          5726.52     -4.8240531E+001
          5737.81     -4.7930424E+001
          5749.10     -4.7632192E+001
          5760.39     -4.7352770E+001
          5771.68     -4.7097774E+001
          5782.97     -4.6871679E+001
          5794.26     -4.6677849E+001
          5805.55     -4.6518740E+001
          5816.84     -4.6396197E+001
          5828.12     -4.6188169E+001
          5839.41     -4.5801441E+001
          5850.70     -4.5277004E+001
          5861.99     -4.4650812E+001
          5873.28     -4.3953882E+001
          5884.57     -4.3212584E+001
          5895.86     -4.2449041E+001
          5907.15     -4.1681585E+001
          5918.44     -4.0925276E+001
          5929.73     -4.0192333E+001
          5941.02     -3.9492484E+001
          5952.30     -3.8833353E+001
          5963.59     -3.8220805E+001
          5974.88     -3.7448813E+001
          5986.17     -3.6368997E+001
          5997.46     -3.5064661E+001
          6008.75     -3.3607637E+001
          6020.04     -3.2058125E+001
          6031.33     -3.0465267E+001
          6042.62     -2.8868292E+001
          6053.91     -2.7297940E+001
          6065.20     -2.5777764E+001
          6076.48     -2.4325358E+001
          6087.77     -2.2953476E+001
          6099.06     -2.1671037E+001
          6110.35     -2.0483971E+001
          6121.64     -1.9194205E+001
          6132.93     -1.7671628E+001
          6144.22     -1.6009199E+001
          6155.51     -1.4282448E+001
          6166.80     -1.2550834E+001
          6178.09     -1.0859816E+001
          6189.38     -9.2431949E+000
          6200.66     -7.7254825E+000
          6211.95     -6.3239276E+000
          6223.24     -5.0502006E+000
          6234.53     -3.9117939E+000
          6245.82     -2.9131426E+000
          6257.11     -2.0565225E+000
          6268.40     -1.3427517E+000
          6279.69     -7.2840269E-001
          6290.98     -1.8853427E-001
          6302.27      2.5325400E-001
          6313.55      5.7794476E-001
          6324.84      7.6996534E-001
          6336.13      8.2026848E-001
          6347.42      7.1838082E-001
          6358.71      4.4961092E-001
          6370.00      0.0000000E+000
