          3480.00     -2.3059593E-004
          3491.29     -2.2684308E-004
          3502.58     -2.2171085E-004
          3513.87     -2.1544349E-004
          3525.16     -2.0825844E-004
          3536.45     -2.0035001E-004
          3547.73     -1.9189272E-004
          3559.02     -1.8304434E-004
          3570.31     -1.7394861E-004
          3581.60     -1.6473783E-004
          3592.89     -1.5553510E-004
          3604.18     -1.4645658E-004
          3615.47     -1.3761347E-004
          3626.76     -1.2911374E-004
          3638.05     -1.2106388E-004
          3649.34     -1.1357057E-004
          3660.62     -1.0674236E-004
          3671.91     -1.0036740E-004
          3683.20     -9.4167839E-005
          3694.49     -8.8154581E-005
          3705.78     -8.2337510E-005
          3717.07     -7.6725803E-005
          3728.36     -7.1328299E-005
          3739.65     -6.6153833E-005
          3750.94     -6.1211517E-005
          3762.23     -5.6511051E-005
          3773.52     -5.2063007E-005
          3784.80     -4.7879100E-005
          3796.09     -4.3972484E-005
          3807.38     -4.0358000E-005
          3818.67     -3.7052479E-005
          3829.96     -3.4075041E-005
          3841.25     -3.1447376E-005
          3852.54     -2.9194064E-005
          3863.83     -2.7342896E-005
          3875.12     -2.5743124E-005
          3886.41     -2.4221259E-005
          3897.70     -2.2773706E-005
          3908.98     -2.1397036E-005
          3920.27     -2.0087996E-005
          3931.56     -1.8843504E-005
          3942.85     -1.7660657E-005
          3954.14     -1.6536738E-005
          3965.43     -1.5469214E-005
          3976.72     -1.4455742E-005
          3988.01     -1.3494176E-005
          3999.30     -1.2582565E-005
          4010.59     -1.1719162E-005
          4021.88     -1.0902427E-005
          4033.16     -1.0131029E-005
          4044.45     -9.4038575E-006
          4055.74     -8.7200233E-006
          4067.03     -8.0788708E-006
          4078.32     -7.4799821E-006
          4089.61     -6.9231878E-006
          4100.90     -6.4085794E-006
          4112.19     -5.9365178E-006
          4123.48     -5.5076481E-006
          4134.77     -5.1229139E-006
          4146.05     -4.7835727E-006
          4157.34     -4.4912150E-006
          4168.63     -4.2477817E-006
          4179.92     -4.0355905E-006
          4191.21     -3.8350553E-006
          4202.50     -3.6455590E-006
          4213.79     -3.4665134E-006
          4225.08     -3.2973575E-006
          4236.37     -3.1375557E-006
          4247.66     -2.9865971E-006
          4258.95     -2.8439925E-006
          4270.23     -2.7092743E-006
          4281.52     -2.5819945E-006
          4292.81     -2.4617231E-006
          4304.10     -2.3480467E-006
          4315.39     -2.2405674E-006
          4326.68     -2.1389010E-006
          4337.97     -2.0426761E-006
          4349.26     -1.9515322E-006
          4360.55     -1.8651183E-006
          4371.84     -1.7830922E-006
          4383.12     -1.7051179E-006
          4394.41     -1.6308655E-006
          4405.70     -1.5600091E-006
          4416.99     -1.4922253E-006
          4428.28     -1.4271922E-006
          4439.57     -1.3645873E-006
          4450.86     -1.3040861E-006
          4462.15     -1.2453609E-006
          4473.44     -1.1891126E-006
          4484.73     -1.1361340E-006
          4496.02     -1.0862382E-006
          4507.30     -1.0392468E-006
          4518.59     -9.9498907E-007
          4529.88     -9.5330143E-007
          4541.17     -9.1402653E-007
          4552.46     -8.7701287E-007
          4563.75     -8.4211394E-007
          4575.04     -8.0918774E-007
          4586.33     -7.7809612E-007
          4597.62     -7.4870416E-007
          4608.91     -7.2087963E-007
          4620.20     -6.9449230E-007
          4631.48     -6.6941332E-007
          4642.77     -6.4551477E-007
          4654.06     -6.2266882E-007
          4665.35     -6.0074728E-007
          4676.64     -5.7962086E-007
          4687.93     -5.5915856E-007
          4699.22     -5.3922705E-007
          4710.51     -5.1968988E-007
          4721.80     -5.0040681E-007
          4733.09     -4.8123317E-007
          4744.38     -4.6201895E-007
          4755.66     -4.4260810E-007
          4766.95     -4.2283770E-007
          4778.24     -4.0341410E-007
          4789.53     -3.8510997E-007
          4800.82     -3.6785868E-007
          4812.11     -3.5159687E-007
          4823.40     -3.3626417E-007
          4834.69     -3.2180296E-007
          4845.98     -3.0815807E-007
          4857.27     -2.9527664E-007
          4868.55     -2.8310782E-007
          4879.84     -2.7160261E-007
          4891.13     -2.6071360E-007
          4902.42     -2.5039477E-007
          4913.71     -2.4060135E-007
          4925.00     -2.3128955E-007
          4936.29     -2.2241638E-007
          4947.58     -2.1393952E-007
          4958.87     -2.0581702E-007
          4970.16     -1.9800724E-007
          4981.45     -1.9046854E-007
          4992.73     -1.8315915E-007
          5004.02     -1.7603699E-007
          5015.31     -1.6905944E-007
          5026.60     -1.6218316E-007
          5037.89     -1.5536388E-007
          5049.18     -1.4855618E-007
          5060.47     -1.4171333E-007
          5071.76     -1.3502446E-007
          5083.05     -1.2869682E-007
          5094.34     -1.2271047E-007
          5105.62     -1.1704657E-007
          5116.91     -1.1168722E-007
          5128.20     -1.0661546E-007
          5139.49     -1.0181520E-007
          5150.78     -9.7271154E-008
          5162.07     -9.2968761E-008
          5173.36     -8.8894166E-008
          5184.65     -8.5034165E-008
          5195.94     -8.1376135E-008
          5207.23     -7.7908004E-008
          5218.52     -7.4618204E-008
          5229.80     -7.1495625E-008
          5241.09     -6.8529585E-008
          5252.38     -6.5709771E-008
          5263.67     -6.3026215E-008
          5274.96     -6.0469258E-008
          5286.25     -5.8029503E-008
          5297.54     -5.5697788E-008
          5308.83     -5.3465146E-008
          5320.12     -5.1322775E-008
          5331.41     -4.9262008E-008
          5342.70     -4.7274265E-008
          5353.98     -4.5351032E-008
          5365.27     -4.3483830E-008
          5376.56     -4.1690404E-008
          5387.85     -3.9990350E-008
          5399.14     -3.8378135E-008
          5410.43     -3.6848444E-008
          5421.72     -3.5396167E-008
          5433.01     -3.4016370E-008
          5444.30     -3.2704285E-008
          5455.59     -3.1455294E-008
          5466.88     -3.0264906E-008
          5478.16     -2.9128744E-008
          5489.45     -2.8042529E-008
          5500.74     -2.7002063E-008
          5512.03     -2.6003219E-008
          5523.32     -2.5048964E-008
          5534.61     -2.4142744E-008
          5545.90     -2.3281260E-008
          5557.19     -2.2461295E-008
          5568.48     -2.1679710E-008
          5579.77     -2.0933433E-008
          5591.05     -2.0219449E-008
          5602.34     -1.9534786E-008
          5613.63     -1.8876502E-008
          5624.92     -1.8241674E-008
          5636.21     -1.7627391E-008
          5647.50     -1.7030740E-008
          5658.79     -1.6448794E-008
          5670.08     -1.5886147E-008
          5681.37     -1.5349400E-008
          5692.66     -1.4837926E-008
          5703.95     -1.4349552E-008
          5715.23     -1.3882140E-008
          5726.52     -1.3433585E-008
          5737.81     -1.3001801E-008
          5749.10     -1.2584720E-008
          5760.39     -1.2180280E-008
          5771.68     -1.1786425E-008
          5782.97     -1.1401090E-008
          5794.26     -1.1022187E-008
          5805.55     -1.0647594E-008
          5816.84     -1.0275157E-008
          5828.12     -9.9117970E-009
          5839.41     -9.5647893E-009
          5850.70     -9.2324960E-009
          5861.99     -8.9133040E-009
          5873.28     -8.6056198E-009
          5884.57     -8.3078619E-009
          5895.86     -8.0184559E-009
          5907.15     -7.7358298E-009
          5918.44     -7.4584101E-009
          5929.73     -7.1846180E-009
          5941.02     -6.9128619E-009
          5952.30     -6.6415316E-009
          5963.59     -6.3689937E-009
          5974.88     -6.1016061E-009
          5986.17     -5.8460349E-009
          5997.46     -5.6011114E-009
          6008.75     -5.3656931E-009
          6020.04     -5.1386603E-009
          6031.33     -4.9189093E-009
          6042.62     -4.7053474E-009
          6053.91     -4.4968922E-009
          6065.20     -4.2924667E-009
          6076.48     -4.0909951E-009
          6087.77     -3.8913989E-009
          6099.06     -3.6925917E-009
          6110.35     -3.4934777E-009
          6121.64     -3.2979764E-009
          6132.93     -3.1102839E-009
          6144.22     -2.9297276E-009
          6155.51     -2.7556543E-009
          6166.80     -2.5874288E-009
          6178.09     -2.4244304E-009
          6189.38     -2.2660494E-009
          6200.66     -2.1116875E-009
          6211.95     -1.9607561E-009
          6223.24     -1.8126746E-009
          6234.53     -1.6668688E-009
          6245.82     -1.5227684E-009
          6257.11     -1.3798055E-009
          6268.40     -1.2374133E-009
          6279.69     -1.0960609E-009
          6290.98     -9.5637286E-010
          6302.27     -8.1801804E-010
          6313.55     -6.8066868E-010
          6324.84     -5.4400024E-010
          6336.13     -4.0780433E-010
          6347.42     -2.7191292E-010
          6358.71     -1.3606487E-010
          6370.00      0.0000000E+000
