          3480.00     -2.3059593E-004
          3491.29     -2.2641529E-004
          3502.58     -2.2154512E-004
          3513.87     -2.1608590E-004
          3525.16     -2.1013152E-004
          3536.45     -2.0377010E-004
          3547.73     -1.9708467E-004
          3559.02     -1.9015388E-004
          3570.31     -1.8305266E-004
          3581.60     -1.7585277E-004
          3592.89     -1.6862343E-004
          3604.18     -1.6143183E-004
          3615.47     -1.5434373E-004
          3626.76     -1.4742382E-004
          3638.05     -1.4073613E-004
          3649.34     -1.3434453E-004
          3660.62     -1.2831314E-004
          3671.91     -1.2252449E-004
          3683.20     -1.1682759E-004
          3694.49     -1.1123641E-004
          3705.78     -1.0576459E-004
          3717.07     -1.0042556E-004
          3728.36     -9.5232690E-005
          3739.65     -9.0199398E-005
          3750.94     -8.5339277E-005
          3762.23     -8.0666209E-005
          3773.52     -7.6194479E-005
          3784.80     -7.1938883E-005
          3796.09     -6.7914854E-005
          3807.38     -6.4138543E-005
          3818.67     -6.0626947E-005
          3829.96     -5.7398032E-005
          3841.25     -5.4470829E-005
          3852.54     -5.1865552E-005
          3863.83     -4.9603717E-005
          3875.12     -4.7553327E-005
          3886.41     -4.5566616E-005
          3897.70     -4.3642520E-005
          3908.98     -4.1780039E-005
          3920.27     -3.9978254E-005
          3931.56     -3.8236319E-005
          3942.85     -3.6553478E-005
          3954.14     -3.4929066E-005
          3965.43     -3.3362520E-005
          3976.72     -3.1853384E-005
          3988.01     -3.0401315E-005
          3999.30     -2.9006092E-005
          4010.59     -2.7667624E-005
          4021.88     -2.6385953E-005
          4033.16     -2.5161261E-005
          4044.45     -2.3993879E-005
          4055.74     -2.2884294E-005
          4067.03     -2.1833156E-005
          4078.32     -2.0841285E-005
          4089.61     -1.9909677E-005
          4100.90     -1.9039518E-005
          4112.19     -1.8232187E-005
          4123.48     -1.7489268E-005
          4134.77     -1.6812555E-005
          4146.05     -1.6204070E-005
          4157.34     -1.5666067E-005
          4168.63     -1.5201042E-005
          4179.92     -1.4780943E-005
          4191.21     -1.4375604E-005
          4202.50     -1.3984540E-005
          4213.79     -1.3607271E-005
          4225.08     -1.3243319E-005
          4236.37     -1.2892206E-005
          4247.66     -1.2553457E-005
          4258.95     -1.2226599E-005
          4270.23     -1.1911156E-005
          4281.52     -1.1606658E-005
          4292.81     -1.1312631E-005
          4304.10     -1.1028601E-005
          4315.39     -1.0754094E-005
          4326.68     -1.0488631E-005
          4337.97     -1.0231733E-005
          4349.26     -9.9829181E-006
          4360.55     -9.7416968E-006
          4371.84     -9.5075768E-006
          4383.12     -9.2800586E-006
          4394.41     -9.0586362E-006
          4405.70     -8.8427957E-006
          4416.99     -8.6320139E-006
          4428.28     -8.4257580E-006
          4439.57     -8.2234830E-006
          4450.86     -8.0246318E-006
          4462.15     -7.8286335E-006
          4473.44     -7.6376895E-006
          4484.73     -7.4541487E-006
          4496.02     -7.2776527E-006
          4507.30     -7.1078467E-006
          4518.59     -6.9443788E-006
          4529.88     -6.7868986E-006
          4541.17     -6.6350571E-006
          4552.46     -6.4885058E-006
          4563.75     -6.3468957E-006
          4575.04     -6.2098767E-006
          4586.33     -6.0770967E-006
          4597.62     -5.9482010E-006
          4608.91     -5.8228315E-006
          4620.20     -5.7006254E-006
          4631.48     -5.5812147E-006
          4642.77     -5.4642257E-006
          4654.06     -5.3492772E-006
          4665.35     -5.2359803E-006
          4676.64     -5.1239371E-006
          4687.93     -5.0127399E-006
          4699.22     -4.9019704E-006
          4710.51     -4.7911980E-006
          4721.80     -4.6799795E-006
          4733.09     -4.5678577E-006
          4744.38     -4.4543601E-006
          4755.66     -4.3389981E-006
          4766.95     -4.2212655E-006
          4778.24     -4.1045654E-006
          4789.53     -3.9924888E-006
          4800.82     -3.8848017E-006
          4812.11     -3.7812757E-006
          4823.40     -3.6816874E-006
          4834.69     -3.5858179E-006
          4845.98     -3.4934521E-006
          4857.27     -3.4043786E-006
          4868.55     -3.3183887E-006
          4879.84     -3.2352766E-006
          4891.13     -3.1548384E-006
          4902.42     -3.0768716E-006
          4913.71     -3.0011751E-006
          4925.00     -2.9275484E-006
          4936.29     -2.8557911E-006
          4947.58     -2.7857025E-006
          4958.87     -2.7170813E-006
          4970.16     -2.6497251E-006
          4981.45     -2.5834299E-006
          4992.73     -2.5179894E-006
          5004.02     -2.4531949E-006
          5015.31     -2.3888347E-006
          5026.60     -2.3246935E-006
          5037.89     -2.2605523E-006
          5049.18     -2.1961872E-006
          5060.47     -2.1313698E-006
          5071.76     -2.0675428E-006
          5083.05     -2.0062309E-006
          5094.34     -1.9473269E-006
          5105.62     -1.8907275E-006
          5116.91     -1.8363327E-006
          5128.20     -1.7840458E-006
          5139.49     -1.7337729E-006
          5150.78     -1.6854232E-006
          5162.07     -1.6389085E-006
          5173.36     -1.5941429E-006
          5184.65     -1.5510430E-006
          5195.94     -1.5095275E-006
          5207.23     -1.4695169E-006
          5218.52     -1.4309336E-006
          5229.80     -1.3937017E-006
          5241.09     -1.3577467E-006
          5252.38     -1.3229954E-006
          5263.67     -1.2893759E-006
          5274.96     -1.2568174E-006
          5286.25     -1.2252497E-006
          5297.54     -1.1946038E-006
          5308.83     -1.1648109E-006
          5320.12     -1.1358030E-006
          5331.41     -1.1075123E-006
          5342.70     -1.0798713E-006
          5353.98     -1.0528125E-006
          5365.27     -1.0262685E-006
          5376.56     -1.0004554E-006
          5387.85     -9.7560111E-007
          5399.14     -9.5165629E-007
          5410.43     -9.2857260E-007
          5421.72     -9.0630264E-007
          5433.01     -8.8479980E-007
          5444.30     -8.6401818E-007
          5455.59     -8.4391260E-007
          5466.88     -8.2443837E-007
          5478.16     -8.0555126E-007
          5489.45     -7.8720746E-007
          5500.74     -7.6936339E-007
          5512.03     -7.5197575E-007
          5523.32     -7.3509245E-007
          5534.61     -7.1876464E-007
          5545.90     -7.0295432E-007
          5557.19     -6.8762378E-007
          5568.48     -6.7273564E-007
          5579.77     -6.5825277E-007
          5591.05     -6.4413829E-007
          5602.34     -6.3035541E-007
          5613.63     -6.1686734E-007
          5624.92     -6.0363723E-007
          5636.21     -5.9062814E-007
          5647.50     -5.7780289E-007
          5658.79     -5.6512407E-007
          5670.08     -5.5266771E-007
          5681.37     -5.4053793E-007
          5692.66     -5.2872787E-007
          5703.95     -5.1720635E-007
          5715.23     -5.0594236E-007
          5726.52     -4.9490504E-007
          5737.81     -4.8406360E-007
          5749.10     -4.7338726E-007
          5760.39     -4.6284524E-007
          5771.68     -4.5240670E-007
          5782.97     -4.4204070E-007
          5794.26     -4.3171574E-007
          5805.55     -4.2139976E-007
          5816.84     -4.1106032E-007
          5828.12     -4.0082296E-007
          5839.41     -3.9081672E-007
          5850.70     -3.8101418E-007
          5861.99     -3.7138802E-007
          5873.28     -3.6191101E-007
          5884.57     -3.5255590E-007
          5895.86     -3.4329541E-007
          5907.15     -3.3410219E-007
          5918.44     -3.2494888E-007
          5929.73     -3.1580807E-007
          5941.02     -3.0665217E-007
          5952.30     -2.9745340E-007
          5963.59     -2.8818373E-007
          5974.88     -2.7897169E-007
          5986.17     -2.6995008E-007
          5997.46     -2.6109726E-007
          6008.75     -2.5239180E-007
          6020.04     -2.4381244E-007
          6031.33     -2.3533794E-007
          6042.62     -2.2694706E-007
          6053.91     -2.1861861E-007
          6065.20     -2.1033137E-007
          6076.48     -2.0206409E-007
          6087.77     -1.9379539E-007
          6099.06     -1.8550375E-007
          6110.35     -1.7716748E-007
          6121.64     -1.6887161E-007
          6132.93     -1.6070707E-007
          6144.22     -1.5266117E-007
          6155.51     -1.4472130E-007
          6166.80     -1.3687494E-007
          6178.09     -1.2910962E-007
          6189.38     -1.2141280E-007
          6200.66     -1.1377196E-007
          6211.95     -1.0617467E-007
          6223.24     -9.8608510E-008
          6234.53     -9.1061113E-008
          6245.82     -8.3520092E-008
          6257.11     -7.5973044E-008
          6268.40     -6.8407557E-008
          6279.69     -6.0832879E-008
          6290.98     -5.3262929E-008
          6302.27     -4.5692240E-008
          6313.55     -3.8115340E-008
          6324.84     -3.0526776E-008
          6336.13     -2.2923498E-008
          6347.42     -1.5303683E-008
          6358.71     -7.6637224E-009
          6370.00      0.0000000E+000
