          3480.00     -2.3059593E-004
          3491.29     -2.2661766E-004
          3502.58     -2.2163007E-004
          3513.87     -2.1579460E-004
          3525.16     -2.0925858E-004
          3536.45     -2.0215694E-004
          3547.73     -1.9461391E-004
          3559.02     -1.8674456E-004
          3570.31     -1.7865620E-004
          3581.60     -1.7044969E-004
          3592.89     -1.6222071E-004
          3604.18     -1.5406091E-004
          3615.47     -1.4605905E-004
          3626.76     -1.3830186E-004
          3638.05     -1.3087502E-004
          3649.34     -1.2386407E-004
          3660.62     -1.1735533E-004
          3671.91     -1.1118634E-004
          3683.20     -1.0514572E-004
          3694.49     -9.9246948E-005
          3705.78     -9.3502865E-005
          3717.07     -8.7925870E-005
          3728.36     -8.2528169E-005
          3739.65     -7.7322009E-005
          3750.94     -7.2319847E-005
          3762.23     -6.7534578E-005
          3773.52     -6.2979718E-005
          3784.80     -5.8669595E-005
          3796.09     -5.4619552E-005
          3807.38     -5.0846110E-005
          3818.67     -4.7367175E-005
          3829.96     -4.4202245E-005
          3841.25     -4.1372589E-005
          3852.54     -3.8901460E-005
          3863.83     -3.6814296E-005
          3875.12     -3.4965443E-005
          3886.41     -3.3189456E-005
          3897.70     -3.1483926E-005
          3908.98     -2.9846553E-005
          3920.27     -2.8275161E-005
          3931.56     -2.6767692E-005
          3942.85     -2.5322222E-005
          3954.14     -2.3936960E-005
          3965.43     -2.2610262E-005
          3976.72     -2.1340632E-005
          3988.01     -2.0126733E-005
          3999.30     -1.8967388E-005
          4010.59     -1.7861595E-005
          4021.88     -1.6808524E-005
          4033.16     -1.5807530E-005
          4044.45     -1.4858161E-005
          4055.74     -1.3960161E-005
          4067.03     -1.3113484E-005
          4078.32     -1.2318299E-005
          4089.61     -1.1574999E-005
          4100.90     -1.0884218E-005
          4112.19     -1.0246833E-005
          4123.48     -9.6639805E-006
          4134.77     -9.1370708E-006
          4146.05     -8.6677982E-006
          4157.34     -8.2581587E-006
          4168.63     -7.9104630E-006
          4179.92     -7.6017754E-006
          4191.21     -7.3070473E-006
          4202.50     -7.0256801E-006
          4213.79     -6.7570934E-006
          4225.08     -6.5007242E-006
          4236.37     -6.2560250E-006
          4247.66     -6.0224647E-006
          4258.95     -5.7995257E-006
          4270.23     -5.5867038E-006
          4281.52     -5.3835078E-006
          4292.81     -5.1894573E-006
          4304.10     -5.0040824E-006
          4315.39     -4.8269222E-006
          4326.68     -4.6575240E-006
          4337.97     -4.4954424E-006
          4349.26     -4.3402373E-006
          4360.55     -4.1914735E-006
          4371.84     -4.0487191E-006
          4383.12     -3.9115441E-006
          4394.41     -3.7795198E-006
          4405.70     -3.6522171E-006
          4416.99     -3.5292050E-006
          4428.28     -3.4100496E-006
          4439.57     -3.2943122E-006
          4450.86     -3.1815479E-006
          4462.15     -3.0713044E-006
          4473.44     -2.9648687E-006
          4484.73     -2.8636513E-006
          4496.02     -2.7673845E-006
          4507.30     -2.6758083E-006
          4518.59     -2.5886698E-006
          4529.88     -2.5057219E-006
          4541.17     -2.4267231E-006
          4552.46     -2.3514366E-006
          4563.75     -2.2796295E-006
          4575.04     -2.2110719E-006
          4586.33     -2.1455365E-006
          4597.62     -2.0827976E-006
          4608.91     -2.0226304E-006
          4620.20     -1.9648103E-006
          4631.48     -1.9091119E-006
          4642.77     -1.8553088E-006
          4654.06     -1.8031718E-006
          4665.35     -1.7524690E-006
          4676.64     -1.7029646E-006
          4687.93     -1.6544180E-006
          4699.22     -1.6065830E-006
          4710.51     -1.5592068E-006
          4721.80     -1.5120293E-006
          4733.09     -1.4647817E-006
          4744.38     -1.4171860E-006
          4755.66     -1.3689535E-006
          4766.95     -1.3197841E-006
          4778.24     -1.2712772E-006
          4789.53     -1.2251502E-006
          4800.82     -1.1812739E-006
          4812.11     -1.1395236E-006
          4823.40     -1.0997794E-006
          4834.69     -1.0619251E-006
          4845.98     -1.0258481E-006
          4857.27     -9.9143894E-007
          4868.55     -9.5859116E-007
          4879.84     -9.2720081E-007
          4891.13     -8.9716607E-007
          4902.42     -8.6838696E-007
          4913.71     -8.4076509E-007
          4925.00     -8.1420321E-007
          4936.29     -7.8860499E-007
          4947.58     -7.6387462E-007
          4958.87     -7.3991656E-007
          4970.16     -7.1663523E-007
          4981.45     -6.9393460E-007
          4992.73     -6.7171792E-007
          5004.02     -6.4988746E-007
          5015.31     -6.2834410E-007
          5026.60     -6.0698700E-007
          5037.89     -5.8571332E-007
          5049.18     -5.6441780E-007
          5060.47     -5.4299251E-007
          5071.76     -5.2197340E-007
          5083.05     -5.0193693E-007
          5094.34     -4.8283541E-007
          5105.62     -4.6462316E-007
          5116.91     -4.4725650E-007
          5128.20     -4.3069359E-007
          5139.49     -4.1489431E-007
          5150.78     -3.9982019E-007
          5162.07     -3.8543425E-007
          5173.36     -3.7170092E-007
          5184.65     -3.5858594E-007
          5195.94     -3.4605627E-007
          5207.23     -3.3407996E-007
          5218.52     -3.2262612E-007
          5229.80     -3.1166477E-007
          5241.09     -3.0116683E-007
          5252.38     -2.9110396E-007
          5263.67     -2.8144853E-007
          5274.96     -2.7217353E-007
          5286.25     -2.6325249E-007
          5297.54     -2.5465940E-007
          5308.83     -2.4636865E-007
          5320.12     -2.3835494E-007
          5331.41     -2.3059323E-007
          5342.70     -2.2305867E-007
          5353.98     -2.1572647E-007
          5365.27     -2.0857192E-007
          5376.56     -2.0165884E-007
          5387.85     -1.9505600E-007
          5399.14     -1.8874644E-007
          5410.43     -1.8271371E-007
          5421.72     -1.7694186E-007
          5433.01     -1.7141533E-007
          5444.30     -1.6611894E-007
          5455.59     -1.6103787E-007
          5466.88     -1.5615758E-007
          5478.16     -1.5146380E-007
          5489.45     -1.4694246E-007
          5500.74     -1.4257969E-007
          5512.03     -1.3836176E-007
          5523.32     -1.3430114E-007
          5534.61     -1.3041163E-007
          5545.90     -1.2668176E-007
          5557.19     -1.2310022E-007
          5568.48     -1.1965591E-007
          5579.77     -1.1633785E-007
          5591.05     -1.1313522E-007
          5602.34     -1.1003727E-007
          5613.63     -1.0703329E-007
          5624.92     -1.0411260E-007
          5636.21     -1.0126454E-007
          5647.50     -9.8478383E-008
          5658.79     -9.5743346E-008
          5670.08     -9.3078887E-008
          5681.37     -9.0512220E-008
          5692.66     -8.8041210E-008
          5703.95     -8.5657359E-008
          5715.23     -8.3352259E-008
          5726.52     -8.1117575E-008
          5737.81     -7.8945015E-008
          5749.10     -7.6826322E-008
          5760.39     -7.4753248E-008
          5771.68     -7.2717534E-008
          5782.97     -7.0710896E-008
          5794.26     -6.8724931E-008
          5805.55     -6.6751090E-008
          5816.84     -6.4780711E-008
          5828.12     -6.2844578E-008
          5839.41     -6.0974646E-008
          5850.70     -5.9163957E-008
          5861.99     -5.7405613E-008
          5873.28     -5.5692765E-008
          5884.57     -5.4018585E-008
          5895.86     -5.2376255E-008
          5907.15     -5.0758951E-008
          5918.44     -4.9159838E-008
          5929.73     -4.7572063E-008
          5941.02     -4.5988723E-008
          5952.30     -4.4402846E-008
          5963.59     -4.2807383E-008
          5974.88     -4.1232418E-008
          5986.17     -3.9709218E-008
          5997.46     -3.8232505E-008
          6008.75     -3.6797087E-008
          6020.04     -3.5397843E-008
          6031.33     -3.4029697E-008
          6042.62     -3.2687591E-008
          6053.91     -3.1366503E-008
          6065.20     -3.0061420E-008
          6076.48     -2.8767328E-008
          6087.77     -2.7479192E-008
          6099.06     -2.6191945E-008
          6110.35     -2.4900480E-008
          6121.64     -2.3624332E-008
          6132.93     -2.2384320E-008
          6144.22     -2.1177295E-008
          6155.51     -2.0000168E-008
          6166.80     -1.8849907E-008
          6178.09     -1.7723522E-008
          6189.38     -1.6618046E-008
          6200.66     -1.5530546E-008
          6211.95     -1.4458120E-008
          6223.24     -1.3397892E-008
          6234.53     -1.2347003E-008
          6245.82     -1.1302607E-008
          6257.11     -1.0261861E-008
          6268.40     -9.2219244E-009
          6279.69     -8.1851249E-009
          6290.98     -7.1546442E-009
          6302.27     -6.1289223E-009
          6313.55     -5.1064085E-009
          6324.84     -4.0855625E-009
          6336.13     -3.0654214E-009
          6347.42     -2.0452457E-009
          6358.71     -1.0238373E-009
          6370.00     -3.3461418E-044
