          3480.00     -2.3059593E-004
          3491.29     -2.3005720E-004
          3502.58     -2.2951964E-004
          3513.87     -2.2898336E-004
          3525.16     -2.2844849E-004
          3536.45     -2.2791516E-004
          3547.73     -2.2738349E-004
          3559.02     -2.2685360E-004
          3570.31     -2.2632562E-004
          3581.60     -2.2579967E-004
          3592.89     -2.2527587E-004
          3604.18     -2.2475435E-004
          3615.47     -2.2423524E-004
          3626.76     -2.2371869E-004
          3638.05     -2.2320483E-004
          3649.34     -2.2269381E-004
          3660.62     -2.2218576E-004
          3671.91     -2.2168020E-004
          3683.20     -2.2117657E-004
          3694.49     -2.2067489E-004
          3705.78     -2.2017520E-004
          3717.07     -2.1967754E-004
          3728.36     -2.1918193E-004
          3739.65     -2.1868841E-004
          3750.94     -2.1819701E-004
          3762.23     -2.1770776E-004
          3773.52     -2.1722071E-004
          3784.80     -2.1673587E-004
          3796.09     -2.1625328E-004
          3807.38     -2.1577299E-004
          3818.67     -2.1529501E-004
          3829.96     -2.1481938E-004
          3841.25     -2.1434614E-004
          3852.54     -2.1387531E-004
          3863.83     -2.1340693E-004
          3875.12     -2.1294018E-004
          3886.41     -2.1247419E-004
          3897.70     -2.1200891E-004
          3908.98     -2.1154429E-004
          3920.27     -2.1108029E-004
          3931.56     -2.1061686E-004
          3942.85     -2.1015396E-004
          3954.14     -2.0969155E-004
          3965.43     -2.0922957E-004
          3976.72     -2.0876799E-004
          3988.01     -2.0830676E-004
          3999.30     -2.0784583E-004
          4010.59     -2.0738517E-004
          4021.88     -2.0692472E-004
          4033.16     -2.0646444E-004
          4044.45     -2.0600429E-004
          4055.74     -2.0554423E-004
          4067.03     -2.0508421E-004
          4078.32     -2.0462420E-004
          4089.61     -2.0416415E-004
          4100.90     -2.0370402E-004
          4112.19     -2.0324377E-004
          4123.48     -2.0278336E-004
          4134.77     -2.0232276E-004
          4146.05     -2.0186191E-004
          4157.34     -2.0140078E-004
          4168.63     -2.0093934E-004
          4179.92     -2.0047732E-004
          4191.21     -2.0001445E-004
          4202.50     -1.9955066E-004
          4213.79     -1.9908590E-004
          4225.08     -1.9862010E-004
          4236.37     -1.9815320E-004
          4247.66     -1.9768514E-004
          4258.95     -1.9721585E-004
          4270.23     -1.9674528E-004
          4281.52     -1.9627336E-004
          4292.81     -1.9580004E-004
          4304.10     -1.9532526E-004
          4315.39     -1.9484896E-004
          4326.68     -1.9437107E-004
          4337.97     -1.9389154E-004
          4349.26     -1.9341031E-004
          4360.55     -1.9292732E-004
          4371.84     -1.9244251E-004
          4383.12     -1.9195583E-004
          4394.41     -1.9146721E-004
          4405.70     -1.9097660E-004
          4416.99     -1.9048394E-004
          4428.28     -1.8998917E-004
          4439.57     -1.8949224E-004
          4450.86     -1.8899309E-004
          4462.15     -1.8849167E-004
          4473.44     -1.8798785E-004
          4484.73     -1.8748152E-004
          4496.02     -1.8697264E-004
          4507.30     -1.8646114E-004
          4518.59     -1.8594699E-004
          4529.88     -1.8543012E-004
          4541.17     -1.8491049E-004
          4552.46     -1.8438805E-004
          4563.75     -1.8386275E-004
          4575.04     -1.8333454E-004
          4586.33     -1.8280337E-004
          4597.62     -1.8226919E-004
          4608.91     -1.8173194E-004
          4620.20     -1.8119159E-004
          4631.48     -1.8064808E-004
          4642.77     -1.8010137E-004
          4654.06     -1.7955139E-004
          4665.35     -1.7899811E-004
          4676.64     -1.7844148E-004
          4687.93     -1.7788145E-004
          4699.22     -1.7731796E-004
          4710.51     -1.7675097E-004
          4721.80     -1.7618044E-004
          4733.09     -1.7560631E-004
          4744.38     -1.7502853E-004
          4755.66     -1.7444707E-004
          4766.95     -1.7386186E-004
          4778.24     -1.7327197E-004
          4789.53     -1.7267647E-004
          4800.82     -1.7207533E-004
          4812.11     -1.7146854E-004
          4823.40     -1.7085606E-004
          4834.69     -1.7023787E-004
          4845.98     -1.6961395E-004
          4857.27     -1.6898427E-004
          4868.55     -1.6834881E-004
          4879.84     -1.6770753E-004
          4891.13     -1.6706043E-004
          4902.42     -1.6640747E-004
          4913.71     -1.6574863E-004
          4925.00     -1.6508388E-004
          4936.29     -1.6441320E-004
          4947.58     -1.6373656E-004
          4958.87     -1.6305394E-004
          4970.16     -1.6236531E-004
          4981.45     -1.6167065E-004
          4992.73     -1.6096994E-004
          5004.02     -1.6026314E-004
          5015.31     -1.5955024E-004
          5026.60     -1.5883120E-004
          5037.89     -1.5810601E-004
          5049.18     -1.5737464E-004
          5060.47     -1.5663706E-004
          5071.76     -1.5589170E-004
          5083.05     -1.5513700E-004
          5094.34     -1.5437297E-004
          5105.62     -1.5359962E-004
          5116.91     -1.5281697E-004
          5128.20     -1.5202503E-004
          5139.49     -1.5122381E-004
          5150.78     -1.5041331E-004
          5162.07     -1.4959356E-004
          5173.36     -1.4876456E-004
          5184.65     -1.4792632E-004
          5195.94     -1.4707886E-004
          5207.23     -1.4622218E-004
          5218.52     -1.4535630E-004
          5229.80     -1.4448123E-004
          5241.09     -1.4359697E-004
          5252.38     -1.4270354E-004
          5263.67     -1.4180095E-004
          5274.96     -1.4088920E-004
          5286.25     -1.3996831E-004
          5297.54     -1.3903829E-004
          5308.83     -1.3809914E-004
          5320.12     -1.3715088E-004
          5331.41     -1.3619351E-004
          5342.70     -1.3522705E-004
          5353.98     -1.3425150E-004
          5365.27     -1.3326688E-004
          5376.56     -1.3227256E-004
          5387.85     -1.3126793E-004
          5399.14     -1.3025302E-004
          5410.43     -1.2922786E-004
          5421.72     -1.2819247E-004
          5433.01     -1.2714688E-004
          5444.30     -1.2609112E-004
          5455.59     -1.2502521E-004
          5466.88     -1.2394919E-004
          5478.16     -1.2286307E-004
          5489.45     -1.2176689E-004
          5500.74     -1.2066067E-004
          5512.03     -1.1954445E-004
          5523.32     -1.1841794E-004
          5534.61     -1.1728089E-004
          5545.90     -1.1613334E-004
          5557.19     -1.1497531E-004
          5568.48     -1.1380685E-004
          5579.77     -1.1262800E-004
          5591.05     -1.1143881E-004
          5602.34     -1.1023933E-004
          5613.63     -1.0902961E-004
          5624.92     -1.0780970E-004
          5636.21     -1.0657966E-004
          5647.50     -1.0533953E-004
          5658.79     -1.0408938E-004
          5670.08     -1.0282865E-004
          5681.37     -1.0155675E-004
          5692.66     -1.0027372E-004
          5703.95     -9.8979742E-005
          5715.23     -9.7674977E-005
          5726.52     -9.6359603E-005
          5737.81     -9.5033794E-005
          5749.10     -9.3697723E-005
          5760.39     -9.2351564E-005
          5771.68     -9.0995489E-005
          5782.97     -8.9629668E-005
          5794.26     -8.8254222E-005
          5805.55     -8.6869226E-005
          5816.84     -8.5474758E-005
          5828.12     -8.4069343E-005
          5839.41     -8.2651555E-005
          5850.70     -8.1221541E-005
          5861.99     -7.9779451E-005
          5873.28     -7.8325432E-005
          5884.57     -7.6859633E-005
          5895.86     -7.5382198E-005
          5907.15     -7.3893276E-005
          5918.44     -7.2393030E-005
          5929.73     -7.0881643E-005
          5941.02     -6.9359296E-005
          5952.30     -6.7826169E-005
          5963.59     -6.6282444E-005
          5974.88     -6.4724922E-005
          5986.17     -6.3150547E-005
          5997.46     -6.1559724E-005
          6008.75     -5.9952853E-005
          6020.04     -5.8330332E-005
          6031.33     -5.6692532E-005
          6042.62     -5.5039796E-005
          6053.91     -5.3372471E-005
          6065.20     -5.1690898E-005
          6076.48     -4.9995406E-005
          6087.77     -4.8286315E-005
          6099.06     -4.6563932E-005
          6110.35     -4.4828563E-005
          6121.64     -4.3075139E-005
          6132.93     -4.1298949E-005
          6144.22     -3.9500857E-005
          6155.51     -3.7681705E-005
          6166.80     -3.5842316E-005
          6178.09     -3.3983490E-005
          6189.38     -3.2105979E-005
          6200.66     -3.0210525E-005
          6211.95     -2.8297871E-005
          6223.24     -2.6368753E-005
          6234.53     -2.4423913E-005
          6245.82     -2.2464087E-005
          6257.11     -2.0490008E-005
          6268.40     -1.8502414E-005
          6279.69     -1.6499823E-005
          6290.98     -1.4481098E-005
          6302.27     -1.2447485E-005
          6313.55     -1.0400231E-005
          6324.84     -8.3405832E-006
          6336.13     -6.2695312E-006
          6347.42     -4.1881572E-006
          6358.71     -2.0978509E-006
          6370.00     -7.5446448E-038
