          3480.00     -5.5747070E-026
          3491.29     -3.9041236E-010
          3502.58     -7.1040191E-010
          3513.87     -9.7032680E-010
          3525.16     -1.1792346E-009
          3536.45     -1.3450360E-009
          3547.73     -1.4746550E-009
          3559.02     -1.5741632E-009
          3570.31     -1.6488978E-009
          3581.60     -1.7035661E-009
          3592.89     -1.7423381E-009
          3604.18     -1.7689261E-009
          3615.47     -1.7866513E-009
          3626.76     -1.7985093E-009
          3638.05     -1.8072318E-009
          3649.34     -1.8153415E-009
          3660.62     -1.8252005E-009
          3671.91     -1.7595227E-009
          3683.20     -1.5484602E-009
          3694.49     -1.2034095E-009
          3705.78     -7.3326306E-010
          3717.07     -1.4462854E-010
          3728.36      5.5798444E-010
          3739.65      1.3720073E-009
          3750.94      2.2966894E-009
          3762.23      3.3329955E-009
          3773.52      4.4835281E-009
          3784.80      5.7524739E-009
          3796.09      7.1455619E-009
          3807.38      8.6700490E-009
          3818.67      1.0334716E-008
          3829.96      1.2149881E-008
          3841.25      1.4127444E-008
          3852.54      1.6280929E-008
          3863.83      1.8625544E-008
          3875.12      2.1619047E-008
          3886.41      2.5679086E-008
          3897.70      3.0773504E-008
          3908.98      3.6884697E-008
          3920.27      4.4008793E-008
          3931.56      5.2155061E-008
          3942.85      6.1345427E-008
          3954.14      7.1614148E-008
          3965.43      8.3007628E-008
          3976.72      9.5584328E-008
          3988.01      1.0941490E-007
          3999.30      1.2458232E-007
          4010.59      1.4118219E-007
          4021.88      1.5932320E-007
          4033.16      1.7912759E-007
          4044.45      2.0073183E-007
          4055.74      2.2428738E-007
          4067.03      2.4996146E-007
          4078.32      2.7793817E-007
          4089.61      3.0841951E-007
          4100.90      3.4162656E-007
          4112.19      3.7780097E-007
          4123.48      4.1720636E-007
          4134.77      4.6012997E-007
          4146.05      5.0688451E-007
          4157.34      5.5780995E-007
          4168.63      6.1327589E-007
          4179.92      6.7612205E-007
          4191.21      7.4899080E-007
          4202.50      8.3205484E-007
          4213.79      9.2558570E-007
          4225.08      1.0299524E-006
          4236.37      1.1456213E-006
          4247.66      1.2731558E-006
          4258.95      1.4132183E-006
          4270.23      1.5665721E-006
          4281.52      1.7340836E-006
          4292.81      1.9167266E-006
          4304.10      2.1155860E-006
          4315.39      2.3318634E-006
          4326.68      2.5668828E-006
          4337.97      2.8220967E-006
          4349.26      3.0990943E-006
          4360.55      3.3996102E-006
          4371.84      3.7255316E-006
          4383.12      4.0789106E-006
          4394.41      4.4619743E-006
          4405.70      4.8771372E-006
          4416.99      5.3270142E-006
          4428.28      5.8144338E-006
          4439.57      6.3424551E-006
          4450.86      6.9143840E-006
          4462.15      7.5337892E-006
          4473.44      8.1979112E-006
          4484.73      8.9048853E-006
          4496.02      9.6599711E-006
          4507.30      1.0468639E-005
          4518.59      1.1336606E-005
          4529.88      1.2269872E-005
          4541.17      1.3274760E-005
          4552.46      1.4357947E-005
          4563.75      1.5526515E-005
          4575.04      1.6787982E-005
          4586.33      1.8150351E-005
          4597.62      1.9622153E-005
          4608.91      2.1212493E-005
          4620.20      2.2931102E-005
          4631.48      2.4788391E-005
          4642.77      2.6795499E-005
          4654.06      2.8964361E-005
          4665.35      3.1307763E-005
          4676.64      3.3839413E-005
          4687.93      3.6574011E-005
          4699.22      3.9527313E-005
          4710.51      4.2716226E-005
          4721.80      4.6158889E-005
          4733.09      4.9874747E-005
          4744.38      5.3884670E-005
          4755.66      5.8211040E-005
          4766.95      6.2877865E-005
          4778.24      6.7655557E-005
          4789.53      7.2339466E-005
          4800.82      7.6990077E-005
          4812.11      8.1665294E-005
          4823.40      8.6420938E-005
          4834.69      9.1311232E-005
          4845.98      9.6389237E-005
          4857.27      1.0170728E-004
          4868.55      1.0731735E-004
          4879.84      1.1327151E-004
          4891.13      1.1962226E-004
          4902.42      1.2642291E-004
          4913.71      1.3372794E-004
          4925.00      1.4159337E-004
          4936.29      1.5007713E-004
          4947.58      1.5923938E-004
          4958.87      1.6914291E-004
          4970.16      1.7985348E-004
          4981.45      1.9144022E-004
          4992.73      2.0397599E-004
          5004.02      2.1753779E-004
          5015.31      2.3220715E-004
          5026.60      2.4807060E-004
          5037.89      2.6522004E-004
          5049.18      2.8375326E-004
          5060.47      3.0377437E-004
          5071.76      3.2364903E-004
          5083.05      3.4191367E-004
          5094.34      3.5891683E-004
          5105.62      3.7498722E-004
          5116.91      3.9043651E-004
          5128.20      4.0556194E-004
          5139.49      4.2064889E-004
          5150.78      4.3597322E-004
          5162.07      4.5180356E-004
          5173.36      4.6840348E-004
          5184.65      4.8603347E-004
          5195.94      5.0495306E-004
          5207.23      5.2542268E-004
          5218.52      5.4770564E-004
          5229.80      5.7206998E-004
          5241.09      5.9879026E-004
          5252.38      6.2814955E-004
          5263.67      6.6044123E-004
          5274.96      6.9597079E-004
          5286.25      7.3505788E-004
          5297.54      7.7803815E-004
          5308.83      8.2526532E-004
          5320.12      8.7711322E-004
          5331.41      9.3397773E-004
          5342.70      9.9627926E-004
          5353.98      1.0644649E-003
          5365.27      1.1390106E-003
          5376.56      1.2171352E-003
          5387.85      1.2963961E-003
          5399.14      1.3777905E-003
          5410.43      1.4623081E-003
          5421.72      1.5509373E-003
          5433.01      1.6446719E-003
          5444.30      1.7445183E-003
          5455.59      1.8515006E-003
          5466.88      1.9666686E-003
          5478.16      2.0911032E-003
          5489.45      2.2259231E-003
          5500.74      2.3722912E-003
          5512.03      2.5314213E-003
          5523.32      2.7012770E-003
          5534.61      2.8801990E-003
          5545.90      3.0700273E-003
          5557.19      3.2726362E-003
          5568.48      3.4899454E-003
          5579.77      3.7239337E-003
          5591.05      3.9766515E-003
          5602.34      4.2502280E-003
          5613.63      4.5468843E-003
          5624.92      4.8689443E-003
          5636.21      5.2188465E-003
          5647.50      5.5991585E-003
          5658.79      6.0125885E-003
          5670.08      6.4472345E-003
          5681.37      6.8892636E-003
          5692.66      7.3406556E-003
          5703.95      7.8069819E-003
          5715.23      8.2937882E-003
          5726.52      8.8066273E-003
          5737.81      9.3510950E-003
          5749.10      9.9328621E-003
          5760.39      1.0557707E-002
          5771.68      1.1231549E-002
          5782.97      1.1960476E-002
          5794.26      1.2750723E-002
          5805.55      1.3608716E-002
          5816.84      1.4541165E-002
          5828.12      1.5467302E-002
          5839.41      1.6315038E-002
          5850.70      1.7103728E-002
          5861.99      1.7852037E-002
          5873.28      1.8578064E-002
          5884.57      1.9299464E-002
          5895.86      2.0033562E-002
          5907.15      2.0797468E-002
          5918.44      2.1608237E-002
          5929.73      2.2482960E-002
          5941.02      2.3438811E-002
          5952.30      2.4493148E-002
          5963.59      2.5663613E-002
          5974.88      2.6602310E-002
          5986.17      2.7002031E-002
          5997.46      2.6938479E-002
          6008.75      2.6483403E-002
          6020.04      2.5705099E-002
          6031.33      2.4668763E-002
          6042.62      2.3437030E-002
          6053.91      2.2070667E-002
          6065.20      2.0628991E-002
          6076.48      1.9170226E-002
          6087.77      1.7751889E-002
          6099.06      1.6431281E-002
          6110.35      1.5265949E-002
          6121.64      1.3320218E-002
          6132.93      9.8059133E-003
          6144.22      4.9937790E-003
          6155.51     -8.5596683E-004
          6166.80     -7.4917530E-003
          6178.09     -1.4668919E-002
          6189.38     -2.2147781E-002
          6200.66     -2.9691052E-002
          6211.95     -3.7061903E-002
          6223.24     -4.4022416E-002
          6234.53     -5.0332018E-002
          6245.82     -5.5746002E-002
          6257.11     -6.0013982E-002
          6268.40     -6.2878353E-002
          6279.69     -6.4741971E-002
          6290.98     -6.5793298E-002
          6302.27     -6.5442638E-002
          6313.55     -6.3091860E-002
          6324.84     -5.8130917E-002
          6336.13     -5.0017715E-002
          6347.42     -3.8132382E-002
          6358.71     -2.1720106E-002
          6370.00     -5.6980092E-052
