          3480.00     -1.4100548E-029
          3491.29      3.2659830E-009
          3502.58      3.1784463E-008
          3513.87      8.3642459E-008
          3525.16      1.5712240E-007
          3536.45      2.5068467E-007
          3547.73      3.6295121E-007
          3559.02      4.9269011E-007
          3570.31      6.3880245E-007
          3581.60      8.0030914E-007
          3592.89      9.7633929E-007
          3604.18      1.1661200E-006
          3615.47      1.3689673E-006
          3626.76      1.5842780E-006
          3638.05      1.8115207E-006
          3649.34      2.0502269E-006
          3660.62      2.2999846E-006
          3671.91      2.5710682E-006
          3683.20      2.8735915E-006
          3694.49      3.2070803E-006
          3705.78      3.5712392E-006
          3717.07      3.9659443E-006
          3728.36      4.3912343E-006
          3739.65      4.8473022E-006
          3750.94      5.3344909E-006
          3762.23      5.8532868E-006
          3773.52      6.4043151E-006
          3784.80      6.9883367E-006
          3796.09      7.6062425E-006
          3807.38      8.2590534E-006
          3818.67      8.9479167E-006
          3829.96      9.6741028E-006
          3841.25      1.0439008E-005
          3852.54      1.1244151E-005
          3863.83      1.2091174E-005
          3875.12      1.3014864E-005
          3886.41      1.4048621E-005
          3897.70      1.5192518E-005
          3908.98      1.6447166E-005
          3920.27      1.7813695E-005
          3931.56      1.9293750E-005
          3942.85      2.0889470E-005
          3954.14      2.2603490E-005
          3965.43      2.4438926E-005
          3976.72      2.6399372E-005
          3988.01      2.8488905E-005
          3999.30      3.0712081E-005
          4010.59      3.3073932E-005
          4021.88      3.5579979E-005
          4033.16      3.8236231E-005
          4044.45      4.1049195E-005
          4055.74      4.4025885E-005
          4067.03      4.7173822E-005
          4078.32      5.0501065E-005
          4089.61      5.4016211E-005
          4100.90      5.7728406E-005
          4112.19      6.1647376E-005
          4123.48      6.5783434E-005
          4134.77      7.0147505E-005
          4146.05      7.4751144E-005
          4157.34      7.9606552E-005
          4168.63      8.4726616E-005
          4179.92      9.0208612E-005
          4191.21      9.6146159E-005
          4202.50      1.0254847E-004
          4213.79      1.0942644E-004
          4225.08      1.1679260E-004
          4236.37      1.2466119E-004
          4247.66      1.3304807E-004
          4258.95      1.4197080E-004
          4270.23      1.5144861E-004
          4281.52      1.6150246E-004
          4292.81      1.7215500E-004
          4304.10      1.8343068E-004
          4315.39      1.9535572E-004
          4326.68      2.0795818E-004
          4337.97      2.2126798E-004
          4349.26      2.3531698E-004
          4360.55      2.5013903E-004
          4371.84      2.6576995E-004
          4383.12      2.8224772E-004
          4394.41      2.9961247E-004
          4405.70      3.1790657E-004
          4416.99      3.3717472E-004
          4428.28      3.5746399E-004
          4439.57      3.7882397E-004
          4450.86      4.0130684E-004
          4462.15      4.2496739E-004
          4473.44      4.4975262E-004
          4484.73      4.7561797E-004
          4496.02      5.0263455E-004
          4507.30      5.3087563E-004
          4518.59      5.6041667E-004
          4529.88      5.9133567E-004
          4541.17      6.2371327E-004
          4552.46      6.5763286E-004
          4563.75      6.9318089E-004
          4575.04      7.3044699E-004
          4586.33      7.6952415E-004
          4597.62      8.1050899E-004
          4608.91      8.5350177E-004
          4620.20      8.9860687E-004
          4631.48      9.4593284E-004
          4642.77      9.9559250E-004
          4654.06      1.0477034E-003
          4665.35      1.1023881E-003
          4676.64      1.1597739E-003
          4687.93      1.2199937E-003
          4699.22      1.2831859E-003
          4710.51      1.3494948E-003
          4721.80      1.4190708E-003
          4733.09      1.4920705E-003
          4744.38      1.5686574E-003
          4755.66      1.6490020E-003
          4766.95      1.7332818E-003
          4778.24      1.8195479E-003
          4789.53      1.9059808E-003
          4800.82      1.9929516E-003
          4812.11      2.0808234E-003
          4823.40      2.1699514E-003
          4834.69      2.2606855E-003
          4845.98      2.3533705E-003
          4857.27      2.4483475E-003
          4868.55      2.5459549E-003
          4879.84      2.6465292E-003
          4891.13      2.7504067E-003
          4902.42      2.8579238E-003
          4913.71      2.9694178E-003
          4925.00      3.0852283E-003
          4936.29      3.2056982E-003
          4947.58      3.3311740E-003
          4958.87      3.4620072E-003
          4970.16      3.5985544E-003
          4981.45      3.7411791E-003
          4992.73      3.8902523E-003
          5004.02      4.0461524E-003
          5015.31      4.2092674E-003
          5026.60      4.3799949E-003
          5037.89      4.5587432E-003
          5049.18      4.7459320E-003
          5060.47      4.9419930E-003
          5071.76      5.1395693E-003
          5083.05      5.3318321E-003
          5094.34      5.5199829E-003
          5105.62      5.7051850E-003
          5116.91      5.8885671E-003
          5128.20      6.0712269E-003
          5139.49      6.2542354E-003
          5150.78      6.4386396E-003
          5162.07      6.6254673E-003
          5173.36      6.8157295E-003
          5184.65      7.0104231E-003
          5195.94      7.2105355E-003
          5207.23      7.4170463E-003
          5218.52      7.6309309E-003
          5229.80      7.8531634E-003
          5241.09      8.0847184E-003
          5252.38      8.3265754E-003
          5263.67      8.5797205E-003
          5274.96      8.8451483E-003
          5286.25      9.1238663E-003
          5297.54      9.4168964E-003
          5308.83      9.7252775E-003
          5320.12      1.0050069E-002
          5331.41      1.0392351E-002
          5342.70      1.0753229E-002
          5353.98      1.1133838E-002
          5365.27      1.1535338E-002
          5376.56      1.1951065E-002
          5387.85      1.2374932E-002
          5399.14      1.2808985E-002
          5410.43      1.3255264E-002
          5421.72      1.3715805E-002
          5433.01      1.4192646E-002
          5444.30      1.4687836E-002
          5455.59      1.5203435E-002
          5466.88      1.5741525E-002
          5478.16      1.6304211E-002
          5489.45      1.6893627E-002
          5500.74      1.7511942E-002
          5512.03      1.8161363E-002
          5523.32      1.8838074E-002
          5534.61      1.9538724E-002
          5545.90      2.0266270E-002
          5557.19      2.1023694E-002
          5568.48      2.1814012E-002
          5579.77      2.2640284E-002
          5591.05      2.3505627E-002
          5602.34      2.4413210E-002
          5613.63      2.5366264E-002
          5624.92      2.6368089E-002
          5636.21      2.7422057E-002
          5647.50      2.8531625E-002
          5658.79      2.9700337E-002
          5670.08      3.0911211E-002
          5681.37      3.2144011E-002
          5692.66      3.3400215E-002
          5703.95      3.4686222E-002
          5715.23      3.6008410E-002
          5726.52      3.7373144E-002
          5737.81      3.8786798E-002
          5749.10      4.0255771E-002
          5760.39      4.1786496E-002
          5771.68      4.3385463E-002
          5782.97      4.5059213E-002
          5794.26      4.6814273E-002
          5805.55      4.8657173E-002
          5816.84      5.0594561E-002
          5828.12      5.2539980E-002
          5839.41      5.4413533E-002
          5850.70      5.6231530E-002
          5861.99      5.8009948E-002
          5873.28      5.9764462E-002
          5884.57      6.1510502E-002
          5895.86      6.3263289E-002
          5907.15      6.5037872E-002
          5918.44      6.6849242E-002
          5929.73      6.8712357E-002
          5941.02      7.0642102E-002
          5952.30      7.2653330E-002
          5963.59      7.4760884E-002
          5974.88      7.6674245E-002
          5986.17      7.8127763E-002
          5997.46      7.9172329E-002
          6008.75      7.9857203E-002
          6020.04      8.0230154E-002
          6031.33      8.0337445E-002
          6042.62      8.0224016E-002
          6053.91      7.9933834E-002
          6065.20      7.9510020E-002
          6076.48      7.8994907E-002
          6087.77      7.8430135E-002
          6099.06      7.7856856E-002
          6110.35      7.7315911E-002
          6121.64      7.6187203E-002
          6132.93      7.3925974E-002
          6144.22      7.0683108E-002
          6155.51      6.6605560E-002
          6166.80      6.1836822E-002
          6178.09      5.6517264E-002
          6189.38      5.0784626E-002
          6200.66      4.4775043E-002
          6211.95      3.8623669E-002
          6223.24      3.2465038E-002
          6234.53      2.6433456E-002
          6245.82      2.0663316E-002
          6257.11      1.5289458E-002
          6268.40      1.0447535E-002
          6279.69      5.9248532E-003
          6290.98      1.6018498E-003
          6302.27     -2.2450847E-003
          6313.55     -5.3386316E-003
          6324.84     -7.3998702E-003
          6336.13     -8.1886670E-003
          6347.42     -7.4363552E-003
          6358.71     -4.8168927E-003
          6370.00      2.4309277E-034
