          3480.00      3.0080705E-034
          3491.29      4.8497385E-012
          3502.58      1.4028588E-011
          3513.87      2.7240756E-011
          3525.16      4.4214917E-011
          3536.45      6.4702214E-011
          3547.73      8.8474289E-011
          3559.02      1.1532140E-010
          3570.31      1.4505087E-010
          3581.60      1.7748540E-010
          3592.89      2.1246164E-010
          3604.18      2.4982890E-010
          3615.47      2.8944796E-010
          3626.76      3.3119016E-010
          3638.05      3.7493606E-010
          3649.34      4.2057431E-010
          3660.62      4.6800081E-010
          3671.91      5.1864738E-010
          3683.20      5.7394980E-010
          3694.49      6.3382958E-010
          3705.78      6.9822726E-010
          3717.07      7.6710169E-010
          3728.36      8.4042897E-010
          3739.65      9.1820140E-010
          3750.94      1.0004272E-009
          3762.23      1.0871293E-009
          3773.52      1.1783452E-009
          3784.80      1.2741260E-009
          3796.09      1.3745361E-009
          3807.38      1.4796526E-009
          3818.67      1.5895650E-009
          3829.96      1.7043743E-009
          3841.25      1.8241937E-009
          3852.54      1.9491475E-009
          3863.83      2.0793708E-009
          3875.12      2.2191078E-009
          3886.41      2.3724849E-009
          3897.70      2.5395069E-009
          3908.98      2.7202263E-009
          3920.27      2.9147415E-009
          3931.56      3.1231966E-009
          3942.85      3.3457797E-009
          3954.14      3.5827222E-009
          3965.43      3.8342985E-009
          3976.72      4.1008240E-009
          3988.01      4.3826568E-009
          3999.30      4.6801962E-009
          4010.59      4.9938819E-009
          4021.88      5.3241956E-009
          4033.16      5.6716599E-009
          4044.45      6.0368389E-009
          4055.74      6.4203384E-009
          4067.03      6.8228055E-009
          4078.32      7.2449305E-009
          4089.61      7.6874470E-009
          4100.90      8.1511310E-009
          4112.19      8.6368042E-009
          4123.48      9.1453331E-009
          4134.77      9.6776304E-009
          4146.05      1.0234657E-008
          4157.34      1.0817419E-008
          4168.63      1.1426976E-008
          4179.92      1.2072680E-008
          4191.21      1.2763599E-008
          4202.50      1.3500501E-008
          4213.79      1.4284268E-008
          4225.08      1.5115903E-008
          4236.37      1.5996527E-008
          4247.66      1.6927374E-008
          4258.95      1.7909800E-008
          4270.23      1.8945277E-008
          4281.52      2.0035394E-008
          4292.81      2.1181859E-008
          4304.10      2.2386504E-008
          4315.39      2.3651279E-008
          4326.68      2.4978259E-008
          4337.97      2.6369641E-008
          4349.26      2.7827753E-008
          4360.55      2.9355052E-008
          4371.84      3.0954123E-008
          4383.12      3.2627691E-008
          4394.41      3.4378616E-008
          4405.70      3.6209902E-008
          4416.99      3.8124697E-008
          4428.28      4.0126294E-008
          4439.57      4.2218144E-008
          4450.86      4.4403854E-008
          4462.15      4.6687189E-008
          4473.44      4.9063262E-008
          4484.73      5.1527711E-008
          4496.02      5.4085300E-008
          4507.30      5.6740916E-008
          4518.59      5.9499571E-008
          4529.88      6.2366419E-008
          4541.17      6.5346764E-008
          4552.46      6.8446054E-008
          4563.75      7.1669909E-008
          4575.04      7.5024117E-008
          4586.33      7.8514644E-008
          4597.62      8.2147649E-008
          4608.91      8.5929478E-008
          4620.20      8.9866692E-008
          4631.48      9.3966068E-008
          4642.77      9.8234595E-008
          4654.06      1.0267951E-007
          4665.35      1.0730829E-007
          4676.64      1.1212865E-007
          4687.93      1.1714861E-007
          4699.22      1.2237641E-007
          4710.51      1.2782061E-007
          4721.80      1.3349006E-007
          4733.09      1.3939392E-007
          4744.38      1.4554165E-007
          4755.66      1.5194306E-007
          4766.95      1.5860831E-007
          4778.24      1.6540849E-007
          4789.53      1.7222169E-007
          4800.82      1.7906848E-007
          4812.11      1.8596903E-007
          4823.40      1.9294312E-007
          4834.69      2.0001023E-007
          4845.98      2.0718957E-007
          4857.27      2.1450011E-007
          4868.55      2.2196065E-007
          4879.84      2.2958984E-007
          4891.13      2.3740623E-007
          4902.42      2.4542831E-007
          4913.71      2.5367455E-007
          4925.00      2.6216341E-007
          4936.29      2.7091341E-007
          4947.58      2.7994318E-007
          4958.87      2.8927143E-007
          4970.16      2.9891703E-007
          4981.45      3.0889904E-007
          4992.73      3.1923674E-007
          5004.02      3.2994965E-007
          5015.31      3.4105759E-007
          5026.60      3.5258067E-007
          5037.89      3.6453938E-007
          5049.18      3.7695455E-007
          5060.47      3.8984742E-007
          5071.76      4.0281235E-007
          5083.05      4.1546870E-007
          5094.34      4.2787416E-007
          5105.62      4.4008482E-007
          5116.91      4.5215526E-007
          5128.20      4.6413869E-007
          5139.49      4.7608714E-007
          5150.78      4.8805147E-007
          5162.07      5.0008163E-007
          5173.36      5.1222670E-007
          5184.65      5.2453500E-007
          5195.94      5.3705426E-007
          5207.23      5.4983167E-007
          5218.52      5.6291401E-007
          5229.80      5.7634776E-007
          5241.09      5.9017915E-007
          5252.38      6.0445434E-007
          5263.67      6.1921948E-007
          5274.96      6.3452074E-007
          5286.25      6.5040451E-007
          5297.54      6.6691742E-007
          5308.83      6.8410646E-007
          5320.12      7.0201906E-007
          5331.41      7.2070314E-007
          5342.70      7.4020726E-007
          5353.98      7.6058068E-007
          5365.27      7.8187338E-007
          5376.56      8.0377596E-007
          5387.85      8.2600249E-007
          5399.14      8.4863836E-007
          5410.43      8.7176850E-007
          5421.72      8.9547743E-007
          5433.01      9.1984957E-007
          5444.30      9.4496938E-007
          5455.59      9.7092140E-007
          5466.88      9.9779061E-007
          5478.16      1.0256625E-006
          5489.45      1.0546230E-006
          5500.74      1.0847593E-006
          5512.03      1.1161590E-006
          5523.32      1.1486534E-006
          5534.61      1.1820910E-006
          5545.90      1.2165866E-006
          5557.19      1.2522556E-006
          5568.48      1.2892138E-006
          5579.77      1.3275787E-006
          5591.05      1.3674689E-006
          5602.34      1.4090046E-006
          5613.63      1.4523073E-006
          5624.92      1.4975003E-006
          5636.21      1.5447088E-006
          5647.50      1.5940600E-006
          5658.79      1.6456836E-006
          5670.08      1.6989010E-006
          5681.37      1.7529010E-006
          5692.66      1.8077216E-006
          5703.95      1.8635927E-006
          5715.23      1.9207432E-006
          5726.52      1.9794010E-006
          5737.81      2.0397941E-006
          5749.10      2.1021501E-006
          5760.39      2.1666973E-006
          5771.68      2.2336650E-006
          5782.97      2.3032829E-006
          5794.26      2.3757780E-006
          5805.55      2.4513753E-006
          5816.84      2.5303023E-006
          5828.12      2.6093916E-006
          5839.41      2.6856905E-006
          5850.70      2.7597424E-006
          5861.99      2.8320816E-006
          5873.28      2.9032334E-006
          5884.57      2.9737157E-006
          5895.86      3.0440401E-006
          5907.15      3.1147125E-006
          5918.44      3.1862372E-006
          5929.73      3.2591173E-006
          5941.02      3.3338525E-006
          5952.30      3.4109402E-006
          5963.59      3.4908760E-006
          5974.88      3.5637136E-006
          5986.17      3.6202742E-006
          5997.46      3.6621701E-006
          6008.75      3.6909705E-006
          6020.04      3.7082037E-006
          6031.33      3.7153547E-006
          6042.62      3.7138704E-006
          6053.91      3.7051695E-006
          6065.20      3.6906465E-006
          6076.48      3.6716716E-006
          6087.77      3.6495925E-006
          6099.06      3.6257405E-006
          6110.35      3.6014354E-006
          6121.64      3.5566571E-006
          6132.93      3.4736032E-006
          6144.22      3.3568434E-006
          6155.51      3.2108430E-006
          6166.80      3.0399737E-006
          6178.09      2.8485197E-006
          6189.38      2.6406879E-006
          6200.66      2.4206385E-006
          6211.95      2.1925005E-006
          6223.24      1.9603805E-006
          6234.53      1.7283713E-006
          6245.82      1.5005584E-006
          6257.11      1.2810284E-006
          6268.40      1.0738771E-006
          6279.69      8.7255636E-007
          6290.98      6.7315489E-007
          6302.27      4.8373212E-007
          6313.55      3.1235759E-007
          6324.84      1.6712539E-007
          6336.13      5.4928528E-008
          6347.42     -1.6562500E-008
          6358.71     -3.8010793E-008
          6370.00      1.6257418E-048
