          3480.00     -3.5011474E-036
          3491.29     -3.3873559E-011
          3502.58     -2.3949786E-011
          3513.87      2.7167113E-011
          3525.16      1.1700424E-010
          3536.45      2.4321085E-010
          3547.73      4.0354929E-010
          3559.02      5.9588589E-010
          3570.31      8.1818360E-010
          3581.60      1.0684937E-009
          3592.89      1.3449484E-009
          3604.18      1.6457558E-009
          3615.47      1.9691946E-009
          3626.76      2.3136099E-009
          3638.05      2.6774049E-009
          3649.34      3.0590339E-009
          3660.62      3.4569989E-009
          3671.91      3.8824505E-009
          3683.20      4.3466996E-009
          3694.49      4.8485906E-009
          3705.78      5.3870569E-009
          3717.07      5.9611181E-009
          3728.36      6.5698742E-009
          3739.65      7.2124996E-009
          3750.94      7.8882417E-009
          3762.23      8.5964151E-009
          3773.52      9.3363983E-009
          3784.80      1.0107630E-008
          3796.09      1.0909605E-008
          3807.38      1.1741871E-008
          3818.67      1.2604025E-008
          3829.96      1.3495710E-008
          3841.25      1.4416614E-008
          3852.54      1.5366466E-008
          3863.83      1.6345034E-008
          3875.12      1.7380478E-008
          3886.41      1.8500636E-008
          3897.70      1.9704948E-008
          3908.98      2.0993013E-008
          3920.27      2.2364581E-008
          3931.56      2.3819557E-008
          3942.85      2.5357989E-008
          3954.14      2.6980069E-008
          3965.43      2.8686125E-008
          3976.72      3.0476617E-008
          3988.01      3.2352143E-008
          3999.30      3.4313429E-008
          4010.59      3.6361322E-008
          4021.88      3.8496800E-008
          4033.16      4.0720962E-008
          4044.45      4.3035027E-008
          4055.74      4.5440335E-008
          4067.03      4.7938340E-008
          4078.32      5.0530614E-008
          4089.61      5.3218850E-008
          4100.90      5.6004844E-008
          4112.19      5.8890516E-008
          4123.48      6.1877896E-008
          4134.77      6.4969126E-008
          4146.05      6.8166463E-008
          4157.34      7.1472271E-008
          4168.63      7.4889032E-008
          4179.92      7.8458023E-008
          4191.21      8.2219787E-008
          4202.50      8.6176008E-008
          4213.79      9.0328633E-008
          4225.08      9.4679871E-008
          4236.37      9.9232193E-008
          4247.66      1.0398832E-007
          4258.95      1.0895123E-007
          4270.23      1.1412416E-007
          4281.52      1.1951059E-007
          4292.81      1.2511426E-007
          4304.10      1.3093915E-007
          4315.39      1.3698950E-007
          4326.68      1.4326978E-007
          4337.97      1.4978472E-007
          4349.26      1.5653929E-007
          4360.55      1.6353875E-007
          4371.84      1.7078854E-007
          4383.12      1.7829440E-007
          4394.41      1.8606232E-007
          4405.70      1.9409853E-007
          4416.99      2.0240953E-007
          4428.28      2.1100207E-007
          4439.57      2.1988316E-007
          4450.86      2.2906010E-007
          4462.15      2.3854041E-007
          4473.44      2.4830395E-007
          4484.73      2.5833149E-007
          4496.02      2.6863231E-007
          4507.30      2.7921588E-007
          4518.59      2.9009183E-007
          4529.88      3.0127003E-007
          4541.17      3.1276054E-007
          4552.46      3.2457363E-007
          4563.75      3.3671978E-007
          4575.04      3.4920971E-007
          4586.33      3.6205437E-007
          4597.62      3.7526496E-007
          4608.91      3.8885289E-007
          4620.20      4.0282986E-007
          4631.48      4.1720783E-007
          4642.77      4.3199900E-007
          4654.06      4.4721587E-007
          4665.35      4.6287122E-007
          4676.64      4.7897811E-007
          4687.93      4.9554994E-007
          4699.22      5.1260033E-007
          4710.51      5.3014330E-007
          4721.80      5.4819317E-007
          4733.09      5.6676456E-007
          4744.38      5.8587245E-007
          4755.66      6.0553218E-007
          4766.95      6.2575942E-007
          4778.24      6.4625943E-007
          4789.53      6.6674740E-007
          4800.82      6.8725398E-007
          4812.11      7.0780927E-007
          4823.40      7.2844283E-007
          4834.69      7.4918386E-007
          4845.98      7.7006111E-007
          4857.27      7.9110296E-007
          4868.55      8.1233749E-007
          4879.84      8.3379239E-007
          4891.13      8.5549517E-007
          4902.42      8.7747307E-007
          4913.71      8.9975306E-007
          4925.00      9.2236202E-007
          4936.29      9.4532661E-007
          4947.58      9.6867341E-007
          4958.87      9.9242889E-007
          4970.16      1.0166194E-006
          4981.45      1.0412713E-006
          4992.73      1.0664109E-006
          5004.02      1.0920646E-006
          5015.31      1.1182587E-006
          5026.60      1.1450196E-006
          5037.89      1.1723738E-006
          5049.18      1.2003480E-006
          5060.47      1.2289687E-006
          5071.76      1.2575563E-006
          5083.05      1.2854604E-006
          5094.34      1.3127503E-006
          5105.62      1.3394939E-006
          5116.91      1.3657576E-006
          5128.20      1.3916062E-006
          5139.49      1.4171033E-006
          5150.78      1.4423113E-006
          5162.07      1.4672914E-006
          5173.36      1.4921035E-006
          5184.65      1.5168068E-006
          5195.94      1.5414594E-006
          5207.23      1.5661185E-006
          5218.52      1.5908406E-006
          5229.80      1.6156814E-006
          5241.09      1.6406960E-006
          5252.38      1.6659388E-006
          5263.67      1.6914639E-006
          5274.96      1.7173246E-006
          5286.25      1.7435739E-006
          5297.54      1.7702647E-006
          5308.83      1.7974493E-006
          5320.12      1.8251799E-006
          5331.41      1.8535085E-006
          5342.70      1.8824870E-006
          5353.98      1.9121671E-006
          5365.27      1.9426006E-006
          5376.56      1.9734011E-006
          5387.85      2.0042041E-006
          5399.14      2.0350932E-006
          5410.43      2.0661512E-006
          5421.72      2.0974603E-006
          5433.01      2.1291021E-006
          5444.30      2.1611574E-006
          5455.59      2.1937068E-006
          5466.88      2.2268305E-006
          5478.16      2.2606084E-006
          5489.45      2.2951202E-006
          5500.74      2.3304455E-006
          5512.03      2.3666638E-006
          5523.32      2.4035825E-006
          5534.61      2.4410229E-006
          5545.90      2.4790849E-006
          5557.19      2.5178682E-006
          5568.48      2.5574722E-006
          5579.77      2.5979967E-006
          5591.05      2.6395422E-006
          5602.34      2.6822092E-006
          5613.63      2.7260985E-006
          5624.92      2.7713110E-006
          5636.21      2.8179479E-006
          5647.50      2.8661108E-006
          5658.79      2.9159021E-006
          5670.08      2.9666811E-006
          5681.37      3.0176786E-006
          5692.66      3.0688998E-006
          5703.95      3.1205232E-006
          5715.23      3.1727266E-006
          5726.52      3.2256860E-006
          5737.81      3.2795768E-006
          5749.10      3.3345734E-006
          5760.39      3.3908495E-006
          5771.68      3.4485783E-006
          5782.97      3.5079319E-006
          5794.26      3.5690767E-006
          5805.55      3.6321739E-006
          5816.84      3.6973848E-006
          5828.12      3.7621358E-006
          5839.41      3.8239956E-006
          5850.70      3.8833355E-006
          5861.99      3.9405218E-006
          5873.28      3.9959163E-006
          5884.57      4.0498768E-006
          5895.86      4.1027573E-006
          5907.15      4.1549083E-006
          5918.44      4.2066802E-006
          5929.73      4.2584236E-006
          5941.02      4.3104859E-006
          5952.30      4.3632120E-006
          5963.59      4.4169443E-006
          5974.88      4.4644510E-006
          5986.17      4.4989639E-006
          5997.46      4.5215056E-006
          6008.75      4.5330793E-006
          6020.04      4.5346695E-006
          6031.33      4.5272375E-006
          6042.62      4.5117234E-006
          6053.91      4.4890541E-006
          6065.20      4.4601437E-006
          6076.48      4.4258930E-006
          6087.77      4.3871887E-006
          6099.06      4.3449072E-006
          6110.35      4.2999177E-006
          6121.64      4.2389231E-006
          6132.93      4.1498693E-006
          6144.22      4.0354579E-006
          6155.51      3.8983430E-006
          6166.80      3.7411346E-006
          6178.09      3.5663985E-006
          6189.38      3.3766582E-006
          6200.66      3.1744130E-006
          6211.95      2.9621465E-006
          6223.24      2.7423285E-006
          6234.53      2.5174187E-006
          6245.82      2.2898682E-006
          6257.11      2.0621215E-006
          6268.40      1.8366202E-006
          6279.69      1.6092845E-006
          6290.98      1.3774254E-006
          6302.27      1.1455629E-006
          6313.55      9.1821287E-007
          6324.84      6.9989107E-007
          6336.13      4.9436696E-007
          6347.42      3.0580000E-007
          6358.71      1.3930198E-007
          6370.00     -5.3357518E-046
