          3480.00     -7.6422661E-032
          3491.29     -5.4937299E-014
          3502.58     -9.5486987E-014
          3513.87     -1.2335185E-013
          3525.16     -1.4001693E-013
          3536.45     -1.4677490E-013
          3547.73     -1.4474833E-013
          3559.02     -1.3490959E-013
          3570.31     -1.1809852E-013
          3581.60     -9.5038118E-014
          3592.89     -6.6348542E-014
          3604.18     -3.2559057E-014
          3615.47      5.8818802E-015
          3626.76      4.8597082E-014
          3638.05      9.5271175E-014
          3649.34      1.4564242E-013
          3660.62      1.9949565E-013
          3671.91      2.6859797E-013
          3683.20      3.6384535E-013
          3694.49      4.8401603E-013
          3705.78      6.2822510E-013
          3717.07      7.9590129E-013
          3728.36      9.8676661E-013
          3739.65      1.2008190E-012
          3750.94      1.4383198E-012
          3762.23      1.6997824E-012
          3773.52      1.9859642E-012
          3784.80      2.2978614E-012
          3796.09      2.6367042E-012
          3807.38      3.0039571E-012
          3818.67      3.4013180E-012
          3829.96      3.8307211E-012
          3841.25      4.2943428E-012
          3852.54      4.7946071E-012
          3863.83      5.3341942E-012
          3875.12      5.9727165E-012
          3886.41      6.7653747E-012
          3897.70      7.7097069E-012
          3908.98      8.8048842E-012
          3920.27      1.0051635E-011
          3931.56      1.1452194E-011
          3942.85      1.3010257E-011
          3954.14      1.4730952E-011
          3965.43      1.6620823E-011
          3976.72      1.8687821E-011
          3988.01      2.0941317E-011
          3999.30      2.3392124E-011
          4010.59      2.6052510E-011
          4021.88      2.8936255E-011
          4033.16      3.2058692E-011
          4044.45      3.5436768E-011
          4055.74      3.9089118E-011
          4067.03      4.3036130E-011
          4078.32      4.7300058E-011
          4089.61      5.1905115E-011
          4100.90      5.6877570E-011
          4112.19      6.2245896E-011
          4123.48      6.8040892E-011
          4134.77      7.4295832E-011
          4146.05      8.1046630E-011
          4157.34      8.8331994E-011
          4168.63      9.6193643E-011
          4179.92      1.0493071E-010
          4191.21      1.1482444E-010
          4202.50      1.2589894E-010
          4213.79      1.3818729E-010
          4225.08      1.5173148E-010
          4236.37      1.6658238E-010
          4247.66      1.8279977E-010
          4258.95      2.0045250E-010
          4270.23      2.1961862E-010
          4281.52      2.4038556E-010
          4292.81      2.6285049E-010
          4304.10      2.8712061E-010
          4315.39      3.1331351E-010
          4326.68      3.4155771E-010
          4337.97      3.7199298E-010
          4349.26      4.0477112E-010
          4360.55      4.4005648E-010
          4371.84      4.7802650E-010
          4383.12      5.1887270E-010
          4394.41      5.6280134E-010
          4405.70      6.1003434E-010
          4416.99      6.6081028E-010
          4428.28      7.1538518E-010
          4439.57      7.7403392E-010
          4450.86      8.3705127E-010
          4462.15      9.0475298E-010
          4473.44      9.7690876E-010
          4484.73      1.0533571E-009
          4496.02      1.1345453E-009
          4507.30      1.2209377E-009
          4518.59      1.3130183E-009
          4529.88      1.4112929E-009
          4541.17      1.5162922E-009
          4552.46      1.6285735E-009
          4563.75      1.7487241E-009
          4575.04      1.8773635E-009
          4586.33      2.0151466E-009
          4597.62      2.1627663E-009
          4608.91      2.3209566E-009
          4620.20      2.4904961E-009
          4631.48      2.6722110E-009
          4642.77      2.8669786E-009
          4654.06      3.0757313E-009
          4665.35      3.2994600E-009
          4676.64      3.5392188E-009
          4687.93      3.7961288E-009
          4699.22      4.0713822E-009
          4710.51      4.3662482E-009
          4721.80      4.6820777E-009
          4733.09      5.0203073E-009
          4744.38      5.3824669E-009
          4755.66      5.7701846E-009
          4766.95      6.1851930E-009
          4778.24      6.6111169E-009
          4789.53      7.0331859E-009
          4800.82      7.4554991E-009
          4812.11      7.8820122E-009
          4823.40      8.3165635E-009
          4834.69      8.7629018E-009
          4845.98      9.2247096E-009
          4857.27      9.7056268E-009
          4868.55      1.0209274E-008
          4879.84      1.0739272E-008
          4891.13      1.1299266E-008
          4902.42      1.1892944E-008
          4913.71      1.2524057E-008
          4925.00      1.3196442E-008
          4936.29      1.3914036E-008
          4947.58      1.4680901E-008
          4958.87      1.5501242E-008
          4970.16      1.6379423E-008
          4981.45      1.7319995E-008
          4992.73      1.8327710E-008
          5004.02      1.9407540E-008
          5015.31      2.0564706E-008
          5026.60      2.1804696E-008
          5037.89      2.3133283E-008
          5049.18      2.4556556E-008
          5060.47      2.6080935E-008
          5071.76      2.7608009E-008
          5083.05      2.9048834E-008
          5094.34      3.0423498E-008
          5105.62      3.1751122E-008
          5116.91      3.3049992E-008
          5128.20      3.4337688E-008
          5139.49      3.5631195E-008
          5150.78      3.6947022E-008
          5162.07      3.8301305E-008
          5173.36      3.9709920E-008
          5184.65      4.1188564E-008
          5195.94      4.2752871E-008
          5207.23      4.4418492E-008
          5218.52      4.6201193E-008
          5229.80      4.8116943E-008
          5241.09      5.0181997E-008
          5252.38      5.2412995E-008
          5263.67      5.4827044E-008
          5274.96      5.7441797E-008
          5286.25      6.0275560E-008
          5297.54      6.3347365E-008
          5308.83      6.6677070E-008
          5320.12      7.0285451E-008
          5331.41      7.4194284E-008
          5342.70      7.8426461E-008
          5353.98      8.3006081E-008
          5365.27      8.7958538E-008
          5376.56      9.3143059E-008
          5387.85      9.8434847E-008
          5399.14      1.0388398E-007
          5410.43      1.0954032E-007
          5421.72      1.1545374E-007
          5433.01      1.2167444E-007
          5444.30      1.2825318E-007
          5455.59      1.3524154E-007
          5466.88      1.4269222E-007
          5478.16      1.5065922E-007
          5489.45      1.5919818E-007
          5500.74      1.6836658E-007
          5512.03      1.7822402E-007
          5523.32      1.8867551E-007
          5534.61      1.9964248E-007
          5545.90      2.1121162E-007
          5557.19      2.2347116E-007
          5568.48      2.3651116E-007
          5579.77      2.5042416E-007
          5591.05      2.6530558E-007
          5602.34      2.8125400E-007
          5613.63      2.9837161E-007
          5624.92      3.1676464E-007
          5636.21      3.3654375E-007
          5647.50      3.5782461E-007
          5658.79      3.8072827E-007
          5670.08      4.0473083E-007
          5681.37      4.2921839E-007
          5692.66      4.5427097E-007
          5703.95      4.8012638E-007
          5715.23      5.0702163E-007
          5726.52      5.3519407E-007
          5737.81      5.6488263E-007
          5749.10      5.9632890E-007
          5760.39      6.2977828E-007
          5771.68      6.6548109E-007
          5782.97      7.0369336E-007
          5794.26      7.4467568E-007
          5805.55      7.8869461E-007
          5816.84      8.3602640E-007
          5828.12      8.8336647E-007
          5839.41      9.2773695E-007
          5850.70      9.6989238E-007
          5861.99      1.0105641E-006
          5873.28      1.0504642E-006
          5884.57      1.0902892E-006
          5895.86      1.1307242E-006
          5907.15      1.1724459E-006
          5918.44      1.2161289E-006
          5929.73      1.2624479E-006
          5941.02      1.3120790E-006
          5952.30      1.3657027E-006
          5963.59      1.4240074E-006
          5974.88      1.4736827E-006
          5986.17      1.5028639E-006
          5997.46      1.5143110E-006
          6008.75      1.5106561E-006
          6020.04      1.4944187E-006
          6031.33      1.4680143E-006
          6042.62      1.4337716E-006
          6053.91      1.3939545E-006
          6065.20      1.3507755E-006
          6076.48      1.3064055E-006
          6087.77      1.2629852E-006
          6099.06      1.2226408E-006
          6110.35      1.1874983E-006
          6121.64      1.1240027E-006
          6132.93      1.0035823E-006
          6144.22      8.3558691E-007
          6155.51      6.2903800E-007
          6166.80      3.9268236E-007
          6178.09      1.3504034E-007
          6189.38     -1.3553860E-007
          6200.66     -4.1079537E-007
          6211.95     -6.8250404E-007
          6223.24     -9.4242781E-007
          6234.53     -1.1822749E-006
          6245.82     -1.3936575E-006
          6257.11     -1.5680482E-006
          6268.40     -1.6967376E-006
          6279.69     -1.7932063E-006
          6290.98     -1.8640260E-006
          6302.27     -1.8898603E-006
          6313.55     -1.8511602E-006
          6324.84     -1.7280717E-006
          6336.13     -1.5030839E-006
          6347.42     -1.1562983E-006
          6358.71     -6.6355112E-007
          6370.00     -5.4093542E-055
