          3480.00      0.0000000E+000
          3491.29      1.3367519E-002
          3502.58      2.6851666E-002
          3513.87      4.0534941E-002
          3525.16      5.4500170E-002
          3536.45      6.8831071E-002
          3547.73      8.3612714E-002
          3559.02      9.8931967E-002
          3570.31      1.1487806E-001
          3581.60      1.3154304E-001
          3592.89      1.4902225E-001
          3604.18      1.6741482E-001
          3615.47      1.8682405E-001
          3626.76      2.0735803E-001
          3638.05      2.2913024E-001
          3649.34      2.5226004E-001
          3660.62      2.7687335E-001
          3671.91      3.0244826E-001
          3683.20      3.2855041E-001
          3694.49      3.5543697E-001
          3705.78      3.8335987E-001
          3717.07      4.1256816E-001
          3728.36      4.4330994E-001
          3739.65      4.7583436E-001
          3750.94      5.1039361E-001
          3762.23      5.4724473E-001
          3773.52      5.8665141E-001
          3784.80      6.2888581E-001
          3796.09      6.7423023E-001
          3807.38      7.2297907E-001
          3818.67      7.7544056E-001
          3829.96      8.3193838E-001
          3841.25      8.9281373E-001
          3852.54      9.5842705E-001
          3863.83      1.0291600E+000
          3875.12      1.1022348E+000
          3886.41      1.1751565E+000
          3897.70      1.2487180E+000
          3908.98      1.3236776E+000
          3920.27      1.4007651E+000
          3931.56      1.4806887E+000
          3942.85      1.5641404E+000
          3954.14      1.6518017E+000
          3965.43      1.7443487E+000
          3976.72      1.8424570E+000
          3988.01      1.9468065E+000
          3999.30      2.0580856E+000
          4010.59      2.1769957E+000
          4021.88      2.3042557E+000
          4033.16      2.4406058E+000
          4044.45      2.5868116E+000
          4055.74      2.7436687E+000
          4067.03      2.9120056E+000
          4078.32      3.0926892E+000
          4089.61      3.2866281E+000
          4100.90      3.4947765E+000
          4112.19      3.7181395E+000
          4123.48      3.9577764E+000
          4134.77      4.2148060E+000
          4146.05      4.4904111E+000
          4157.34      4.7858421E+000
          4168.63      5.1024240E+000
          4179.92      5.4295532E+000
          4191.21      5.7576509E+000
          4202.50      6.0895420E+000
          4213.79      6.4279382E+000
          4225.08      6.7754585E+000
          4236.37      7.1346481E+000
          4247.66      7.5079941E+000
          4258.95      7.8979439E+000
          4270.23      8.3069197E+000
          4281.52      8.7373318E+000
          4292.81      9.1915950E+000
          4304.10      9.6721399E+000
          4315.39      1.0181427E+001
          4326.68      1.0721958E+001
          4337.97      1.1296288E+001
          4349.26      1.1907037E+001
          4360.55      1.2556905E+001
          4371.84      1.3248677E+001
          4383.12      1.3985239E+001
          4394.41      1.4769588E+001
          4405.70      1.5604841E+001
          4416.99      1.6494251E+001
          4428.28      1.7441212E+001
          4439.57      1.8449275E+001
          4450.86      1.9522161E+001
          4462.15      2.0663768E+001
          4473.44      2.1900349E+001
          4484.73      2.3256706E+001
          4496.02      2.4735133E+001
          4507.30      2.6338491E+001
          4518.59      2.8070197E+001
          4529.88      2.9934224E+001
          4541.17      3.1935102E+001
          4552.46      3.4077906E+001
          4563.75      3.6368273E+001
          4575.04      3.8812400E+001
          4586.33      4.1417052E+001
          4597.62      4.4189576E+001
          4608.91      4.7137901E+001
          4620.20      5.0270567E+001
          4631.48      5.3596736E+001
          4642.77      5.7126198E+001
          4654.06      6.0869410E+001
          4665.35      6.4837507E+001
          4676.64      6.9042326E+001
          4687.93      7.3496439E+001
          4699.22      7.8213165E+001
          4710.51      8.3206622E+001
          4721.80      8.8491749E+001
          4733.09      9.4084327E+001
          4744.38      1.0000104E+002
          4755.66      1.0625950E+002
          4766.95      1.1287828E+002
          4778.24      1.2045669E+002
          4789.53      1.2954870E+002
          4800.82      1.4011265E+002
          4812.11      1.5211561E+002
          4823.40      1.6553298E+002
          4834.69      1.8034804E+002
          4845.98      1.9655162E+002
          4857.27      2.1414175E+002
          4868.55      2.3312337E+002
          4879.84      2.5350805E+002
          4891.13      2.7531386E+002
          4902.42      2.9856513E+002
          4913.71      3.2329224E+002
          4925.00      3.4953162E+002
          4936.29      3.7732557E+002
          4947.58      4.0672221E+002
          4958.87      4.3777542E+002
          4970.16      4.7054478E+002
          4981.45      5.0509566E+002
          4992.73      5.4149919E+002
          5004.02      5.7983220E+002
          5015.31      6.2017744E+002
          5026.60      6.6262354E+002
          5037.89      7.0726515E+002
          5049.18      7.5420311E+002
          5060.47      8.0354434E+002
          5071.76      8.5813319E+002
          5083.05      9.2058013E+002
          5094.34      9.9067616E+002
          5105.62      1.0682508E+003
          5116.91      1.1531698E+003
          5128.20      1.2453329E+003
          5139.49      1.3446726E+003
          5150.78      1.4511517E+003
          5162.07      1.5647628E+003
          5173.36      1.6855261E+003
          5184.65      1.8134884E+003
          5195.94      1.9487222E+003
          5207.23      2.0913249E+003
          5218.52      2.2414172E+003
          5229.80      2.3991429E+003
          5241.09      2.5646677E+003
          5252.38      2.7381793E+003
          5263.67      2.9198860E+003
          5274.96      3.1100166E+003
          5286.25      3.3088202E+003
          5297.54      3.5165653E+003
          5308.83      3.7335398E+003
          5320.12      3.9600509E+003
          5331.41      4.1964241E+003
          5342.70      4.4430040E+003
          5353.98      4.7001537E+003
          5365.27      4.9682544E+003
          5376.56      5.2511073E+003
          5387.85      5.5522167E+003
          5399.14      5.8715734E+003
          5410.43      6.2092212E+003
          5421.72      6.5652531E+003
          5433.01      6.9398103E+003
          5444.30      7.3330788E+003
          5455.59      7.7452862E+003
          5466.88      8.1767017E+003
          5478.16      8.6276325E+003
          5489.45      9.0984222E+003
          5500.74      9.5894498E+003
          5512.03      1.0101126E+004
          5523.32      1.0636679E+004
          5534.61      1.1199101E+004
          5545.90      1.1788510E+004
          5557.19      1.2405081E+004
          5568.48      1.3049037E+004
          5579.77      1.3720644E+004
          5591.05      1.4420210E+004
          5602.34      1.5148079E+004
          5613.63      1.5904633E+004
          5624.92      1.6690291E+004
          5636.21      1.7505495E+004
          5647.50      1.8350722E+004
          5658.79      1.9226467E+004
          5670.08      2.0143077E+004
          5681.37      2.1112218E+004
          5692.66      2.2135099E+004
          5703.95      2.3210681E+004
          5715.23      2.4338059E+004
          5726.52      2.5516445E+004
          5737.81      2.6745162E+004
          5749.10      2.8023632E+004
          5760.39      2.9351366E+004
          5771.68      3.0727955E+004
          5782.97      3.2153060E+004
          5794.26      3.3626440E+004
          5805.55      3.5147931E+004
          5816.84      3.6717386E+004
          5828.12      3.8378153E+004
          5839.41      4.0168923E+004
          5850.70      4.2082873E+004
          5861.99      4.4113555E+004
          5873.28      4.6254841E+004
          5884.57      4.8500891E+004
          5895.86      5.0846108E+004
          5907.15      5.3285088E+004
          5918.44      5.5812569E+004
          5929.73      5.8423399E+004
          5941.02      6.1112540E+004
          5952.30      6.3875029E+004
          5963.59      6.6705938E+004
          5974.88      6.9723007E+004
          5986.17      7.3025754E+004
          5997.46      7.6582806E+004
          6008.75      8.0363867E+004
          6020.04      8.4339539E+004
          6031.33      8.8481223E+004
          6042.62      9.2760905E+004
          6053.91      9.7150876E+004
          6065.20      1.0162361E+005
          6076.48      1.0615162E+005
          6087.77      1.1070729E+005
          6099.06      1.1526270E+005
          6110.35      1.1978946E+005
          6121.64      1.2438198E+005
          6132.93      1.2908133E+005
          6144.22      1.3377899E+005
          6155.51      1.3836678E+005
          6166.80      1.4273629E+005
          6178.09      1.4677830E+005
          6189.38      1.5038209E+005
          6200.66      1.5343456E+005
          6211.95      1.5581962E+005
          6223.24      1.5741770E+005
          6234.53      1.5810521E+005
          6245.82      1.5775407E+005
          6257.11      1.5623117E+005
          6268.40      1.5339787E+005
          6279.69      1.4873685E+005
          6290.98      1.4167014E+005
          6302.27      1.3195554E+005
          6313.55      1.1933934E+005
          6324.84      1.0355541E+005
          6336.13      8.4151409E+004
          6347.42      6.0647343E+004
          6358.71      3.2712953E+004
          6370.00      0.0000000E+000
