          3480.00     -3.2418727E-022
          3491.29      2.3010759E-002
          3502.58      4.6210442E-002
          3513.87      6.9729427E-002
          3525.16      9.3698465E-002
          3536.45      1.1824953E-001
          3547.73      1.4351646E-001
          3559.02      1.6963562E-001
          3570.31      1.9674672E-001
          3581.60      2.2499343E-001
          3592.89      2.5452411E-001
          3604.18      2.8549253E-001
          3615.47      3.1805829E-001
          3626.76      3.5238780E-001
          3638.05      3.8865513E-001
          3649.34      4.2704267E-001
          3660.62      4.6774212E-001
          3671.91      5.0993607E-001
          3683.20      5.5294056E-001
          3694.49      5.9714703E-001
          3705.78      6.4293901E-001
          3717.07      6.9069539E-001
          3728.36      7.4079328E-001
          3739.65      7.9361069E-001
          3750.94      8.4952947E-001
          3762.23      9.0893777E-001
          3773.52      9.7223265E-001
          3784.80      1.0398226E+000
          3796.09      1.1121298E+000
          3807.38      1.1895931E+000
          3818.67      1.2726703E+000
          3829.96      1.3618401E+000
          3841.25      1.4576056E+000
          3852.54      1.5604961E+000
          3863.83      1.6710701E+000
          3875.12      1.7851483E+000
          3886.41      1.8989555E+000
          3897.70      2.0136377E+000
          3908.98      2.1302916E+000
          3920.27      2.2499738E+000
          3931.56      2.3737090E+000
          3942.85      2.5024981E+000
          3954.14      2.6373256E+000
          3965.43      2.7791663E+000
          3976.72      2.9289922E+000
          3988.01      3.0877788E+000
          3999.30      3.2565110E+000
          4010.59      3.4361888E+000
          4021.88      3.6278336E+000
          4033.16      3.8324931E+000
          4044.45      4.0512469E+000
          4055.74      4.2852125E+000
          4067.03      4.5355494E+000
          4078.32      4.8034659E+000
          4089.61      5.0902238E+000
          4100.90      5.3971432E+000
          4112.19      5.7256095E+000
          4123.48      6.0770782E+000
          4134.77      6.4530806E+000
          4146.05      6.8552303E+000
          4157.34      7.2852280E+000
          4168.63      7.7448696E+000
          4179.92      8.2192362E+000
          4191.21      8.6947694E+000
          4202.50      9.1752555E+000
          4213.79      9.6643315E+000
          4225.08      1.0165510E+001
          4236.37      1.0682204E+001
          4247.66      1.1217745E+001
          4258.95      1.1775406E+001
          4270.23      1.2358422E+001
          4281.52      1.2970002E+001
          4292.81      1.3613356E+001
          4304.10      1.4291703E+001
          4315.39      1.5008292E+001
          4326.68      1.5766414E+001
          4337.97      1.6569418E+001
          4349.26      1.7420729E+001
          4360.55      1.8323855E+001
          4371.84      1.9282409E+001
          4383.12      2.0300115E+001
          4394.41      2.1380829E+001
          4405.70      2.2528545E+001
          4416.99      2.3747413E+001
          4428.28      2.5041750E+001
          4439.57      2.6416057E+001
          4450.86      2.7875032E+001
          4462.15      2.9423581E+001
          4473.44      3.1095844E+001
          4484.73      3.2924133E+001
          4496.02      3.4911296E+001
          4507.30      3.7060858E+001
          4518.59      3.9377008E+001
          4529.88      4.1864600E+001
          4541.17      4.4529151E+001
          4552.46      4.7376830E+001
          4563.75      5.0414475E+001
          4575.04      5.3649587E+001
          4586.33      5.7090344E+001
          4597.62      6.0745609E+001
          4608.91      6.4624933E+001
          4620.20      6.8738589E+001
          4631.48      7.3097577E+001
          4642.77      7.7713634E+001
          4654.06      8.2599275E+001
          4665.35      8.7767803E+001
          4676.64      9.3233340E+001
          4687.93      9.9010856E+001
          4699.22      1.0511618E+002
          4710.51      1.1156607E+002
          4721.80      1.1837822E+002
          4733.09      1.2557128E+002
          4744.38      1.3316495E+002
          4755.66      1.4117997E+002
          4766.95      1.4963817E+002
          4778.24      1.5927286E+002
          4789.53      1.7076377E+002
          4800.82      1.8406114E+002
          4812.11      1.9912516E+002
          4823.40      2.1592543E+002
          4834.69      2.3444057E+002
          4845.98      2.5465775E+002
          4857.27      2.7657235E+002
          4868.55      3.0018765E+002
          4879.84      3.2551445E+002
          4891.13      3.5257094E+002
          4902.42      3.8138246E+002
          4913.71      4.1198119E+002
          4925.00      4.4440620E+002
          4936.29      4.7870316E+002
          4947.58      5.1492433E+002
          4958.87      5.5312848E+002
          4970.16      5.9338074E+002
          4981.45      6.3575275E+002
          4992.73      6.8032257E+002
          5004.02      7.2717458E+002
          5015.31      7.7639973E+002
          5026.60      8.2809550E+002
          5037.89      8.8236595E+002
          5049.18      9.3932192E+002
          5060.47      9.9908093E+002
          5071.76      1.0649195E+003
          5083.05      1.1398508E+003
          5094.34      1.2236347E+003
          5105.62      1.3160726E+003
          5116.91      1.4170043E+003
          5128.20      1.5263065E+003
          5139.49      1.6438907E+003
          5150.78      1.7697012E+003
          5162.07      1.9037138E+003
          5173.36      2.0459344E+003
          5184.65      2.1963969E+003
          5195.94      2.3551632E+003
          5207.23      2.5223211E+003
          5218.52      2.6979837E+003
          5229.80      2.8822887E+003
          5241.09      3.0753966E+003
          5252.38      3.2774912E+003
          5263.67      3.4887783E+003
          5274.96      3.7094849E+003
          5286.25      3.9398590E+003
          5297.54      4.1801693E+003
          5308.83      4.4307042E+003
          5320.12      4.6917719E+003
          5331.41      4.9636994E+003
          5342.70      5.2468331E+003
          5353.98      5.5415384E+003
          5365.27      5.8481984E+003
          5376.56      6.1709081E+003
          5387.85      6.5134444E+003
          5399.14      6.8757684E+003
          5410.43      7.2578942E+003
          5421.72      7.6598847E+003
          5433.01      8.0818507E+003
          5444.30      8.5239475E+003
          5455.59      8.9863715E+003
          5466.88      9.4693597E+003
          5478.16      9.9731863E+003
          5489.45      1.0498161E+004
          5500.74      1.1044629E+004
          5512.03      1.1612964E+004
          5523.32      1.2206517E+004
          5534.61      1.2828389E+004
          5545.90      1.3478645E+004
          5557.19      1.4157397E+004
          5568.48      1.4864809E+004
          5579.77      1.5601082E+004
          5591.05      1.6366456E+004
          5602.34      1.7161204E+004
          5613.63      1.7985638E+004
          5624.92      1.8840096E+004
          5636.21      1.9724945E+004
          5647.50      2.0640576E+004
          5658.79      2.1587401E+004
          5670.08      2.2575951E+004
          5681.37      2.3618123E+004
          5692.66      2.4715064E+004
          5703.95      2.5865604E+004
          5715.23      2.7068696E+004
          5726.52      2.8323402E+004
          5737.81      2.9628891E+004
          5749.10      3.0984421E+004
          5760.39      3.2389334E+004
          5771.68      3.3843043E+004
          5782.97      3.5345026E+004
          5794.26      3.6894857E+004
          5805.55      3.8492178E+004
          5816.84      4.0136644E+004
          5828.12      4.1871279E+004
          5839.41      4.3734512E+004
          5850.70      4.5719386E+004
          5861.99      4.7819284E+004
          5873.28      5.0027879E+004
          5884.57      5.2339105E+004
          5895.86      5.4747109E+004
          5907.15      5.7246212E+004
          5918.44      5.9830857E+004
          5929.73      6.2495577E+004
          5941.02      6.5235005E+004
          5952.30      6.8043837E+004
          5963.59      7.0916794E+004
          5974.88      7.3966803E+004
          5986.17      7.7289222E+004
          5997.46      8.0853200E+004
          6008.75      8.4628851E+004
          6020.04      8.8587094E+004
          6031.33      9.2699568E+004
          6042.62      9.6938430E+004
          6053.91      1.0127610E+005
          6065.20      1.0568514E+005
          6076.48      1.1013814E+005
          6087.77      1.1460755E+005
          6099.06      1.1906553E+005
          6110.35      1.2348377E+005
          6121.64      1.2794109E+005
          6132.93      1.3246575E+005
          6144.22      1.3695343E+005
          6155.51      1.4130003E+005
          6166.80      1.4540121E+005
          6178.09      1.4915181E+005
          6189.38      1.5244529E+005
          6200.66      1.5517285E+005
          6211.95      1.5722294E+005
          6223.24      1.5848080E+005
          6234.53      1.5882801E+005
          6245.82      1.5814203E+005
          6257.11      1.5629577E+005
          6268.40      1.5315712E+005
          6279.69      1.4821690E+005
          6290.98      1.4090914E+005
          6302.27      1.3100521E+005
          6313.55      1.1826609E+005
          6324.84      1.0244163E+005
          6336.13      8.3101322E+004
          6347.42      5.9789278E+004
          6358.71      3.2197006E+004
          6370.00      1.9666632E-032
