          3480.00      1.0711406E-028
          3491.29     -9.3077522E-008
          3502.58     -1.8650815E-007
          3513.87     -2.8075110E-007
          3525.16     -3.7626310E-007
          3536.45     -4.7350113E-007
          3547.73     -5.7292450E-007
          3559.02     -6.7499670E-007
          3570.31     -7.8018811E-007
          3581.60     -8.8897779E-007
          3592.89     -1.0018557E-006
          3604.18     -1.1193246E-006
          3615.47     -1.2419013E-006
          3626.76     -1.3701193E-006
          3638.05     -1.5045316E-006
          3649.34     -1.6457122E-006
          3660.62     -1.7942590E-006
          3671.91     -1.9474800E-006
          3683.20     -2.1030585E-006
          3694.49     -2.2621547E-006
          3705.78     -2.4259084E-006
          3717.07     -2.5954472E-006
          3728.36     -2.7718930E-006
          3739.65     -2.9563683E-006
          3750.94     -3.1500038E-006
          3762.23     -3.3539436E-006
          3773.52     -3.5693524E-006
          3784.80     -3.7974209E-006
          3796.09     -4.0393716E-006
          3807.38     -4.2964658E-006
          3818.67     -4.5700094E-006
          3829.96     -4.8613576E-006
          3841.25     -5.1719225E-006
          3852.54     -5.5031783E-006
          3863.83     -5.8566676E-006
          3875.12     -6.2198364E-006
          3886.41     -6.5811236E-006
          3897.70     -6.9435196E-006
          3908.98     -7.3098996E-006
          3920.27     -7.6830416E-006
          3931.56     -8.0656464E-006
          3942.85     -8.4603524E-006
          3954.14     -8.8697524E-006
          3965.43     -9.2964091E-006
          3976.72     -9.7428678E-006
          3988.01     -1.0211672E-005
          3999.30     -1.0705377E-005
          4010.59     -1.1226557E-005
          4021.88     -1.1777827E-005
          4033.16     -1.2361846E-005
          4044.45     -1.2981336E-005
          4055.74     -1.3639087E-005
          4067.03     -1.4337973E-005
          4078.32     -1.5080963E-005
          4089.61     -1.5871133E-005
          4100.90     -1.6711672E-005
          4112.19     -1.7605903E-005
          4123.48     -1.8557287E-005
          4134.77     -1.9569440E-005
          4146.05     -2.0646142E-005
          4157.34     -2.1791348E-005
          4168.63     -2.3009209E-005
          4179.92     -2.4260537E-005
          4191.21     -2.5509000E-005
          4202.50     -2.6762921E-005
          4213.79     -2.8030315E-005
          4225.08     -2.9318935E-005
          4236.37     -3.0636312E-005
          4247.66     -3.1989795E-005
          4258.95     -3.3386588E-005
          4270.23     -3.4833787E-005
          4281.52     -3.6338408E-005
          4292.81     -3.7907425E-005
          4304.10     -3.9547798E-005
          4315.39     -4.1266502E-005
          4326.68     -4.3070560E-005
          4337.97     -4.4967058E-005
          4349.26     -4.6963187E-005
          4360.55     -4.9066264E-005
          4371.84     -5.1283751E-005
          4383.12     -5.3623293E-005
          4394.41     -5.6092730E-005
          4405.70     -5.8700124E-005
          4416.99     -6.1453791E-005
          4428.28     -6.4362311E-005
          4439.57     -6.7434571E-005
          4450.86     -7.0679779E-005
          4462.15     -7.4107484E-005
          4473.44     -7.7793653E-005
          4484.73     -8.1810844E-005
          4496.02     -8.6164667E-005
          4507.30     -9.0861918E-005
          4518.59     -9.5910549E-005
          4529.88     -1.0131969E-004
          4541.17     -1.0709964E-004
          4552.46     -1.1326185E-004
          4563.75     -1.1981895E-004
          4575.04     -1.2678475E-004
          4586.33     -1.3417427E-004
          4597.62     -1.4200375E-004
          4608.91     -1.5029063E-004
          4620.20     -1.5905365E-004
          4631.48     -1.6831281E-004
          4642.77     -1.7808945E-004
          4654.06     -1.8840625E-004
          4665.35     -1.9928730E-004
          4676.64     -2.1075811E-004
          4687.93     -2.2284568E-004
          4699.22     -2.3557851E-004
          4710.51     -2.4898672E-004
          4721.80     -2.6310204E-004
          4733.09     -2.7795789E-004
          4744.38     -2.9358946E-004
          4755.66     -3.1003376E-004
          4766.95     -3.2732969E-004
          4778.24     -3.4696781E-004
          4789.53     -3.7034875E-004
          4800.82     -3.9739056E-004
          4812.11     -4.2802743E-004
          4823.40     -4.6220887E-004
          4834.69     -4.9989928E-004
          4845.98     -5.4107730E-004
          4857.27     -5.8573532E-004
          4868.55     -6.3387912E-004
          4879.84     -6.8552730E-004
          4891.13     -7.4071120E-004
          4902.42     -7.9947450E-004
          4913.71     -8.6187284E-004
          4925.00     -9.2797391E-004
          4936.29     -9.9785706E-004
          4947.58     -1.0716133E-003
          4958.87     -1.1493453E-003
          4970.16     -1.2311669E-003
          4981.45     -1.3172038E-003
          4992.73     -1.4075931E-003
          5004.02     -1.5024833E-003
          5015.31     -1.6020348E-003
          5026.60     -1.7064197E-003
          5037.89     -1.8158220E-003
          5049.18     -1.9304381E-003
          5060.47     -2.0504762E-003
          5071.76     -2.1821068E-003
          5083.05     -2.3310898E-003
          5094.34     -2.4970757E-003
          5105.62     -2.6797792E-003
          5116.91     -2.8789754E-003
          5128.20     -3.0944975E-003
          5139.49     -3.3262348E-003
          5150.78     -3.5741299E-003
          5162.07     -3.8381775E-003
          5173.36     -4.1184227E-003
          5184.65     -4.4149584E-003
          5195.94     -4.7279254E-003
          5207.23     -5.0575101E-003
          5218.52     -5.4039440E-003
          5229.80     -5.7675026E-003
          5241.09     -6.1485037E-003
          5252.38     -6.5473083E-003
          5263.67     -6.9643194E-003
          5274.96     -7.3999802E-003
          5286.25     -7.8547759E-003
          5297.54     -8.3292322E-003
          5308.83     -8.8239150E-003
          5320.12     -9.3394315E-003
          5331.41     -9.8764278E-003
          5342.70     -1.0435592E-002
          5353.98     -1.1017653E-002
          5365.27     -1.1623380E-002
          5376.56     -1.2260320E-002
          5387.85     -1.2935567E-002
          5399.14     -1.3649311E-002
          5410.43     -1.4401838E-002
          5421.72     -1.5193521E-002
          5433.01     -1.6024825E-002
          5444.30     -1.6896300E-002
          5455.59     -1.7808578E-002
          5466.88     -1.8762375E-002
          5478.16     -1.9758488E-002
          5489.45     -2.0797796E-002
          5500.74     -2.1881253E-002
          5512.03     -2.3009894E-002
          5523.32     -2.4190295E-002
          5534.61     -2.5428707E-002
          5545.90     -2.6725823E-002
          5557.19     -2.8082451E-002
          5568.48     -2.9499511E-002
          5579.77     -3.0978027E-002
          5591.05     -3.2519125E-002
          5602.34     -3.4124032E-002
          5613.63     -3.5794082E-002
          5624.92     -3.7530715E-002
          5636.21     -3.9335466E-002
          5647.50     -4.1209977E-002
          5658.79     -4.3155986E-002
          5670.08     -4.5194857E-002
          5681.37     -4.7351163E-002
          5692.66     -4.9629081E-002
          5703.95     -5.2028356E-002
          5715.23     -5.4548999E-002
          5726.52     -5.7191274E-002
          5737.81     -5.9955699E-002
          5749.10     -6.2843036E-002
          5760.39     -6.5854275E-002
          5771.68     -6.8990638E-002
          5782.97     -7.2253569E-002
          5794.26     -7.5644821E-002
          5805.55     -7.9166439E-002
          5816.84     -8.2820653E-002
          5828.12     -8.6702671E-002
          5839.41     -9.0901077E-002
          5850.70     -9.5408935E-002
          5861.99     -1.0022011E-001
          5873.28     -1.0532920E-001
          5884.57     -1.1073154E-001
          5895.86     -1.1642313E-001
          5907.15     -1.2240062E-001
          5918.44     -1.2866119E-001
          5929.73     -1.3520258E-001
          5941.02     -1.4202307E-001
          5952.30     -1.4912150E-001
          5963.59     -1.5649722E-001
          5974.88     -1.6446739E-001
          5986.17     -1.7332220E-001
          5997.46     -1.8302296E-001
          6008.75     -1.9353362E-001
          6020.04     -2.0482056E-001
          6031.33     -2.1685260E-001
          6042.62     -2.2960079E-001
          6053.91     -2.4303804E-001
          6065.20     -2.5713901E-001
          6076.48     -2.7188001E-001
          6087.77     -2.8723888E-001
          6099.06     -3.0319486E-001
          6110.35     -3.1972832E-001
          6121.64     -3.3753491E-001
          6132.93     -3.5722506E-001
          6144.22     -3.7865637E-001
          6155.51     -4.0169226E-001
          6166.80     -4.2620137E-001
          6178.09     -4.5205706E-001
          6189.38     -4.7913688E-001
          6200.66     -5.0732134E-001
          6211.95     -5.3649318E-001
          6223.24     -5.6653696E-001
          6234.53     -5.9733851E-001
          6245.82     -6.2878462E-001
          6257.11     -6.6076260E-001
          6268.40     -6.9315971E-001
          6279.69     -7.2625633E-001
          6290.98     -7.6022490E-001
          6302.27     -7.9479127E-001
          6313.55     -8.2968139E-001
          6324.84     -8.6462029E-001
          6336.13     -8.9937796E-001
          6347.42     -9.3369175E-001
          6358.71     -9.6723389E-001
          6370.00     -9.9967245E-001
