          3480.00     -2.5831033E-020
          3491.29      8.7437056E-004
          3502.58      1.7588522E-003
          3513.87      2.6612940E-003
          3525.16      3.5896212E-003
          3536.45      4.5519080E-003
          3547.73      5.5564438E-003
          3559.02      6.6117990E-003
          3570.31      7.7268998E-003
          3581.60      8.9110953E-003
          3592.89      1.0174231E-002
          3604.18      1.1526724E-002
          3615.47      1.2979626E-002
          3626.76      1.4544721E-002
          3638.05      1.6234606E-002
          3649.34      1.8062783E-002
          3660.62      2.0043762E-002
          3671.91      2.2125044E-002
          3683.20      2.4264313E-002
          3694.49      2.6491485E-002
          3705.78      2.8835858E-002
          3717.07      3.1326484E-002
          3728.36      3.3992497E-002
          3739.65      3.6863432E-002
          3750.94      3.9969546E-002
          3762.23      4.3342114E-002
          3773.52      4.7013729E-002
          3784.80      5.1018606E-002
          3796.09      5.5392867E-002
          3807.38      6.0174872E-002
          3818.67      6.5405521E-002
          3829.96      7.1128561E-002
          3841.25      7.7390947E-002
          3852.54      8.4243176E-002
          3863.83      9.1739661E-002
          3875.12      9.9534637E-002
          3886.41      1.0732700E-001
          3897.70      1.1523616E-001
          3908.98      1.2337576E-001
          3920.27      1.3185504E-001
          3931.56      1.4078022E-001
          3942.85      1.5025560E-001
          3954.14      1.6038473E-001
          3965.43      1.7127147E-001
          3976.72      1.8302099E-001
          3988.01      1.9574075E-001
          3999.30      2.0954145E-001
          4010.59      2.2453790E-001
          4021.88      2.4085001E-001
          4033.16      2.5860367E-001
          4044.45      2.7793163E-001
          4055.74      2.9897450E-001
          4067.03      3.2188160E-001
          4078.32      3.4681203E-001
          4089.61      3.7393566E-001
          4100.90      4.0343410E-001
          4112.19      4.3550188E-001
          4123.48      4.7034761E-001
          4134.77      5.0819509E-001
          4146.05      5.4928470E-001
          4157.34      5.9387460E-001
          4168.63      6.4224231E-001
          4179.92      6.9252645E-001
          4191.21      7.4309740E-001
          4202.50      7.9457245E-001
          4213.79      8.4754274E-001
          4225.08      9.0257931E-001
          4236.37      9.6023871E-001
          4247.66      1.0210680E+000
          4258.95      1.0856101E+000
          4270.23      1.1544078E+000
          4281.52      1.2280087E+000
          4292.81      1.3069693E+000
          4304.10      1.3918588E+000
          4315.39      1.4832636E+000
          4326.68      1.5817908E+000
          4337.97      1.6880720E+000
          4349.26      1.8027676E+000
          4360.55      1.9265704E+000
          4371.84      2.0602093E+000
          4383.12      2.2044538E+000
          4394.41      2.3601173E+000
          4405.70      2.5280618E+000
          4416.99      2.7092019E+000
          4428.28      2.9045089E+000
          4439.57      3.1150161E+000
          4450.86      3.3418234E+000
          4462.15      3.5861014E+000
          4473.44      3.8546710E+000
          4484.73      4.1539229E+000
          4496.02      4.4846007E+000
          4507.30      4.8476601E+000
          4518.59      5.2442646E+000
          4529.88      5.6757871E+000
          4541.17      6.1438089E+000
          4552.46      6.6501207E+000
          4563.75      7.1967274E+000
          4575.04      7.7858513E+000
          4586.33      8.4199376E+000
          4597.62      9.1016618E+000
          4608.91      9.8339348E+000
          4620.20      1.0619915E+001
          4631.48      1.1463019E+001
          4642.77      1.2366927E+001
          4654.06      1.3335601E+001
          4665.35      1.4373297E+001
          4676.64      1.5484579E+001
          4687.93      1.6674336E+001
          4699.22      1.7947796E+001
          4710.51      1.9310549E+001
          4721.80      2.0768567E+001
          4733.09      2.2328219E+001
          4744.38      2.3996301E+001
          4755.66      2.5780058E+001
          4766.95      2.7687208E+001
          4778.24      2.9927996E+001
          4789.53      3.2694195E+001
          4800.82      3.5969602E+001
          4812.11      3.9742320E+001
          4823.40      4.4004499E+001
          4834.69      4.8752132E+001
          4845.98      5.3984854E+001
          4857.27      5.9705782E+001
          4868.55      6.5921384E+001
          4879.84      7.2641347E+001
          4891.13      7.9878517E+001
          4902.42      8.7648819E+001
          4913.71      9.5971181E+001
          4925.00      1.0486755E+002
          4936.29      1.1436284E+002
          4947.58      1.2448496E+002
          4958.87      1.3526482E+002
          4970.16      1.4673634E+002
          4981.45      1.5893657E+002
          4992.73      1.7190570E+002
          5004.02      1.8568709E+002
          5015.31      2.0032749E+002
          5026.60      2.1587701E+002
          5037.89      2.3238933E+002
          5049.18      2.4992180E+002
          5060.47      2.6853552E+002
          5071.76      2.8957533E+002
          5083.05      3.1426344E+002
          5094.34      3.4249991E+002
          5105.62      3.7421003E+002
          5116.91      4.0934279E+002
          5128.20      4.4786951E+002
          5139.49      4.8978271E+002
          5150.78      5.3509494E+002
          5162.07      5.8383802E+002
          5173.36      6.3606221E+002
          5184.65      6.9183535E+002
          5195.94      7.5124256E+002
          5207.23      8.1438558E+002
          5218.52      8.8138238E+002
          5229.80      9.5236697E+002
          5241.09      1.0274888E+003
          5252.38      1.1069131E+003
          5263.67      1.1908205E+003
          5274.96      1.2794068E+003
          5286.25      1.3728832E+003
          5297.54      1.4714766E+003
          5308.83      1.5754291E+003
          5320.12      1.6849987E+003
          5331.41      1.8004590E+003
          5342.70      1.9221002E+003
          5353.98      2.0502287E+003
          5365.27      2.1851674E+003
          5376.56      2.3294100E+003
          5387.85      2.4852498E+003
          5399.14      2.6527607E+003
          5410.43      2.8320653E+003
          5421.72      3.0233333E+003
          5433.01      3.2267795E+003
          5444.30      3.4426620E+003
          5455.59      3.6712800E+003
          5466.88      3.9129734E+003
          5478.16      4.1681210E+003
          5489.45      4.4371394E+003
          5500.74      4.7204826E+003
          5512.03      5.0186396E+003
          5523.32      5.3341449E+003
          5534.61      5.6693559E+003
          5545.90      6.0245691E+003
          5557.19      6.4001424E+003
          5568.48      6.7964910E+003
          5579.77      7.2140826E+003
          5591.05      7.6534362E+003
          5602.34      8.1151191E+003
          5613.63      8.5997478E+003
          5624.92      9.1079844E+003
          5636.21      9.6405335E+003
          5647.50      1.0198142E+004
          5658.79      1.0781596E+004
          5670.08      1.1399857E+004
          5681.37      1.2062951E+004
          5692.66      1.2772237E+004
          5703.95      1.3527248E+004
          5715.23      1.4327684E+004
          5726.52      1.5173395E+004
          5737.81      1.6064374E+004
          5749.10      1.7000745E+004
          5760.39      1.7982752E+004
          5771.68      1.9010747E+004
          5782.97      2.0085185E+004
          5794.26      2.1206640E+004
          5805.55      2.2375786E+004
          5816.84      2.3593350E+004
          5828.12      2.4901902E+004
          5839.41      2.6339239E+004
          5850.70      2.7899412E+004
          5861.99      2.9577014E+004
          5873.28      3.1367108E+004
          5884.57      3.3265188E+004
          5895.86      3.5267113E+004
          5907.15      3.7369049E+004
          5918.44      3.9567412E+004
          5929.73      4.1858820E+004
          5941.02      4.4240084E+004
          5952.30      4.6708163E+004
          5963.59      4.9260111E+004
          5974.88      5.2031283E+004
          5986.17      5.5136167E+004
          5997.46      5.8541957E+004
          6008.75      6.2217537E+004
          6020.04      6.6133216E+004
          6031.33      7.0260536E+004
          6042.62      7.4571985E+004
          6053.91      7.9040628E+004
          6065.20      8.3639909E+004
          6076.48      8.8343440E+004
          6087.77      9.3124760E+004
          6099.06      9.7957088E+004
          6110.35      1.0281305E+005
          6121.64      1.0786337E+005
          6132.93      1.1321189E+005
          6144.22      1.1873148E+005
          6155.51      1.2429610E+005
          6166.80      1.2977986E+005
          6178.09      1.3505608E+005
          6189.38      1.3999623E+005
          6200.66      1.4446862E+005
          6211.95      1.4833741E+005
          6223.24      1.5146177E+005
          6234.53      1.5369495E+005
          6245.82      1.5488348E+005
          6257.11      1.5486619E+005
          6268.40      1.5347332E+005
          6279.69      1.5016036E+005
          6290.98      1.4430124E+005
          6302.27      1.3558423E+005
          6313.55      1.2367947E+005
          6324.84      1.0823726E+005
          6336.13      8.8693485E+004
          6347.42      6.4443191E+004
          6358.71      3.5038149E+004
          6370.00      1.3367246E-046
