          3480.00      1.8248040E-035
          3491.29     -9.6822929E-010
          3502.58     -1.9231883E-009
          3513.87     -2.8665138E-009
          3525.16     -3.7997763E-009
          3536.45     -4.7244883E-009
          3547.73     -5.6421058E-009
          3559.02     -6.5540290E-009
          3570.31     -7.4616106E-009
          3581.60     -8.3661551E-009
          3592.89     -9.2689231E-009
          3604.18     -1.0171131E-008
          3615.47     -1.1073945E-008
          3626.76     -1.1978493E-008
          3638.05     -1.2885866E-008
          3649.34     -1.3797121E-008
          3660.62     -1.4713285E-008
          3671.91     -1.5635356E-008
          3683.20     -1.6564304E-008
          3694.49     -1.7501071E-008
          3705.78     -1.8446575E-008
          3717.07     -1.9401710E-008
          3728.36     -2.0367347E-008
          3739.65     -2.1344335E-008
          3750.94     -2.2333502E-008
          3762.23     -2.3335659E-008
          3773.52     -2.4351593E-008
          3784.80     -2.5382079E-008
          3796.09     -2.6427866E-008
          3807.38     -2.7489695E-008
          3818.67     -2.8568289E-008
          3829.96     -2.9664353E-008
          3841.25     -3.0778580E-008
          3852.54     -3.1911643E-008
          3863.83     -3.3064204E-008
          3875.12     -3.4236908E-008
          3886.41     -3.5430382E-008
          3897.70     -3.6645241E-008
          3908.98     -3.7882087E-008
          3920.27     -3.9141500E-008
          3931.56     -4.0424051E-008
          3942.85     -4.1730291E-008
          3954.14     -4.3060761E-008
          3965.43     -4.4415984E-008
          3976.72     -4.5796469E-008
          3988.01     -4.7202705E-008
          3999.30     -4.8635170E-008
          4010.59     -5.0094316E-008
          4021.88     -5.1580581E-008
          4033.16     -5.3094382E-008
          4044.45     -5.4636118E-008
          4055.74     -5.6206164E-008
          4067.03     -5.7804874E-008
          4078.32     -5.9432580E-008
          4089.61     -6.1089591E-008
          4100.90     -6.2776187E-008
          4112.19     -6.4492626E-008
          4123.48     -6.6239139E-008
          4134.77     -6.8015926E-008
          4146.05     -6.9823161E-008
          4157.34     -7.1660980E-008
          4168.63     -7.3529493E-008
          4179.92     -7.5428775E-008
          4191.21     -7.7358858E-008
          4202.50     -7.9319745E-008
          4213.79     -8.1311395E-008
          4225.08     -8.3333727E-008
          4236.37     -8.5386618E-008
          4247.66     -8.7469895E-008
          4258.95     -8.9583340E-008
          4270.23     -9.1726689E-008
          4281.52     -9.3899617E-008
          4292.81     -9.6101751E-008
          4304.10     -9.8332660E-008
          4315.39     -1.0059185E-007
          4326.68     -1.0287878E-007
          4337.97     -1.0519281E-007
          4349.26     -1.0753328E-007
          4360.55     -1.0989941E-007
          4371.84     -1.1229039E-007
          4383.12     -1.1470531E-007
          4394.41     -1.1714318E-007
          4405.70     -1.1960293E-007
          4416.99     -1.2208340E-007
          4428.28     -1.2458333E-007
          4439.57     -1.2710136E-007
          4450.86     -1.2963605E-007
          4462.15     -1.3218584E-007
          4473.44     -1.3474907E-007
          4484.73     -1.3732397E-007
          4496.02     -1.3990864E-007
          4507.30     -1.4250106E-007
          4518.59     -1.4509911E-007
          4529.88     -1.4770050E-007
          4541.17     -1.5030282E-007
          4552.46     -1.5290353E-007
          4563.75     -1.5549993E-007
          4575.04     -1.5808917E-007
          4586.33     -1.6066822E-007
          4597.62     -1.6323393E-007
          4608.91     -1.6578292E-007
          4620.20     -1.6831169E-007
          4631.48     -1.7081651E-007
          4642.77     -1.7329347E-007
          4654.06     -1.7573848E-007
          4665.35     -1.7814721E-007
          4676.64     -1.8051515E-007
          4687.93     -1.8283754E-007
          4699.22     -1.8510939E-007
          4710.51     -1.8732550E-007
          4721.80     -1.8948039E-007
          4733.09     -1.9156834E-007
          4744.38     -1.9358336E-007
          4755.66     -1.9551919E-007
          4766.95     -1.9736928E-007
          4778.24     -1.9912680E-007
          4789.53     -2.0078458E-007
          4800.82     -2.0233517E-007
          4812.11     -2.0377079E-007
          4823.40     -2.0508331E-007
          4834.69     -2.0626425E-007
          4845.98     -2.0730478E-007
          4857.27     -2.0819570E-007
          4868.55     -2.0892741E-007
          4879.84     -2.0948991E-007
          4891.13     -2.0987281E-007
          4902.42     -2.1006528E-007
          4913.71     -2.1005604E-007
          4925.00     -2.0983339E-007
          4936.29     -2.0938513E-007
          4947.58     -2.0869861E-007
          4958.87     -2.0776064E-007
          4970.16     -2.0655756E-007
          4981.45     -2.0507514E-007
          4992.73     -2.0329864E-007
          5004.02     -2.0121273E-007
          5015.31     -1.9880150E-007
          5026.60     -1.9604843E-007
          5037.89     -1.9293640E-007
          5049.18     -1.8944763E-007
          5060.47     -1.8556370E-007
          5071.76     -1.8126551E-007
          5083.05     -1.7653324E-007
          5094.34     -1.7134637E-007
          5105.62     -1.6568365E-007
          5116.91     -1.5952303E-007
          5128.20     -1.5284170E-007
          5139.49     -1.4561602E-007
          5150.78     -1.3782154E-007
          5162.07     -1.2943292E-007
          5173.36     -1.2042392E-007
          5184.65     -1.1076744E-007
          5195.94     -1.0043540E-007
          5207.23     -8.9398754E-008
          5218.52     -7.7627480E-008
          5229.80     -6.5090512E-008
          5241.09     -5.1755768E-008
          5252.38     -3.7590049E-008
          5263.67     -2.2559039E-008
          5274.96     -6.6273178E-009
          5286.25      1.0241754E-008
          5297.54      2.8086015E-008
          5308.83      4.6944555E-008
          5320.12      6.6857765E-008
          5331.41      8.7867301E-008
          5342.70      1.1001622E-007
          5353.98      1.3334899E-007
          5365.27      1.5791142E-007
          5376.56      1.8375086E-007
          5387.85      2.1091617E-007
          5399.14      2.3945772E-007
          5410.43      2.6942755E-007
          5421.72      3.0087922E-007
          5433.01      3.3386806E-007
          5444.30      3.6845115E-007
          5455.59      4.0468723E-007
          5466.88      4.4263699E-007
          5478.16      4.8236292E-007
          5489.45      5.2392947E-007
          5500.74      5.6740307E-007
          5512.03      6.1285206E-007
          5523.32      6.6034697E-007
          5534.61      7.0996046E-007
          5545.90      7.6176724E-007
          5557.19      8.1584441E-007
          5568.48      8.7227130E-007
          5579.77      9.3112976E-007
          5591.05      9.9250424E-007
          5602.34      1.0564815E-006
          5613.63      1.1231509E-006
          5624.92      1.1926044E-006
          5636.21      1.2649365E-006
          5647.50      1.3402443E-006
          5658.79      1.4186278E-006
          5670.08      1.5001897E-006
          5681.37      1.5850369E-006
          5692.66      1.6732793E-006
          5703.95      1.7460919E-006
          5715.23      1.7858905E-006
          5726.52      1.7946075E-006
          5737.81      1.7741228E-006
          5749.10      1.7262655E-006
          5760.39      1.6528162E-006
          5771.68      1.5555090E-006
          5782.97      1.4360334E-006
          5794.26      1.2960288E-006
          5805.55      1.1370914E-006
          5816.84      9.6078881E-007
          5828.12      7.6866165E-007
          5839.41      5.6222626E-007
          5850.70      3.4297648E-007
          5861.99      1.1238540E-007
          5873.28     -1.2809192E-007
          5884.57     -3.7701783E-007
          5895.86     -6.3296972E-007
          5907.15     -8.9453743E-007
          5918.44     -1.1603184E-006
          5929.73     -1.4289169E-006
          5941.02     -1.6989495E-006
          5952.30     -1.9690439E-006
          5963.59     -2.2378367E-006
          5974.88     -2.5039722E-006
          5986.17     -2.7660995E-006
          5997.46     -3.0228724E-006
          6008.75     -3.2729515E-006
          6020.04     -3.5150015E-006
          6031.33     -3.7476968E-006
          6042.62     -3.9697168E-006
          6053.91     -4.1797356E-006
          6065.20     -4.3764213E-006
          6076.48     -4.5584359E-006
          6087.77     -4.7244341E-006
          6099.06     -4.8730590E-006
          6110.35     -5.0029381E-006
          6121.64     -5.1126811E-006
          6132.93     -5.2008743E-006
          6144.22     -5.2660843E-006
          6155.51     -5.3068671E-006
          6166.80     -5.3217664E-006
          6178.09     -5.3093119E-006
          6189.38     -5.2680160E-006
          6200.66     -5.1963640E-006
          6211.95     -5.0928091E-006
          6223.24     -4.9557712E-006
          6234.53     -4.7836362E-006
          6245.82     -4.5747531E-006
          6257.11     -4.3274338E-006
          6268.40     -4.0399518E-006
          6279.69     -3.7105396E-006
          6290.98     -3.3373880E-006
          6302.27     -2.9304105E-006
          6313.55     -2.5006014E-006
          6324.84     -2.0477245E-006
          6336.13     -1.5715196E-006
          6347.42     -1.0717039E-006
          6358.71     -5.4797332E-007
          6370.00     -3.4743981E-039
