          3480.00     -2.7098715E-030
          3491.29     -1.3091725E-012
          3502.58     -2.5853066E-012
          3513.87     -3.8387529E-012
          3525.16     -5.0793134E-012
          3536.45     -6.3163338E-012
          3547.73     -7.5587778E-012
          3559.02     -8.8152962E-012
          3570.31     -1.0094300E-011
          3581.60     -1.1404018E-011
          3592.89     -1.2752555E-011
          3604.18     -1.4147944E-011
          3615.47     -1.5598179E-011
          3626.76     -1.7111276E-011
          3638.05     -1.8695326E-011
          3649.34     -2.0358526E-011
          3660.62     -2.2109238E-011
          3671.91     -2.3956018E-011
          3683.20     -2.5907656E-011
          3694.49     -2.7973218E-011
          3705.78     -3.0162076E-011
          3717.07     -3.2483954E-011
          3728.36     -3.4948958E-011
          3739.65     -3.7567609E-011
          3750.94     -4.0350886E-011
          3762.23     -4.3310259E-011
          3773.52     -4.6457724E-011
          3784.80     -4.9805841E-011
          3796.09     -5.3367761E-011
          3807.38     -5.7157286E-011
          3818.67     -6.1188898E-011
          3829.96     -6.5477780E-011
          3841.25     -7.0039875E-011
          3852.54     -7.4891911E-011
          3863.83     -8.0051445E-011
          3875.12     -8.5536906E-011
          3886.41     -9.1367617E-011
          3897.70     -9.7563866E-011
          3908.98     -1.0414694E-010
          3920.27     -1.1113912E-010
          3931.56     -1.1856382E-010
          3942.85     -1.2644553E-010
          3954.14     -1.3480994E-010
          3965.43     -1.4368396E-010
          3976.72     -1.5309574E-010
          3988.01     -1.6307475E-010
          3999.30     -1.7365181E-010
          4010.59     -1.8485907E-010
          4021.88     -1.9673019E-010
          4033.16     -2.0930025E-010
          4044.45     -2.2260585E-010
          4055.74     -2.3668520E-010
          4067.03     -2.5157801E-010
          4078.32     -2.6732570E-010
          4089.61     -2.8397136E-010
          4100.90     -3.0155973E-010
          4112.19     -3.2013733E-010
          4123.48     -3.3975244E-010
          4134.77     -3.6045509E-010
          4146.05     -3.8229718E-010
          4157.34     -4.0533234E-010
          4168.63     -4.2961610E-010
          4179.92     -4.5520579E-010
          4191.21     -4.8216054E-010
          4202.50     -5.1054132E-010
          4213.79     -5.4041089E-010
          4225.08     -5.7183374E-010
          4236.37     -6.0487613E-010
          4247.66     -6.3960585E-010
          4258.95     -6.7609240E-010
          4270.23     -7.1440675E-010
          4281.52     -7.5462118E-010
          4292.81     -7.9680934E-010
          4304.10     -8.4104603E-010
          4315.39     -8.8740700E-010
          4326.68     -9.3596887E-010
          4337.97     -9.8680872E-010
          4349.26     -1.0400041E-009
          4360.55     -1.0956327E-009
          4371.84     -1.1537721E-009
          4383.12     -1.2144994E-009
          4394.41     -1.2778904E-009
          4405.70     -1.3440198E-009
          4416.99     -1.4129605E-009
          4428.28     -1.4847826E-009
          4439.57     -1.5595539E-009
          4450.86     -1.6373385E-009
          4462.15     -1.7181960E-009
          4473.44     -1.8021815E-009
          4484.73     -1.8893441E-009
          4496.02     -1.9797263E-009
          4507.30     -2.0733630E-009
          4518.59     -2.1702800E-009
          4529.88     -2.2704935E-009
          4541.17     -2.3740085E-009
          4552.46     -2.4808170E-009
          4563.75     -2.5908975E-009
          4575.04     -2.7042122E-009
          4586.33     -2.8207059E-009
          4597.62     -2.9403042E-009
          4608.91     -3.0629105E-009
          4620.20     -3.1884046E-009
          4631.48     -3.3166403E-009
          4642.77     -3.4474418E-009
          4654.06     -3.5806017E-009
          4665.35     -3.7158779E-009
          4676.64     -3.8529897E-009
          4687.93     -3.9916148E-009
          4699.22     -4.1313849E-009
          4710.51     -4.2718820E-009
          4721.80     -4.4126338E-009
          4733.09     -4.5531087E-009
          4744.38     -4.6927109E-009
          4755.66     -4.8307748E-009
          4766.95     -4.9665591E-009
          4778.24     -5.0992403E-009
          4789.53     -5.2279056E-009
          4800.82     -5.3515466E-009
          4812.11     -5.4690503E-009
          4823.40     -5.5791912E-009
          4834.69     -5.6806225E-009
          4845.98     -5.7718663E-009
          4857.27     -5.8513031E-009
          4868.55     -5.9171608E-009
          4879.84     -5.9675032E-009
          4891.13     -6.0002178E-009
          4902.42     -6.0130018E-009
          4913.71     -6.0033486E-009
          4925.00     -5.9685319E-009
          4936.29     -5.9055898E-009
          4947.58     -5.8113077E-009
          4958.87     -5.6821990E-009
          4970.16     -5.5144870E-009
          4981.45     -5.3040823E-009
          4992.73     -5.0465612E-009
          5004.02     -4.7371424E-009
          5015.31     -4.3706600E-009
          5026.60     -3.9415382E-009
          5037.89     -3.4437628E-009
          5049.18     -2.8708500E-009
          5060.47     -2.2158164E-009
          5071.76     -1.4711418E-009
          5083.05     -6.2873367E-010
          5094.34      3.2010874E-010
          5105.62      1.3847400E-009
          5116.91      2.5752090E-009
          5128.20      3.9023063E-009
          5139.49      5.3776143E-009
          5150.78      7.0135546E-009
          5162.07      8.8234512E-009
          5173.36      1.0821586E-008
          5184.65      1.3023253E-008
          5195.94      1.5444836E-008
          5207.23      1.8103871E-008
          5218.52      2.1019121E-008
          5229.80      2.4210657E-008
          5241.09      2.7699930E-008
          5252.38      3.1509877E-008
          5263.67      3.5665001E-008
          5274.96      4.0191463E-008
          5286.25      4.5117205E-008
          5297.54      5.0472046E-008
          5308.83      5.6287800E-008
          5320.12      6.2598410E-008
          5331.41      6.9440048E-008
          5342.70      7.6851288E-008
          5353.98      8.4873236E-008
          5365.27      9.3549660E-008
          5376.56      1.0292719E-007
          5387.85      1.1305547E-007
          5399.14      1.2398733E-007
          5410.43      1.3577900E-007
          5421.72      1.4849028E-007
          5433.01      1.6218477E-007
          5444.30      1.7693011E-007
          5455.59      1.9279818E-007
          5466.88      2.0986536E-007
          5478.16      2.2821283E-007
          5489.45      2.4792679E-007
          5500.74      2.6909880E-007
          5512.03      2.9182599E-007
          5523.32      3.1621152E-007
          5534.61      3.4236487E-007
          5545.90      3.7040210E-007
          5557.19      4.0044639E-007
          5568.48      4.3262831E-007
          5579.77      4.6708644E-007
          5591.05      5.0396775E-007
          5602.34      5.4342786E-007
          5613.63      5.8563171E-007
          5624.92      6.3075394E-007
          5636.21      6.7897935E-007
          5647.50      7.3050364E-007
          5658.79      7.8553392E-007
          5670.08      8.4428932E-007
          5681.37      9.0700259E-007
          5692.66      9.7392039E-007
          5703.95      1.0097924E-006
          5715.23      9.8266156E-007
          5726.52      8.9745258E-007
          5737.81      7.5874943E-007
          5749.10      5.7082155E-007
          5760.39      3.3764851E-007
          5771.68      6.2942970E-008
          5782.97     -2.4982742E-007
          5794.26     -5.9743185E-007
          5805.55     -9.7684442E-007
          5816.84     -1.3852007E-006
          5828.12     -1.8197807E-006
          5839.41     -2.2779910E-006
          5850.70     -2.7573484E-006
          5861.99     -3.2554650E-006
          5873.28     -3.7700313E-006
          5884.57     -4.2988045E-006
          5895.86     -4.8395927E-006
          5907.15     -5.3902397E-006
          5918.44     -5.9486067E-006
          5929.73     -6.5125613E-006
          5941.02     -7.0799778E-006
          5952.30     -7.6487256E-006
          5963.59     -8.2166548E-006
          5974.88     -8.7815854E-006
          5986.17     -9.3412921E-006
          5997.46     -9.8934947E-006
          6008.75     -1.0435853E-005
          6020.04     -1.0965951E-005
          6031.33     -1.1481301E-005
          6042.62     -1.1979319E-005
          6053.91     -1.2457298E-005
          6065.20     -1.2912392E-005
          6076.48     -1.3341609E-005
          6087.77     -1.3741792E-005
          6099.06     -1.4109603E-005
          6110.35     -1.4441499E-005
          6121.64     -1.4733714E-005
          6132.93     -1.4982237E-005
          6144.22     -1.5182804E-005
          6155.51     -1.5330914E-005
          6166.80     -1.5421802E-005
          6178.09     -1.5450429E-005
          6189.38     -1.5411445E-005
          6200.66     -1.5299153E-005
          6211.95     -1.5107474E-005
          6223.24     -1.4829922E-005
          6234.53     -1.4459585E-005
          6245.82     -1.3989096E-005
          6257.11     -1.3410608E-005
          6268.40     -1.2715768E-005
          6279.69     -1.1895686E-005
          6290.98     -1.0940904E-005
          6302.27     -9.8412605E-006
          6313.55     -8.5920202E-006
          6324.84     -7.1909283E-006
          6336.13     -5.6350738E-006
          6347.42     -3.9208907E-006
          6358.71     -2.0441608E-006
          6370.00      0.0000000E+000
