          3480.00     -1.8226526E-033
          3491.29     -1.0217282E-010
          3502.58     -2.0218127E-010
          3513.87     -3.0039892E-010
          3525.16     -3.9718115E-010
          3536.45     -4.9286728E-010
          3547.73     -5.8778177E-010
          3559.02     -6.8223536E-010
          3570.31     -7.7652686E-010
          3581.60     -8.7094397E-010
          3592.89     -9.6576451E-010
          3604.18     -1.0612572E-009
          3615.47     -1.1576815E-009
          3626.76     -1.2552896E-009
          3638.05     -1.3543272E-009
          3649.34     -1.4550343E-009
          3660.62     -1.5576463E-009
          3671.91     -1.6623942E-009
          3683.20     -1.7695055E-009
          3694.49     -1.8792045E-009
          3705.78     -1.9917129E-009
          3717.07     -2.1072505E-009
          3728.36     -2.2260355E-009
          3739.65     -2.3482844E-009
          3750.94     -2.4742134E-009
          3762.23     -2.6040378E-009
          3773.52     -2.7379728E-009
          3784.80     -2.8762337E-009
          3796.09     -3.0190359E-009
          3807.38     -3.1665957E-009
          3818.67     -3.3191305E-009
          3829.96     -3.4768583E-009
          3841.25     -3.6399985E-009
          3852.54     -3.8087714E-009
          3863.83     -3.9833987E-009
          3875.12     -4.1641036E-009
          3886.41     -4.3511101E-009
          3897.70     -4.5446442E-009
          3908.98     -4.7449332E-009
          3920.27     -4.9522053E-009
          3931.56     -5.1666906E-009
          3942.85     -5.3886201E-009
          3954.14     -5.6182264E-009
          3965.43     -5.8557435E-009
          3976.72     -6.1014058E-009
          3988.01     -6.3554491E-009
          3999.30     -6.6181095E-009
          4010.59     -6.8896223E-009
          4021.88     -7.1702238E-009
          4033.16     -7.4601493E-009
          4044.45     -7.7596332E-009
          4055.74     -8.0689090E-009
          4067.03     -8.3882077E-009
          4078.32     -8.7177588E-009
          4089.61     -9.0577892E-009
          4100.90     -9.4085215E-009
          4112.19     -9.7701752E-009
          4123.48     -1.0142965E-008
          4134.77     -1.0527100E-008
          4146.05     -1.0922785E-008
          4157.34     -1.1330213E-008
          4168.63     -1.1749575E-008
          4179.92     -1.2181048E-008
          4191.21     -1.2624803E-008
          4202.50     -1.3080998E-008
          4213.79     -1.3549778E-008
          4225.08     -1.4031276E-008
          4236.37     -1.4525611E-008
          4247.66     -1.5032882E-008
          4258.95     -1.5553173E-008
          4270.23     -1.6086548E-008
          4281.52     -1.6633049E-008
          4292.81     -1.7192695E-008
          4304.10     -1.7765481E-008
          4315.39     -1.8351375E-008
          4326.68     -1.8950314E-008
          4337.97     -1.9562205E-008
          4349.26     -2.0186921E-008
          4360.55     -2.0824298E-008
          4371.84     -2.1474136E-008
          4383.12     -2.2136192E-008
          4394.41     -2.2810176E-008
          4405.70     -2.3495749E-008
          4416.99     -2.4192520E-008
          4428.28     -2.4900043E-008
          4439.57     -2.5617813E-008
          4450.86     -2.6345263E-008
          4462.15     -2.7081757E-008
          4473.44     -2.7826588E-008
          4484.73     -2.8578976E-008
          4496.02     -2.9338057E-008
          4507.30     -3.0102885E-008
          4518.59     -3.0872417E-008
          4529.88     -3.1645519E-008
          4541.17     -3.2420954E-008
          4552.46     -3.3197372E-008
          4563.75     -3.3973313E-008
          4575.04     -3.4747194E-008
          4586.33     -3.5517302E-008
          4597.62     -3.6281791E-008
          4608.91     -3.7038665E-008
          4620.20     -3.7785782E-008
          4631.48     -3.8520835E-008
          4642.77     -3.9241350E-008
          4654.06     -3.9944672E-008
          4665.35     -4.0627959E-008
          4676.64     -4.1288169E-008
          4687.93     -4.1922050E-008
          4699.22     -4.2526128E-008
          4710.51     -4.3096699E-008
          4721.80     -4.3629810E-008
          4733.09     -4.4121254E-008
          4744.38     -4.4566549E-008
          4755.66     -4.4960932E-008
          4766.95     -4.5299336E-008
          4778.24     -4.5576381E-008
          4789.53     -4.5786356E-008
          4800.82     -4.5923200E-008
          4812.11     -4.5980490E-008
          4823.40     -4.5951417E-008
          4834.69     -4.5828772E-008
          4845.98     -4.5604923E-008
          4857.27     -4.5271792E-008
          4868.55     -4.4820840E-008
          4879.84     -4.4243038E-008
          4891.13     -4.3528850E-008
          4902.42     -4.2668204E-008
          4913.71     -4.1650470E-008
          4925.00     -4.0464431E-008
          4936.29     -3.9098257E-008
          4947.58     -3.7539478E-008
          4958.87     -3.5774948E-008
          4970.16     -3.3790825E-008
          4981.45     -3.1572525E-008
          4992.73     -2.9104696E-008
          5004.02     -2.6371188E-008
          5015.31     -2.3354999E-008
          5026.60     -2.0038253E-008
          5037.89     -1.6402156E-008
          5049.18     -1.2426951E-008
          5060.47     -8.0918916E-009
          5071.76     -3.3751762E-009
          5083.05      1.7460903E-009
          5094.34      7.2959279E-009
          5105.62      1.3299559E-008
          5116.91      1.9783444E-008
          5128.20      2.6775334E-008
          5139.49      3.4304342E-008
          5150.78      4.2400966E-008
          5162.07      5.1097200E-008
          5173.36      6.0426569E-008
          5184.65      7.0424170E-008
          5195.94      8.1126787E-008
          5207.23      9.2572929E-008
          5218.52      1.0480291E-007
          5229.80      1.1785894E-007
          5241.09      1.3178514E-007
          5252.38      1.4662773E-007
          5263.67      1.6243503E-007
          5274.96      1.7925754E-007
          5286.25      1.9714812E-007
          5297.54      2.1616197E-007
          5308.83      2.3635684E-007
          5320.12      2.5779305E-007
          5331.41      2.8053360E-007
          5342.70      3.0464432E-007
          5353.98      3.3019397E-007
          5365.27      3.5725429E-007
          5376.56      3.8590022E-007
          5387.85      4.1620998E-007
          5399.14      4.4826519E-007
          5410.43      4.8215105E-007
          5421.72      5.1795633E-007
          5433.01      5.5577374E-007
          5444.30      5.9569997E-007
          5455.59      6.3783572E-007
          5466.88      6.8228610E-007
          5478.16      7.2916065E-007
          5489.45      7.7857351E-007
          5500.74      8.3064368E-007
          5512.03      8.8549498E-007
          5523.32      9.4325656E-007
          5534.61      1.0040629E-006
          5545.90      1.0680540E-006
          5557.19      1.1353756E-006
          5568.48      1.2061796E-006
          5579.77      1.2806241E-006
          5591.05      1.3588740E-006
          5602.34      1.4411006E-006
          5613.63      1.5274823E-006
          5624.92      1.6182045E-006
          5636.21      1.7134600E-006
          5647.50      1.8134491E-006
          5658.79      1.9183803E-006
          5670.08      2.0284701E-006
          5681.37      2.1439449E-006
          5692.66      2.2650407E-006
          5703.95      2.3561236E-006
          5715.23      2.3842597E-006
          5726.52      2.3536031E-006
          5737.81      2.2681322E-006
          5749.10      2.1316599E-006
          5760.39      1.9478430E-006
          5771.68      1.7201918E-006
          5782.97      1.4520789E-006
          5794.26      1.1467339E-006
          5805.55      8.0726299E-007
          5816.84      4.3668103E-007
          5828.12      3.7918970E-008
          5839.41     -3.8616713E-007
          5850.70     -8.3278874E-007
          5861.99     -1.2992179E-006
          5873.28     -1.7827783E-006
          5884.57     -2.2808410E-006
          5895.86     -2.7908160E-006
          5907.15     -3.3101443E-006
          5918.44     -3.8362861E-006
          5929.73     -4.3667158E-006
          5941.02     -4.8989297E-006
          5952.30     -5.4304407E-006
          5963.59     -5.9587705E-006
          5974.88     -6.4814452E-006
          5986.17     -6.9959871E-006
          5997.46     -7.4999110E-006
          6008.75     -7.9907256E-006
          6020.04     -8.4659265E-006
          6031.33     -8.9230025E-006
          6042.62     -9.3594250E-006
          6053.91     -9.7726246E-006
          6065.20     -1.0159987E-005
          6076.48     -1.0518851E-005
          6087.77     -1.0846502E-005
          6099.06     -1.1140160E-005
          6110.35     -1.1396972E-005
          6121.64     -1.1614003E-005
          6132.93     -1.1788219E-005
          6144.22     -1.1916498E-005
          6155.51     -1.1995641E-005
          6166.80     -1.2022367E-005
          6178.09     -1.1993307E-005
          6189.38     -1.1904991E-005
          6200.66     -1.1753829E-005
          6211.95     -1.1536091E-005
          6223.24     -1.1247906E-005
          6234.53     -1.0885252E-005
          6245.82     -1.0443951E-005
          6257.11     -9.9196620E-006
          6268.40     -9.3078735E-006
          6279.69     -8.6038962E-006
          6290.98     -7.8028549E-006
          6302.27     -6.9149926E-006
          6313.55     -5.9533406E-006
          6324.84     -4.9169548E-006
          6336.13     -3.8047415E-006
          6347.42     -2.6154596E-006
          6358.71     -1.3477242E-006
          6370.00      0.0000000E+000
