          3480.00     -2.0065966E-031
          3491.29     -1.2265651E-003
          3502.58     -2.4555752E-003
          3513.87     -3.6873360E-003
          3525.16     -4.9221460E-003
          3536.45     -6.1603037E-003
          3547.73     -7.4021039E-003
          3559.02     -8.6478347E-003
          3570.31     -9.8977843E-003
          3581.60     -1.1152236E-002
          3592.89     -1.2411471E-002
          3604.18     -1.3675765E-002
          3615.47     -1.4945377E-002
          3626.76     -1.6220562E-002
          3638.05     -1.7501574E-002
          3649.34     -1.8788660E-002
          3660.62     -2.0082067E-002
          3671.91     -2.1382038E-002
          3683.20     -2.2688816E-002
          3694.49     -2.4002641E-002
          3705.78     -2.5323746E-002
          3717.07     -2.6652368E-002
          3728.36     -2.7988739E-002
          3739.65     -2.9333087E-002
          3750.94     -3.0685639E-002
          3762.23     -3.2046622E-002
          3773.52     -3.3416256E-002
          3784.80     -3.4794765E-002
          3796.09     -3.6182362E-002
          3807.38     -3.7579268E-002
          3818.67     -3.8985699E-002
          3829.96     -4.0401867E-002
          3841.25     -4.1827984E-002
          3852.54     -4.3264261E-002
          3863.83     -4.4710904E-002
          3875.12     -4.6168119E-002
          3886.41     -4.7636106E-002
          3897.70     -4.9115067E-002
          3908.98     -5.0605201E-002
          3920.27     -5.2106701E-002
          3931.56     -5.3619761E-002
          3942.85     -5.5144574E-002
          3954.14     -5.6681328E-002
          3965.43     -5.8230213E-002
          3976.72     -5.9791414E-002
          3988.01     -6.1365116E-002
          3999.30     -6.2951502E-002
          4010.59     -6.4550749E-002
          4021.88     -6.6163035E-002
          4033.16     -6.7788534E-002
          4044.45     -6.9427418E-002
          4055.74     -7.1079858E-002
          4067.03     -7.2746018E-002
          4078.32     -7.4426063E-002
          4089.61     -7.6120157E-002
          4100.90     -7.7828454E-002
          4112.19     -7.9551114E-002
          4123.48     -8.1288288E-002
          4134.77     -8.3040129E-002
          4146.05     -8.4806785E-002
          4157.34     -8.6588399E-002
          4168.63     -8.8385114E-002
          4179.92     -9.0197070E-002
          4191.21     -9.2024401E-002
          4202.50     -9.3867242E-002
          4213.79     -9.5725722E-002
          4225.08     -9.7599969E-002
          4236.37     -9.9490107E-002
          4247.66     -1.0139625E-001
          4258.95     -1.0331853E-001
          4270.23     -1.0525704E-001
          4281.52     -1.0721191E-001
          4292.81     -1.0918323E-001
          4304.10     -1.1117111E-001
          4315.39     -1.1317565E-001
          4326.68     -1.1519695E-001
          4337.97     -1.1723509E-001
          4349.26     -1.1929016E-001
          4360.55     -1.2136226E-001
          4371.84     -1.2345145E-001
          4383.12     -1.2555782E-001
          4394.41     -1.2768145E-001
          4405.70     -1.2982238E-001
          4416.99     -1.3198071E-001
          4428.28     -1.3415646E-001
          4439.57     -1.3634971E-001
          4450.86     -1.3856050E-001
          4462.15     -1.4078888E-001
          4473.44     -1.4303488E-001
          4484.73     -1.4529854E-001
          4496.02     -1.4757989E-001
          4507.30     -1.4987896E-001
          4518.59     -1.5219577E-001
          4529.88     -1.5453032E-001
          4541.17     -1.5688264E-001
          4552.46     -1.5925272E-001
          4563.75     -1.6164056E-001
          4575.04     -1.6404616E-001
          4586.33     -1.6646950E-001
          4597.62     -1.6891058E-001
          4608.91     -1.7136935E-001
          4620.20     -1.7384579E-001
          4631.48     -1.7633987E-001
          4642.77     -1.7885154E-001
          4654.06     -1.8138076E-001
          4665.35     -1.8392746E-001
          4676.64     -1.8649158E-001
          4687.93     -1.8907307E-001
          4699.22     -1.9167183E-001
          4710.51     -1.9428780E-001
          4721.80     -1.9692087E-001
          4733.09     -1.9957095E-001
          4744.38     -2.0223793E-001
          4755.66     -2.0492171E-001
          4766.95     -2.0762216E-001
          4778.24     -2.1033915E-001
          4789.53     -2.1307255E-001
          4800.82     -2.1582222E-001
          4812.11     -2.1858800E-001
          4823.40     -2.2136973E-001
          4834.69     -2.2416725E-001
          4845.98     -2.2698037E-001
          4857.27     -2.2980890E-001
          4868.55     -2.3265266E-001
          4879.84     -2.3551144E-001
          4891.13     -2.3838501E-001
          4902.42     -2.4127317E-001
          4913.71     -2.4417566E-001
          4925.00     -2.4709226E-001
          4936.29     -2.5002270E-001
          4947.58     -2.5296672E-001
          4958.87     -2.5592405E-001
          4970.16     -2.5889440E-001
          4981.45     -2.6187749E-001
          4992.73     -2.6487299E-001
          5004.02     -2.6788060E-001
          5015.31     -2.7089999E-001
          5026.60     -2.7393081E-001
          5037.89     -2.7697272E-001
          5049.18     -2.8002535E-001
          5060.47     -2.8308832E-001
          5071.76     -2.8616125E-001
          5083.05     -2.8924375E-001
          5094.34     -2.9233538E-001
          5105.62     -2.9543574E-001
          5116.91     -2.9854438E-001
          5128.20     -3.0166086E-001
          5139.49     -3.0478470E-001
          5150.78     -3.0791544E-001
          5162.07     -3.1105258E-001
          5173.36     -3.1419561E-001
          5184.65     -3.1734401E-001
          5195.94     -3.2049726E-001
          5207.23     -3.2365480E-001
          5218.52     -3.2681606E-001
          5229.80     -3.2998048E-001
          5241.09     -3.3314746E-001
          5252.38     -3.3631638E-001
          5263.67     -3.3948663E-001
          5274.96     -3.4265756E-001
          5286.25     -3.4582852E-001
          5297.54     -3.4899884E-001
          5308.83     -3.5216782E-001
          5320.12     -3.5533476E-001
          5331.41     -3.5849894E-001
          5342.70     -3.6165962E-001
          5353.98     -3.6481604E-001
          5365.27     -3.6796742E-001
          5376.56     -3.7111297E-001
          5387.85     -3.7425187E-001
          5399.14     -3.7738331E-001
          5410.43     -3.8050642E-001
          5421.72     -3.8362035E-001
          5433.01     -3.8672420E-001
          5444.30     -3.8981707E-001
          5455.59     -3.9289803E-001
          5466.88     -3.9596613E-001
          5478.16     -3.9902041E-001
          5489.45     -4.0205988E-001
          5500.74     -4.0508353E-001
          5512.03     -4.0809033E-001
          5523.32     -4.1107923E-001
          5534.61     -4.1404916E-001
          5545.90     -4.1699902E-001
          5557.19     -4.1992770E-001
          5568.48     -4.2283406E-001
          5579.77     -4.2571693E-001
          5591.05     -4.2857513E-001
          5602.34     -4.3140741E-001
          5613.63     -4.3421254E-001
          5624.92     -4.3698927E-001
          5636.21     -4.3973631E-001
          5647.50     -4.4245235E-001
          5658.79     -4.4513607E-001
          5670.08     -4.4778612E-001
          5681.37     -4.5040109E-001
          5692.66     -4.5297950E-001
          5703.95     -4.5600225E-001
          5715.23     -4.5992308E-001
          5726.52     -4.6470028E-001
          5737.81     -4.7029270E-001
          5749.10     -4.7665976E-001
          5760.39     -4.8376141E-001
          5771.68     -4.9155821E-001
          5782.97     -5.0001121E-001
          5794.26     -5.0908227E-001
          5805.55     -5.1873388E-001
          5816.84     -5.2892880E-001
          5828.12     -5.3963014E-001
          5839.41     -5.5080127E-001
          5850.70     -5.6240584E-001
          5861.99     -5.7440778E-001
          5873.28     -5.8677120E-001
          5884.57     -5.9946051E-001
          5895.86     -6.1244035E-001
          5907.15     -6.2567550E-001
          5918.44     -6.3913090E-001
          5929.73     -6.5277156E-001
          5941.02     -6.6656280E-001
          5952.30     -6.8047020E-001
          5963.59     -6.9445959E-001
          5974.88     -7.0849709E-001
          5986.17     -7.2254901E-001
          5997.46     -7.3658188E-001
          6008.75     -7.5056257E-001
          6020.04     -7.6445823E-001
          6031.33     -7.7823643E-001
          6042.62     -7.9186513E-001
          6053.91     -8.0531238E-001
          6065.20     -8.1854637E-001
          6076.48     -8.3153548E-001
          6087.77     -8.4424818E-001
          6099.06     -8.5665306E-001
          6110.35     -8.6871867E-001
          6121.64     -8.8041356E-001
          6132.93     -8.9170611E-001
          6144.22     -9.0256465E-001
          6155.51     -9.1295774E-001
          6166.80     -9.2285411E-001
          6178.09     -9.3222266E-001
          6189.38     -9.4103240E-001
          6200.66     -9.4925225E-001
          6211.95     -9.5685096E-001
          6223.24     -9.6379707E-001
          6234.53     -9.7005893E-001
          6245.82     -9.7560470E-001
          6257.11     -9.8040230E-001
          6268.40     -9.8441945E-001
          6279.69     -9.8762362E-001
          6290.98     -9.8998205E-001
          6302.27     -9.9182976E-001
          6313.55     -9.9352357E-001
          6324.84     -9.9506322E-001
          6336.13     -9.9644836E-001
          6347.42     -9.9767861E-001
          6358.71     -9.9875348E-001
          6370.00     -9.9967245E-001
