          3480.00     -1.2068362E-020
          3491.29      5.9146348E-006
          3502.58      1.1888504E-005
          3513.87      1.7965375E-005
          3525.16      2.4189289E-005
          3536.45      3.0604906E-005
          3547.73      3.7257794E-005
          3559.02      4.4194723E-005
          3570.31      5.1464006E-005
          3581.60      5.9115786E-005
          3592.89      6.7202358E-005
          3604.18      7.5778485E-005
          3615.47      8.4901654E-005
          3626.76      9.4632489E-005
          3638.05      1.0503512E-004
          3649.34      1.1617751E-004
          3660.62      1.2813193E-004
          3671.91      1.4097528E-004
          3683.20      1.5478957E-004
          3694.49      1.6966234E-004
          3705.78      1.8568711E-004
          3717.07      2.0296395E-004
          3728.36      2.2159995E-004
          3739.65      2.4170976E-004
          3750.94      2.6341627E-004
          3762.23      2.8685118E-004
          3773.52      3.1215566E-004
          3784.80      3.3948113E-004
          3796.09      3.6898988E-004
          3807.38      4.0085607E-004
          3818.67      4.3526653E-004
          3829.96      4.7242152E-004
          3841.25      5.1253589E-004
          3852.54      5.5584003E-004
          3863.83      6.0258091E-004
          3875.12      6.5302338E-004
          3886.41      7.0745118E-004
          3897.70      7.6616855E-004
          3908.98      8.2950151E-004
          3920.27      8.9779915E-004
          3931.56      9.7143559E-004
          3942.85      1.0508114E-003
          3954.14      1.1363556E-003
          3965.43      1.2285275E-003
          3976.72      1.3278186E-003
          3988.01      1.4347548E-003
          3999.30      1.5498990E-003
          4010.59      1.6738529E-003
          4021.88      1.8072599E-003
          4033.16      1.9508080E-003
          4044.45      2.1052326E-003
          4055.74      2.2713194E-003
          4067.03      2.4499075E-003
          4078.32      2.6418934E-003
          4089.61      2.8482345E-003
          4100.90      3.0699524E-003
          4112.19      3.3081378E-003
          4123.48      3.5639545E-003
          4134.77      3.8386438E-003
          4146.05      4.1335301E-003
          4157.34      4.4500246E-003
          4168.63      4.7896324E-003
          4179.92      5.1539578E-003
          4191.21      5.5447089E-003
          4202.50      5.9637066E-003
          4213.79      6.4128893E-003
          4225.08      6.8943214E-003
          4236.37      7.4102004E-003
          4247.66      7.9628637E-003
          4258.95      8.5547995E-003
          4270.23      9.1886543E-003
          4281.52      9.8672411E-003
          4292.81      1.0593552E-002
          4304.10      1.1370767E-002
          4315.39      1.2202265E-002
          4326.68      1.3091638E-002
          4337.97      1.4042695E-002
          4349.26      1.5059488E-002
          4360.55      1.6146316E-002
          4371.84      1.7307739E-002
          4383.12      1.8548602E-002
          4394.41      1.9874039E-002
          4405.70      2.1289497E-002
          4416.99      2.2800749E-002
          4428.28      2.4413916E-002
          4439.57      2.6135484E-002
          4450.86      2.7972327E-002
          4462.15      2.9931721E-002
          4473.44      3.2021378E-002
          4484.73      3.4249457E-002
          4496.02      3.6624597E-002
          4507.30      3.9155941E-002
          4518.59      4.1853153E-002
          4529.88      4.4726462E-002
          4541.17      4.7786682E-002
          4552.46      5.1045239E-002
          4563.75      5.4514214E-002
          4575.04      5.8206367E-002
          4586.33      6.2135178E-002
          4597.62      6.6314882E-002
          4608.91      7.0760497E-002
          4620.20      7.5487882E-002
          4631.48      8.0513772E-002
          4642.77      8.5855803E-002
          4654.06      9.1532589E-002
          4665.35      9.7563744E-002
          4676.64      1.0396994E-001
          4687.93      1.1077297E-001
          4699.22      1.1799576E-001
          4710.51      1.2566248E-001
          4721.80      1.3379857E-001
          4733.09      1.4243077E-001
          4744.38      1.5158724E-001
          4755.66      1.6129762E-001
          4766.95      1.7159302E-001
          4778.24      1.8250619E-001
          4789.53      1.9407150E-001
          4800.82      2.0632510E-001
          4812.11      2.1930492E-001
          4823.40      2.3305077E-001
          4834.69      2.4760446E-001
          4845.98      2.6300982E-001
          4857.27      2.7931286E-001
          4868.55      2.9656178E-001
          4879.84      3.1480707E-001
          4891.13      3.3410167E-001
          4902.42      3.5450104E-001
          4913.71      3.7606316E-001
          4925.00      3.9884878E-001
          4936.29      4.2292143E-001
          4947.58      4.4834754E-001
          4958.87      4.7519658E-001
          4970.16      5.0354105E-001
          4981.45      5.3345678E-001
          4992.73      5.6502290E-001
          5004.02      5.9832193E-001
          5015.31      6.3344002E-001
          5026.60      6.7046697E-001
          5037.89      7.0949636E-001
          5049.18      7.5062572E-001
          5060.47      7.9395649E-001
          5071.76      8.3959434E-001
          5083.05      8.8764921E-001
          5094.34      9.3823525E-001
          5105.62      9.9147122E-001
          5116.91      1.0474804E+000
          5128.20      1.1063907E+000
          5139.49      1.1683350E+000
          5150.78      1.2334507E+000
          5162.07      1.3018804E+000
          5173.36      1.3737718E+000
          5184.65      1.4492774E+000
          5195.94      1.5285552E+000
          5207.23      1.6117682E+000
          5218.52      1.6990849E+000
          5229.80      1.7906792E+000
          5241.09      1.8867298E+000
          5252.38      1.9874213E+000
          5263.67      2.0929436E+000
          5274.96      2.2034914E+000
          5286.25      2.3192652E+000
          5297.54      2.4404704E+000
          5308.83      2.5673175E+000
          5320.12      2.7000221E+000
          5331.41      2.8388041E+000
          5342.70      2.9838884E+000
          5353.98      3.1355044E+000
          5365.27      3.2938850E+000
          5376.56      3.4592673E+000
          5387.85      3.6318919E+000
          5399.14      3.8120021E+000
          5410.43      3.9998439E+000
          5421.72      4.1956651E+000
          5433.01      4.3997151E+000
          5444.30      4.6122441E+000
          5455.59      4.8335018E+000
          5466.88      5.0637375E+000
          5478.16      5.3031986E+000
          5489.45      5.5521297E+000
          5500.74      5.8107719E+000
          5512.03      6.0793605E+000
          5523.32      6.3581251E+000
          5534.61      6.6472873E+000
          5545.90      6.9470585E+000
          5557.19      7.2576398E+000
          5568.48      7.5792187E+000
          5579.77      7.9119661E+000
          5591.05      8.2560348E+000
          5602.34      8.6115571E+000
          5613.63      8.9786445E+000
          5624.92      9.3573842E+000
          5636.21      9.7478348E+000
          5647.50      1.0150025E+001
          5658.79      1.0563949E+001
          5670.08      1.0989562E+001
          5681.37      1.1426768E+001
          5692.66      1.1875414E+001
          5703.95      1.2840933E+001
          5715.23      1.4773337E+001
          5726.52      1.7594260E+001
          5737.81      2.1231486E+001
          5749.10      2.5618415E+001
          5760.39      3.0693569E+001
          5771.68      3.6400131E+001
          5782.97      4.2685506E+001
          5794.26      4.9501074E+001
          5805.55      5.6801585E+001
          5816.84      6.4544395E+001
          5828.12      7.2689137E+001
          5839.41      8.1197361E+001
          5850.70      9.0032214E+001
          5861.99      9.9158135E+001
          5873.28      1.0854052E+002
          5884.57      1.1814549E+002
          5895.86      1.2793954E+002
          5907.15      1.3788927E+002
          5918.44      1.4796105E+002
          5929.73      1.5812078E+002
          5941.02      1.6833381E+002
          5952.30      1.7856474E+002
          5963.59      1.8877703E+002
          5974.88      1.9893283E+002
          5986.17      2.0899264E+002
          5997.46      2.1891511E+002
          6008.75      2.2865681E+002
          6020.04      2.3817196E+002
          6031.33      2.4741226E+002
          6042.62      2.5632639E+002
          6053.91      2.6485945E+002
          6065.20      2.7295264E+002
          6076.48      2.8054294E+002
          6087.77      2.8756267E+002
          6099.06      2.9393898E+002
          6110.35      2.9959341E+002
          6121.64      3.0444142E+002
          6132.93      3.0839195E+002
          6144.22      3.1134728E+002
          6155.51      3.1320285E+002
          6166.80      3.1384665E+002
          6178.09      3.1315855E+002
          6189.38      3.1100944E+002
          6200.66      3.0726024E+002
          6211.95      3.0176110E+002
          6223.24      2.9435075E+002
          6234.53      2.8485573E+002
          6245.82      2.7308961E+002
          6257.11      2.5885213E+002
          6268.40      2.4192843E+002
          6279.69      2.2208797E+002
          6290.98      1.9908359E+002
          6302.27      1.7408119E+002
          6313.55      1.4828561E+002
          6324.84      1.2149131E+002
          6336.13      9.3487057E+001
          6347.42      6.4055124E+001
          6358.71      3.2970523E+001
          6370.00      0.0000000E+000
