          3480.00     -2.3059593E-004
          3491.29     -2.3147454E-004
          3502.58     -2.3198181E-004
          3513.87     -2.3214719E-004
          3525.16     -2.3199817E-004
          3536.45     -2.3156042E-004
          3547.73     -2.3085791E-004
          3559.02     -2.2991300E-004
          3570.31     -2.2874656E-004
          3581.60     -2.2737807E-004
          3592.89     -2.2582567E-004
          3604.18     -2.2410633E-004
          3615.47     -2.2223587E-004
          3626.76     -2.2022904E-004
          3638.05     -2.1809958E-004
          3649.34     -2.1586027E-004
          3660.62     -2.1352301E-004
          3671.91     -2.1109885E-004
          3683.20     -2.0859806E-004
          3694.49     -2.0603017E-004
          3705.78     -2.0340405E-004
          3717.07     -2.0072791E-004
          3728.36     -1.9800936E-004
          3739.65     -1.9525546E-004
          3750.94     -1.9247274E-004
          3762.23     -1.8966724E-004
          3773.52     -1.8684454E-004
          3784.80     -1.8400979E-004
          3796.09     -1.8116774E-004
          3807.38     -1.7832278E-004
          3818.67     -1.7547890E-004
          3829.96     -1.7263982E-004
          3841.25     -1.6980892E-004
          3852.54     -1.6698931E-004
          3863.83     -1.6418383E-004
          3875.12     -1.6139507E-004
          3886.41     -1.5862540E-004
          3897.70     -1.5587697E-004
          3908.98     -1.5315173E-004
          3920.27     -1.5045144E-004
          3931.56     -1.4777768E-004
          3942.85     -1.4513189E-004
          3954.14     -1.4251533E-004
          3965.43     -1.3992913E-004
          3976.72     -1.3737430E-004
          3988.01     -1.3485170E-004
          3999.30     -1.3236210E-004
          4010.59     -1.2990617E-004
          4021.88     -1.2748446E-004
          4033.16     -1.2509746E-004
          4044.45     -1.2274556E-004
          4055.74     -1.2042907E-004
          4067.03     -1.1814825E-004
          4078.32     -1.1590326E-004
          4089.61     -1.1369423E-004
          4100.90     -1.1152123E-004
          4112.19     -1.0938426E-004
          4123.48     -1.0728330E-004
          4134.77     -1.0521826E-004
          4146.05     -1.0318903E-004
          4157.34     -1.0119545E-004
          4168.63     -9.9237334E-005
          4179.92     -9.7314467E-005
          4191.21     -9.5426607E-005
          4202.50     -9.3573481E-005
          4213.79     -9.1754797E-005
          4225.08     -8.9970243E-005
          4236.37     -8.8219486E-005
          4247.66     -8.6502182E-005
          4258.95     -8.4817968E-005
          4270.23     -8.3166468E-005
          4281.52     -8.1547299E-005
          4292.81     -7.9960063E-005
          4304.10     -7.8404357E-005
          4315.39     -7.6879768E-005
          4326.68     -7.5385876E-005
          4337.97     -7.3922261E-005
          4349.26     -7.2488495E-005
          4360.55     -7.1084143E-005
          4371.84     -6.9708774E-005
          4383.12     -6.8361948E-005
          4394.41     -6.7043230E-005
          4405.70     -6.5752184E-005
          4416.99     -6.4488374E-005
          4428.28     -6.3251367E-005
          4439.57     -6.2040730E-005
          4450.86     -6.0856028E-005
          4462.15     -5.9696836E-005
          4473.44     -5.8562725E-005
          4484.73     -5.7453272E-005
          4496.02     -5.6368055E-005
          4507.30     -5.5306656E-005
          4518.59     -5.4268664E-005
          4529.88     -5.3253668E-005
          4541.17     -5.2261261E-005
          4552.46     -5.1291044E-005
          4563.75     -5.0342620E-005
          4575.04     -4.9415596E-005
          4586.33     -4.8509584E-005
          4597.62     -4.7624201E-005
          4608.91     -4.6759071E-005
          4620.20     -4.5913820E-005
          4631.48     -4.5088079E-005
          4642.77     -4.4281487E-005
          4654.06     -4.3493685E-005
          4665.35     -4.2724321E-005
          4676.64     -4.1973046E-005
          4687.93     -4.1239518E-005
          4699.22     -4.0523399E-005
          4710.51     -3.9824356E-005
          4721.80     -3.9142061E-005
          4733.09     -3.8476191E-005
          4744.38     -3.7826427E-005
          4755.66     -3.7192457E-005
          4766.95     -3.6573970E-005
          4778.24     -3.5970662E-005
          4789.53     -3.5382233E-005
          4800.82     -3.4808388E-005
          4812.11     -3.4248834E-005
          4823.40     -3.3703284E-005
          4834.69     -3.3171456E-005
          4845.98     -3.2653069E-005
          4857.27     -3.2147849E-005
          4868.55     -3.1655522E-005
          4879.84     -3.1175821E-005
          4891.13     -3.0708481E-005
          4902.42     -3.0253240E-005
          4913.71     -2.9809841E-005
          4925.00     -2.9378027E-005
          4936.29     -2.8957545E-005
          4947.58     -2.8548147E-005
          4958.87     -2.8149583E-005
          4970.16     -2.7761610E-005
          4981.45     -2.7383985E-005
          4992.73     -2.7016466E-005
          5004.02     -2.6658816E-005
          5015.31     -2.6310797E-005
          5026.60     -2.5972175E-005
          5037.89     -2.5642715E-005
          5049.18     -2.5322185E-005
          5060.47     -2.5010354E-005
          5071.76     -2.4706992E-005
          5083.05     -2.4411867E-005
          5094.34     -2.4124752E-005
          5105.62     -2.3845417E-005
          5116.91     -2.3573633E-005
          5128.20     -2.3309173E-005
          5139.49     -2.3051808E-005
          5150.78     -2.2801307E-005
          5162.07     -2.2557442E-005
          5173.36     -2.2319982E-005
          5184.65     -2.2088696E-005
          5195.94     -2.1863352E-005
          5207.23     -2.1643714E-005
          5218.52     -2.1429549E-005
          5229.80     -2.1220619E-005
          5241.09     -2.1016683E-005
          5252.38     -2.0817502E-005
          5263.67     -2.0622830E-005
          5274.96     -2.0432422E-005
          5286.25     -2.0246027E-005
          5297.54     -2.0063393E-005
          5308.83     -1.9884264E-005
          5320.12     -1.9708380E-005
          5331.41     -1.9535477E-005
          5342.70     -1.9365289E-005
          5353.98     -1.9197542E-005
          5365.27     -1.9031962E-005
          5376.56     -1.8868265E-005
          5387.85     -1.8706165E-005
          5399.14     -1.8545370E-005
          5410.43     -1.8385583E-005
          5421.72     -1.8226499E-005
          5433.01     -1.8067809E-005
          5444.30     -1.7909196E-005
          5455.59     -1.7750337E-005
          5466.88     -1.7590901E-005
          5478.16     -1.7430550E-005
          5489.45     -1.7268939E-005
          5500.74     -1.7105713E-005
          5512.03     -1.6940511E-005
          5523.32     -1.6772962E-005
          5534.61     -1.6602686E-005
          5545.90     -1.6429293E-005
          5557.19     -1.6252385E-005
          5568.48     -1.6071551E-005
          5579.77     -1.5886373E-005
          5591.05     -1.5696423E-005
          5602.34     -1.5501262E-005
          5613.63     -1.5300440E-005
          5624.92     -1.5093496E-005
          5636.21     -1.4879956E-005
          5647.50     -1.4659335E-005
          5658.79     -1.4431135E-005
          5670.08     -1.4194843E-005
          5681.37     -1.3949945E-005
          5692.66     -1.3695923E-005
          5703.95     -1.3433957E-005
          5715.23     -1.3165929E-005
          5726.52     -1.2892348E-005
          5737.81     -1.2613708E-005
          5749.10     -1.2330486E-005
          5760.39     -1.2043145E-005
          5771.68     -1.1752133E-005
          5782.97     -1.1457883E-005
          5794.26     -1.1160808E-005
          5805.55     -1.0861298E-005
          5816.84     -1.0559738E-005
          5828.12     -1.0256505E-005
          5839.41     -9.9519704E-006
          5850.70     -9.6464978E-006
          5861.99     -9.3404469E-006
          5873.28     -9.0341731E-006
          5884.57     -8.7280267E-006
          5895.86     -8.4223544E-006
          5907.15     -8.1175007E-006
          5918.44     -7.8138098E-006
          5929.73     -7.5116272E-006
          5941.02     -7.2112948E-006
          5952.30     -6.9131512E-006
          5963.59     -6.6175335E-006
          5974.88     -6.3247765E-006
          5986.17     -6.0352146E-006
          5997.46     -5.7491818E-006
          6008.75     -5.4670101E-006
          6020.04     -5.1890299E-006
          6031.33     -4.9155674E-006
          6042.62     -4.6469448E-006
          6053.91     -4.3834872E-006
          6065.20     -4.1255214E-006
          6076.48     -3.8733758E-006
          6087.77     -3.6273811E-006
          6099.06     -3.3878710E-006
          6110.35     -3.1551848E-006
          6121.64     -2.9296679E-006
          6132.93     -2.7116750E-006
          6144.22     -2.5015694E-006
          6155.51     -2.2997162E-006
          6166.80     -2.1064839E-006
          6178.09     -1.9222441E-006
          6189.38     -1.7473720E-006
          6200.66     -1.5822510E-006
          6211.95     -1.4272747E-006
          6223.24     -1.2828473E-006
          6234.53     -1.1493843E-006
          6245.82     -1.0273121E-006
          6257.11     -9.1706903E-007
          6268.40     -8.1910584E-007
          6279.69     -7.2762999E-007
          6290.98     -6.3648135E-007
          6302.27     -5.4556879E-007
          6313.55     -4.5480156E-007
          6324.84     -3.6408962E-007
          6336.13     -2.7334295E-007
          6347.42     -1.8247187E-007
          6358.71     -9.1387237E-008
          6370.00     -1.9727324E-041
