          3480.00     -2.3059593E-004
          3491.29     -2.3083051E-004
          3502.58     -2.2947483E-004
          3513.87     -2.2680199E-004
          3525.16     -2.2304855E-004
          3536.45     -2.1841900E-004
          3547.73     -2.1308975E-004
          3559.02     -2.0721265E-004
          3570.31     -2.0091801E-004
          3581.60     -1.9431740E-004
          3592.89     -1.8750594E-004
          3604.18     -1.8056451E-004
          3615.47     -1.7356155E-004
          3626.76     -1.6655462E-004
          3638.05     -1.5959170E-004
          3649.34     -1.5271256E-004
          3660.62     -1.4594972E-004
          3671.91     -1.3932955E-004
          3683.20     -1.3287306E-004
          3694.49     -1.2659665E-004
          3705.78     -1.2051280E-004
          3717.07     -1.1463060E-004
          3728.36     -1.0895624E-004
          3739.65     -1.0349352E-004
          3750.94     -9.8244154E-005
          3762.23     -9.3208115E-005
          3773.52     -8.8383950E-005
          3784.80     -8.3769003E-005
          3796.09     -7.9359655E-005
          3807.38     -7.5151474E-005
          3818.67     -7.1139400E-005
          3829.96     -6.7317897E-005
          3841.25     -6.3681050E-005
          3852.54     -6.0222680E-005
          3863.83     -5.6936428E-005
          3875.12     -5.3815824E-005
          3886.41     -5.0854362E-005
          3897.70     -4.8045531E-005
          3908.98     -4.5382870E-005
          3920.27     -4.2860009E-005
          3931.56     -4.0470683E-005
          3942.85     -3.8208769E-005
          3954.14     -3.6068294E-005
          3965.43     -3.4043456E-005
          3976.72     -3.2128637E-005
          3988.01     -3.0318405E-005
          3999.30     -2.8607525E-005
          4010.59     -2.6990965E-005
          4021.88     -2.5463887E-005
          4033.16     -2.4021657E-005
          4044.45     -2.2659834E-005
          4055.74     -2.1374175E-005
          4067.03     -2.0160630E-005
          4078.32     -1.9015333E-005
          4089.61     -1.7934599E-005
          4100.90     -1.6914926E-005
          4112.19     -1.5952975E-005
          4123.48     -1.5045579E-005
          4134.77     -1.4189726E-005
          4146.05     -1.3382560E-005
          4157.34     -1.2621371E-005
          4168.63     -1.1903590E-005
          4179.92     -1.1226783E-005
          4191.21     -1.0588646E-005
          4202.50     -9.9869973E-006
          4213.79     -9.4197729E-006
          4225.08     -8.8850207E-006
          4236.37     -8.3808946E-006
          4247.66     -7.9056513E-006
          4258.95     -7.4576425E-006
          4270.23     -7.0353113E-006
          4281.52     -6.6371887E-006
          4292.81     -6.2618866E-006
          4304.10     -5.9080955E-006
          4315.39     -5.5745795E-006
          4326.68     -5.2601722E-006
          4337.97     -4.9637744E-006
          4349.26     -4.6843485E-006
          4360.55     -4.4209159E-006
          4371.84     -4.1725546E-006
          4383.12     -3.9383945E-006
          4394.41     -3.7176161E-006
          4405.70     -3.5094472E-006
          4416.99     -3.3131599E-006
          4428.28     -3.1280687E-006
          4439.57     -2.9535272E-006
          4450.86     -2.7889262E-006
          4462.15     -2.6336925E-006
          4473.44     -2.4872854E-006
          4484.73     -2.3491958E-006
          4496.02     -2.2189440E-006
          4507.30     -2.0960782E-006
          4518.59     -1.9801729E-006
          4529.88     -1.8708273E-006
          4541.17     -1.7676637E-006
          4552.46     -1.6703267E-006
          4563.75     -1.5784812E-006
          4575.04     -1.4918116E-006
          4586.33     -1.4100209E-006
          4597.62     -1.3328292E-006
          4608.91     -1.2599728E-006
          4620.20     -1.1912036E-006
          4631.48     -1.1262875E-006
          4642.77     -1.0650045E-006
          4654.06     -1.0071469E-006
          4665.35     -9.5251938E-007
          4676.64     -9.0093778E-007
          4687.93     -8.5222865E-007
          4699.22     -8.0622870E-007
          4710.51     -7.6278400E-007
          4721.80     -7.2174952E-007
          4733.09     -6.8298872E-007
          4744.38     -6.4637287E-007
          4755.66     -6.1178070E-007
          4766.95     -5.7909795E-007
          4778.24     -5.4821694E-007
          4789.53     -5.1903624E-007
          4800.82     -4.9146023E-007
          4812.11     -4.6539876E-007
          4823.40     -4.4076697E-007
          4834.69     -4.1748478E-007
          4845.98     -3.9547674E-007
          4857.27     -3.7467173E-007
          4868.55     -3.5500271E-007
          4879.84     -3.3640651E-007
          4891.13     -3.1882353E-007
          4902.42     -3.0219757E-007
          4913.71     -2.8647570E-007
          4925.00     -2.7160795E-007
          4936.29     -2.5754721E-007
          4947.58     -2.4424907E-007
          4958.87     -2.3167162E-007
          4970.16     -2.1977537E-007
          4981.45     -2.0852302E-007
          4992.73     -1.9787942E-007
          5004.02     -1.8781141E-007
          5015.31     -1.7828770E-007
          5026.60     -1.6927875E-007
          5037.89     -1.6075672E-007
          5049.18     -1.5269531E-007
          5060.47     -1.4506971E-007
          5071.76     -1.3785652E-007
          5083.05     -1.3103361E-007
          5094.34     -1.2458014E-007
          5105.62     -1.1847639E-007
          5116.91     -1.1270376E-007
          5128.20     -1.0724469E-007
          5139.49     -1.0208258E-007
          5150.78     -9.7201754E-008
          5162.07     -9.2587406E-008
          5173.36     -8.8225535E-008
          5184.65     -8.4102919E-008
          5195.94     -8.0207044E-008
          5207.23     -7.6526079E-008
          5218.52     -7.3048829E-008
          5229.80     -6.9764694E-008
          5241.09     -6.6663648E-008
          5252.38     -6.3736179E-008
          5263.67     -6.0973275E-008
          5274.96     -5.8366392E-008
          5286.25     -5.5907411E-008
          5297.54     -5.3588622E-008
          5308.83     -5.1402692E-008
          5320.12     -4.9342639E-008
          5331.41     -4.7401812E-008
          5342.70     -4.5573854E-008
          5353.98     -4.3852692E-008
          5365.27     -4.2232510E-008
          5376.56     -4.0707724E-008
          5387.85     -3.9272964E-008
          5399.14     -3.7923054E-008
          5410.43     -3.6652989E-008
          5421.72     -3.5457923E-008
          5433.01     -3.4333137E-008
          5444.30     -3.3274030E-008
          5455.59     -3.2276098E-008
          5466.88     -3.1334914E-008
          5478.16     -3.0446107E-008
          5489.45     -2.9605350E-008
          5500.74     -2.8808332E-008
          5512.03     -2.8050749E-008
          5523.32     -2.7328275E-008
          5534.61     -2.6636550E-008
          5545.90     -2.5971157E-008
          5557.19     -2.5327600E-008
          5568.48     -2.4701288E-008
          5579.77     -2.4087510E-008
          5591.05     -2.3481422E-008
          5602.34     -2.2878019E-008
          5613.63     -2.2272109E-008
          5624.92     -2.1658294E-008
          5636.21     -2.1030946E-008
          5647.50     -2.0384172E-008
          5658.79     -1.9711796E-008
          5670.08     -1.9007330E-008
          5681.37     -1.8263964E-008
          5692.66     -1.7474562E-008
          5703.95     -1.6675996E-008
          5715.23     -1.5909195E-008
          5726.52     -1.5172874E-008
          5737.81     -1.4465789E-008
          5749.10     -1.3786742E-008
          5760.39     -1.3134576E-008
          5771.68     -1.2508176E-008
          5782.97     -1.1906470E-008
          5794.26     -1.1328403E-008
          5805.55     -1.0772951E-008
          5816.84     -1.0239136E-008
          5828.12     -9.7260234E-009
          5839.41     -9.2327247E-009
          5850.70     -8.7583931E-009
          5861.99     -8.3022231E-009
          5873.28     -7.8634515E-009
          5884.57     -7.4413532E-009
          5895.86     -7.0352424E-009
          5907.15     -6.6444721E-009
          5918.44     -6.2684361E-009
          5929.73     -5.9065680E-009
          5941.02     -5.5583357E-009
          5952.30     -5.2232399E-009
          5963.59     -4.9008157E-009
          5974.88     -4.5906305E-009
          5986.17     -4.2922856E-009
          5997.46     -4.0054160E-009
          6008.75     -3.7296870E-009
          6020.04     -3.4647959E-009
          6031.33     -3.2104678E-009
          6042.62     -2.9664570E-009
          6053.91     -2.7325529E-009
          6065.20     -2.5085784E-009
          6076.48     -2.2943908E-009
          6087.77     -2.0898819E-009
          6099.06     -1.8949795E-009
          6110.35     -1.7096496E-009
          6121.64     -1.5338976E-009
          6132.93     -1.3677711E-009
          6144.22     -1.2113593E-009
          6155.51     -1.0647891E-009
          6166.80     -9.2822655E-010
          6178.09     -8.0187884E-010
          6189.38     -6.8599594E-010
          6200.66     -5.8087635E-010
          6211.95     -4.8687016E-010
          6223.24     -4.0438099E-010
          6234.53     -3.3386855E-010
          6245.82     -2.7585047E-010
          6257.11     -2.3090522E-010
          6268.40     -1.9967483E-010
          6279.69     -1.7587859E-010
          6290.98     -1.5270811E-010
          6302.27     -1.3006504E-010
          6313.55     -1.0785314E-010
          6324.84     -8.5978015E-011
          6336.13     -6.4346647E-011
          6347.42     -4.2867137E-011
          6358.71     -2.1448447E-011
          6370.00     -8.2273405E-047
