          3480.00     -2.4825542E-037
          3491.29     -3.5503691E-008
          3502.58     -7.0476805E-008
          3513.87     -1.0493162E-007
          3525.16     -1.3887981E-007
          3536.45     -1.7233260E-007
          3547.73     -2.0530072E-007
          3559.02     -2.3779433E-007
          3570.31     -2.6982319E-007
          3581.60     -3.0139658E-007
          3592.89     -3.3252332E-007
          3604.18     -3.6321168E-007
          3615.47     -3.9346910E-007
          3626.76     -4.2330248E-007
          3638.05     -4.5271831E-007
          3649.34     -4.8172262E-007
          3660.62     -5.1032111E-007
          3671.91     -5.3851909E-007
          3683.20     -5.6632149E-007
          3694.49     -5.9373291E-007
          3705.78     -6.2075750E-007
          3717.07     -6.4739915E-007
          3728.36     -6.7366138E-007
          3739.65     -6.9954733E-007
          3750.94     -7.2505986E-007
          3762.23     -7.5020146E-007
          3773.52     -7.7497431E-007
          3784.80     -7.9938031E-007
          3796.09     -8.2342095E-007
          3807.38     -8.4709755E-007
          3818.67     -8.7041115E-007
          3829.96     -8.9336242E-007
          3841.25     -9.1595180E-007
          3852.54     -9.3817943E-007
          3863.83     -9.6004511E-007
          3875.12     -9.8154840E-007
          3886.41     -1.0026885E-006
          3897.70     -1.0234644E-006
          3908.98     -1.0438748E-006
          3920.27     -1.0639181E-006
          3931.56     -1.0835924E-006
          3942.85     -1.1028954E-006
          3954.14     -1.1218249E-006
          3965.43     -1.1403782E-006
          3976.72     -1.1585525E-006
          3988.01     -1.1763444E-006
          3999.30     -1.1937507E-006
          4010.59     -1.2107675E-006
          4021.88     -1.2273910E-006
          4033.16     -1.2436169E-006
          4044.45     -1.2594407E-006
          4055.74     -1.2748576E-006
          4067.03     -1.2898626E-006
          4078.32     -1.3044504E-006
          4089.61     -1.3186154E-006
          4100.90     -1.3323519E-006
          4112.19     -1.3456536E-006
          4123.48     -1.3585143E-006
          4134.77     -1.3709273E-006
          4146.05     -1.3828859E-006
          4157.34     -1.3943827E-006
          4168.63     -1.4054105E-006
          4179.92     -1.4159615E-006
          4191.21     -1.4260278E-006
          4202.50     -1.4356013E-006
          4213.79     -1.4446733E-006
          4225.08     -1.4532353E-006
          4236.37     -1.4612781E-006
          4247.66     -1.4687926E-006
          4258.95     -1.4757691E-006
          4270.23     -1.4821978E-006
          4281.52     -1.4880687E-006
          4292.81     -1.4933712E-006
          4304.10     -1.4980949E-006
          4315.39     -1.5022287E-006
          4326.68     -1.5057614E-006
          4337.97     -1.5086816E-006
          4349.26     -1.5109775E-006
          4360.55     -1.5126370E-006
          4371.84     -1.5136478E-006
          4383.12     -1.5139974E-006
          4394.41     -1.5136730E-006
          4405.70     -1.5126612E-006
          4416.99     -1.5109485E-006
          4428.28     -1.5085211E-006
          4439.57     -1.5053650E-006
          4450.86     -1.5014657E-006
          4462.15     -1.4968085E-006
          4473.44     -1.4913783E-006
          4484.73     -1.4851600E-006
          4496.02     -1.4781377E-006
          4507.30     -1.4702957E-006
          4518.59     -1.4616177E-006
          4529.88     -1.4520871E-006
          4541.17     -1.4416869E-006
          4552.46     -1.4304002E-006
          4563.75     -1.4182092E-006
          4575.04     -1.4050962E-006
          4586.33     -1.3910430E-006
          4597.62     -1.3760311E-006
          4608.91     -1.3600416E-006
          4620.20     -1.3430555E-006
          4631.48     -1.3250531E-006
          4642.77     -1.3060147E-006
          4654.06     -1.2859201E-006
          4665.35     -1.2647486E-006
          4676.64     -1.2424794E-006
          4687.93     -1.2190912E-006
          4699.22     -1.1945625E-006
          4710.51     -1.1688712E-006
          4721.80     -1.1419950E-006
          4733.09     -1.1139112E-006
          4744.38     -1.0845967E-006
          4755.66     -1.0540280E-006
          4766.95     -1.0221814E-006
          4778.24     -9.8903253E-007
          4789.53     -9.5455688E-007
          4800.82     -9.1872943E-007
          4812.11     -8.8152477E-007
          4823.40     -8.4291716E-007
          4834.69     -8.0288040E-007
          4845.98     -7.6138791E-007
          4857.27     -7.1841267E-007
          4868.55     -6.7392722E-007
          4879.84     -6.2790381E-007
          4891.13     -5.8031415E-007
          4902.42     -5.3112950E-007
          4913.71     -4.8032085E-007
          4925.00     -4.2785862E-007
          4936.29     -3.7371285E-007
          4947.58     -3.1785312E-007
          4958.87     -2.6024852E-007
          4970.16     -2.0086787E-007
          4981.45     -1.3967935E-007
          4992.73     -7.6650716E-008
          5004.02     -1.1749395E-008
          5015.31      5.5057819E-008
          5026.60      1.2380454E-007
          5037.89      1.9452488E-007
          5049.18      2.6725345E-007
          5060.47      3.4202517E-007
          5071.76      4.1887566E-007
          5083.05      4.9784100E-007
          5094.34      5.7895756E-007
          5105.62      6.6226244E-007
          5116.91      7.4779314E-007
          5128.20      8.3558771E-007
          5139.49      9.2568475E-007
          5150.78      1.0181232E-006
          5162.07      1.1129427E-006
          5173.36      1.2101834E-006
          5184.65      1.3098859E-006
          5195.94      1.4120914E-006
          5207.23      1.5168417E-006
          5218.52      1.6241790E-006
          5229.80      1.7341463E-006
          5241.09      1.8467867E-006
          5252.38      1.9621443E-006
          5263.67      2.0802636E-006
          5274.96      2.2011897E-006
          5286.25      2.3249681E-006
          5297.54      2.4516452E-006
          5308.83      2.5812677E-006
          5320.12      2.7138833E-006
          5331.41      2.8495396E-006
          5342.70      2.9882854E-006
          5353.98      3.1301701E-006
          5365.27      3.2752433E-006
          5376.56      3.4235554E-006
          5387.85      3.5751576E-006
          5399.14      3.7301016E-006
          5410.43      3.8884399E-006
          5421.72      4.0502250E-006
          5433.01      4.2155108E-006
          5444.30      4.3843517E-006
          5455.59      4.5568022E-006
          5466.88      4.7329182E-006
          5478.16      4.9127559E-006
          5489.45      5.0963722E-006
          5500.74      5.2838249E-006
          5512.03      5.4751719E-006
          5523.32      5.6704723E-006
          5534.61      5.8697859E-006
          5545.90      6.0731728E-006
          5557.19      6.2806942E-006
          5568.48      6.4924117E-006
          5579.77      6.7083881E-006
          5591.05      6.9286871E-006
          5602.34      7.1533727E-006
          5613.63      7.3825100E-006
          5624.92      7.6161648E-006
          5636.21      7.8544030E-006
          5647.50      8.0972919E-006
          5658.79      8.3448990E-006
          5670.08      8.5972929E-006
          5681.37      8.8545439E-006
          5692.66      9.1167237E-006
          5703.95      9.3618495E-006
          5715.23      9.5688860E-006
          5726.52      9.7393134E-006
          5737.81      9.8745946E-006
          5749.10      9.9761752E-006
          5760.39      1.0045483E-005
          5771.68      1.0083928E-005
          5782.97      1.0092903E-005
          5794.26      1.0073772E-005
          5805.55      1.0027877E-005
          5816.84      9.9565470E-006
          5828.12      9.8611014E-006
          5839.41      9.7428479E-006
          5850.70      9.6030848E-006
          5861.99      9.4431000E-006
          5873.28      9.2641724E-006
          5884.57      9.0675714E-006
          5895.86      8.8545572E-006
          5907.15      8.6263821E-006
          5918.44      8.3842960E-006
          5929.73      8.1295457E-006
          5941.02      7.8633677E-006
          5952.30      7.5869874E-006
          5963.59      7.3016207E-006
          5974.88      7.0084737E-006
          5986.17      6.7087453E-006
          5997.46      6.4036260E-006
          6008.75      6.0942941E-006
          6020.04      5.7819171E-006
          6031.33      5.4676423E-006
          6042.62      5.1525981E-006
          6053.91      4.8379072E-006
          6065.20      4.5246850E-006
          6076.48      4.2140378E-006
          6087.77      3.9070620E-006
          6099.06      3.6048470E-006
          6110.35      3.3084798E-006
          6121.64      3.0190462E-006
          6132.93      2.7376407E-006
          6144.22      2.4653626E-006
          6155.51      2.2032990E-006
          6166.80      1.9525260E-006
          6178.09      1.7141056E-006
          6189.38      1.4890844E-006
          6200.66      1.2785063E-006
          6211.95      1.0834175E-006
          6223.24      9.0486630E-007
          6234.53      7.4390437E-007
          6245.82      6.0158578E-007
          6257.11      4.7896785E-007
          6268.40      3.7711155E-007
          6279.69      2.9147177E-007
          6290.98      2.1678542E-007
          6302.27      1.5304046E-007
          6313.55      1.0022760E-007
          6324.84      5.8340200E-008
          6336.13      2.7373813E-008
          6347.42      7.3267307E-009
          6358.71     -1.7995558E-009
          6370.00      7.8579209E-039
