          3480.00     -1.2632388E-032
          3491.29     -3.3725507E-014
          3502.58     -6.5646408E-014
          3513.87     -9.6158911E-014
          3525.16     -1.2562651E-013
          3536.45     -1.5438465E-013
          3547.73     -1.8274475E-013
          3559.02     -2.1099766E-013
          3570.31     -2.3941718E-013
          3581.60     -2.6826279E-013
          3592.89     -2.9778240E-013
          3604.18     -3.2821452E-013
          3615.47     -3.5979009E-013
          3626.76     -3.9273460E-013
          3638.05     -4.2727007E-013
          3649.34     -4.6361652E-013
          3660.62     -5.0199367E-013
          3671.91     -5.4262211E-013
          3683.20     -5.8572456E-013
          3694.49     -6.3152706E-013
          3705.78     -6.8025978E-013
          3717.07     -7.3215822E-013
          3728.36     -7.8746396E-013
          3739.65     -8.4642525E-013
          3750.94     -9.0929801E-013
          3762.23     -9.7634624E-013
          3773.52     -1.0478426E-012
          3784.80     -1.1240691E-012
          3796.09     -1.2053169E-012
          3807.38     -1.2918877E-012
          3818.67     -1.3840933E-012
          3829.96     -1.4822556E-012
          3841.25     -1.5867072E-012
          3852.54     -1.6977905E-012
          3863.83     -1.8158581E-012
          3875.12     -1.9412723E-012
          3886.41     -2.0744045E-012
          3897.70     -2.2156346E-012
          3908.98     -2.3653505E-012
          3920.27     -2.5239465E-012
          3931.56     -2.6918226E-012
          3942.85     -2.8693827E-012
          3954.14     -3.0570337E-012
          3965.43     -3.2551833E-012
          3976.72     -3.4642368E-012
          3988.01     -3.6845955E-012
          3999.30     -3.9166526E-012
          4010.59     -4.1607894E-012
          4021.88     -4.4173723E-012
          4033.16     -4.6867472E-012
          4044.45     -4.9692353E-012
          4055.74     -5.2651264E-012
          4067.03     -5.5746723E-012
          4078.32     -5.8980807E-012
          4089.61     -6.2355060E-012
          4100.90     -6.5870398E-012
          4112.19     -6.9527023E-012
          4123.48     -7.3324297E-012
          4134.77     -7.7260626E-012
          4146.05     -8.1333319E-012
          4157.34     -8.5538421E-012
          4168.63     -8.9870571E-012
          4179.92     -9.4322803E-012
          4191.21     -9.8886326E-012
          4202.50     -1.0355033E-011
          4213.79     -1.0830171E-011
          4225.08     -1.1312481E-011
          4236.37     -1.1800113E-011
          4247.66     -1.2290897E-011
          4258.95     -1.2782309E-011
          4270.23     -1.3271432E-011
          4281.52     -1.3754914E-011
          4292.81     -1.4228918E-011
          4304.10     -1.4689075E-011
          4315.39     -1.5130425E-011
          4326.68     -1.5547360E-011
          4337.97     -1.5933553E-011
          4349.26     -1.6281889E-011
          4360.55     -1.6584387E-011
          4371.84     -1.6832125E-011
          4383.12     -1.7015139E-011
          4394.41     -1.7122302E-011
          4405.70     -1.7141235E-011
          4416.99     -1.7058182E-011
          4428.28     -1.6857889E-011
          4439.57     -1.6523456E-011
          4450.86     -1.6036197E-011
          4462.15     -1.5375468E-011
          4473.44     -1.4518494E-011
          4484.73     -1.3440178E-011
          4496.02     -1.2112893E-011
          4507.30     -1.0506256E-011
          4518.59     -8.5868974E-012
          4529.88     -6.3181841E-012
          4541.17     -3.6599474E-012
          4552.46     -5.6818582E-013
          4563.75      3.0052754E-012
          4575.04      7.1131294E-012
          4586.33      1.1812972E-011
          4597.62      1.7167717E-011
          4608.91      2.3246017E-011
          4620.20      3.0122771E-011
          4631.48      3.7879622E-011
          4642.77      4.6605488E-011
          4654.06      5.6397191E-011
          4665.35      6.7360075E-011
          4676.64      7.9608690E-011
          4687.93      9.3267549E-011
          4699.22      1.0847186E-010
          4710.51      1.2536847E-010
          4721.80      1.4411672E-010
          4733.09      1.6488938E-010
          4744.38      1.8787381E-010
          4755.66      2.1327300E-010
          4766.95      2.4130681E-010
          4778.24      2.7221330E-010
          4789.53      3.0624999E-010
          4800.82      3.4369554E-010
          4812.11      3.8485125E-010
          4823.40      4.3004264E-010
          4834.69      4.7962152E-010
          4845.98      5.3396783E-010
          4857.27      5.9349171E-010
          4868.55      6.5863587E-010
          4879.84      7.2987773E-010
          4891.13      8.0773228E-010
          4902.42      8.9275473E-010
          4913.71      9.8554317E-010
          4925.00      1.0867421E-009
          4936.29      1.1970457E-009
          4947.58      1.3172011E-009
          4958.87      1.4480126E-009
          4970.16      1.5903453E-009
          4981.45      1.7451299E-009
          4992.73      1.9133673E-009
          5004.02      2.0961329E-009
          5015.31      2.2945830E-009
          5026.60      2.5099596E-009
          5037.89      2.7435967E-009
          5049.18      2.9969267E-009
          5060.47      3.2714867E-009
          5071.76      3.5689268E-009
          5083.05      3.8910174E-009
          5094.34      4.2396564E-009
          5105.62      4.6168800E-009
          5116.91      5.0248706E-009
          5128.20      5.4659672E-009
          5139.49      5.9426765E-009
          5150.78      6.4576824E-009
          5162.07      7.0138607E-009
          5173.36      7.6142907E-009
          5184.65      8.2622670E-009
          5195.94      8.9613170E-009
          5207.23      9.7152144E-009
          5218.52      1.0527996E-008
          5229.80      1.1403980E-008
          5241.09      1.2347780E-008
          5252.38      1.3364332E-008
          5263.67      1.4458911E-008
          5274.96      1.5637150E-008
          5286.25      1.6905070E-008
          5297.54      1.8269102E-008
          5308.83      1.9736111E-008
          5320.12      2.1313431E-008
          5331.41      2.3008884E-008
          5342.70      2.4830823E-008
          5353.98      2.6788160E-008
          5365.27      2.8890397E-008
          5376.56      3.1147675E-008
          5387.85      3.3570804E-008
          5399.14      3.6171311E-008
          5410.43      3.8961485E-008
          5421.72      4.1954416E-008
          5433.01      4.5164059E-008
          5444.30      4.8605282E-008
          5455.59      5.2293913E-008
          5466.88      5.6246816E-008
          5478.16      6.0481948E-008
          5489.45      6.5018422E-008
          5500.74      6.9876587E-008
          5512.03      7.5078085E-008
          5523.32      8.0645956E-008
          5534.61      8.6604713E-008
          5545.90      9.2980411E-008
          5557.19      9.9800774E-008
          5568.48      1.0709528E-007
          5579.77      1.1489527E-007
          5591.05      1.2323409E-007
          5602.34      1.3214713E-007
          5613.63      1.4167202E-007
          5624.92      1.5184875E-007
          5636.21      1.6271974E-007
          5647.50      1.7433005E-007
          5658.79      1.8672755E-007
          5670.08      1.9996303E-007
          5681.37      2.1409052E-007
          5692.66      2.2916740E-007
          5703.95      2.3666093E-007
          5715.23      2.2889574E-007
          5726.52      2.0713654E-007
          5737.81      1.7254670E-007
          5749.10      1.2619660E-007
          5760.39      6.9071526E-008
          5771.68      2.0788284E-009
          5782.97     -7.3945162E-008
          5794.26     -1.5823160E-007
          5805.55     -2.5007002E-007
          5816.84     -3.4879665E-007
          5828.12     -4.5378934E-007
          5839.41     -5.6446209E-007
          5850.70     -6.8026038E-007
          5861.99     -8.0065658E-007
          5873.28     -9.2514509E-007
          5884.57     -1.0532387E-006
          5895.86     -1.1844641E-006
          5907.15     -1.3183576E-006
          5918.44     -1.4544597E-006
          5929.73     -1.5923121E-006
          5941.02     -1.7314570E-006
          5952.30     -1.8714336E-006
          5963.59     -2.0117738E-006
          5974.88     -2.1519991E-006
          5986.17     -2.2916161E-006
          5997.46     -2.4301134E-006
          6008.75     -2.5669598E-006
          6020.04     -2.7015998E-006
          6031.33     -2.8334531E-006
          6042.62     -2.9619088E-006
          6053.91     -3.0863166E-006
          6065.20     -3.2059830E-006
          6076.48     -3.3201679E-006
          6087.77     -3.4280794E-006
          6099.06     -3.5288677E-006
          6110.35     -3.6216186E-006
          6121.64     -3.7053480E-006
          6132.93     -3.7789934E-006
          6144.22     -3.8414127E-006
          6155.51     -3.8913851E-006
          6166.80     -3.9276040E-006
          6178.09     -3.9486709E-006
          6189.38     -3.9530865E-006
          6200.66     -3.9392360E-006
          6211.95     -3.9053792E-006
          6223.24     -3.8496422E-006
          6234.53     -3.7700083E-006
          6245.82     -3.6643088E-006
          6257.11     -3.5302134E-006
          6268.40     -3.3652198E-006
          6279.69     -3.1635234E-006
          6290.98     -2.9208393E-006
          6302.27     -2.6366337E-006
          6313.55     -2.3101384E-006
          6324.84     -1.9403528E-006
          6336.13     -1.5260401E-006
          6347.42     -1.0657264E-006
          6358.71     -5.5769891E-007
          6370.00      0.0000000E+000
