          3480.00      1.2098113E-030
          3491.29     -1.0778353E-014
          3502.58     -2.0999850E-014
          3513.87     -3.0806151E-014
          3525.16     -4.0327390E-014
          3536.45     -4.9684030E-014
          3547.73     -5.8988435E-014
          3559.02     -6.8346294E-014
          3570.31     -7.7857960E-014
          3581.60     -8.7619594E-014
          3592.89     -9.7724226E-014
          3604.18     -1.0826269E-013
          3615.47     -1.1932434E-013
          3626.76     -1.3099800E-013
          3638.05     -1.4337269E-013
          3649.34     -1.5653834E-013
          3660.62     -1.7058649E-013
          3671.91     -1.8561083E-013
          3683.20     -2.0170783E-013
          3694.49     -2.1897726E-013
          3705.78     -2.3752267E-013
          3717.07     -2.5745197E-013
          3728.36     -2.7887787E-013
          3739.65     -3.0191830E-013
          3750.94     -3.2669693E-013
          3762.23     -3.5334356E-013
          3773.52     -3.8199455E-013
          3784.80     -4.1279325E-013
          3796.09     -4.4589029E-013
          3807.38     -4.8144418E-013
          3818.67     -5.1962165E-013
          3829.96     -5.6059776E-013
          3841.25     -6.0455644E-013
          3852.54     -6.5169062E-013
          3863.83     -7.0220260E-013
          3875.12     -7.5630424E-013
          3886.41     -8.1421702E-013
          3897.70     -8.7617247E-013
          3908.98     -9.4241210E-013
          3920.27     -1.0131873E-012
          3931.56     -1.0887595E-012
          3942.85     -1.1694001E-012
          3954.14     -1.2553904E-012
          3965.43     -1.3470210E-012
          3976.72     -1.4445918E-012
          3988.01     -1.5484110E-012
          3999.30     -1.6587946E-012
          4010.59     -1.7760652E-012
          4021.88     -1.9005511E-012
          4033.16     -2.0325854E-012
          4044.45     -2.1725038E-012
          4055.74     -2.3206432E-012
          4067.03     -2.4773392E-012
          4078.32     -2.6429243E-012
          4089.61     -2.8177246E-012
          4100.90     -3.0020564E-012
          4112.19     -3.1962229E-012
          4123.48     -3.4005100E-012
          4134.77     -3.6151810E-012
          4146.05     -3.8404717E-012
          4157.34     -4.0765835E-012
          4168.63     -4.3236775E-012
          4179.92     -4.5818663E-012
          4191.21     -4.8512043E-012
          4202.50     -5.1316799E-012
          4213.79     -5.4232032E-012
          4225.08     -5.7255943E-012
          4236.37     -6.0385700E-012
          4247.66     -6.3617279E-012
          4258.95     -6.6945309E-012
          4270.23     -7.0362883E-012
          4281.52     -7.3861345E-012
          4292.81     -7.7430083E-012
          4304.10     -8.1056265E-012
          4315.39     -8.4724572E-012
          4326.68     -8.8416895E-012
          4337.97     -9.2111989E-012
          4349.26     -9.5785126E-012
          4360.55     -9.9407681E-012
          4371.84     -1.0294674E-011
          4383.12     -1.0636458E-011
          4394.41     -1.0961804E-011
          4405.70     -1.1265802E-011
          4416.99     -1.1542883E-011
          4428.28     -1.1786748E-011
          4439.57     -1.1990298E-011
          4450.86     -1.2145541E-011
          4462.15     -1.2243508E-011
          4473.44     -1.2274151E-011
          4484.73     -1.2226234E-011
          4496.02     -1.2087216E-011
          4507.30     -1.1843119E-011
          4518.59     -1.1478392E-011
          4529.88     -1.0975755E-011
          4541.17     -1.0316030E-011
          4552.46     -9.4779712E-012
          4563.75     -8.4380561E-012
          4575.04     -7.1702797E-012
          4586.33     -5.6459201E-012
          4597.62     -3.8332852E-012
          4608.91     -1.6974466E-012
          4620.20      8.0006502E-013
          4631.48      3.7015777E-012
          4642.77      7.0536160E-012
          4654.06      1.0907293E-011
          4665.35      1.5318706E-011
          4676.64      2.0349382E-011
          4687.93      2.6066758E-011
          4699.22      3.2544676E-011
          4710.51      3.9863971E-011
          4721.80      4.8113060E-011
          4733.09      5.7388570E-011
          4744.38      6.7796079E-011
          4755.66      7.9450849E-011
          4766.95      9.2478651E-011
          4778.24      1.0701666E-010
          4789.53      1.2321435E-010
          4800.82      1.4123461E-010
          4812.11      1.6125481E-010
          4823.40      1.8346792E-010
          4834.69      2.0808391E-010
          4845.98      2.3533109E-010
          4857.27      2.6545756E-010
          4868.55      2.9873293E-010
          4879.84      3.3544981E-010
          4891.13      3.7592593E-010
          4902.42      4.2050600E-010
          4913.71      4.6956375E-010
          4925.00      5.2350444E-010
          4936.29      5.8276722E-010
          4947.58      6.4782777E-010
          4958.87      7.1920127E-010
          4970.16      7.9744516E-010
          4981.45      8.8316285E-010
          4992.73      9.7700703E-010
          5004.02      1.0796833E-009
          5015.31      1.1919545E-009
          5026.60      1.3146452E-009
          5037.89      1.4486458E-009
          5049.18      1.5949180E-009
          5060.47      1.7544998E-009
          5071.76      1.9285118E-009
          5083.05      2.1181628E-009
          5094.34      2.3247563E-009
          5105.62      2.5496982E-009
          5116.91      2.7945038E-009
          5128.20      3.0608061E-009
          5139.49      3.3503645E-009
          5150.78      3.6650734E-009
          5162.07      4.0069731E-009
          5173.36      4.3782602E-009
          5184.65      4.7812974E-009
          5195.94      5.2186276E-009
          5207.23      5.6929858E-009
          5218.52      6.2073126E-009
          5229.80      6.7647702E-009
          5241.09      7.3687554E-009
          5252.38      8.0229196E-009
          5263.67      8.7311855E-009
          5274.96      9.4977641E-009
          5286.25      1.0327179E-008
          5297.54      1.1224285E-008
          5308.83      1.2194292E-008
          5320.12      1.3242794E-008
          5331.41      1.4375785E-008
          5342.70      1.5599700E-008
          5353.98      1.6921437E-008
          5365.27      1.8348386E-008
          5376.56      1.9888475E-008
          5387.85      2.1550195E-008
          5399.14      2.3342643E-008
          5410.43      2.5275565E-008
          5421.72      2.7359394E-008
          5433.01      2.9605302E-008
          5444.30      3.2025252E-008
          5455.59      3.4632038E-008
          5466.88      3.7439358E-008
          5478.16      4.0461863E-008
          5489.45      4.3715224E-008
          5500.74      4.7216200E-008
          5512.03      5.0982703E-008
          5523.32      5.5033887E-008
          5534.61      5.9390223E-008
          5545.90      6.4073574E-008
          5557.19      6.9107310E-008
          5568.48      7.4516390E-008
          5579.77      8.0327475E-008
          5591.05      8.6569051E-008
          5602.34      9.3271506E-008
          5613.63      1.0046728E-007
          5624.92      1.0819101E-007
          5636.21      1.1647958E-007
          5647.50      1.2537240E-007
          5658.79      1.3491147E-007
          5670.08      1.4514157E-007
          5681.37      1.5611054E-007
          5692.66      1.6786942E-007
          5703.95      1.7273319E-007
          5715.23      1.6382411E-007
          5726.52      1.4232348E-007
          5737.81      1.0930924E-007
          5749.10      6.5764993E-008
          5760.39      1.2588285E-008
          5771.68     -4.9401719E-008
          5782.97     -1.1945703E-007
          5794.26     -1.9689668E-007
          5805.55     -2.8109754E-007
          5816.84     -3.7148307E-007
          5828.12     -4.6751796E-007
          5839.41     -5.6870268E-007
          5850.70     -6.7456860E-007
          5861.99     -7.8467331E-007
          5873.28     -8.9859579E-007
          5884.57     -1.0159326E-006
          5895.86     -1.1362932E-006
          5907.15     -1.2592960E-006
          5918.44     -1.3845626E-006
          5929.73     -1.5117149E-006
          5941.02     -1.6403742E-006
          5952.30     -1.7701569E-006
          5963.59     -1.9006711E-006
          5974.88     -2.0315125E-006
          5986.17     -2.1622603E-006
          5997.46     -2.2924739E-006
          6008.75     -2.4216904E-006
          6020.04     -2.5494203E-006
          6031.33     -2.6751462E-006
          6042.62     -2.7983173E-006
          6053.91     -2.9183397E-006
          6065.20     -3.0345732E-006
          6076.48     -3.1463266E-006
          6087.77     -3.2528523E-006
          6099.06     -3.3533401E-006
          6110.35     -3.4469093E-006
          6121.64     -3.5326030E-006
          6132.93     -3.6093793E-006
          6144.22     -3.6761085E-006
          6155.51     -3.7315733E-006
          6166.80     -3.7744608E-006
          6178.09     -3.8033552E-006
          6189.38     -3.8167271E-006
          6200.66     -3.8129182E-006
          6211.95     -3.7901294E-006
          6223.24     -3.7464106E-006
          6234.53     -3.6796504E-006
          6245.82     -3.5875646E-006
          6257.11     -3.4676840E-006
          6268.40     -3.3173426E-006
          6279.69     -3.1294826E-006
          6290.98     -2.8987053E-006
          6302.27     -2.6244650E-006
          6313.55     -2.3059330E-006
          6324.84     -1.9419989E-006
          6336.13     -1.5312673E-006
          6347.42     -1.0720551E-006
          6358.71     -5.6238948E-007
          6370.00     -6.6403261E-057
