          3480.00      1.5402848E-039
          3491.29     -2.7219806E-008
          3502.58     -5.4132824E-008
          3513.87     -8.0741850E-008
          3525.16     -1.0704951E-007
          3536.45     -1.3305841E-007
          3547.73     -1.5877105E-007
          3559.02     -1.8418978E-007
          3570.31     -2.0931693E-007
          3581.60     -2.3415471E-007
          3592.89     -2.5870524E-007
          3604.18     -2.8297048E-007
          3615.47     -3.0695193E-007
          3626.76     -3.3065091E-007
          3638.05     -3.5406867E-007
          3649.34     -3.7720629E-007
          3660.62     -4.0006489E-007
          3671.91     -4.2264548E-007
          3683.20     -4.4494899E-007
          3694.49     -4.6697632E-007
          3705.78     -4.8872824E-007
          3717.07     -5.1020551E-007
          3728.36     -5.3140885E-007
          3739.65     -5.5233882E-007
          3750.94     -5.7299600E-007
          3762.23     -5.9338091E-007
          3773.52     -6.1349397E-007
          3784.80     -6.3333559E-007
          3796.09     -6.5290605E-007
          3807.38     -6.7220570E-007
          3818.67     -6.9123484E-007
          3829.96     -7.0999369E-007
          3841.25     -7.2848244E-007
          3852.54     -7.4670123E-007
          3863.83     -7.6465014E-007
          3875.12     -7.8232920E-007
          3886.41     -7.9973836E-007
          3897.70     -8.1687756E-007
          3908.98     -8.3374668E-007
          3920.27     -8.5034551E-007
          3931.56     -8.6667384E-007
          3942.85     -8.8273140E-007
          3954.14     -8.9851788E-007
          3965.43     -9.1403300E-007
          3976.72     -9.2927639E-007
          3988.01     -9.4424765E-007
          3999.30     -9.5894637E-007
          4010.59     -9.7337202E-007
          4021.88     -9.8752409E-007
          4033.16     -1.0014020E-006
          4044.45     -1.0150051E-006
          4055.74     -1.0283328E-006
          4067.03     -1.0413844E-006
          4078.32     -1.0541590E-006
          4089.61     -1.0666559E-006
          4100.90     -1.0788743E-006
          4112.19     -1.0908132E-006
          4123.48     -1.1024718E-006
          4134.77     -1.1138491E-006
          4146.05     -1.1249442E-006
          4157.34     -1.1357558E-006
          4168.63     -1.1462831E-006
          4179.92     -1.1565249E-006
          4191.21     -1.1664799E-006
          4202.50     -1.1761471E-006
          4213.79     -1.1855252E-006
          4225.08     -1.1946128E-006
          4236.37     -1.2034088E-006
          4247.66     -1.2119118E-006
          4258.95     -1.2201203E-006
          4270.23     -1.2280329E-006
          4281.52     -1.2356483E-006
          4292.81     -1.2429648E-006
          4304.10     -1.2499809E-006
          4315.39     -1.2566952E-006
          4326.68     -1.2631059E-006
          4337.97     -1.2692114E-006
          4349.26     -1.2750101E-006
          4360.55     -1.2805003E-006
          4371.84     -1.2856802E-006
          4383.12     -1.2905482E-006
          4394.41     -1.2951023E-006
          4405.70     -1.2993409E-006
          4416.99     -1.3032619E-006
          4428.28     -1.3068634E-006
          4439.57     -1.3101435E-006
          4450.86     -1.3131003E-006
          4462.15     -1.3157317E-006
          4473.44     -1.3180355E-006
          4484.73     -1.3200099E-006
          4496.02     -1.3216526E-006
          4507.30     -1.3229615E-006
          4518.59     -1.3239344E-006
          4529.88     -1.3245692E-006
          4541.17     -1.3248635E-006
          4552.46     -1.3248152E-006
          4563.75     -1.3244218E-006
          4575.04     -1.3236812E-006
          4586.33     -1.3225909E-006
          4597.62     -1.3211485E-006
          4608.91     -1.3193517E-006
          4620.20     -1.3171979E-006
          4631.48     -1.3146848E-006
          4642.77     -1.3118098E-006
          4654.06     -1.3085704E-006
          4665.35     -1.3049639E-006
          4676.64     -1.3009879E-006
          4687.93     -1.2966397E-006
          4699.22     -1.2919166E-006
          4710.51     -1.2868160E-006
          4721.80     -1.2813352E-006
          4733.09     -1.2754713E-006
          4744.38     -1.2692217E-006
          4755.66     -1.2625836E-006
          4766.95     -1.2555541E-006
          4778.24     -1.2481303E-006
          4789.53     -1.2403095E-006
          4800.82     -1.2320886E-006
          4812.11     -1.2234648E-006
          4823.40     -1.2144350E-006
          4834.69     -1.2049964E-006
          4845.98     -1.1951458E-006
          4857.27     -1.1848802E-006
          4868.55     -1.1741966E-006
          4879.84     -1.1630918E-006
          4891.13     -1.1515627E-006
          4902.42     -1.1396061E-006
          4913.71     -1.1272188E-006
          4925.00     -1.1143977E-006
          4936.29     -1.1011394E-006
          4947.58     -1.0874407E-006
          4958.87     -1.0732983E-006
          4970.16     -1.0587088E-006
          4981.45     -1.0436690E-006
          4992.73     -1.0281754E-006
          5004.02     -1.0122246E-006
          5015.31     -9.9581315E-007
          5026.60     -9.7893765E-007
          5037.89     -9.6159455E-007
          5049.18     -9.4378033E-007
          5060.47     -9.2549146E-007
          5071.76     -9.0672435E-007
          5083.05     -8.8747539E-007
          5094.34     -8.6774099E-007
          5105.62     -8.4751748E-007
          5116.91     -8.2680117E-007
          5128.20     -8.0558837E-007
          5139.49     -7.8387532E-007
          5150.78     -7.6165832E-007
          5162.07     -7.3893354E-007
          5173.36     -7.1569716E-007
          5184.65     -6.9194538E-007
          5195.94     -6.6767431E-007
          5207.23     -6.4288006E-007
          5218.52     -6.1755871E-007
          5229.80     -5.9170630E-007
          5241.09     -5.6531892E-007
          5252.38     -5.3839254E-007
          5263.67     -5.1092313E-007
          5274.96     -4.8290669E-007
          5286.25     -4.5433913E-007
          5297.54     -4.2521638E-007
          5308.83     -3.9553429E-007
          5320.12     -3.6528871E-007
          5331.41     -3.3447550E-007
          5342.70     -3.0309045E-007
          5353.98     -2.7112932E-007
          5365.27     -2.3858790E-007
          5376.56     -2.0546190E-007
          5387.85     -1.7174704E-007
          5399.14     -1.3743899E-007
          5410.43     -1.0253337E-007
          5421.72     -6.7025887E-008
          5433.01     -3.0912108E-008
          5444.30      5.8124140E-009
          5455.59      4.3152060E-008
          5466.88      8.1111340E-008
          5478.16      1.1969475E-007
          5489.45      1.5890683E-007
          5500.74      1.9875214E-007
          5512.03      2.3923519E-007
          5523.32      2.8036062E-007
          5534.61      3.2213307E-007
          5545.90      3.6455711E-007
          5557.19      4.0763745E-007
          5568.48      4.5137876E-007
          5579.77      4.9578585E-007
          5591.05      5.4086367E-007
          5602.34      5.8661709E-007
          5613.63      6.3305110E-007
          5624.92      6.8017073E-007
          5636.21      7.2798087E-007
          5647.50      7.7648657E-007
          5658.79      8.2569285E-007
          5670.08      8.7560474E-007
          5681.37      9.2622787E-007
          5692.66      9.7756831E-007
          5703.95      1.0270303E-006
          5715.23      1.0720970E-006
          5726.52      1.1128924E-006
          5737.81      1.1495399E-006
          5749.10      1.1821622E-006
          5760.39      1.2108811E-006
          5771.68      1.2358176E-006
          5782.97      1.2570918E-006
          5794.26      1.2748213E-006
          5805.55      1.2891214E-006
          5816.84      1.3001070E-006
          5828.12      1.3078921E-006
          5839.41      1.3125906E-006
          5850.70      1.3143153E-006
          5861.99      1.3131789E-006
          5873.28      1.3092934E-006
          5884.57      1.3027702E-006
          5895.86      1.2937201E-006
          5907.15      1.2822536E-006
          5918.44      1.2684816E-006
          5929.73      1.2525152E-006
          5941.02      1.2344648E-006
          5952.30      1.2144404E-006
          5963.59      1.1925509E-006
          5974.88      1.1689049E-006
          5986.17      1.1436105E-006
          5997.46      1.1167756E-006
          6008.75      1.0885071E-006
          6020.04      1.0589108E-006
          6031.33      1.0280905E-006
          6042.62      9.9614752E-007
          6053.91      9.6318281E-007
          6065.20      9.2929657E-007
          6076.48      8.9458790E-007
          6087.77      8.5915461E-007
          6099.06      8.2309356E-007
          6110.35      7.8650126E-007
          6121.64      7.4947414E-007
          6132.93      7.1211016E-007
          6144.22      6.7450846E-007
          6155.51      6.3676664E-007
          6166.80      5.9898079E-007
          6178.09      5.6124488E-007
          6189.38      5.2365006E-007
          6200.66      4.8628671E-007
          6211.95      4.4924507E-007
          6223.24      4.1261530E-007
          6234.53      3.7648755E-007
          6245.82      3.4095184E-007
          6257.11      3.0609811E-007
          6268.40      2.7201636E-007
          6279.69      2.3873080E-007
          6290.98      2.0620674E-007
          6302.27      1.7444572E-007
          6313.55      1.4344933E-007
          6324.84      1.1321934E-007
          6336.13      8.3757446E-008
          6347.42      5.5065470E-008
          6358.71      2.7145530E-008
          6370.00      3.6922556E-039
