          3480.00     -4.8849965E-034
          3491.29     -5.0179192E-011
          3502.58     -9.7916806E-011
          3513.87     -1.4345404E-010
          3525.16     -1.8701439E-010
          3536.45     -2.2880517E-010
          3547.73     -2.6901856E-010
          3559.02     -3.0783256E-010
          3570.31     -3.4541218E-010
          3581.60     -3.8191022E-010
          3592.89     -4.1746806E-010
          3604.18     -4.5221626E-010
          3615.47     -4.8627476E-010
          3626.76     -5.1975380E-010
          3638.05     -5.5275465E-010
          3649.34     -5.8537006E-010
          3660.62     -6.1768478E-010
          3671.91     -6.4977588E-010
          3683.20     -6.8171306E-010
          3694.49     -7.1355900E-010
          3705.78     -7.4536943E-010
          3717.07     -7.7719354E-010
          3728.36     -8.0907403E-010
          3739.65     -8.4104716E-010
          3750.94     -8.7314296E-010
          3762.23     -9.0538523E-010
          3773.52     -9.3779153E-010
          3784.80     -9.7037319E-010
          3796.09     -1.0031352E-009
          3807.38     -1.0360763E-009
          3818.67     -1.0691892E-009
          3829.96     -1.1024594E-009
          3841.25     -1.1358660E-009
          3852.54     -1.1693811E-009
          3863.83     -1.2029694E-009
          3875.12     -1.2365880E-009
          3886.41     -1.2701863E-009
          3897.70     -1.3037055E-009
          3908.98     -1.3370782E-009
          3920.27     -1.3702280E-009
          3931.56     -1.4030693E-009
          3942.85     -1.4355065E-009
          3954.14     -1.4674338E-009
          3965.43     -1.4987348E-009
          3976.72     -1.5292816E-009
          3988.01     -1.5589341E-009
          3999.30     -1.5875398E-009
          4010.59     -1.6149323E-009
          4021.88     -1.6409311E-009
          4033.16     -1.6653407E-009
          4044.45     -1.6879497E-009
          4055.74     -1.7085300E-009
          4067.03     -1.7268358E-009
          4078.32     -1.7426024E-009
          4089.61     -1.7555455E-009
          4100.90     -1.7653599E-009
          4112.19     -1.7717184E-009
          4123.48     -1.7742707E-009
          4134.77     -1.7726415E-009
          4146.05     -1.7664301E-009
          4157.34     -1.7552080E-009
          4168.63     -1.7385182E-009
          4179.92     -1.7158730E-009
          4191.21     -1.6867527E-009
          4202.50     -1.6506038E-009
          4213.79     -1.6068370E-009
          4225.08     -1.5548255E-009
          4236.37     -1.4939028E-009
          4247.66     -1.4233608E-009
          4258.95     -1.3424471E-009
          4270.23     -1.2503632E-009
          4281.52     -1.1462619E-009
          4292.81     -1.0292447E-009
          4304.10     -8.9835914E-010
          4315.39     -7.5259617E-010
          4326.68     -5.9088687E-010
          4337.97     -4.1210014E-010
          4349.26     -2.1503854E-010
          4360.55      1.5646070E-012
          4371.84      2.3904654E-010
          4383.12      4.9882144E-010
          4394.41      7.8238525E-010
          4405.70      1.0913183E-009
          4416.99      1.4272896E-009
          4428.28      1.7920604E-009
          4439.57      2.1874896E-009
          4450.86      2.6155386E-009
          4462.15      3.0782746E-009
          4473.44      3.5778781E-009
          4484.73      4.1166467E-009
          4496.02      4.6970014E-009
          4507.30      5.3214930E-009
          4518.59      5.9928058E-009
          4529.88      6.7137676E-009
          4541.17      7.4873546E-009
          4552.46      8.3166963E-009
          4563.75      9.2050868E-009
          4575.04      1.0155990E-008
          4586.33      1.1173047E-008
          4597.62      1.2260087E-008
          4608.91      1.3421132E-008
          4620.20      1.4660410E-008
          4631.48      1.5982362E-008
          4642.77      1.7391648E-008
          4654.06      1.8893168E-008
          4665.35      2.0492059E-008
          4676.64      2.2193717E-008
          4687.93      2.4003804E-008
          4699.22      2.5928255E-008
          4710.51      2.7973299E-008
          4721.80      3.0145471E-008
          4733.09      3.2451614E-008
          4744.38      3.4898908E-008
          4755.66      3.7494876E-008
          4766.95      4.0247401E-008
          4778.24      4.3164745E-008
          4789.53      4.6255551E-008
          4800.82      4.9528882E-008
          4812.11      5.2994225E-008
          4823.40      5.6661504E-008
          4834.69      6.0541116E-008
          4845.98      6.4643936E-008
          4857.27      6.8981347E-008
          4868.55      7.3565258E-008
          4879.84      7.8408117E-008
          4891.13      8.3522952E-008
          4902.42      8.8923387E-008
          4913.71      9.4623649E-008
          4925.00      1.0063863E-007
          4936.29      1.0698387E-007
          4947.58      1.1367564E-007
          4958.87      1.2073091E-007
          4970.16      1.2816742E-007
          4981.45      1.3600369E-007
          4992.73      1.4425910E-007
          5004.02      1.5295381E-007
          5015.31      1.6210894E-007
          5026.60      1.7174651E-007
          5037.89      1.8188949E-007
          5049.18      1.9256188E-007
          5060.47      2.0378869E-007
          5071.76      2.1559603E-007
          5083.05      2.2801114E-007
          5094.34      2.4106241E-007
          5105.62      2.5477945E-007
          5116.91      2.6919316E-007
          5128.20      2.8433572E-007
          5139.49      3.0024072E-007
          5150.78      3.1694311E-007
          5162.07      3.3447935E-007
          5173.36      3.5288745E-007
          5184.65      3.7220697E-007
          5195.94      3.9247913E-007
          5207.23      4.1374690E-007
          5218.52      4.3605500E-007
          5229.80      4.5945002E-007
          5241.09      4.8398041E-007
          5252.38      5.0969670E-007
          5263.67      5.3665145E-007
          5274.96      5.6489932E-007
          5286.25      5.9449726E-007
          5297.54      6.2550452E-007
          5308.83      6.5798274E-007
          5320.12      6.9199607E-007
          5331.41      7.2761117E-007
          5342.70      7.6489746E-007
          5353.98      8.0392713E-007
          5365.27      8.4477515E-007
          5376.56      8.8751957E-007
          5387.85      9.3224151E-007
          5399.14      9.7902529E-007
          5410.43      1.0279586E-006
          5421.72      1.0791325E-006
          5433.01      1.1326416E-006
          5444.30      1.1885843E-006
          5455.59      1.2470628E-006
          5466.88      1.3081833E-006
          5478.16      1.3720561E-006
          5489.45      1.4387957E-006
          5500.74      1.5085211E-006
          5512.03      1.5813559E-006
          5523.32      1.6574282E-006
          5534.61      1.7368713E-006
          5545.90      1.8198235E-006
          5557.19      1.9064281E-006
          5568.48      1.9968342E-006
          5579.77      2.0911964E-006
          5591.05      2.1896754E-006
          5602.34      2.2924377E-006
          5613.63      2.3996561E-006
          5624.92      2.5115100E-006
          5636.21      2.6281850E-006
          5647.50      2.7498739E-006
          5658.79      2.8767765E-006
          5670.08      3.0091000E-006
          5681.37      3.1470600E-006
          5692.66      3.2908802E-006
          5703.95      3.4045191E-006
          5715.23      3.4546513E-006
          5726.52      3.4454413E-006
          5737.81      3.3808747E-006
          5749.10      3.2647690E-006
          5760.39      3.1007831E-006
          5771.68      2.8924265E-006
          5782.97      2.6430683E-006
          5794.26      2.3559325E-006
          5805.55      2.0341173E-006
          5816.84      1.6806263E-006
          5828.12      1.2983767E-006
          5839.41      8.9020731E-007
          5850.70      4.5888682E-007
          5861.99      7.1201136E-009
          5873.28     -4.6244268E-007
          5884.57     -9.4720171E-007
          5895.86     -1.4445995E-006
          5907.15     -1.9521127E-006
          5918.44     -2.4672404E-006
          5929.73     -2.9874993E-006
          5941.02     -3.5104312E-006
          5952.30     -4.0335975E-006
          5963.59     -4.5545720E-006
          5974.88     -5.0709363E-006
          5986.17     -5.5802714E-006
          5997.46     -6.0801544E-006
          6008.75     -6.5681598E-006
          6020.04     -7.0418526E-006
          6031.33     -7.4987944E-006
          6042.62     -7.9365340E-006
          6053.91     -8.3525831E-006
          6065.20     -8.7444134E-006
          6076.48     -9.1094533E-006
          6087.77     -9.4450831E-006
          6099.06     -9.7486240E-006
          6110.35     -1.0017327E-005
          6121.64     -1.0248368E-005
          6132.93     -1.0438829E-005
          6144.22     -1.0585707E-005
          6155.51     -1.0685930E-005
          6166.80     -1.0736348E-005
          6178.09     -1.0733729E-005
          6189.38     -1.0674748E-005
          6200.66     -1.0555965E-005
          6211.95     -1.0373810E-005
          6223.24     -1.0124576E-005
          6234.53     -9.8044167E-006
          6245.82     -9.4093346E-006
          6257.11     -8.9351780E-006
          6268.40     -8.3776343E-006
          6279.69     -7.7413954E-006
          6290.98     -7.0337034E-006
          6302.27     -6.2538347E-006
          6313.55     -5.4009189E-006
          6324.84     -4.4739422E-006
          6336.13     -3.4717426E-006
          6347.42     -2.3930118E-006
          6358.71     -1.2362982E-006
          6370.00      0.0000000E+000
