          3480.00      1.4983732E-024
          3491.29      3.2520342E+000
          3502.58      6.5179840E+000
          3513.87      9.8032027E+000
          3525.16      1.3113008E+001
          3536.45      1.6452708E+001
          3547.73      1.9827600E+001
          3559.02      2.3242972E+001
          3570.31      2.6704126E+001
          3581.60      3.0216374E+001
          3592.89      3.3785048E+001
          3604.18      3.7415502E+001
          3615.47      4.1113094E+001
          3626.76      4.4883216E+001
          3638.05      4.8731309E+001
          3649.34      5.2662861E+001
          3660.62      5.6683432E+001
          3671.91      6.0798647E+001
          3683.20      6.5014205E+001
          3694.49      6.9335889E+001
          3705.78      7.3769560E+001
          3717.07      7.8321178E+001
          3728.36      8.2996807E+001
          3739.65      8.7802599E+001
          3750.94      9.2744830E+001
          3762.23      9.7829887E+001
          3773.52      1.0306428E+002
          3784.80      1.0845465E+002
          3796.09      1.1400775E+002
          3807.38      1.1973052E+002
          3818.67      1.2563000E+002
          3829.96      1.3171341E+002
          3841.25      1.3798811E+002
          3852.54      1.4446165E+002
          3863.83      1.5114171E+002
          3875.12      1.5803616E+002
          3886.41      1.6515305E+002
          3897.70      1.7250060E+002
          3908.98      1.8008725E+002
          3920.27      1.8792159E+002
          3931.56      1.9601243E+002
          3942.85      2.0436881E+002
          3954.14      2.1299995E+002
          3965.43      2.2191532E+002
          3976.72      2.3112460E+002
          3988.01      2.4063769E+002
          3999.30      2.5046476E+002
          4010.59      2.6061617E+002
          4021.88      2.7110256E+002
          4033.16      2.8193481E+002
          4044.45      2.9312406E+002
          4055.74      3.0468171E+002
          4067.03      3.1661940E+002
          4078.32      3.2894910E+002
          4089.61      3.4168301E+002
          4100.90      3.5483361E+002
          4112.19      3.6841371E+002
          4123.48      3.8243638E+002
          4134.77      3.9691500E+002
          4146.05      4.1186327E+002
          4157.34      4.2729517E+002
          4168.63      4.4322500E+002
          4179.92      4.5966742E+002
          4191.21      4.7663735E+002
          4202.50      4.9415009E+002
          4213.79      5.1222126E+002
          4225.08      5.3086682E+002
          4236.37      5.5010309E+002
          4247.66      5.6994669E+002
          4258.95      5.9041464E+002
          4270.23      6.1152431E+002
          4281.52      6.3329340E+002
          4292.81      6.5574001E+002
          4304.10      6.7888259E+002
          4315.39      7.0273998E+002
          4326.68      7.2733142E+002
          4337.97      7.5267643E+002
          4349.26      7.7879503E+002
          4360.55      8.0570760E+002
          4371.84      8.3343487E+002
          4383.12      8.6199804E+002
          4394.41      8.9141865E+002
          4405.70      9.2171862E+002
          4416.99      9.5292030E+002
          4428.28      9.8504635E+002
          4439.57      1.0181199E+003
          4450.86      1.0521646E+003
          4462.15      1.0872042E+003
          4473.44      1.1232630E+003
          4484.73      1.1603659E+003
          4496.02      1.1985379E+003
          4507.30      1.2378047E+003
          4518.59      1.2781920E+003
          4529.88      1.3197262E+003
          4541.17      1.3624340E+003
          4552.46      1.4063425E+003
          4563.75      1.4514793E+003
          4575.04      1.4978721E+003
          4586.33      1.5455493E+003
          4597.62      1.5945394E+003
          4608.91      1.6448714E+003
          4620.20      1.6965747E+003
          4631.48      1.7496790E+003
          4642.77      1.8042142E+003
          4654.06      1.8602107E+003
          4665.35      1.9176993E+003
          4676.64      1.9767108E+003
          4687.93      2.0372767E+003
          4699.22      2.0994284E+003
          4710.51      2.1631977E+003
          4721.80      2.2286170E+003
          4733.09      2.2957182E+003
          4744.38      2.3645342E+003
          4755.66      2.4350976E+003
          4766.95      2.5074413E+003
          4778.24      2.5815987E+003
          4789.53      2.6576027E+003
          4800.82      2.7354867E+003
          4812.11      2.8152845E+003
          4823.40      2.8970292E+003
          4834.69      2.9807546E+003
          4845.98      3.0664941E+003
          4857.27      3.1542815E+003
          4868.55      3.2441501E+003
          4879.84      3.3361333E+003
          4891.13      3.4302643E+003
          4902.42      3.5265764E+003
          4913.71      3.6251022E+003
          4925.00      3.7258745E+003
          4936.29      3.8289255E+003
          4947.58      3.9342875E+003
          4958.87      4.0419919E+003
          4970.16      4.1520699E+003
          4981.45      4.2645521E+003
          4992.73      4.3794689E+003
          5004.02      4.4968495E+003
          5015.31      4.6167229E+003
          5026.60      4.7391171E+003
          5037.89      4.8640594E+003
          5049.18      4.9915763E+003
          5060.47      5.1216931E+003
          5071.76      5.2544343E+003
          5083.05      5.3898233E+003
          5094.34      5.5278821E+003
          5105.62      5.6686317E+003
          5116.91      5.8120916E+003
          5128.20      5.9582798E+003
          5139.49      6.1072130E+003
          5150.78      6.2589058E+003
          5162.07      6.4133713E+003
          5173.36      6.5706209E+003
          5184.65      6.7306635E+003
          5195.94      6.8935062E+003
          5207.23      7.0591539E+003
          5218.52      7.2276092E+003
          5229.80      7.3988722E+003
          5241.09      7.5729400E+003
          5252.38      7.7498072E+003
          5263.67      7.9294659E+003
          5274.96      8.1119042E+003
          5286.25      8.2971077E+003
          5297.54      8.4850584E+003
          5308.83      8.6757346E+003
          5320.12      8.8691111E+003
          5331.41      9.0651583E+003
          5342.70      9.2638427E+003
          5353.98      9.4651268E+003
          5365.27      9.6689679E+003
          5376.56      9.8753192E+003
          5387.85      1.0084129E+004
          5399.14      1.0295339E+004
          5410.43      1.0508888E+004
          5421.72      1.0724706E+004
          5433.01      1.0942720E+004
          5444.30      1.1162850E+004
          5455.59      1.1385007E+004
          5466.88      1.1609100E+004
          5478.16      1.1835026E+004
          5489.45      1.2062678E+004
          5500.74      1.2291941E+004
          5512.03      1.2522690E+004
          5523.32      1.2754794E+004
          5534.61      1.2988113E+004
          5545.90      1.3222498E+004
          5557.19      1.3457790E+004
          5568.48      1.3693820E+004
          5579.77      1.3930410E+004
          5591.05      1.4167370E+004
          5602.34      1.4404499E+004
          5613.63      1.4641586E+004
          5624.92      1.4878407E+004
          5636.21      1.5114730E+004
          5647.50      1.5350307E+004
          5658.79      1.5584880E+004
          5670.08      1.5818178E+004
          5681.37      1.6049910E+004
          5692.66      1.6279771E+004
          5703.95      1.6702424E+004
          5715.23      1.7495382E+004
          5726.52      1.8633199E+004
          5737.81      2.0091190E+004
          5749.10      2.1845392E+004
          5760.39      2.3872526E+004
          5771.68      2.6149958E+004
          5782.97      2.8655663E+004
          5794.26      3.1368255E+004
          5805.55      3.4266878E+004
          5816.84      3.7331020E+004
          5828.12      4.0540494E+004
          5839.41      4.3875384E+004
          5850.70      4.7316017E+004
          5861.99      5.0842933E+004
          5873.28      5.4436838E+004
          5884.57      5.8078588E+004
          5895.86      6.1749152E+004
          5907.15      6.5429569E+004
          5918.44      6.9100902E+004
          5929.73      7.2744229E+004
          5941.02      7.6340680E+004
          5952.30      7.9871423E+004
          5963.59      8.3317617E+004
          5974.88      8.6660404E+004
          5986.17      8.9880871E+004
          5997.46      9.2960039E+004
          6008.75      9.5878869E+004
          6020.04      9.8618235E+004
          6031.33      1.0115892E+005
          6042.62      1.0348156E+005
          6053.91      1.0556652E+005
          6065.20      1.0739389E+005
          6076.48      1.0894346E+005
          6087.77      1.1019467E+005
          6099.06      1.1112654E+005
          6110.35      1.1171767E+005
          6121.64      1.1194617E+005
          6132.93      1.1178967E+005
          6144.22      1.1122536E+005
          6155.51      1.1023003E+005
          6166.80      1.0878000E+005
          6178.09      1.0685103E+005
          6189.38      1.0441827E+005
          6200.66      1.0145611E+005
          6211.95      9.7938186E+004
          6223.24      9.3837336E+004
          6234.53      8.9125567E+004
          6245.82      8.3774016E+004
          6257.11      7.7752926E+004
          6268.40      7.1031630E+004
          6279.69      6.3882537E+004
          6290.98      5.6587824E+004
          6302.27      4.9130593E+004
          6313.55      4.1493737E+004
          6324.84      3.3659944E+004
          6336.13      2.5611639E+004
          6347.42      1.7330985E+004
          6358.71      8.7998996E+003
          6370.00      3.1420817E-038
