          3480.00      7.2699068E-038
          3491.29     -7.9075387E-007
          3502.58     -1.5816564E-006
          3513.87     -2.3727733E-006
          3525.16     -3.1641672E-006
          3536.45     -3.9559015E-006
          3547.73     -4.7480383E-006
          3559.02     -5.5406365E-006
          3570.31     -6.3337558E-006
          3581.60     -7.1274544E-006
          3592.89     -7.9217888E-006
          3604.18     -8.7168134E-006
          3615.47     -9.5125732E-006
          3626.76     -1.0309111E-005
          3638.05     -1.1106467E-005
          3649.34     -1.1904682E-005
          3660.62     -1.2703794E-005
          3671.91     -1.3503842E-005
          3683.20     -1.4304863E-005
          3694.49     -1.5106893E-005
          3705.78     -1.5909968E-005
          3717.07     -1.6714122E-005
          3728.36     -1.7519389E-005
          3739.65     -1.8325802E-005
          3750.94     -1.9133393E-005
          3762.23     -1.9942193E-005
          3773.52     -2.0752233E-005
          3784.80     -2.1563542E-005
          3796.09     -2.2376149E-005
          3807.38     -2.3190082E-005
          3818.67     -2.4005372E-005
          3829.96     -2.4822045E-005
          3841.25     -2.5640129E-005
          3852.54     -2.6459651E-005
          3863.83     -2.7280636E-005
          3875.12     -2.8103110E-005
          3886.41     -2.8927095E-005
          3897.70     -2.9752616E-005
          3908.98     -3.0579695E-005
          3920.27     -3.1408354E-005
          3931.56     -3.2238613E-005
          3942.85     -3.3070493E-005
          3954.14     -3.3904014E-005
          3965.43     -3.4739197E-005
          3976.72     -3.5576060E-005
          3988.01     -3.6414622E-005
          3999.30     -3.7254902E-005
          4010.59     -3.8096916E-005
          4021.88     -3.8940681E-005
          4033.16     -3.9786211E-005
          4044.45     -4.0633524E-005
          4055.74     -4.1482632E-005
          4067.03     -4.2333549E-005
          4078.32     -4.3186287E-005
          4089.61     -4.4040859E-005
          4100.90     -4.4897275E-005
          4112.19     -4.5755546E-005
          4123.48     -4.6615682E-005
          4134.77     -4.7477692E-005
          4146.05     -4.8341584E-005
          4157.34     -4.9207366E-005
          4168.63     -5.0075044E-005
          4179.92     -5.0944625E-005
          4191.21     -5.1816113E-005
          4202.50     -5.2689513E-005
          4213.79     -5.3564830E-005
          4225.08     -5.4442066E-005
          4236.37     -5.5321225E-005
          4247.66     -5.6202306E-005
          4258.95     -5.7085312E-005
          4270.23     -5.7970243E-005
          4281.52     -5.8857097E-005
          4292.81     -5.9745873E-005
          4304.10     -6.0636570E-005
          4315.39     -6.1529184E-005
          4326.68     -6.2423713E-005
          4337.97     -6.3320150E-005
          4349.26     -6.4218492E-005
          4360.55     -6.5118733E-005
          4371.84     -6.6020867E-005
          4383.12     -6.6924888E-005
          4394.41     -6.7830789E-005
          4405.70     -6.8738560E-005
          4416.99     -6.9648192E-005
          4428.28     -7.0559674E-005
          4439.57     -7.1472995E-005
          4450.86     -7.2388144E-005
          4462.15     -7.3305107E-005
          4473.44     -7.4223871E-005
          4484.73     -7.5144422E-005
          4496.02     -7.6066746E-005
          4507.30     -7.6990828E-005
          4518.59     -7.7916649E-005
          4529.88     -7.8844193E-005
          4541.17     -7.9773444E-005
          4552.46     -8.0704382E-005
          4563.75     -8.1636987E-005
          4575.04     -8.2571241E-005
          4586.33     -8.3507122E-005
          4597.62     -8.4444611E-005
          4608.91     -8.5383682E-005
          4620.20     -8.6324315E-005
          4631.48     -8.7266485E-005
          4642.77     -8.8210168E-005
          4654.06     -8.9155339E-005
          4665.35     -9.0101971E-005
          4676.64     -9.1050038E-005
          4687.93     -9.1999514E-005
          4699.22     -9.2950369E-005
          4710.51     -9.3902573E-005
          4721.80     -9.4856099E-005
          4733.09     -9.5810914E-005
          4744.38     -9.6766987E-005
          4755.66     -9.7724287E-005
          4766.95     -9.8682780E-005
          4778.24     -9.9642433E-005
          4789.53     -1.0060321E-004
          4800.82     -1.0156508E-004
          4812.11     -1.0252800E-004
          4823.40     -1.0349193E-004
          4834.69     -1.0445685E-004
          4845.98     -1.0542271E-004
          4857.27     -1.0638946E-004
          4868.55     -1.0735708E-004
          4879.84     -1.0832552E-004
          4891.13     -1.0929473E-004
          4902.42     -1.1026468E-004
          4913.71     -1.1123531E-004
          4925.00     -1.1220660E-004
          4936.29     -1.1317848E-004
          4947.58     -1.1415092E-004
          4958.87     -1.1512387E-004
          4970.16     -1.1609728E-004
          4981.45     -1.1707110E-004
          4992.73     -1.1804528E-004
          5004.02     -1.1901978E-004
          5015.31     -1.1999453E-004
          5026.60     -1.2096949E-004
          5037.89     -1.2194461E-004
          5049.18     -1.2291983E-004
          5060.47     -1.2389509E-004
          5071.76     -1.2487034E-004
          5083.05     -1.2584553E-004
          5094.34     -1.2682060E-004
          5105.62     -1.2779548E-004
          5116.91     -1.2877012E-004
          5128.20     -1.2974446E-004
          5139.49     -1.3071844E-004
          5150.78     -1.3169200E-004
          5162.07     -1.3266507E-004
          5173.36     -1.3363759E-004
          5184.65     -1.3460949E-004
          5195.94     -1.3558072E-004
          5207.23     -1.3655119E-004
          5218.52     -1.3752086E-004
          5229.80     -1.3848964E-004
          5241.09     -1.3945747E-004
          5252.38     -1.4042428E-004
          5263.67     -1.4138999E-004
          5274.96     -1.4235455E-004
          5286.25     -1.4331786E-004
          5297.54     -1.4427987E-004
          5308.83     -1.4524049E-004
          5320.12     -1.4619965E-004
          5331.41     -1.4715727E-004
          5342.70     -1.4811327E-004
          5353.98     -1.4906759E-004
          5365.27     -1.5002013E-004
          5376.56     -1.5097082E-004
          5387.85     -1.5191957E-004
          5399.14     -1.5286631E-004
          5410.43     -1.5381094E-004
          5421.72     -1.5475340E-004
          5433.01     -1.5569358E-004
          5444.30     -1.5663141E-004
          5455.59     -1.5756680E-004
          5466.88     -1.5849966E-004
          5478.16     -1.5942989E-004
          5489.45     -1.6035742E-004
          5500.74     -1.6128215E-004
          5512.03     -1.6220399E-004
          5523.32     -1.6312284E-004
          5534.61     -1.6403861E-004
          5545.90     -1.6495120E-004
          5557.19     -1.6586053E-004
          5568.48     -1.6676648E-004
          5579.77     -1.6766897E-004
          5591.05     -1.6856789E-004
          5602.34     -1.6946313E-004
          5613.63     -1.7035459E-004
          5624.92     -1.7124216E-004
          5636.21     -1.7212573E-004
          5647.50     -1.7300519E-004
          5658.79     -1.7388044E-004
          5670.08     -1.7475137E-004
          5681.37     -1.7561785E-004
          5692.66     -1.7647974E-004
          5703.95     -1.7744430E-004
          5715.23     -1.7861502E-004
          5726.52     -1.7998615E-004
          5737.81     -1.8155200E-004
          5749.10     -1.8330691E-004
          5760.39     -1.8524527E-004
          5771.68     -1.8736152E-004
          5782.97     -1.8965017E-004
          5794.26     -1.9210581E-004
          5805.55     -1.9472316E-004
          5816.84     -1.9749696E-004
          5828.12     -2.0042198E-004
          5839.41     -2.0349302E-004
          5850.70     -2.0670494E-004
          5861.99     -2.1005259E-004
          5873.28     -2.1353088E-004
          5884.57     -2.1713473E-004
          5895.86     -2.2085912E-004
          5907.15     -2.2469901E-004
          5918.44     -2.2864940E-004
          5929.73     -2.3270526E-004
          5941.02     -2.3686160E-004
          5952.30     -2.4111348E-004
          5963.59     -2.4545598E-004
          5974.88     -2.4988423E-004
          5986.17     -2.5439337E-004
          5997.46     -2.5897856E-004
          6008.75     -2.6363502E-004
          6020.04     -2.6835802E-004
          6031.33     -2.7314291E-004
          6042.62     -2.7798516E-004
          6053.91     -2.8288023E-004
          6065.20     -2.8782364E-004
          6076.48     -2.9281095E-004
          6087.77     -2.9783778E-004
          6099.06     -3.0289977E-004
          6110.35     -3.0799260E-004
          6121.64     -3.1311195E-004
          6132.93     -3.1825344E-004
          6144.22     -3.2341264E-004
          6155.51     -3.2858522E-004
          6166.80     -3.3376690E-004
          6178.09     -3.3895345E-004
          6189.38     -3.4414080E-004
          6200.66     -3.4932486E-004
          6211.95     -3.5450158E-004
          6223.24     -3.5966690E-004
          6234.53     -3.6481674E-004
          6245.82     -3.6994705E-004
          6257.11     -3.7505376E-004
          6268.40     -3.8013281E-004
          6279.69     -3.8519257E-004
          6290.98     -3.9024424E-004
          6302.27     -3.9528799E-004
          6313.55     -4.0032397E-004
          6324.84     -4.0535233E-004
          6336.13     -4.1037322E-004
          6347.42     -4.1538680E-004
          6358.71     -4.2039320E-004
          6370.00     -4.2539253E-004
