          3480.00      0.0000000E+000
          3491.29     -1.7060827E-001
          3502.58     -1.7313625E-001
          3513.87     -1.7546265E-001
          3525.16     -1.7761043E-001
          3536.45     -1.7959962E-001
          3547.73     -1.8144779E-001
          3559.02     -1.8317050E-001
          3570.31     -1.8478168E-001
          3581.60     -1.8629392E-001
          3592.89     -1.8800762E-001
          3604.18     -1.9011873E-001
          3615.47     -1.9251774E-001
          3626.76     -1.9512770E-001
          3638.05     -1.9789258E-001
          3649.34     -2.0077037E-001
          3660.62     -2.0372882E-001
          3671.91     -2.0674267E-001
          3683.20     -2.0979183E-001
          3694.49     -2.1286014E-001
          3705.78     -2.1593448E-001
          3717.07     -2.1900420E-001
          3728.36     -2.2219179E-001
          3739.65     -2.2559961E-001
          3750.94     -2.2919341E-001
          3762.23     -2.3294439E-001
          3773.52     -2.3682808E-001
          3784.80     -2.4082346E-001
          3796.09     -2.4493722E-001
          3807.38     -2.4925131E-001
          3818.67     -2.5381532E-001
          3829.96     -2.5860256E-001
          3841.25     -2.6358999E-001
          3852.54     -2.6875755E-001
          3863.83     -2.7408762E-001
          3875.12     -2.7956474E-001
          3886.41     -2.8517520E-001
          3897.70     -2.9090694E-001
          3908.98     -2.9674936E-001
          3920.27     -3.0269313E-001
          3931.56     -3.0873016E-001
          3942.85     -3.1485348E-001
          3954.14     -3.2105718E-001
          3965.43     -3.2733635E-001
          3976.72     -3.3368701E-001
          3988.01     -3.4010612E-001
          3999.30     -3.4659147E-001
          4010.59     -3.5324248E-001
          4021.88     -3.6014849E-001
          4033.16     -3.6729459E-001
          4044.45     -3.7466814E-001
          4055.74     -3.8225854E-001
          4067.03     -3.9005696E-001
          4078.32     -3.9805630E-001
          4089.61     -4.0625099E-001
          4100.90     -4.1463690E-001
          4112.19     -4.2321127E-001
          4123.48     -4.3197268E-001
          4134.77     -4.4092095E-001
          4146.05     -4.5008357E-001
          4157.34     -4.5948395E-001
          4168.63     -4.6911790E-001
          4179.92     -4.7898282E-001
          4191.21     -4.8907758E-001
          4202.50     -4.9940251E-001
          4213.79     -5.0995934E-001
          4225.08     -5.2075118E-001
          4236.37     -5.3178251E-001
          4247.66     -5.4305912E-001
          4258.95     -5.5458814E-001
          4270.23     -5.6637810E-001
          4281.52     -5.7831039E-001
          4292.81     -5.9026914E-001
          4304.10     -6.0226831E-001
          4315.39     -6.1432255E-001
          4326.68     -6.2644708E-001
          4337.97     -6.3865760E-001
          4349.26     -6.5097041E-001
          4360.55     -6.6340225E-001
          4371.84     -6.7597035E-001
          4383.12     -6.8869245E-001
          4394.41     -7.0158678E-001
          4405.70     -7.1467206E-001
          4416.99     -7.2796761E-001
          4428.28     -7.4182755E-001
          4439.57     -7.5659272E-001
          4450.86     -7.7226851E-001
          4462.15     -7.8886741E-001
          4473.44     -8.0640885E-001
          4484.73     -8.2491908E-001
          4496.02     -8.4443122E-001
          4507.30     -8.6498540E-001
          4518.59     -8.8662903E-001
          4529.88     -9.0941732E-001
          4541.17     -9.3341376E-001
          4552.46     -9.5869073E-001
          4563.75     -9.8748348E-001
          4575.04     -1.0221491E+000
          4586.33     -1.0630890E+000
          4597.62     -1.1109027E+000
          4608.91     -1.1664173E+000
          4620.20     -1.2307368E+000
          4631.48     -1.3053161E+000
          4642.77     -1.3920722E+000
          4654.06     -1.4935482E+000
          4665.35     -1.6131627E+000
          4676.64     -1.7555939E+000
          4687.93     -1.9273944E+000
          4699.22     -2.1464328E+000
          4710.51     -2.4425307E+000
          4721.80     -2.8572366E+000
          4733.09     -3.4706331E+000
          4744.38     -4.4585826E+000
          4755.66     -6.2956631E+000
          4766.95     -1.0854604E+001
          4778.24     -4.0917296E+001
          4789.53     -2.2742516E+001
          4800.82     -8.8584540E+000
          4812.11     -5.4908165E+000
          4823.40     -3.9758523E+000
          4834.69     -3.0909167E+000
          4845.98     -2.4991316E+000
          4857.27     -2.0807883E+000
          4868.55     -1.7724009E+000
          4879.84     -1.5374816E+000
          4891.13     -1.3537258E+000
          4902.42     -1.2068169E+000
          4913.71     -1.0871929E+000
          4925.00     -9.8825149E-001
          4936.29     -9.0530508E-001
          4947.58     -8.3234382E-001
          4958.87     -7.6615855E-001
          4970.16     -7.0679202E-001
          4981.45     -6.5387708E-001
          4992.73     -6.0685441E-001
          5004.02     -5.6510100E-001
          5015.31     -5.2800060E-001
          5026.60     -4.9497924E-001
          5037.89     -4.6552016E-001
          5049.18     -4.3916736E-001
          5060.47     -4.1552337E-001
          5071.76     -3.9424411E-001
          5083.05     -3.7416386E-001
          5094.34     -3.5462751E-001
          5105.62     -3.3596150E-001
          5116.91     -3.1835306E-001
          5128.20     -3.0189012E-001
          5139.49     -2.8659290E-001
          5150.78     -2.7243765E-001
          5162.07     -2.5937360E-001
          5173.36     -2.4733487E-001
          5184.65     -2.3624849E-001
          5195.94     -2.2603962E-001
          5207.23     -2.1663482E-001
          5218.52     -2.0756825E-001
          5229.80     -1.9856278E-001
          5241.09     -1.8978193E-001
          5252.38     -1.8133510E-001
          5263.67     -1.7329002E-001
          5274.96     -1.6568347E-001
          5286.25     -1.5852984E-001
          5297.54     -1.5182799E-001
          5308.83     -1.4556629E-001
          5320.12     -1.3972646E-001
          5331.41     -1.3428626E-001
          5342.70     -1.2922137E-001
          5353.98     -1.2408096E-001
          5365.27     -1.1859935E-001
          5376.56     -1.1298643E-001
          5387.85     -1.0739884E-001
          5399.14     -1.0194762E-001
          5410.43     -9.6707066E-002
          5421.72     -9.1723164E-002
          5433.01     -8.7020870E-002
          5444.30     -8.2610056E-002
          5455.59     -7.8490144E-002
          5466.88     -7.4653563E-002
          5478.16     -7.1088322E-002
          5489.45     -6.7779836E-002
          5500.74     -6.4712214E-002
          5512.03     -6.1869153E-002
          5523.32     -5.9234508E-002
          5534.61     -5.6792681E-002
          5545.90     -5.4528856E-002
          5557.19     -5.2113020E-002
          5568.48     -4.9344182E-002
          5579.77     -4.6377722E-002
          5591.05     -4.3335717E-002
          5602.34     -4.0308964E-002
          5613.63     -3.7361459E-002
          5624.92     -3.4535660E-002
          5636.21     -3.1857528E-002
          5647.50     -2.9340852E-002
          5658.79     -2.6990775E-002
          5670.08     -2.4806501E-002
          5681.37     -2.2783441E-002
          5692.66     -2.0914634E-002
          5703.95     -1.8934220E-002
          5715.23     -1.6697952E-002
          5726.52     -1.4351061E-002
          5737.81     -1.2000218E-002
          5749.10     -9.7181656E-003
          5760.39     -7.5506399E-003
          5771.68     -5.5502275E-003
          5782.97     -3.7403731E-003
          5794.26     -2.1061459E-003
          5805.55     -6.3233675E-004
          5816.84      6.9569827E-004
          5828.12      1.8916628E-003
          5839.41      2.9681389E-003
          5850.70      3.9365364E-003
          5861.99      4.8071163E-003
          5873.28      5.5890512E-003
          5884.57      6.2905140E-003
          5895.86      6.9249336E-003
          5907.15      7.5024183E-003
          5918.44      8.0255915E-003
          5929.73      8.4971516E-003
          5941.02      8.9197945E-003
          5952.30      9.2961436E-003
          5963.59      9.6287030E-003
          5974.88      9.9369514E-003
          5986.17      1.0234119E-002
          5997.46      1.0514422E-002
          6008.75      1.0773440E-002
          6020.04      1.1007850E-002
          6031.33      1.1215211E-002
          6042.62      1.1393760E-002
          6053.91      1.1542221E-002
          6065.20      1.1659683E-002
          6076.48      1.1765348E-002
          6087.77      1.1870646E-002
          6099.06      1.1964734E-002
          6110.35      1.2038559E-002
          6121.64      1.2084536E-002
          6132.93      1.2096234E-002
          6144.22      1.2068091E-002
          6155.51      1.1994523E-002
          6166.80      1.1871967E-002
          6178.09      1.1698286E-002
          6189.38      1.1471076E-002
          6200.66      1.1187546E-002
          6211.95      1.0844406E-002
          6223.24      1.0437753E-002
          6234.53      9.9720785E-003
          6245.82      9.4542267E-003
          6257.11      8.8829012E-003
          6268.40      8.2562785E-003
          6279.69      7.5719904E-003
          6290.98      6.8314581E-003
          6302.27      6.0368904E-003
          6313.55      5.1863789E-003
          6324.84      4.2776127E-003
          6336.13      3.3078532E-003
          6347.42      2.2739086E-003
          6358.71      1.1724698E-003
          6370.00      0.0000000E+000
