          3480.00      0.0000000E+000
          3491.29     -1.4478971E+000
          3502.58     -1.4289664E+000
          3513.87     -1.4285864E+000
          3525.16     -1.4462900E+000
          3536.45     -1.4833806E+000
          3547.73     -1.5432285E+000
          3559.02     -1.6321590E+000
          3570.31     -1.7614227E+000
          3581.60     -1.9515763E+000
          3592.89     -2.1874762E+000
          3604.18     -2.4349845E+000
          3615.47     -2.7001384E+000
          3626.76     -2.9919472E+000
          3638.05     -3.3235699E+000
          3649.34     -3.7145069E+000
          3660.62     -4.1948028E+000
          3671.91     -4.8135237E+000
          3683.20     -5.6573334E+000
          3694.49     -6.8963450E+000
          3705.78     -8.9187247E+000
          3717.07     -1.2849553E+001
          3728.36     -2.2552010E+001
          3739.65     -7.3274929E+001
          3750.94     -6.7344016E+001
          3762.23     -2.4010897E+001
          3773.52     -1.4886323E+001
          3784.80     -1.0893410E+001
          3796.09     -8.6621380E+000
          3807.38     -7.3046753E+000
          3818.67     -6.4327567E+000
          3829.96     -5.8284828E+000
          3841.25     -5.3864060E+000
          3852.54     -5.0491661E+000
          3863.83     -4.7828061E+000
          3875.12     -4.5658928E+000
          3886.41     -4.3842083E+000
          3897.70     -4.2279470E+000
          3908.98     -4.0901423E+000
          3920.27     -3.9657366E+000
          3931.56     -3.8510061E+000
          3942.85     -3.7431920E+000
          3954.14     -3.6402530E+000
          3965.43     -3.5406941E+000
          3976.72     -3.4434445E+000
          3988.01     -3.3477658E+000
          3999.30     -3.2531795E+000
          4010.59     -3.1741292E+000
          4021.88     -3.1207396E+000
          4033.16     -3.0877474E+000
          4044.45     -3.0713523E+000
          4055.74     -3.0687277E+000
          4067.03     -3.0777110E+000
          4078.32     -3.0965999E+000
          4089.61     -3.1240148E+000
          4100.90     -3.1588028E+000
          4112.19     -3.1999690E+000
          4123.48     -3.2466264E+000
          4134.77     -3.2979585E+000
          4146.05     -3.3655175E+000
          4157.34     -3.4615129E+000
          4168.63     -3.5871061E+000
          4179.92     -3.7447528E+000
          4191.21     -3.9383489E+000
          4202.50     -4.1735426E+000
          4213.79     -4.4582632E+000
          4225.08     -4.8035742E+000
          4236.37     -5.2250463E+000
          4247.66     -5.7450119E+000
          4258.95     -6.3964151E+000
          4270.23     -7.2297010E+000
          4281.52     -8.3882594E+000
          4292.81     -1.0169153E+001
          4304.10     -1.3170713E+001
          4315.39     -1.9156491E+001
          4326.68     -3.6546407E+001
          4337.97     -6.2921864E+002
          4349.26     -4.0073157E+001
          4360.55     -1.9186303E+001
          4371.84     -1.2535162E+001
          4383.12     -9.2764943E+000
          4394.41     -7.3484184E+000
          4405.70     -6.0778531E+000
          4416.99     -5.1798194E+000
          4428.28     -4.5227053E+000
          4439.57     -4.0290732E+000
          4450.86     -3.6450116E+000
          4462.15     -3.3379649E+000
          4473.44     -3.0871107E+000
          4484.73     -2.8785117E+000
          4496.02     -2.7024869E+000
          4507.30     -2.5521023E+000
          4518.59     -2.4222614E+000
          4529.88     -2.3091340E+000
          4541.17     -2.2097859E+000
          4552.46     -2.1219321E+000
          4563.75     -2.0492481E+000
          4575.04     -1.9938157E+000
          4586.33     -1.9523022E+000
          4597.62     -1.9223177E+000
          4608.91     -1.9021217E+000
          4620.20     -1.8904351E+000
          4631.48     -1.8863169E+000
          4642.77     -1.8890813E+000
          4654.06     -1.8982408E+000
          4665.35     -1.9134676E+000
          4676.64     -1.9345671E+000
          4687.93     -1.9614603E+000
          4699.22     -1.9978838E+000
          4710.51     -2.0478851E+000
          4721.80     -2.1123313E+000
          4733.09     -2.1926691E+000
          4744.38     -2.2910333E+000
          4755.66     -2.4104321E+000
          4766.95     -2.5550423E+000
          4778.24     -2.7306765E+000
          4789.53     -2.9455306E+000
          4800.82     -3.2114219E+000
          4812.11     -3.5459172E+000
          4823.40     -3.9761940E+000
          4834.69     -4.5696622E+000
          4845.98     -5.4602158E+000
          4857.27     -6.9111501E+000
          4868.55     -9.6396933E+000
          4879.84     -1.6527049E+001
          4891.13     -6.5723282E+001
          4902.42     -3.1309804E+001
          4913.71     -1.2380476E+001
          4925.00     -7.6268604E+000
          4936.29     -5.4701134E+000
          4947.58     -4.2164387E+000
          4958.87     -3.3858762E+000
          4970.16     -2.8011116E+000
          4981.45     -2.3706815E+000
          4992.73     -2.0428738E+000
          5004.02     -1.7863853E+000
          5015.31     -1.5812355E+000
          5026.60     -1.4141186E+000
          5037.89     -1.2758605E+000
          5049.18     -1.1599493E+000
          5060.47     -1.0616470E+000
          5071.76     -9.7743211E-001
          5083.05     -9.0288218E-001
          5094.34     -8.3532071E-001
          5105.62     -7.7435960E-001
          5116.91     -7.1948199E-001
          5128.20     -6.7012352E-001
          5139.49     -6.2572107E-001
          5150.78     -5.8574024E-001
          5162.07     -5.4968883E-001
          5173.36     -5.1712221E-001
          5184.65     -4.8764378E-001
          5195.94     -4.6090245E-001
          5207.23     -4.3658911E-001
          5218.52     -4.1393824E-001
          5229.80     -3.9245218E-001
          5241.09     -3.7220262E-001
          5252.38     -3.5320950E-001
          5263.67     -3.3545651E-001
          5274.96     -3.1890311E-001
          5286.25     -3.0349338E-001
          5297.54     -2.8916259E-001
          5308.83     -2.7584187E-001
          5320.12     -2.6346137E-001
          5331.41     -2.5195254E-001
          5342.70     -2.4124939E-001
          5353.98     -2.3087595E-001
          5365.27     -2.2052729E-001
          5376.56     -2.1036028E-001
          5387.85     -2.0048899E-001
          5399.14     -1.9099210E-001
          5410.43     -1.8191994E-001
          5421.72     -1.7330085E-001
          5433.01     -1.6514651E-001
          5444.30     -1.5745640E-001
          5455.59     -1.5022130E-001
          5466.88     -1.4342603E-001
          5478.16     -1.3705155E-001
          5489.45     -1.3107650E-001
          5500.74     -1.2547837E-001
          5512.03     -1.2023438E-001
          5523.32     -1.1532195E-001
          5534.61     -1.1071920E-001
          5545.90     -1.0640516E-001
          5557.19     -1.0210635E-001
          5568.48     -9.7641307E-002
          5579.77     -9.3111558E-002
          5591.05     -8.8597809E-002
          5602.34     -8.4161908E-002
          5613.63     -7.9849405E-002
          5624.92     -7.5692301E-002
          5636.21     -7.1711668E-002
          5647.50     -6.7919962E-002
          5658.79     -6.4323043E-002
          5670.08     -6.0921827E-002
          5681.37     -5.7713770E-002
          5692.66     -5.4693872E-002
          5703.95     -5.1639373E-002
          5715.23     -4.8412531E-002
          5726.52     -4.5116692E-002
          5737.81     -4.1832123E-002
          5749.10     -3.8618241E-002
          5760.39     -3.5516770E-002
          5771.68     -3.2581141E-002
          5782.97     -2.9841631E-002
          5794.26     -2.7291545E-002
          5805.55     -2.4921966E-002
          5816.84     -2.2722823E-002
          5828.12     -2.0683520E-002
          5839.41     -1.8793391E-002
          5850.70     -1.7041996E-002
          5861.99     -1.5419313E-002
          5873.28     -1.3915860E-002
          5884.57     -1.2522748E-002
          5895.86     -1.1226843E-002
          5907.15     -1.0017498E-002
          5918.44     -8.8900193E-003
          5929.73     -7.8397855E-003
          5941.02     -6.8622979E-003
          5952.30     -5.9532327E-003
          5963.59     -5.1084783E-003
          5974.88     -4.3137571E-003
          5986.17     -3.5588295E-003
          5997.46     -2.8451708E-003
          6008.75     -2.1735454E-003
          6020.04     -1.5441712E-003
          6031.33     -9.5683727E-004
          6042.62     -4.1102154E-004
          6053.91      9.3996985E-005
          6065.20      5.5907344E-004
          6076.48      9.9228066E-004
          6087.77      1.3978618E-003
          6099.06      1.7717137E-003
          6110.35      2.1105320E-003
          6121.64      2.4116377E-003
          6132.93      2.6728162E-003
          6144.22      2.8922004E-003
          6155.51      3.0697710E-003
          6166.80      3.2063479E-003
          6178.09      3.3015034E-003
          6189.38      3.3547318E-003
          6200.66      3.3653923E-003
          6211.95      3.3326690E-003
          6223.24      3.2555370E-003
          6234.53      3.1425130E-003
          6245.82      3.0030417E-003
          6257.11      2.8372182E-003
          6268.40      2.6450137E-003
          6279.69      2.4262776E-003
          6290.98      2.1850383E-003
          6302.27      1.9256697E-003
          6313.55      1.6484000E-003
          6324.84      1.3533977E-003
          6336.13      1.0407737E-003
          6347.42      7.1058559E-004
          6358.71      3.6343827E-004
          6370.00      0.0000000E+000
