          3480.00     -2.3059593E-004
          3491.29     -2.1679166E-004
          3502.58     -2.0268692E-004
          3513.87     -1.8856478E-004
          3525.16     -1.7470582E-004
          3536.45     -1.6138935E-004
          3547.73     -1.4889486E-004
          3559.02     -1.3750332E-004
          3570.31     -1.2749844E-004
          3581.60     -1.1916793E-004
          3592.89     -1.1186512E-004
          3604.18     -1.0476409E-004
          3615.47     -9.7887795E-005
          3626.76     -9.1259666E-005
          3638.05     -8.4903698E-005
          3649.34     -7.8844584E-005
          3660.62     -7.3107798E-005
          3671.91     -6.7719745E-005
          3683.20     -6.2707863E-005
          3694.49     -5.8100745E-005
          3705.78     -5.3928270E-005
          3717.07     -5.0221698E-005
          3728.36     -4.6850723E-005
          3739.65     -4.3667260E-005
          3750.94     -4.0677434E-005
          3762.23     -3.7887977E-005
          3773.52     -3.5306249E-005
          3784.80     -3.2940269E-005
          3796.09     -3.0779139E-005
          3807.38     -2.8753919E-005
          3818.67     -2.6809350E-005
          3829.96     -2.4944492E-005
          3841.25     -2.3158637E-005
          3852.54     -2.1451320E-005
          3863.83     -1.9822316E-005
          3875.12     -1.8271639E-005
          3886.41     -1.6799552E-005
          3897.70     -1.5406560E-005
          3908.98     -1.4093418E-005
          3920.27     -1.2861141E-005
          3931.56     -1.1710994E-005
          3942.85     -1.0644509E-005
          3954.14     -9.6634848E-006
          3965.43     -8.7699932E-006
          3976.72     -7.9663901E-006
          3988.01     -7.2553182E-006
          3999.30     -6.6397173E-006
          4010.59     -6.0900498E-006
          4021.88     -5.5745569E-006
          4033.16     -5.0931576E-006
          4044.45     -4.6458778E-006
          4055.74     -4.2328504E-006
          4067.03     -3.8543165E-006
          4078.32     -3.5106242E-006
          4089.61     -3.2022302E-006
          4100.90     -2.9297019E-006
          4112.19     -2.6937168E-006
          4123.48     -2.4950651E-006
          4134.77     -2.3346514E-006
          4146.05     -2.1990828E-006
          4157.34     -2.0742565E-006
          4168.63     -1.9601208E-006
          4179.92     -1.8566551E-006
          4191.21     -1.7638694E-006
          4202.50     -1.6818036E-006
          4213.79     -1.6105282E-006
          4225.08     -1.5501443E-006
          4236.37     -1.5007829E-006
          4247.66     -1.4626064E-006
          4258.95     -1.4358075E-006
          4270.23     -1.4206103E-006
          4281.52     -1.4111804E-006
          4292.81     -1.4014829E-006
          4304.10     -1.3914626E-006
          4315.39     -1.3810607E-006
          4326.68     -1.3702146E-006
          4337.97     -1.3588580E-006
          4349.26     -1.3469207E-006
          4360.55     -1.3343282E-006
          4371.84     -1.3210022E-006
          4383.12     -1.3068597E-006
          4394.41     -1.2918132E-006
          4405.70     -1.2757708E-006
          4416.99     -1.2586355E-006
          4428.28     -1.2409652E-006
          4439.57     -1.2233350E-006
          4450.86     -1.2056683E-006
          4462.15     -1.1878864E-006
          4473.44     -1.1699088E-006
          4484.73     -1.1516526E-006
          4496.02     -1.1330325E-006
          4507.30     -1.1139605E-006
          4518.59     -1.0943460E-006
          4529.88     -1.0740952E-006
          4541.17     -1.0531114E-006
          4552.46     -1.0312944E-006
          4563.75     -1.0093542E-006
          4575.04     -9.8802498E-007
          4586.33     -9.6724122E-007
          4597.62     -9.4693738E-007
          4608.91     -9.2704807E-007
          4620.20     -9.0750774E-007
          4631.48     -8.8825063E-007
          4642.77     -8.6921066E-007
          4654.06     -8.5032120E-007
          4665.35     -8.3151503E-007
          4676.64     -8.1272416E-007
          4687.93     -7.9387968E-007
          4699.22     -7.7527465E-007
          4710.51     -7.5721257E-007
          4721.80     -7.3963992E-007
          4733.09     -7.2250357E-007
          4744.38     -7.0575065E-007
          4755.66     -6.8932845E-007
          4766.95     -6.7318434E-007
          4778.24     -6.5726562E-007
          4789.53     -6.4151949E-007
          4800.82     -6.2589288E-007
          4812.11     -6.1033234E-007
          4823.40     -5.9478403E-007
          4834.69     -5.7944695E-007
          4845.98     -5.6452694E-007
          4857.27     -5.4998029E-007
          4868.55     -5.3576361E-007
          4879.84     -5.2183381E-007
          4891.13     -5.0814795E-007
          4902.42     -4.9466317E-007
          4913.71     -4.8133665E-007
          4925.00     -4.6812547E-007
          4936.29     -4.5498658E-007
          4947.58     -4.4207949E-007
          4958.87     -4.2956900E-007
          4970.16     -4.1742022E-007
          4981.45     -4.0559870E-007
          4992.73     -3.9407035E-007
          5004.02     -3.8280145E-007
          5015.31     -3.7175851E-007
          5026.60     -3.6090823E-007
          5037.89     -3.5021745E-007
          5049.18     -3.3965309E-007
          5060.47     -3.2918209E-007
          5071.76     -3.1877133E-007
          5083.05     -3.0854825E-007
          5094.34     -2.9864416E-007
          5105.62     -2.8903193E-007
          5116.91     -2.7968488E-007
          5128.20     -2.7057666E-007
          5139.49     -2.6168123E-007
          5150.78     -2.5297284E-007
          5162.07     -2.4442594E-007
          5173.36     -2.3601515E-007
          5184.65     -2.2771523E-007
          5195.94     -2.1950100E-007
          5207.23     -2.1134735E-007
          5218.52     -2.0333823E-007
          5229.80     -1.9555987E-007
          5241.09     -1.8799091E-007
          5252.38     -1.8061024E-007
          5263.67     -1.7339705E-007
          5274.96     -1.6633077E-007
          5286.25     -1.5939102E-007
          5297.54     -1.5255758E-007
          5308.83     -1.4581038E-007
          5320.12     -1.3912945E-007
          5331.41     -1.3249486E-007
          5342.70     -1.2588676E-007
          5353.98     -1.1941087E-007
          5365.27     -1.1317531E-007
          5376.56     -1.0716403E-007
          5387.85     -1.0136137E-007
          5399.14     -9.5752012E-008
          5410.43     -9.0320987E-008
          5421.72     -8.5053625E-008
          5433.01     -7.9935528E-008
          5444.30     -7.4952549E-008
          5455.59     -7.0090786E-008
          5466.88     -6.5336533E-008
          5478.16     -6.0676274E-008
          5489.45     -5.6096653E-008
          5500.74     -5.1584451E-008
          5512.03     -4.7126583E-008
          5523.32     -4.2710048E-008
          5534.61     -3.8321924E-008
          5545.90     -3.3949359E-008
          5557.19     -2.9670643E-008
          5568.48     -2.5564844E-008
          5579.77     -2.1620548E-008
          5591.05     -1.7826663E-008
          5602.34     -1.4172392E-008
          5613.63     -1.0647195E-008
          5624.92     -7.2407787E-009
          5636.21     -3.9430935E-009
          5647.50     -7.4429495E-010
          5658.79      2.3652581E-009
          5670.08      5.3950213E-009
          5681.37      8.3541798E-009
          5692.66      1.1251638E-008
          5703.95      1.3996420E-008
          5715.23      1.6498681E-008
          5726.52      1.8768543E-008
          5737.81      2.0815679E-008
          5749.10      2.2649327E-008
          5760.39      2.4278307E-008
          5771.68      2.5731536E-008
          5782.97      2.7037035E-008
          5794.26      2.8201789E-008
          5805.55      2.9232539E-008
          5816.84      3.0135760E-008
          5828.12      3.0917682E-008
          5839.41      3.1584300E-008
          5850.70      3.2141382E-008
          5861.99      3.2594480E-008
          5873.28      3.2948943E-008
          5884.57      3.3209925E-008
          5895.86      3.3375209E-008
          5907.15      3.3442885E-008
          5918.44      3.3418278E-008
          5929.73      3.3306526E-008
          5941.02      3.3112584E-008
          5952.30      3.2841231E-008
          5963.59      3.2497082E-008
          5974.88      3.2064956E-008
          5986.17      3.1531868E-008
          5997.46      3.0905435E-008
          6008.75      3.0193056E-008
          6020.04      2.9401923E-008
          6031.33      2.8539025E-008
          6042.62      2.7611171E-008
          6053.91      2.6625019E-008
          6065.20      2.5587094E-008
          6076.48      2.4483974E-008
          6087.77      2.3309091E-008
          6099.06      2.2079009E-008
          6110.35      2.0810139E-008
          6121.64      1.9518775E-008
          6132.93      1.8221119E-008
          6144.22      1.6933270E-008
          6155.51      1.5666594E-008
          6166.80      1.4429414E-008
          6178.09      1.3233108E-008
          6189.38      1.2089029E-008
          6200.66      1.1008571E-008
          6211.95      1.0003202E-008
          6223.24      9.0844812E-009
          6234.53      8.2285571E-009
          6245.82      7.4055470E-009
          6257.11      6.6180764E-009
          6268.40      5.8688197E-009
          6279.69      5.1604990E-009
          6290.98      4.4792529E-009
          6302.27      3.8091948E-009
          6313.55      3.1500628E-009
          6324.84      2.5016131E-009
          6336.13      1.8636166E-009
          6347.42      1.2358606E-009
          6358.71      6.1568009E-010
          6370.00     -6.8763128E-043
