          3480.00     -1.6893832E-027
          3491.29      1.8784936E-008
          3502.58      3.8674119E-008
          3513.87      5.9505538E-008
          3525.16      8.1128176E-008
          3536.45      1.0339895E-007
          3547.73      1.2617963E-007
          3559.02      1.4933386E-007
          3570.31      1.7272445E-007
          3581.60      1.9621046E-007
          3592.89      2.2022274E-007
          3604.18      2.4540130E-007
          3615.47      2.7191751E-007
          3626.76      2.9994771E-007
          3638.05      3.2967432E-007
          3649.34      3.6128690E-007
          3660.62      3.9498339E-007
          3671.91      4.3097116E-007
          3683.20      4.6946824E-007
          3694.49      5.1070448E-007
          3705.78      5.5492273E-007
          3717.07      6.0238023E-007
          3728.36      6.5316811E-007
          3739.65      7.0742522E-007
          3750.94      7.6550307E-007
          3762.23      8.2776943E-007
          3773.52      8.9461056E-007
          3784.80      9.6643340E-007
          3796.09      1.0436061E-006
          3807.38      1.1263292E-006
          3818.67      1.2149094E-006
          3829.96      1.3098848E-006
          3841.25      1.4118211E-006
          3852.54      1.5213139E-006
          3863.83      1.6389926E-006
          3875.12      1.7655228E-006
          3886.41      1.9016103E-006
          3897.70      2.0480041E-006
          3908.98      2.2055006E-006
          3920.27      2.3749466E-006
          3931.56      2.5572438E-006
          3942.85      2.7533530E-006
          3954.14      2.9642980E-006
          3965.43      3.1911709E-006
          3976.72      3.4351359E-006
          3988.01      3.6974355E-006
          3999.30      3.9793955E-006
          4010.59      4.2818656E-006
          4021.88      4.6058453E-006
          4033.16      4.9530192E-006
          4044.45      5.3251693E-006
          4055.74      5.7241837E-006
          4067.03      6.1520636E-006
          4078.32      6.6109342E-006
          4089.61      7.1030525E-006
          4100.90      7.6308161E-006
          4112.19      8.1967751E-006
          4123.48      8.8036418E-006
          4134.77      9.4543015E-006
          4146.05      1.0151306E-005
          4157.34      1.0897461E-005
          4168.63      1.1696327E-005
          4179.92      1.2551680E-005
          4191.21      1.3467524E-005
          4202.50      1.4448113E-005
          4213.79      1.5497963E-005
          4225.08      1.6621875E-005
          4236.37      1.7824947E-005
          4247.66      1.9112597E-005
          4258.95      2.0490589E-005
          4270.23      2.1965047E-005
          4281.52      2.3542728E-005
          4292.81      2.5230849E-005
          4304.10      2.7036838E-005
          4315.39      2.8968594E-005
          4326.68      3.1034513E-005
          4337.97      3.3243517E-005
          4349.26      3.5605097E-005
          4360.55      3.8129339E-005
          4371.84      4.0826955E-005
          4383.12      4.3709338E-005
          4394.41      4.6788589E-005
          4405.70      5.0077567E-005
          4416.99      5.3589934E-005
          4428.28      5.7337432E-005
          4439.57      6.1332757E-005
          4450.86      6.5592299E-005
          4462.15      7.0133406E-005
          4473.44      7.4974458E-005
          4484.73      8.0134922E-005
          4496.02      8.5635420E-005
          4507.30      9.1497804E-005
          4518.59      9.7745210E-005
          4529.88      1.0440216E-004
          4541.17      1.1149466E-004
          4552.46      1.1905019E-004
          4563.75      1.2707404E-004
          4575.04      1.3557404E-004
          4586.33      1.4458395E-004
          4597.62      1.5413911E-004
          4608.91      1.6427651E-004
          4620.20      1.7503500E-004
          4631.48      1.8645539E-004
          4642.77      1.9858054E-004
          4654.06      2.1145555E-004
          4665.35      2.2512792E-004
          4676.64      2.3964762E-004
          4687.93      2.5506735E-004
          4699.22      2.7139967E-004
          4710.51      2.8866246E-004
          4721.80      3.0692044E-004
          4733.09      3.2624102E-004
          4744.38      3.4669470E-004
          4755.66      3.6835514E-004
          4766.95      3.9129949E-004
          4778.24      4.1560859E-004
          4789.53      4.4136719E-004
          4800.82      4.6866428E-004
          4812.11      4.9759332E-004
          4823.40      5.2825244E-004
          4834.69      5.6061722E-004
          4845.98      5.9467600E-004
          4857.27      6.3055286E-004
          4868.55      6.6837617E-004
          4879.84      7.0827889E-004
          4891.13      7.5039919E-004
          4902.42      7.9488078E-004
          4913.71      8.4187325E-004
          4925.00      8.9153271E-004
          4936.29      9.4402210E-004
          4947.58      9.9918609E-004
          4958.87      1.0568979E-003
          4970.16      1.1173717E-003
          4981.45      1.1808266E-003
          4992.73      1.2474871E-003
          5004.02      1.3175840E-003
          5015.31      1.3913551E-003
          5026.60      1.4690459E-003
          5037.89      1.5509103E-003
          5049.18      1.6372117E-003
          5060.47      1.7282231E-003
          5071.76      1.8242284E-003
          5083.05      1.9245031E-003
          5094.34      2.0284024E-003
          5105.62      2.1363402E-003
          5116.91      2.2487319E-003
          5128.20      2.3659965E-003
          5139.49      2.4885584E-003
          5150.78      2.6168477E-003
          5162.07      2.7513029E-003
          5173.36      2.8923721E-003
          5184.65      3.0405132E-003
          5195.94      3.1961971E-003
          5207.23      3.3599078E-003
          5218.52      3.5294711E-003
          5229.80      3.7029183E-003
          5241.09      3.8810420E-003
          5252.38      4.0646243E-003
          5263.67      4.2544401E-003
          5274.96      4.4512593E-003
          5286.25      4.6558509E-003
          5297.54      4.8689851E-003
          5308.83      5.0914363E-003
          5320.12      5.3239859E-003
          5331.41      5.5674241E-003
          5342.70      5.8225539E-003
          5353.98      6.0770038E-003
          5365.27      6.3194006E-003
          5376.56      6.5519618E-003
          5387.85      6.7767876E-003
          5399.14      6.9958733E-003
          5410.43      7.2111189E-003
          5421.72      7.4243392E-003
          5433.01      7.6372732E-003
          5444.30      7.8515934E-003
          5455.59      8.0689126E-003
          5466.88      8.2907937E-003
          5478.16      8.5187559E-003
          5489.45      8.7542819E-003
          5500.74      8.9988250E-003
          5512.03      9.2538148E-003
          5523.32      9.5206642E-003
          5534.61      9.8007753E-003
          5545.90      1.0095544E-002
          5557.19      1.0319167E-002
          5568.48      1.0392905E-002
          5579.77      1.0328100E-002
          5591.05      1.0135268E-002
          5602.34      9.8241590E-003
          5613.63      9.4038100E-003
          5624.92      8.8826021E-003
          5636.21      8.2683148E-003
          5647.50      7.5681723E-003
          5658.79      6.7888922E-003
          5670.08      5.9367292E-003
          5681.37      5.0176075E-003
          5692.66      4.0371519E-003
          5703.95      2.6544277E-003
          5715.23      5.6579708E-004
          5726.52     -2.1704749E-003
          5737.81     -5.4998943E-003
          5749.10     -9.3714131E-003
          5760.39     -1.3737130E-002
          5771.68     -1.8473701E-002
          5782.97     -2.3472401E-002
          5794.26     -2.8710753E-002
          5805.55     -3.4167688E-002
          5816.84     -3.9823068E-002
          5828.12     -4.5657557E-002
          5839.41     -5.1652475E-002
          5850.70     -5.7789671E-002
          5861.99     -6.4051398E-002
          5873.28     -7.0420173E-002
          5884.57     -7.6878687E-002
          5895.86     -8.3481316E-002
          5907.15     -9.0271958E-002
          5918.44     -9.7217860E-002
          5929.73     -1.0428649E-001
          5941.02     -1.1144555E-001
          5952.30     -1.1866280E-001
          5963.59     -1.2590585E-001
          5974.88     -1.3351391E-001
          5986.17     -1.4177171E-001
          5997.46     -1.5056722E-001
          6008.75     -1.5979113E-001
          6020.04     -1.6933627E-001
          6031.33     -1.7909735E-001
          6042.62     -1.8897022E-001
          6053.91     -1.9885085E-001
          6065.20     -2.0863486E-001
          6076.48     -2.1909700E-001
          6087.77     -2.3083004E-001
          6099.06     -2.4346052E-001
          6110.35     -2.5661907E-001
          6121.64     -2.6993868E-001
          6132.93     -2.8305278E-001
          6144.22     -2.9559447E-001
          6155.51     -3.0704835E-001
          6166.80     -3.1697861E-001
          6178.09     -3.2513295E-001
          6189.38     -3.3125151E-001
          6200.66     -3.3506474E-001
          6211.95     -3.3629181E-001
          6223.24     -3.3463945E-001
          6234.53     -3.2987343E-001
          6245.82     -3.2192433E-001
          6257.11     -3.1072485E-001
          6268.40     -2.9619257E-001
          6279.69     -2.7822973E-001
          6290.98     -2.5670953E-001
          6302.27     -2.3155155E-001
          6313.55     -2.0270394E-001
          6324.84     -1.7009880E-001
          6336.13     -1.3365203E-001
          6347.42     -9.3263290E-002
          6358.71     -4.8768313E-002
          6370.00      0.0000000E+000
