          3480.00     -4.2989917E-033
          3491.29      1.2336870E-011
          3502.58      2.5230446E-011
          3513.87      3.8565998E-011
          3525.16      5.2232464E-011
          3536.45      6.6121225E-011
          3547.73      8.0124817E-011
          3559.02      9.4135681E-011
          3570.31      1.0804504E-010
          3581.60      1.2174169E-010
          3592.89      1.3552525E-010
          3604.18      1.4980577E-010
          3615.47      1.6463588E-010
          3626.76      1.8006953E-010
          3638.05      1.9616208E-010
          3649.34      2.1297054E-010
          3660.62      2.3055372E-010
          3671.91      2.4897245E-010
          3683.20      2.6828971E-010
          3694.49      2.8857088E-010
          3705.78      3.0988382E-010
          3717.07      3.3229919E-010
          3728.36      3.5587817E-010
          3739.65      3.8069810E-010
          3750.94      4.0685862E-010
          3762.23      4.3446280E-010
          3773.52      4.6361762E-010
          3784.80      4.9443429E-010
          3796.09      5.2701719E-010
          3807.38      5.6143972E-010
          3818.67      5.9779765E-010
          3829.96      6.3623206E-010
          3841.25      6.7688965E-010
          3852.54      7.1992318E-010
          3863.83      7.6549194E-010
          3875.12      8.1376234E-010
          3886.41      8.6490825E-010
          3897.70      9.1911182E-010
          3908.98      9.7656389E-010
          3920.27      1.0374644E-009
          3931.56      1.1020232E-009
          3942.85      1.1704608E-009
          3954.14      1.2430085E-009
          3965.43      1.3199096E-009
          3976.72      1.4014194E-009
          3988.01      1.4878068E-009
          3999.30      1.5793544E-009
          4010.59      1.6762447E-009
          4021.88      1.7786853E-009
          4033.16      1.8870179E-009
          4044.45      2.0015995E-009
          4055.74      2.1228044E-009
          4067.03      2.2510239E-009
          4078.32      2.3866685E-009
          4089.61      2.5301686E-009
          4100.90      2.6819752E-009
          4112.19      2.8425618E-009
          4123.48      3.0124253E-009
          4134.77      3.1920872E-009
          4146.05      3.3820130E-009
          4157.34      3.5827032E-009
          4168.63      3.7947732E-009
          4179.92      4.0188678E-009
          4191.21      4.2556621E-009
          4202.50      4.5058647E-009
          4213.79      4.7702180E-009
          4225.08      5.0495009E-009
          4236.37      5.3445307E-009
          4247.66      5.6561639E-009
          4258.95      5.9853000E-009
          4270.23      6.3328826E-009
          4281.52      6.6999679E-009
          4292.81      7.0876666E-009
          4304.10      7.4970771E-009
          4315.39      7.9293519E-009
          4326.68      8.3857012E-009
          4337.97      8.8673939E-009
          4349.26      9.3757627E-009
          4360.55      9.9122064E-009
          4371.84      1.0478191E-008
          4383.12      1.1075256E-008
          4394.41      1.1705017E-008
          4405.70      1.2369166E-008
          4416.99      1.3069482E-008
          4428.28      1.3807411E-008
          4439.57      1.4584495E-008
          4450.86      1.5402788E-008
          4462.15      1.6264432E-008
          4473.44      1.7171675E-008
          4484.73      1.8126866E-008
          4496.02      1.9132464E-008
          4507.30      2.0191042E-008
          4518.59      2.1305292E-008
          4529.88      2.2478032E-008
          4541.17      2.3712213E-008
          4552.46      2.5010918E-008
          4563.75      2.6374322E-008
          4575.04      2.7802828E-008
          4586.33      2.9300066E-008
          4597.62      3.0869801E-008
          4608.91      3.2515936E-008
          4620.20      3.4242525E-008
          4631.48      3.6053783E-008
          4642.77      3.7954085E-008
          4654.06      3.9947989E-008
          4665.35      4.2040232E-008
          4676.64      4.4235749E-008
          4687.93      4.6539678E-008
          4699.22      4.8952638E-008
          4710.51      5.1475662E-008
          4721.80      5.4114809E-008
          4733.09      5.6876330E-008
          4744.38      5.9766697E-008
          4755.66      6.2792608E-008
          4766.95      6.5961001E-008
          4778.24      6.9279072E-008
          4789.53      7.2754274E-008
          4800.82      7.6394352E-008
          4812.11      8.0207349E-008
          4823.40      8.4201605E-008
          4834.69      8.8373790E-008
          4845.98      9.2721451E-008
          4857.27      9.7254695E-008
          4868.55      1.0198390E-007
          4879.84      1.0691973E-007
          4891.13      1.1207316E-007
          4902.42      1.1745552E-007
          4913.71      1.2307845E-007
          4925.00      1.2895401E-007
          4936.29      1.3509465E-007
          4947.58      1.4148596E-007
          4958.87      1.4811537E-007
          4970.16      1.5499848E-007
          4981.45      1.6215118E-007
          4992.73      1.6958969E-007
          5004.02      1.7733052E-007
          5015.31      1.8539056E-007
          5026.60      1.9378712E-007
          5037.89      2.0253792E-007
          5049.18      2.1166118E-007
          5060.47      2.2117558E-007
          5071.76      2.3110035E-007
          5083.05      2.4138105E-007
          5094.34      2.5196775E-007
          5105.62      2.6288695E-007
          5116.91      2.7416526E-007
          5128.20      2.8582945E-007
          5139.49      2.9790649E-007
          5150.78      3.1042361E-007
          5162.07      3.2340843E-007
          5173.36      3.3688893E-007
          5184.65      3.5089353E-007
          5195.94      3.6545117E-007
          5207.23      3.8059135E-007
          5218.52      3.9617359E-007
          5229.80      4.1206780E-007
          5241.09      4.2831912E-007
          5252.38      4.4497221E-007
          5263.67      4.6207140E-007
          5274.96      4.7966073E-007
          5286.25      4.9778413E-007
          5297.54      5.1648550E-007
          5308.83      5.3580880E-007
          5320.12      5.5579819E-007
          5331.41      5.7649804E-007
          5342.70      5.9795313E-007
          5353.98      6.1946789E-007
          5365.27      6.4039253E-007
          5376.56      6.6083731E-007
          5387.85      6.8090807E-007
          5399.14      7.0070658E-007
          5410.43      7.2033093E-007
          5421.72      7.3987577E-007
          5433.01      7.5943272E-007
          5444.30      7.7909062E-007
          5455.59      7.9893577E-007
          5466.88      8.1905232E-007
          5478.16      8.3952241E-007
          5489.45      8.6042646E-007
          5500.74      8.8184344E-007
          5512.03      9.0385098E-007
          5523.32      9.2652574E-007
          5534.61      9.4994353E-007
          5545.90      9.7417949E-007
          5557.19      9.9526715E-007
          5568.48      1.0095195E-006
          5579.77      1.0174104E-006
          5591.05      1.0193887E-006
          5602.34      1.0158788E-006
          5613.63      1.0072828E-006
          5624.92      9.9398183E-007
          5636.21      9.7633747E-007
          5647.50      9.5469331E-007
          5658.79      9.2937625E-007
          5670.08      9.0069781E-007
          5681.37      8.6896002E-007
          5692.66      8.3445620E-007
          5703.95      7.8315022E-007
          5715.23      7.0234432E-007
          5726.52      5.9424325E-007
          5737.81      4.6094283E-007
          5749.10      3.0443781E-007
          5760.39      1.2662923E-007
          5771.68     -6.7468572E-008
          5782.97     -2.7333595E-007
          5794.26     -4.8992696E-007
          5805.55     -7.1624644E-007
          5816.84     -9.5133109E-007
          5828.12     -1.1942465E-006
          5839.41     -1.4440825E-006
          5850.70     -1.6999500E-006
          5861.99     -1.9609771E-006
          5873.28     -2.2263054E-006
          5884.57     -2.4950876E-006
          5895.86     -2.7688897E-006
          5907.15     -3.0489450E-006
          5918.44     -3.3339194E-006
          5929.73     -3.6224868E-006
          5941.02     -3.9133324E-006
          5952.30     -4.2051489E-006
          5963.59     -4.4966307E-006
          5974.88     -4.7977775E-006
          5986.17     -5.1169212E-006
          5997.46     -5.4503064E-006
          6008.75     -5.7942424E-006
          6020.04     -6.1450906E-006
          6031.33     -6.4992635E-006
          6042.62     -6.8532069E-006
          6053.91     -7.2033711E-006
          6065.20     -7.5462007E-006
          6076.48     -7.9012797E-006
          6087.77     -8.2829503E-006
          6099.06     -8.6798616E-006
          6110.35     -9.0807291E-006
          6121.64     -9.4742991E-006
          6132.93     -9.8493076E-006
          6144.22     -1.0194477E-005
          6155.51     -1.0496140E-005
          6166.80     -1.0742873E-005
          6178.09     -1.0926683E-005
          6189.38     -1.1039436E-005
          6200.66     -1.1072796E-005
          6211.95     -1.1018194E-005
          6223.24     -1.0866801E-005
          6234.53     -1.0618568E-005
          6245.82     -1.0278034E-005
          6257.11     -9.8428423E-006
          6268.40     -9.3103617E-006
          6279.69     -8.6776801E-006
          6290.98     -7.9454579E-006
          6302.27     -7.1157356E-006
          6313.55     -6.1872541E-006
          6324.84     -5.1584831E-006
          6336.13     -4.0276161E-006
          6347.42     -2.7925719E-006
          6358.71     -1.4508443E-006
          6370.00     -4.7365533E-051
