          3480.00      8.1194448E-033
          3491.29      2.2828030E-012
          3502.58      4.6873546E-012
          3513.87      7.1932139E-012
          3525.16      9.7809739E-012
          3536.45      1.2431951E-011
          3547.73      1.5127871E-011
          3559.02      1.7850558E-011
          3570.31      2.0581657E-011
          3581.60      2.3302338E-011
          3592.89      2.6066498E-011
          3604.18      2.8951314E-011
          3615.47      3.1972599E-011
          3626.76      3.5146599E-011
          3638.05      3.8490070E-011
          3649.34      4.2020356E-011
          3660.62      4.5755483E-011
          3671.91      4.9714238E-011
          3683.20      5.3916256E-011
          3694.49      5.8382107E-011
          3705.78      6.3133374E-011
          3717.07      6.8192767E-011
          3728.36      7.3571126E-011
          3739.65      7.9283678E-011
          3750.94      8.5361512E-011
          3762.23      9.1837018E-011
          3773.52      9.8744044E-011
          3784.80      1.0611807E-010
          3796.09      1.1399137E-010
          3807.38      1.2238261E-010
          3818.67      1.3131910E-010
          3829.96      1.4084684E-010
          3841.25      1.5101398E-010
          3852.54      1.6187102E-010
          3863.83      1.7347100E-010
          3875.12      1.8586975E-010
          3886.41      1.9912610E-010
          3897.70      2.1330219E-010
          3908.98      2.2846367E-010
          3920.27      2.4467993E-010
          3931.56      2.6202448E-010
          3942.85      2.8057512E-010
          3954.14      3.0041433E-010
          3965.43      3.2162953E-010
          3976.72      3.4431338E-010
          3988.01      3.6856421E-010
          3999.30      3.9448633E-010
          4010.59      4.2214473E-010
          4021.88      4.5161521E-010
          4033.16      4.8302776E-010
          4044.45      5.1651923E-010
          4055.74      5.5223393E-010
          4067.03      5.9032400E-010
          4078.32      6.3095018E-010
          4089.61      6.7428228E-010
          4100.90      7.2049969E-010
          4112.19      7.6979223E-010
          4123.48      8.2236064E-010
          4134.77      8.7841736E-010
          4146.05      9.3814736E-010
          4157.34      1.0017527E-009
          4168.63      1.0694909E-009
          4179.92      1.1416339E-009
          4191.21      1.2184684E-009
          4202.50      1.3002975E-009
          4213.79      1.3874412E-009
          4225.08      1.4802378E-009
          4236.37      1.5790450E-009
          4247.66      1.6842406E-009
          4258.95      1.7962245E-009
          4270.23      1.9154192E-009
          4281.52      2.0422872E-009
          4292.81      2.1773198E-009
          4304.10      2.3210215E-009
          4315.39      2.4739257E-009
          4326.68      2.6365967E-009
          4337.97      2.8096307E-009
          4349.26      2.9936587E-009
          4360.55      3.1893477E-009
          4371.84      3.3974025E-009
          4383.12      3.6185687E-009
          4394.41      3.8536341E-009
          4405.70      4.1034315E-009
          4416.99      4.3688413E-009
          4428.28      4.6506118E-009
          4439.57      4.9495469E-009
          4450.86      5.2666863E-009
          4462.15      5.6031248E-009
          4473.44      5.9600172E-009
          4484.73      6.3385805E-009
          4496.02      6.7400977E-009
          4507.30      7.1659217E-009
          4518.59      7.6174778E-009
          4529.88      8.0962696E-009
          4541.17      8.6038827E-009
          4552.46      9.1419871E-009
          4563.75      9.7108504E-009
          4575.04      1.0310882E-008
          4586.33      1.0944096E-008
          4597.62      1.1612591E-008
          4608.91      1.2318558E-008
          4620.20      1.3064289E-008
          4631.48      1.3852178E-008
          4642.77      1.4684732E-008
          4654.06      1.5564577E-008
          4665.35      1.6494464E-008
          4676.64      1.7477277E-008
          4687.93      1.8516041E-008
          4699.22      1.9611386E-008
          4710.51      2.0764218E-008
          4721.80      2.1978190E-008
          4733.09      2.3257093E-008
          4744.38      2.4604877E-008
          4755.66      2.6025654E-008
          4766.95      2.7523709E-008
          4778.24      2.9103519E-008
          4789.53      3.0769751E-008
          4800.82      3.2527288E-008
          4812.11      3.4381234E-008
          4823.40      3.6336923E-008
          4834.69      3.8392819E-008
          4845.98      4.0548025E-008
          4857.27      4.2809162E-008
          4868.55      4.5183065E-008
          4879.84      4.7676789E-008
          4891.13      5.0297642E-008
          4902.42      5.3053197E-008
          4913.71      5.5951305E-008
          4925.00      5.9000129E-008
          4936.29      6.2208153E-008
          4947.58      6.5566836E-008
          4958.87      6.9069009E-008
          4970.16      7.2725607E-008
          4981.45      7.6547795E-008
          4992.73      8.0546994E-008
          5004.02      8.4734901E-008
          5015.31      8.9123543E-008
          5026.60      9.3725293E-008
          5037.89      9.8552905E-008
          5049.18      1.0361955E-007
          5060.47      1.0893883E-007
          5071.76      1.1452484E-007
          5083.05      1.2034063E-007
          5094.34      1.2635295E-007
          5105.62      1.3258183E-007
          5116.91      1.3904741E-007
          5128.20      1.4576997E-007
          5139.49      1.5277002E-007
          5150.78      1.6006833E-007
          5162.07      1.6768600E-007
          5173.36      1.7564455E-007
          5184.65      1.8396592E-007
          5195.94      1.9267255E-007
          5207.23      2.0178746E-007
          5218.52      2.1120599E-007
          5229.80      2.2083250E-007
          5241.09      2.3070358E-007
          5252.38      2.4085542E-007
          5263.67      2.5132389E-007
          5274.96      2.6214462E-007
          5286.25      2.7335322E-007
          5297.54      2.8498530E-007
          5308.83      2.9707663E-007
          5320.12      3.0966322E-007
          5331.41      3.2278140E-007
          5342.70      3.3646800E-007
          5353.98      3.5015825E-007
          5365.27      3.6332957E-007
          5376.56      3.7607882E-007
          5387.85      3.8849826E-007
          5399.14      4.0067599E-007
          5410.43      4.1269631E-007
          5421.72      4.2464014E-007
          5433.01      4.3658530E-007
          5444.30      4.4860695E-007
          5455.59      4.6077776E-007
          5466.88      4.7316835E-007
          5478.16      4.8584749E-007
          5489.45      4.9888239E-007
          5500.74      5.1233896E-007
          5512.03      5.2628203E-007
          5523.32      5.4077563E-007
          5534.61      5.5588323E-007
          5545.90      5.7166786E-007
          5557.19      5.8450138E-007
          5568.48      5.9103721E-007
          5579.77      5.9173694E-007
          5591.05      5.8703230E-007
          5602.34      5.7732694E-007
          5613.63      5.6299840E-007
          5624.92      5.4440003E-007
          5636.21      5.2186298E-007
          5647.50      4.9569779E-007
          5658.79      4.6619613E-007
          5670.08      4.3363238E-007
          5681.37      3.9826912E-007
          5692.66      3.6035818E-007
          5703.95      3.0614196E-007
          5715.23      2.2329243E-007
          5726.52      1.1408876E-007
          5737.81     -1.9323056E-008
          5749.10     -1.7491944E-007
          5760.39     -3.5078926E-007
          5771.68     -5.4197654E-007
          5782.97     -7.4407288E-007
          5794.26     -9.5611710E-007
          5805.55     -1.1772023E-006
          5816.84     -1.4064566E-006
          5828.12     -1.6430392E-006
          5839.41     -1.8861349E-006
          5850.70     -2.1349497E-006
          5861.99     -2.3887063E-006
          5873.28     -2.6466396E-006
          5884.57     -2.9079929E-006
          5895.86     -3.1746797E-006
          5907.15     -3.4482309E-006
          5918.44     -3.7273284E-006
          5929.73     -4.0106620E-006
          5941.02     -4.2969317E-006
          5952.30     -4.5848417E-006
          5963.59     -4.8730935E-006
          5974.88     -5.1737189E-006
          5986.17     -5.4967939E-006
          5997.46     -5.8381540E-006
          6008.75     -6.1937224E-006
          6020.04     -6.5594918E-006
          6031.33     -6.9315177E-006
          6042.62     -7.3058950E-006
          6053.91     -7.6787222E-006
          6065.20     -8.0460870E-006
          6076.48     -8.4339948E-006
          6087.77     -8.8620843E-006
          6099.06     -9.3170019E-006
          6110.35     -9.7855104E-006
          6121.64     -1.0254434E-005
          6132.93     -1.0710597E-005
          6144.22     -1.1140812E-005
          6155.51     -1.1527513E-005
          6166.80     -1.1855894E-005
          6178.09     -1.2116757E-005
          6189.38     -1.2300679E-005
          6200.66     -1.2397936E-005
          6211.95     -1.2398452E-005
          6223.24     -1.2291767E-005
          6234.53     -1.2072780E-005
          6245.82     -1.1742065E-005
          6257.11     -1.1297032E-005
          6268.40     -1.0734647E-005
          6279.69     -1.0051426E-005
          6290.98     -9.2450325E-006
          6302.27     -8.3147760E-006
          6313.55     -7.2589412E-006
          6324.84     -6.0753540E-006
          6336.13     -4.7613750E-006
          6347.42     -3.3138993E-006
          6358.71     -1.7283170E-006
          6370.00      5.6639101E-039
