          3480.00      3.0993233E-032
          3491.29     -2.8239064E-004
          3502.58     -5.6332625E-004
          3513.87     -8.4162817E-004
          3525.16     -1.1161205E-003
          3536.45     -1.3856304E-003
          3547.73     -1.6489855E-003
          3559.02     -1.9050128E-003
          3570.31     -2.1525377E-003
          3581.60     -2.3903827E-003
          3592.89     -2.6212729E-003
          3604.18     -2.8487190E-003
          3615.47     -3.0727135E-003
          3626.76     -3.2932442E-003
          3638.05     -3.5102944E-003
          3649.34     -3.7238429E-003
          3660.62     -3.9338648E-003
          3671.91     -4.1403309E-003
          3683.20     -4.3432075E-003
          3694.49     -4.5424575E-003
          3705.78     -4.7380384E-003
          3717.07     -4.9299047E-003
          3728.36     -5.1182989E-003
          3739.65     -5.3035562E-003
          3750.94     -5.4857640E-003
          3762.23     -5.6650050E-003
          3773.52     -5.8413577E-003
          3784.80     -6.0148968E-003
          3796.09     -6.1856637E-003
          3807.38     -6.3535912E-003
          3818.67     -6.5186746E-003
          3829.96     -6.6810376E-003
          3841.25     -6.8408004E-003
          3852.54     -6.9980787E-003
          3863.83     -7.1529845E-003
          3875.12     -7.3056263E-003
          3886.41     -7.4561083E-003
          3897.70     -7.6045316E-003
          3908.98     -7.7509942E-003
          3920.27     -7.8955900E-003
          3931.56     -8.0384105E-003
          3942.85     -8.1795436E-003
          3954.14     -8.3190745E-003
          3965.43     -8.4570859E-003
          3976.72     -8.5936572E-003
          3988.01     -8.7288655E-003
          3999.30     -8.8627851E-003
          4010.59     -8.9945461E-003
          4021.88     -9.1233011E-003
          4033.16     -9.2491535E-003
          4044.45     -9.3722028E-003
          4055.74     -9.4925449E-003
          4067.03     -9.6102716E-003
          4078.32     -9.7254719E-003
          4089.61     -9.8382311E-003
          4100.90     -9.9486309E-003
          4112.19     -1.0056750E-002
          4123.48     -1.0162665E-002
          4134.77     -1.0266447E-002
          4146.05     -1.0367117E-002
          4157.34     -1.0463706E-002
          4168.63     -1.0556296E-002
          4179.92     -1.0644968E-002
          4191.21     -1.0729797E-002
          4202.50     -1.0810853E-002
          4213.79     -1.0888205E-002
          4225.08     -1.0961916E-002
          4236.37     -1.1032046E-002
          4247.66     -1.1098650E-002
          4258.95     -1.1161783E-002
          4270.23     -1.1221493E-002
          4281.52     -1.1276694E-002
          4292.81     -1.1326308E-002
          4304.10     -1.1370384E-002
          4315.39     -1.1408968E-002
          4326.68     -1.1442100E-002
          4337.97     -1.1469818E-002
          4349.26     -1.1492154E-002
          4360.55     -1.1509134E-002
          4371.84     -1.1520784E-002
          4383.12     -1.1527121E-002
          4394.41     -1.1528162E-002
          4405.70     -1.1523916E-002
          4416.99     -1.1514392E-002
          4428.28     -1.1500321E-002
          4439.57     -1.1482429E-002
          4450.86     -1.1460706E-002
          4462.15     -1.1435143E-002
          4473.44     -1.1405725E-002
          4484.73     -1.1372435E-002
          4496.02     -1.1335253E-002
          4507.30     -1.1294156E-002
          4518.59     -1.1249120E-002
          4529.88     -1.1200116E-002
          4541.17     -1.1147112E-002
          4552.46     -1.1090076E-002
          4563.75     -1.1031491E-002
          4575.04     -1.0973823E-002
          4586.33     -1.0917007E-002
          4597.62     -1.0860981E-002
          4608.91     -1.0805680E-002
          4620.20     -1.0751042E-002
          4631.48     -1.0697003E-002
          4642.77     -1.0643499E-002
          4654.06     -1.0590468E-002
          4665.35     -1.0537846E-002
          4676.64     -1.0485569E-002
          4687.93     -1.0433575E-002
          4699.22     -1.0384019E-002
          4710.51     -1.0339037E-002
          4721.80     -1.0298534E-002
          4733.09     -1.0262417E-002
          4744.38     -1.0230596E-002
          4755.66     -1.0202982E-002
          4766.95     -1.0179489E-002
          4778.24     -1.0160032E-002
          4789.53     -1.0144527E-002
          4800.82     -1.0132895E-002
          4812.11     -1.0125055E-002
          4823.40     -1.0120930E-002
          4834.69     -1.0123545E-002
          4845.98     -1.0135883E-002
          4857.27     -1.0157815E-002
          4868.55     -1.0189212E-002
          4879.84     -1.0229951E-002
          4891.13     -1.0279915E-002
          4902.42     -1.0338989E-002
          4913.71     -1.0407062E-002
          4925.00     -1.0484029E-002
          4936.29     -1.0569785E-002
          4947.58     -1.0668746E-002
          4958.87     -1.0785255E-002
          4970.16     -1.0919118E-002
          4981.45     -1.1070148E-002
          4992.73     -1.1238166E-002
          5004.02     -1.1422998E-002
          5015.31     -1.1624480E-002
          5026.60     -1.1842455E-002
          5037.89     -1.2076770E-002
          5049.18     -1.2327283E-002
          5060.47     -1.2593854E-002
          5071.76     -1.2876353E-002
          5083.05     -1.3182100E-002
          5094.34     -1.3518281E-002
          5105.62     -1.3884576E-002
          5116.91     -1.4280679E-002
          5128.20     -1.4706295E-002
          5139.49     -1.5161144E-002
          5150.78     -1.5644952E-002
          5162.07     -1.6157461E-002
          5173.36     -1.6698424E-002
          5184.65     -1.7267602E-002
          5195.94     -1.7864769E-002
          5207.23     -1.8489708E-002
          5218.52     -1.9153082E-002
          5229.80     -1.9865315E-002
          5241.09     -2.0625866E-002
          5252.38     -2.1434209E-002
          5263.67     -2.2289839E-002
          5274.96     -2.3192266E-002
          5286.25     -2.4141020E-002
          5297.54     -2.5135647E-002
          5308.83     -2.6175710E-002
          5320.12     -2.7260788E-002
          5331.41     -2.8390473E-002
          5342.70     -2.9564378E-002
          5353.98     -3.0812924E-002
          5365.27     -3.2165737E-002
          5376.56     -3.3621277E-002
          5387.85     -3.5178042E-002
          5399.14     -3.6834570E-002
          5410.43     -3.8589434E-002
          5421.72     -4.0441237E-002
          5433.01     -4.2388625E-002
          5444.30     -4.4430274E-002
          5455.59     -4.6564888E-002
          5466.88     -4.8791210E-002
          5478.16     -5.1108008E-002
          5489.45     -5.3514083E-002
          5500.74     -5.6008267E-002
          5512.03     -5.8589414E-002
          5523.32     -6.1256413E-002
          5534.61     -6.4008179E-002
          5545.90     -6.6843648E-002
          5557.19     -6.9854799E-002
          5568.48     -7.3130352E-002
          5579.77     -7.6664438E-002
          5591.05     -8.0451265E-002
          5602.34     -8.4485118E-002
          5613.63     -8.8760376E-002
          5624.92     -9.3271508E-002
          5636.21     -9.8013051E-002
          5647.50     -1.0297963E-001
          5658.79     -1.0816596E-001
          5670.08     -1.1356681E-001
          5681.37     -1.1917686E-001
          5692.66     -1.2499070E-001
          5703.95     -1.3125288E-001
          5715.23     -1.3819581E-001
          5726.52     -1.4579617E-001
          5737.81     -1.5403103E-001
          5749.10     -1.6287776E-001
          5760.39     -1.7231413E-001
          5771.68     -1.8226117E-001
          5782.97     -1.9264366E-001
          5794.26     -2.0344575E-001
          5805.55     -2.1465205E-001
          5816.84     -2.2624737E-001
          5828.12     -2.3821668E-001
          5839.41     -2.5054512E-001
          5850.70     -2.6321797E-001
          5861.99     -2.7622070E-001
          5873.28     -2.8953886E-001
          5884.57     -3.0315819E-001
          5895.86     -3.1709162E-001
          5907.15     -3.3134978E-001
          5918.44     -3.4591504E-001
          5929.73     -3.6076981E-001
          5941.02     -3.7589666E-001
          5952.30     -3.9127837E-001
          5963.59     -4.0689787E-001
          5974.88     -4.2282517E-001
          5986.17     -4.3911952E-001
          5997.46     -4.5574805E-001
          6008.75     -4.7267830E-001
          6020.04     -4.8987814E-001
          6031.33     -5.0731602E-001
          6042.62     -5.2496093E-001
          6053.91     -5.4278200E-001
          6065.20     -5.6074866E-001
          6076.48     -5.7892533E-001
          6087.77     -5.9734583E-001
          6099.06     -6.1593416E-001
          6110.35     -6.3461466E-001
          6121.64     -6.5331187E-001
          6132.93     -6.7195038E-001
          6144.22     -6.9045495E-001
          6155.51     -7.0877116E-001
          6166.80     -7.2685816E-001
          6178.09     -7.4466192E-001
          6189.38     -7.6212896E-001
          6200.66     -7.7920582E-001
          6211.95     -7.9583897E-001
          6223.24     -8.1197478E-001
          6234.53     -8.2772412E-001
          6245.82     -8.4322509E-001
          6257.11     -8.5846479E-001
          6268.40     -8.7343014E-001
          6279.69     -8.8810804E-001
          6290.98     -9.0256318E-001
          6302.27     -9.1686959E-001
          6313.55     -9.3102810E-001
          6324.84     -9.4503940E-001
          6336.13     -9.5890413E-001
          6347.42     -9.7262288E-001
          6358.71     -9.8620766E-001
          6370.00     -9.9967245E-001
