          3480.00     -5.0477782E-035
          3491.29      4.5085549E-010
          3502.58      9.0466543E-010
          3513.87      1.3580844E-009
          3525.16      1.8077705E-009
          3536.45      2.2503676E-009
          3547.73      2.6824846E-009
          3559.02      3.1006748E-009
          3570.31      3.5014191E-009
          3581.60      3.8811053E-009
          3592.89      4.2463691E-009
          3604.18      4.6069115E-009
          3615.47      4.9635906E-009
          3626.76      5.3172095E-009
          3638.05      5.6685186E-009
          3649.34      6.0182176E-009
          3660.62      6.3669594E-009
          3671.91      6.7153507E-009
          3683.20      7.0639545E-009
          3694.49      7.4132917E-009
          3705.78      7.7638410E-009
          3717.07      8.1160421E-009
          3728.36      8.4688983E-009
          3739.65      8.8217731E-009
          3750.94      9.1755808E-009
          3762.23      9.5311865E-009
          3773.52      9.8894096E-009
          3784.80      1.0251026E-008
          3796.09      1.0616289E-008
          3807.38      1.0983935E-008
          3818.67      1.1353321E-008
          3829.96      1.1725357E-008
          3841.25      1.2100904E-008
          3852.54      1.2480777E-008
          3863.83      1.2865746E-008
          3875.12      1.3256541E-008
          3886.41      1.3653851E-008
          3897.70      1.4058328E-008
          3908.98      1.4470589E-008
          3920.27      1.4891214E-008
          3931.56      1.5320753E-008
          3942.85      1.5759720E-008
          3954.14      1.6208601E-008
          3965.43      1.6667849E-008
          3976.72      1.7137890E-008
          3988.01      1.7619115E-008
          3999.30      1.8111892E-008
          4010.59      1.8614741E-008
          4021.88      1.9126354E-008
          4033.16      1.9647295E-008
          4044.45      2.0178085E-008
          4055.74      2.0719201E-008
          4067.03      2.1271079E-008
          4078.32      2.1834115E-008
          4089.61      2.2408661E-008
          4100.90      2.2995029E-008
          4112.19      2.3593489E-008
          4123.48      2.4204269E-008
          4134.77      2.4827555E-008
          4146.05      2.5465746E-008
          4157.34      2.6121298E-008
          4168.63      2.6794439E-008
          4179.92      2.7485363E-008
          4191.21      2.8194233E-008
          4202.50      2.8921182E-008
          4213.79      2.9666307E-008
          4225.08      3.0429671E-008
          4236.37      3.1211302E-008
          4247.66      3.2011187E-008
          4258.95      3.2829273E-008
          4270.23      3.3665468E-008
          4281.52      3.4530517E-008
          4292.81      3.5435088E-008
          4304.10      3.6378956E-008
          4315.39      3.7361915E-008
          4326.68      3.8383780E-008
          4337.97      3.9444373E-008
          4349.26      4.0543534E-008
          4360.55      4.1681106E-008
          4371.84      4.2856934E-008
          4383.12      4.4070863E-008
          4394.41      4.5322737E-008
          4405.70      4.6612389E-008
          4416.99      4.7939644E-008
          4428.28      4.9283513E-008
          4439.57      5.0623178E-008
          4450.86      5.1958589E-008
          4462.15      5.3289539E-008
          4473.44      5.4615666E-008
          4484.73      5.5936445E-008
          4496.02      5.7251190E-008
          4507.30      5.8559047E-008
          4518.59      5.9858988E-008
          4529.88      6.1149815E-008
          4541.17      6.2430147E-008
          4552.46      6.3698417E-008
          4563.75      6.4836906E-008
          4575.04      6.5729901E-008
          4586.33      6.6378038E-008
          4597.62      6.6781071E-008
          4608.91      6.6937875E-008
          4620.20      6.6846457E-008
          4631.48      6.6503954E-008
          4642.77      6.5906639E-008
          4654.06      6.5049915E-008
          4665.35      6.3928315E-008
          4676.64      6.2535497E-008
          4687.93      6.0864234E-008
          4699.22      5.8758488E-008
          4710.51      5.6065584E-008
          4721.80      5.2781375E-008
          4733.09      4.8899995E-008
          4744.38      4.4413848E-008
          4755.66      3.9313624E-008
          4766.95      3.3588294E-008
          4778.24      2.7225104E-008
          4789.53      2.0209590E-008
          4800.82      1.2525532E-008
          4812.11      4.1549563E-009
          4823.40     -4.9218558E-009
          4834.69     -1.5037275E-008
          4845.98     -2.6514969E-008
          4857.27     -3.9365566E-008
          4868.55     -5.3603158E-008
          4879.84     -6.9245224E-008
          4891.13     -8.6312702E-008
          4902.42     -1.0482995E-007
          4913.71     -1.2482468E-007
          4925.00     -1.4632809E-007
          4936.29     -1.6937478E-007
          4947.58     -1.9461894E-007
          4958.87     -2.2269525E-007
          4970.16     -2.5361645E-007
          4981.45     -2.8740194E-007
          4992.73     -3.2407755E-007
          5004.02     -3.6367545E-007
          5015.31     -4.0623427E-007
          5026.60     -4.5179895E-007
          5037.89     -5.0042077E-007
          5049.18     -5.5215740E-007
          5060.47     -6.0707272E-007
          5071.76     -6.6523709E-007
          5083.05     -7.2816415E-007
          5094.34     -7.9731525E-007
          5105.62     -8.7269736E-007
          5116.91     -9.5433049E-007
          5128.20     -1.0422475E-006
          5139.49     -1.1364943E-006
          5150.78     -1.2371288E-006
          5162.07     -1.3442220E-006
          5173.36     -1.4578571E-006
          5184.65     -1.5781295E-006
          5195.94     -1.7051471E-006
          5207.23     -1.8390301E-006
          5218.52     -1.9827706E-006
          5229.80     -2.1392460E-006
          5241.09     -2.3084321E-006
          5252.38     -2.4903297E-006
          5263.67     -2.6849641E-006
          5274.96     -2.8923836E-006
          5286.25     -3.1126609E-006
          5297.54     -3.3458914E-006
          5308.83     -3.5921936E-006
          5320.12     -3.8517089E-006
          5331.41     -4.1246005E-006
          5342.70     -4.4110546E-006
          5353.98     -4.7220992E-006
          5365.27     -5.0682603E-006
          5376.56     -5.4490403E-006
          5387.85     -5.8640073E-006
          5399.14     -6.3127935E-006
          5410.43     -6.7950936E-006
          5421.72     -7.3106619E-006
          5433.01     -7.8593128E-006
          5444.30     -8.4409185E-006
          5455.59     -9.0554055E-006
          5466.88     -9.7027569E-006
          5478.16     -1.0383009E-005
          5489.45     -1.1096249E-005
          5500.74     -1.1842621E-005
          5512.03     -1.2622312E-005
          5523.32     -1.3435566E-005
          5534.61     -1.4282674E-005
          5545.90     -1.5163973E-005
          5557.19     -1.6128021E-005
          5568.48     -1.7220654E-005
          5579.77     -1.8438340E-005
          5591.05     -1.9777768E-005
          5602.34     -2.1235842E-005
          5613.63     -2.2809681E-005
          5624.92     -2.4496604E-005
          5636.21     -2.6294119E-005
          5647.50     -2.8199924E-005
          5658.79     -3.0211894E-005
          5670.08     -3.2328072E-005
          5681.37     -3.4546606E-005
          5692.66     -3.6865735E-005
          5703.95     -3.9436735E-005
          5715.23     -4.2398934E-005
          5726.52     -4.5733402E-005
          5737.81     -4.9422017E-005
          5749.10     -5.3447417E-005
          5760.39     -5.7792965E-005
          5771.68     -6.2408697E-005
          5782.97     -6.7248871E-005
          5794.26     -7.2304197E-005
          5805.55     -7.7565907E-005
          5816.84     -8.3025552E-005
          5828.12     -8.8675004E-005
          5839.41     -9.4506419E-005
          5850.70     -1.0051222E-004
          5861.99     -1.0668508E-004
          5873.28     -1.1301788E-004
          5884.57     -1.1950374E-004
          5895.86     -1.2615686E-004
          5907.15     -1.3298890E-004
          5918.44     -1.3998933E-004
          5929.73     -1.4714784E-004
          5941.02     -1.5445431E-004
          5952.30     -1.6189884E-004
          5963.59     -1.6947173E-004
          5974.88     -1.7724959E-004
          5986.17     -1.8529621E-004
          5997.46     -1.9358307E-004
          6008.75     -2.0208223E-004
          6020.04     -2.1076622E-004
          6031.33     -2.1960808E-004
          6042.62     -2.2858129E-004
          6053.91     -2.3765954E-004
          6065.20     -2.4681668E-004
          6076.48     -2.5616888E-004
          6087.77     -2.6579359E-004
          6099.06     -2.7560716E-004
          6110.35     -2.8552633E-004
          6121.64     -2.9546809E-004
          6132.93     -3.0534945E-004
          6144.22     -3.1508752E-004
          6155.51     -3.2460171E-004
          6166.80     -3.3382811E-004
          6178.09     -3.4270898E-004
          6189.38     -3.5118627E-004
          6200.66     -3.5920117E-004
          6211.95     -3.6669392E-004
          6223.24     -3.7360374E-004
          6234.53     -3.7999704E-004
          6245.82     -3.8597393E-004
          6257.11     -3.9152267E-004
          6268.40     -3.9663056E-004
          6279.69     -4.0128396E-004
          6290.98     -4.0552801E-004
          6302.27     -4.0941879E-004
          6313.55     -4.1295766E-004
          6324.84     -4.1614519E-004
          6336.13     -4.1898111E-004
          6347.42     -4.2146436E-004
          6358.71     -4.2359944E-004
          6370.00     -4.2539253E-004
