          3480.00     -5.1470618E-027
          3491.29      5.3112985E-009
          3502.58      1.0681037E-008
          3513.87      1.6102594E-008
          3525.16      2.1569343E-008
          3536.45      2.7074346E-008
          3547.73      3.2610006E-008
          3559.02      3.8167720E-008
          3570.31      4.3737565E-008
          3581.60      4.9307936E-008
          3592.89      5.4805955E-008
          3604.18      6.0214271E-008
          3615.47      6.5600111E-008
          3626.76      7.1027323E-008
          3638.05      7.6557025E-008
          3649.34      8.2248195E-008
          3660.62      8.8158268E-008
          3671.91      9.4343643E-008
          3683.20      1.0086019E-007
          3694.49      1.0776373E-007
          3705.78      1.1511045E-007
          3717.07      1.2295740E-007
          3728.36      1.3110922E-007
          3739.65      1.3938956E-007
          3750.94      1.4788200E-007
          3762.23      1.5666696E-007
          3773.52      1.6582242E-007
          3784.80      1.7542455E-007
          3796.09      1.8548002E-007
          3807.38      1.9578107E-007
          3818.67      2.0620156E-007
          3829.96      2.1683469E-007
          3841.25      2.2776855E-007
          3852.54      2.3908687E-007
          3863.83      2.5086967E-007
          3875.12      2.6319393E-007
          3886.41      2.7613405E-007
          3897.70      2.8976245E-007
          3908.98      3.0414995E-007
          3920.27      3.1936620E-007
          3931.56      3.3548008E-007
          3942.85      3.5255998E-007
          3954.14      3.7067413E-007
          3965.43      3.8989089E-007
          3976.72      4.1027886E-007
          3988.01      4.3190725E-007
          3999.30      4.5484596E-007
          4010.59      4.7860057E-007
          4021.88      5.0273065E-007
          4033.16      5.2738007E-007
          4044.45      5.5268330E-007
          4055.74      5.7876641E-007
          4067.03      6.0574762E-007
          4078.32      6.3373820E-007
          4089.61      6.6284290E-007
          4100.90      6.9316032E-007
          4112.19      7.2478345E-007
          4123.48      7.5779986E-007
          4134.77      7.9229186E-007
          4146.05      8.2782090E-007
          4157.34      8.6400118E-007
          4168.63      9.0097949E-007
          4179.92      9.3888852E-007
          4191.21      9.7784745E-007
          4202.50      1.0179626E-006
          4213.79      1.0593275E-006
          4225.08      1.1020233E-006
          4236.37      1.1461186E-006
          4247.66      1.1916696E-006
          4258.95      1.2387195E-006
          4270.23      1.2872984E-006
          4281.52      1.3376685E-006
          4292.81      1.3901216E-006
          4304.10      1.4447141E-006
          4315.39      1.5014914E-006
          4326.68      1.5604873E-006
          4337.97      1.6217235E-006
          4349.26      1.6852086E-006
          4360.55      1.7509374E-006
          4371.84      1.8188894E-006
          4383.12      1.8890279E-006
          4394.41      1.9612984E-006
          4405.70      2.0356273E-006
          4416.99      2.1119200E-006
          4428.28      2.1873314E-006
          4439.57      2.2590318E-006
          4450.86      2.3268781E-006
          4462.15      2.3906517E-006
          4473.44      2.4500573E-006
          4484.73      2.5047195E-006
          4496.02      2.5541801E-006
          4507.30      2.5978939E-006
          4518.59      2.6352244E-006
          4529.88      2.6654391E-006
          4541.17      2.6877038E-006
          4552.46      2.7010762E-006
          4563.75      2.6808593E-006
          4575.04      2.6030977E-006
          4586.33      2.4675014E-006
          4597.62      2.2732820E-006
          4608.91      2.0191547E-006
          4620.20      1.7033354E-006
          4631.48      1.3235365E-006
          4642.77      8.7696001E-007
          4654.06      3.6028520E-007
          4665.35     -2.3034377E-007
          4676.64     -8.9933461E-007
          4687.93     -1.6516670E-006
          4699.22     -2.5353681E-006
          4710.51     -3.5968194E-006
          4721.80     -4.8399255E-006
          4733.09     -6.2698623E-006
          4744.38     -7.8930919E-006
          4755.66     -9.7173737E-006
          4766.95     -1.1751787E-005
          4778.24     -1.4006764E-005
          4789.53     -1.6494112E-005
          4800.82     -1.9227076E-005
          4812.11     -2.2220375E-005
          4823.40     -2.5490254E-005
          4834.69     -2.9180782E-005
          4845.98     -3.3430291E-005
          4857.27     -3.8250231E-005
          4868.55     -4.3655550E-005
          4879.84     -4.9664677E-005
          4891.13     -5.6299588E-005
          4902.42     -6.3585832E-005
          4913.71     -7.1552580E-005
          4925.00     -8.0232737E-005
          4936.29     -8.9663017E-005
          4947.58     -1.0020603E-004
          4958.87     -1.1220802E-004
          4970.16     -1.2569033E-004
          4981.45     -1.4068274E-004
          4992.73     -1.5722339E-004
          5004.02     -1.7535874E-004
          5015.31     -1.9514368E-004
          5026.60     -2.1664160E-004
          5037.89     -2.3992450E-004
          5049.18     -2.6507319E-004
          5060.47     -2.9217737E-004
          5071.76     -3.2133604E-004
          5083.05     -3.5366643E-004
          5094.34     -3.9022818E-004
          5105.62     -4.3105809E-004
          5116.91     -4.7621532E-004
          5128.20     -5.2578118E-004
          5139.49     -5.7985905E-004
          5150.78     -6.3857410E-004
          5162.07     -7.0207368E-004
          5173.36     -7.7052727E-004
          5184.65     -8.4412661E-004
          5195.94     -9.2308631E-004
          5207.23     -1.0076441E-003
          5218.52     -1.1007042E-003
          5229.80     -1.2050085E-003
          5241.09     -1.3206101E-003
          5252.38     -1.4476177E-003
          5263.67     -1.5861941E-003
          5274.96     -1.7365551E-003
          5286.25     -1.8989701E-003
          5297.54     -2.0737612E-003
          5308.83     -2.2613034E-003
          5320.12     -2.4620249E-003
          5331.41     -2.6764068E-003
          5342.70     -2.9049852E-003
          5353.98     -3.1613914E-003
          5365.27     -3.4583415E-003
          5376.56     -3.7951911E-003
          5387.85     -4.1714913E-003
          5399.14     -4.5869818E-003
          5410.43     -5.0415844E-003
          5421.72     -5.5353970E-003
          5433.01     -6.0686905E-003
          5444.30     -6.6419046E-003
          5455.59     -7.2556420E-003
          5466.88     -7.9106697E-003
          5478.16     -8.6079147E-003
          5489.45     -9.3484632E-003
          5500.74     -1.0133561E-002
          5512.03     -1.0964611E-002
          5523.32     -1.1843176E-002
          5534.61     -1.2770981E-002
          5545.90     -1.3749908E-002
          5557.19     -1.4868226E-002
          5568.48     -1.6207391E-002
          5579.77     -1.7759969E-002
          5591.05     -1.9519533E-002
          5602.34     -2.1480606E-002
          5613.63     -2.3638628E-002
          5624.92     -2.5989903E-002
          5636.21     -2.8531554E-002
          5647.50     -3.1261493E-002
          5658.79     -3.4178384E-002
          5670.08     -3.7281605E-002
          5681.37     -4.0571138E-002
          5692.66     -4.4047542E-002
          5703.95     -4.8054344E-002
          5715.23     -5.2898507E-002
          5726.52     -5.8529480E-002
          5737.81     -6.4900789E-002
          5749.10     -7.1969724E-002
          5760.39     -7.9697062E-002
          5771.68     -8.7969380E-002
          5782.97     -9.6688113E-002
          5794.26     -1.0584041E-001
          5805.55     -1.1541527E-001
          5816.84     -1.2540307E-001
          5828.12     -1.3579547E-001
          5839.41     -1.4658530E-001
          5850.70     -1.5776646E-001
          5861.99     -1.6933380E-001
          5873.28     -1.8128302E-001
          5884.57     -1.9361059E-001
          5895.86     -2.0638454E-001
          5907.15     -2.1966317E-001
          5918.44     -2.3342972E-001
          5929.73     -2.4766838E-001
          5941.02     -2.6236432E-001
          5952.30     -2.7750358E-001
          5963.59     -2.9307287E-001
          5974.88     -3.0942724E-001
          5986.17     -3.2686874E-001
          5997.46     -3.4530807E-001
          6008.75     -3.6465966E-001
          6020.04     -3.8484105E-001
          6031.33     -4.0577274E-001
          6042.62     -4.2737751E-001
          6053.91     -4.4957940E-001
          6065.20     -4.7230336E-001
          6076.48     -4.9634489E-001
          6087.77     -5.2232089E-001
          6099.06     -5.4989427E-001
          6110.35     -5.7873349E-001
          6121.64     -6.0851085E-001
          6132.93     -6.3890070E-001
          6144.22     -6.6957867E-001
          6155.51     -7.0007535E-001
          6166.80     -7.3000187E-001
          6178.09     -7.5915258E-001
          6189.38     -7.8731644E-001
          6200.66     -8.1427483E-001
          6211.95     -8.3980012E-001
          6223.24     -8.6365468E-001
          6234.53     -8.8566147E-001
          6245.82     -9.0580894E-001
          6257.11     -9.2409016E-001
          6268.40     -9.4048580E-001
          6279.69     -9.5496422E-001
          6290.98     -9.6746790E-001
          6302.27     -9.7798817E-001
          6313.55     -9.8654775E-001
          6324.84     -9.9315667E-001
          6336.13     -9.9781239E-001
          6347.42     -1.0004999E+000
          6358.71     -1.0011444E+000
          6370.00     -9.9967245E-001
