          3480.00      0.0000000E+000
          3491.29      2.6942308E-002
          3502.58      2.6144395E-002
          3513.87      2.5380140E-002
          3525.16      2.4648530E-002
          3536.45      2.3948495E-002
          3547.73      2.3278921E-002
          3559.02      2.2638656E-002
          3570.31      2.2026515E-002
          3581.60      2.1441291E-002
          3592.89      2.0881761E-002
          3604.18      2.0346690E-002
          3615.47      1.9834832E-002
          3626.76      1.9344940E-002
          3638.05      1.8875781E-002
          3649.34      1.8426139E-002
          3660.62      1.7994825E-002
          3671.91      1.7580676E-002
          3683.20      1.7182564E-002
          3694.49      1.6799395E-002
          3705.78      1.6430117E-002
          3717.07      1.6073717E-002
          3728.36      1.5729225E-002
          3739.65      1.5395714E-002
          3750.94      1.5072303E-002
          3762.23      1.4758155E-002
          3773.52      1.4452475E-002
          3784.80      1.4154515E-002
          3796.09      1.3863568E-002
          3807.38      1.3578972E-002
          3818.67      1.3300104E-002
          3829.96      1.3026384E-002
          3841.25      1.2757265E-002
          3852.54      1.2492238E-002
          3863.83      1.2230828E-002
          3875.12      1.1972591E-002
          3886.41      1.1717115E-002
          3897.70      1.1464016E-002
          3908.98      1.1212937E-002
          3920.27      1.0963547E-002
          3931.56      1.0715538E-002
          3942.85      1.0468624E-002
          3954.14      1.0222542E-002
          3965.43      9.9770474E-003
          3976.72      9.7319157E-003
          3988.01      9.4869364E-003
          3999.30      9.2419144E-003
          4010.59      8.9966685E-003
          4021.88      8.7510296E-003
          4033.16      8.5048402E-003
          4044.45      8.2579535E-003
          4055.74      8.0102319E-003
          4067.03      7.7615473E-003
          4078.32      7.5117789E-003
          4089.61      7.2608132E-003
          4100.90      7.0085441E-003
          4112.19      6.7548706E-003
          4123.48      6.4996975E-003
          4134.77      6.2429343E-003
          4146.05      5.9844947E-003
          4157.34      5.7242969E-003
          4168.63      5.4622619E-003
          4179.92      5.1983135E-003
          4191.21      4.9323792E-003
          4202.50      4.6643880E-003
          4213.79      4.3942712E-003
          4225.08      4.1219619E-003
          4236.37      3.8473944E-003
          4247.66      3.5705050E-003
          4258.95      3.2912302E-003
          4270.23      3.0095069E-003
          4281.52      2.7252739E-003
          4292.81      2.4384694E-003
          4304.10      2.1490323E-003
          4315.39      1.8569017E-003
          4326.68      1.5620166E-003
          4337.97      1.2643164E-003
          4349.26      9.6373959E-004
          4360.55      6.6022445E-004
          4371.84      3.5371206E-004
          4383.12      4.4141665E-005
          4394.41     -2.6855082E-004
          4405.70     -5.8443046E-004
          4416.99     -9.0356359E-004
          4428.28     -1.2260165E-003
          4439.57     -1.5518573E-003
          4450.86     -1.8811550E-003
          4462.15     -2.2139788E-003
          4473.44     -2.5504003E-003
          4484.73     -2.8904916E-003
          4496.02     -3.2343266E-003
          4507.30     -3.5819807E-003
          4518.59     -3.9335300E-003
          4529.88     -4.2890533E-003
          4541.17     -4.6486309E-003
          4552.46     -5.0123438E-003
          4563.75     -5.3802761E-003
          4575.04     -5.7525129E-003
          4586.33     -6.1291419E-003
          4597.62     -6.5102531E-003
          4608.91     -6.8959378E-003
          4620.20     -7.2862903E-003
          4631.48     -7.6814078E-003
          4642.77     -8.0813886E-003
          4654.06     -8.4863347E-003
          4665.35     -8.8963507E-003
          4676.64     -9.3115434E-003
          4687.93     -9.7320235E-003
          4699.22     -1.0157903E-002
          4710.51     -1.0589299E-002
          4721.80     -1.1026330E-002
          4733.09     -1.1469120E-002
          4744.38     -1.1917793E-002
          4755.66     -1.2372481E-002
          4766.95     -1.2833316E-002
          4778.24     -1.3300436E-002
          4789.53     -1.3773981E-002
          4800.82     -1.4254096E-002
          4812.11     -1.4740933E-002
          4823.40     -1.5234644E-002
          4834.69     -1.5735388E-002
          4845.98     -1.6243329E-002
          4857.27     -1.6758635E-002
          4868.55     -1.7281481E-002
          4879.84     -1.7812045E-002
          4891.13     -1.8350513E-002
          4902.42     -1.8897076E-002
          4913.71     -1.9451929E-002
          4925.00     -2.0015276E-002
          4936.29     -2.0587326E-002
          4947.58     -2.1168294E-002
          4958.87     -2.1758405E-002
          4970.16     -2.2357888E-002
          4981.45     -2.2966982E-002
          4992.73     -2.3585932E-002
          5004.02     -2.4214992E-002
          5015.31     -2.4854427E-002
          5026.60     -2.5504509E-002
          5037.89     -2.6165520E-002
          5049.18     -2.6837753E-002
          5060.47     -2.7521509E-002
          5071.76     -2.8217100E-002
          5083.05     -2.8924851E-002
          5094.34     -2.9645096E-002
          5105.62     -3.0378183E-002
          5116.91     -3.1124472E-002
          5128.20     -3.1884338E-002
          5139.49     -3.2658169E-002
          5150.78     -3.3446366E-002
          5162.07     -3.4249348E-002
          5173.36     -3.5067552E-002
          5184.65     -3.5901426E-002
          5195.94     -3.6751443E-002
          5207.23     -3.7618089E-002
          5218.52     -3.8501872E-002
          5229.80     -3.9403320E-002
          5241.09     -4.0322983E-002
          5252.38     -4.1261433E-002
          5263.67     -4.2219268E-002
          5274.96     -4.3197108E-002
          5286.25     -4.4195601E-002
          5297.54     -4.5215424E-002
          5308.83     -4.6257284E-002
          5320.12     -4.7321921E-002
          5331.41     -4.8410102E-002
          5342.70     -4.9522636E-002
          5353.98     -5.0660365E-002
          5365.27     -5.1824169E-002
          5376.56     -5.3014972E-002
          5387.85     -5.4233739E-002
          5399.14     -5.5481485E-002
          5410.43     -5.6759272E-002
          5421.72     -5.8068213E-002
          5433.01     -5.9409479E-002
          5444.30     -6.0784299E-002
          5455.59     -6.2193964E-002
          5466.88     -6.3639835E-002
          5478.16     -6.5123344E-002
          5489.45     -6.6645997E-002
          5500.74     -6.8209382E-002
          5512.03     -6.9815171E-002
          5523.32     -7.1465131E-002
          5534.61     -7.3161128E-002
          5545.90     -7.4905129E-002
          5557.19     -7.6699222E-002
          5568.48     -7.8545610E-002
          5579.77     -8.0446648E-002
          5591.05     -8.2404845E-002
          5602.34     -8.4422852E-002
          5613.63     -8.6503480E-002
          5624.92     -8.8649710E-002
          5636.21     -9.0864699E-002
          5647.50     -9.3151808E-002
          5658.79     -9.5514611E-002
          5670.08     -9.7956917E-002
          5681.37     -1.0048290E-001
          5692.66     -1.0309711E-001
          5703.95     -9.9585224E-002
          5715.23     -8.7030831E-002
          5726.52     -7.1049122E-002
          5737.81     -5.5512167E-002
          5749.10     -4.2057026E-002
          5760.39     -3.0987531E-002
          5771.68     -2.2062345E-002
          5782.97     -1.4899021E-002
          5794.26     -9.1318314E-003
          5805.55     -4.4576038E-003
          5816.84     -6.3875256E-004
          5828.12      2.5069944E-003
          5839.41      5.1186191E-003
          5850.70      7.3022676E-003
          5861.99      9.1394598E-003
          5873.28      1.0693267E-002
          5884.57      1.2012904E-002
          5895.86      1.3137096E-002
          5907.15      1.4096572E-002
          5918.44      1.4915895E-002
          5929.73      1.5614851E-002
          5941.02      1.6209513E-002
          5952.30      1.6713009E-002
          5963.59      1.7136120E-002
          5974.88      1.7487734E-002
          5986.17      1.7775198E-002
          5997.46      1.8004601E-002
          6008.75      1.8180998E-002
          6020.04      1.8308576E-002
          6031.33      1.8390805E-002
          6042.62      1.8430537E-002
          6053.91      1.8430071E-002
          6065.20      1.8391228E-002
          6076.48      1.8315409E-002
          6087.77      1.8203639E-002
          6099.06      1.8056590E-002
          6110.35      1.7874605E-002
          6121.64      1.7657716E-002
          6132.93      1.7405642E-002
          6144.22      1.7117806E-002
          6155.51      1.6793347E-002
          6166.80      1.6431111E-002
          6178.09      1.6029633E-002
          6189.38      1.5587112E-002
          6200.66      1.5101367E-002
          6211.95      1.4569791E-002
          6223.24      1.3989306E-002
          6234.53      1.3356305E-002
          6245.82      1.2666571E-002
          6257.11      1.1915188E-002
          6268.40      1.1096426E-002
          6279.69      1.0206023E-002
          6290.98      9.2418541E-003
          6302.27      8.2001465E-003
          6313.55      7.0763352E-003
          6324.84      5.8650009E-003
          6336.13      4.5597717E-003
          6347.42      3.1532048E-003
          6358.71      1.6366396E-003
          6370.00      0.0000000E+000
