          3480.00      0.0000000E+000
          3491.29      2.7434291E-002
          3502.58      2.6596622E-002
          3513.87      2.5798139E-002
          3525.16      2.5037610E-002
          3536.45      2.4313715E-002
          3547.73      2.3625069E-002
          3559.02      2.2970229E-002
          3570.31      2.2347706E-002
          3581.60      2.1755976E-002
          3592.89      2.1193497E-002
          3604.18      2.0658711E-002
          3615.47      2.0150052E-002
          3626.76      1.9665959E-002
          3638.05      1.9204893E-002
          3649.34      1.8765346E-002
          3660.62      1.8345848E-002
          3671.91      1.7944975E-002
          3683.20      1.7561350E-002
          3694.49      1.7193655E-002
          3705.78      1.6840627E-002
          3717.07      1.6501063E-002
          3728.36      1.6173821E-002
          3739.65      1.5857823E-002
          3750.94      1.5552051E-002
          3762.23      1.5255549E-002
          3773.52      1.4967422E-002
          3784.80      1.4686832E-002
          3796.09      1.4413001E-002
          3807.38      1.4145203E-002
          3818.67      1.3882767E-002
          3829.96      1.3625074E-002
          3841.25      1.3371548E-002
          3852.54      1.3121658E-002
          3863.83      1.2874914E-002
          3875.12      1.2630865E-002
          3886.41      1.2389096E-002
          3897.70      1.2149226E-002
          3908.98      1.1910903E-002
          3920.27      1.1673806E-002
          3931.56      1.1437639E-002
          3942.85      1.1202130E-002
          3954.14      1.0967033E-002
          3965.43      1.0732119E-002
          3976.72      1.0497183E-002
          3988.01      1.0262032E-002
          3999.30      1.0026491E-002
          4010.59      9.7903971E-003
          4021.88      9.5536004E-003
          4033.16      9.3159621E-003
          4044.45      9.0773536E-003
          4055.74      8.8376550E-003
          4067.03      8.5967556E-003
          4078.32      8.3545512E-003
          4089.61      8.1109443E-003
          4100.90      7.8658439E-003
          4112.19      7.6191637E-003
          4123.48      7.3708223E-003
          4134.77      7.1207424E-003
          4146.05      6.8688500E-003
          4157.34      6.6150752E-003
          4168.63      6.3593498E-003
          4179.92      6.1016083E-003
          4191.21      5.8417877E-003
          4202.50      5.5798263E-003
          4213.79      5.3156639E-003
          4225.08      5.0492417E-003
          4236.37      4.7805013E-003
          4247.66      4.5093862E-003
          4258.95      4.2358392E-003
          4270.23      3.9598035E-003
          4281.52      3.6812232E-003
          4292.81      3.4000420E-003
          4304.10      3.1162036E-003
          4315.39      2.8296518E-003
          4326.68      2.5403295E-003
          4337.97      2.2481804E-003
          4349.26      1.9531465E-003
          4360.55      1.6551695E-003
          4371.84      1.3541938E-003
          4383.12      1.0501618E-003
          4394.41      7.4301189E-004
          4405.70      4.3268150E-004
          4416.99      1.1910652E-004
          4428.28     -1.9777725E-004
          4439.57     -5.1803585E-004
          4450.86     -8.4173650E-004
          4462.15     -1.1689467E-003
          4473.44     -1.4997363E-003
          4484.73     -1.8341760E-003
          4496.02     -2.1723381E-003
          4507.30     -2.5142967E-003
          4518.59     -2.8601268E-003
          4529.88     -3.2099059E-003
          4541.17     -3.5637132E-003
          4552.46     -3.9216287E-003
          4563.75     -4.2837354E-003
          4575.04     -4.6501178E-003
          4586.33     -5.0208624E-003
          4597.62     -5.3960586E-003
          4608.91     -5.7757969E-003
          4620.20     -6.1601711E-003
          4631.48     -6.5492775E-003
          4642.77     -6.9432141E-003
          4654.06     -7.3420824E-003
          4665.35     -7.7459861E-003
          4676.64     -8.1550321E-003
          4687.93     -8.5693302E-003
          4699.22     -8.9889926E-003
          4710.51     -9.4141353E-003
          4721.80     -9.8448778E-003
          4733.09     -1.0281342E-002
          4744.38     -1.0723654E-002
          4755.66     -1.1171943E-002
          4766.95     -1.1626343E-002
          4778.24     -1.2086990E-002
          4789.53     -1.2554026E-002
          4800.82     -1.3027597E-002
          4812.11     -1.3507851E-002
          4823.40     -1.3994942E-002
          4834.69     -1.4489030E-002
          4845.98     -1.4990278E-002
          4857.27     -1.5498855E-002
          4868.55     -1.6014936E-002
          4879.84     -1.6538700E-002
          4891.13     -1.7070332E-002
          4902.42     -1.7610024E-002
          4913.71     -1.8157973E-002
          4925.00     -1.8714381E-002
          4936.29     -1.9279460E-002
          4947.58     -1.9853425E-002
          4958.87     -2.0436501E-002
          4970.16     -2.1028918E-002
          4981.45     -2.1630916E-002
          4992.73     -2.2242742E-002
          5004.02     -2.2864651E-002
          5015.31     -2.3496909E-002
          5026.60     -2.4139790E-002
          5037.89     -2.4793577E-002
          5049.18     -2.5458565E-002
          5060.47     -2.6135055E-002
          5071.76     -2.6823365E-002
          5083.05     -2.7523818E-002
          5094.34     -2.8236753E-002
          5105.62     -2.8962521E-002
          5116.91     -2.9701483E-002
          5128.20     -3.0454017E-002
          5139.49     -3.1220514E-002
          5150.78     -3.2001380E-002
          5162.07     -3.2797037E-002
          5173.36     -3.3607926E-002
          5184.65     -3.4434501E-002
          5195.94     -3.5277236E-002
          5207.23     -3.6136626E-002
          5218.52     -3.7013183E-002
          5229.80     -3.7907441E-002
          5241.09     -3.8819956E-002
          5252.38     -3.9751307E-002
          5263.67     -4.0702099E-002
          5274.96     -4.1672960E-002
          5286.25     -4.2664549E-002
          5297.54     -4.3677549E-002
          5308.83     -4.4712680E-002
          5320.12     -4.5770689E-002
          5331.41     -4.6852359E-002
          5342.70     -4.7958508E-002
          5353.98     -4.9089994E-002
          5365.27     -5.0247711E-002
          5376.56     -5.1432598E-002
          5387.85     -5.2645638E-002
          5399.14     -5.3887863E-002
          5410.43     -5.5160357E-002
          5421.72     -5.6464252E-002
          5433.01     -5.7800743E-002
          5444.30     -5.9171086E-002
          5455.59     -6.0576598E-002
          5466.88     -6.2018669E-002
          5478.16     -6.3498763E-002
          5489.45     -6.5018421E-002
          5500.74     -6.6579269E-002
          5512.03     -6.8183019E-002
          5523.32     -6.9831483E-002
          5534.61     -7.1526574E-002
          5545.90     -7.3270313E-002
          5557.19     -7.5064841E-002
          5568.48     -7.6912428E-002
          5579.77     -7.8815494E-002
          5591.05     -8.0776627E-002
          5602.34     -8.2798558E-002
          5613.63     -8.4884189E-002
          5624.92     -8.7036594E-002
          5636.21     -8.9259034E-002
          5647.50     -9.1554982E-002
          5658.79     -9.3928135E-002
          5670.08     -9.6382435E-002
          5681.37     -9.8922224E-002
          5692.66     -1.0155222E-001
          5703.95     -9.6823899E-002
          5715.23     -8.1903829E-002
          5726.52     -6.4087505E-002
          5737.81     -4.7713663E-002
          5749.10     -3.4175971E-002
          5760.39     -2.3437601E-002
          5771.68     -1.5020469E-002
          5782.97     -8.4111498E-003
          5794.26     -3.1805907E-003
          5805.55      1.0008483E-003
          5816.84      4.3787850E-003
          5828.12      7.1349281E-003
          5839.41      9.4040858E-003
          5850.70      1.1287046E-002
          5861.99      1.2859912E-002
          5873.28      1.4180756E-002
          5884.57      1.5294382E-002
          5895.86      1.6235706E-002
          5907.15      1.7032209E-002
          5918.44      1.7705701E-002
          5929.73      1.8273638E-002
          5941.02      1.8750117E-002
          5952.30      1.9146592E-002
          5963.59      1.9472415E-002
          5974.88      1.9735254E-002
          5986.17      1.9941411E-002
          5997.46      2.0096074E-002
          6008.75      2.0203515E-002
          6020.04      2.0267243E-002
          6031.33      2.0290130E-002
          6042.62      2.0274500E-002
          6053.91      2.0222185E-002
          6065.20      2.0134588E-002
          6076.48      2.0012731E-002
          6087.77      1.9857294E-002
          6099.06      1.9668631E-002
          6110.35      1.9446787E-002
          6121.64      1.9191510E-002
          6132.93      1.8902246E-002
          6144.22      1.8578152E-002
          6155.51      1.8218099E-002
          6166.80      1.7820661E-002
          6178.09      1.7384091E-002
          6189.38      1.6906289E-002
          6200.66      1.6384750E-002
          6211.95      1.5816513E-002
          6223.24      1.5198105E-002
          6234.53      1.4525465E-002
          6245.82      1.3793860E-002
          6257.11      1.2997770E-002
          6268.40      1.2130752E-002
          6279.69      1.1184698E-002
          6290.98      1.0153628E-002
          6302.27      9.0327418E-003
          6313.55      7.8161629E-003
          6324.84      6.4968358E-003
          6336.13      5.0663739E-003
          6347.42      3.5148715E-003
          6358.71      1.8306624E-003
          6370.00      0.0000000E+000
