          3480.00      0.0000000E+000
          3491.29      4.3183250E+001
          3502.58      4.2925480E+001
          3513.87      4.2668650E+001
          3525.16      4.2412734E+001
          3536.45      4.2157705E+001
          3547.73      4.1903539E+001
          3559.02      4.1650212E+001
          3570.31      4.1397699E+001
          3581.60      4.1145976E+001
          3592.89      4.0895020E+001
          3604.18      4.0644802E+001
          3615.47      4.0395287E+001
          3626.76      4.0146436E+001
          3638.05      3.9898216E+001
          3649.34      3.9650596E+001
          3660.62      3.9403546E+001
          3671.91      3.9157038E+001
          3683.20      3.8911045E+001
          3694.49      3.8665543E+001
          3705.78      3.8420506E+001
          3717.07      3.8175910E+001
          3728.36      3.7931730E+001
          3739.65      3.7687944E+001
          3750.94      3.7444528E+001
          3762.23      3.7201461E+001
          3773.52      3.6958719E+001
          3784.80      3.6716280E+001
          3796.09      3.6474124E+001
          3807.38      3.6232229E+001
          3818.67      3.5990575E+001
          3829.96      3.5749143E+001
          3841.25      3.5507913E+001
          3852.54      3.5266865E+001
          3863.83      3.5025981E+001
          3875.12      3.4785239E+001
          3886.41      3.4544622E+001
          3897.70      3.4304111E+001
          3908.98      3.4063685E+001
          3920.27      3.3823326E+001
          3931.56      3.3583016E+001
          3942.85      3.3342735E+001
          3954.14      3.3102466E+001
          3965.43      3.2862190E+001
          3976.72      3.2621890E+001
          3988.01      3.2381549E+001
          3999.30      3.2141149E+001
          4010.59      3.1900673E+001
          4021.88      3.1660103E+001
          4033.16      3.1419421E+001
          4044.45      3.1178612E+001
          4055.74      3.0937656E+001
          4067.03      3.0696537E+001
          4078.32      3.0455238E+001
          4089.61      3.0213741E+001
          4100.90      2.9972030E+001
          4112.19      2.9730087E+001
          4123.48      2.9487895E+001
          4134.77      2.9245438E+001
          4146.05      2.9002697E+001
          4157.34      2.8759657E+001
          4168.63      2.8516299E+001
          4179.92      2.8272608E+001
          4191.21      2.8028566E+001
          4202.50      2.7784156E+001
          4213.79      2.7539361E+001
          4225.08      2.7294165E+001
          4236.37      2.7048549E+001
          4247.66      2.6802499E+001
          4258.95      2.6555995E+001
          4270.23      2.6309022E+001
          4281.52      2.6061562E+001
          4292.81      2.5813598E+001
          4304.10      2.5565113E+001
          4315.39      2.5316090E+001
          4326.68      2.5066511E+001
          4337.97      2.4816360E+001
          4349.26      2.4565620E+001
          4360.55      2.4314272E+001
          4371.84      2.4062301E+001
          4383.12      2.3809688E+001
          4394.41      2.3556418E+001
          4405.70      2.3302472E+001
          4416.99      2.3047832E+001
          4428.28      2.2792481E+001
          4439.57      2.2536401E+001
          4450.86      2.2279575E+001
          4462.15      2.2021984E+001
          4473.44      2.1763610E+001
          4484.73      2.1504436E+001
          4496.02      2.1244444E+001
          4507.30      2.0983614E+001
          4518.59      2.0721929E+001
          4529.88      2.0459371E+001
          4541.17      2.0195921E+001
          4552.46      1.9931560E+001
          4563.75      1.9666270E+001
          4575.04      1.9400032E+001
          4586.33      1.9132828E+001
          4597.62      1.8864637E+001
          4608.91      1.8595442E+001
          4620.20      1.8325223E+001
          4631.48      1.8053961E+001
          4642.77      1.7781636E+001
          4654.06      1.7508228E+001
          4665.35      1.7233718E+001
          4676.64      1.6958086E+001
          4687.93      1.6681312E+001
          4699.22      1.6403376E+001
          4710.51      1.6124257E+001
          4721.80      1.5843934E+001
          4733.09      1.5562388E+001
          4744.38      1.5279596E+001
          4755.66      1.4995539E+001
          4766.95      1.4710195E+001
          4778.24      1.4423542E+001
          4789.53      1.4135558E+001
          4800.82      1.3846223E+001
          4812.11      1.3555513E+001
          4823.40      1.3263408E+001
          4834.69      1.2969883E+001
          4845.98      1.2674917E+001
          4857.27      1.2378486E+001
          4868.55      1.2080567E+001
          4879.84      1.1781138E+001
          4891.13      1.1480174E+001
          4902.42      1.1177650E+001
          4913.71      1.0873544E+001
          4925.00      1.0567831E+001
          4936.29      1.0260486E+001
          4947.58      9.9514832E+000
          4958.87      9.6407982E+000
          4970.16      9.3284056E+000
          4981.45      9.0142794E+000
          4992.73      8.6983931E+000
          5004.02      8.3807208E+000
          5015.31      8.0612354E+000
          5026.60      7.7399098E+000
          5037.89      7.4167165E+000
          5049.18      7.0916274E+000
          5060.47      6.7646149E+000
          5071.76      6.4356503E+000
          5083.05      6.1047045E+000
          5094.34      5.7717488E+000
          5105.62      5.4367533E+000
          5116.91      5.0996882E+000
          5128.20      4.7605230E+000
          5139.49      4.4192269E+000
          5150.78      4.0757692E+000
          5162.07      3.7301179E+000
          5173.36      3.3822409E+000
          5184.65      3.0321061E+000
          5195.94      2.6796804E+000
          5207.23      2.3249305E+000
          5218.52      1.9678225E+000
          5229.80      1.6083218E+000
          5241.09      1.2463942E+000
          5252.38      8.8200426E-001
          5263.67      5.1511583E-001
          5274.96      1.4569331E-001
          5286.25     -2.2630042E-001
          5297.54     -6.0090271E-001
          5308.83     -9.7815147E-001
          5320.12     -1.3580855E+000
          5331.41     -1.7407433E+000
          5342.70     -2.1261648E+000
          5353.98     -2.5143906E+000
          5365.27     -2.9054609E+000
          5376.56     -3.2994175E+000
          5387.85     -3.6963025E+000
          5399.14     -4.0961586E+000
          5410.43     -4.4990299E+000
          5421.72     -4.9049596E+000
          5433.01     -5.3139929E+000
          5444.30     -5.7261758E+000
          5455.59     -6.1415539E+000
          5466.88     -6.5601747E+000
          5478.16     -6.9820862E+000
          5489.45     -7.4073368E+000
          5500.74     -7.8359767E+000
          5512.03     -8.2680552E+000
          5523.32     -8.7036239E+000
          5534.61     -9.1427351E+000
          5545.90     -9.5854409E+000
          5557.19     -1.0031795E+001
          5568.48     -1.0481853E+001
          5579.77     -1.0935671E+001
          5591.05     -1.1393307E+001
          5602.34     -1.1854819E+001
          5613.63     -1.2320269E+001
          5624.92     -1.2789717E+001
          5636.21     -1.3263224E+001
          5647.50     -1.3740855E+001
          5658.79     -1.4222672E+001
          5670.08     -1.4708740E+001
          5681.37     -1.5199132E+001
          5692.66     -1.5693922E+001
          5703.95     -1.6148635E+001
          5715.23     -1.6520298E+001
          5726.52     -1.6811638E+001
          5737.81     -1.7025865E+001
          5749.10     -1.7166590E+001
          5760.39     -1.7237746E+001
          5771.68     -1.7243513E+001
          5782.97     -1.7188247E+001
          5794.26     -1.7076386E+001
          5805.55     -1.6912399E+001
          5816.84     -1.6700756E+001
          5828.12     -1.6445876E+001
          5839.41     -1.6152090E+001
          5850.70     -1.5823602E+001
          5861.99     -1.5464466E+001
          5873.28     -1.5078560E+001
          5884.57     -1.4669569E+001
          5895.86     -1.4240975E+001
          5907.15     -1.3796052E+001
          5918.44     -1.3337868E+001
          5929.73     -1.2869286E+001
          5941.02     -1.2392956E+001
          5952.30     -1.1911313E+001
          5963.59     -1.1426591E+001
          5974.88     -1.0940830E+001
          5986.17     -1.0455890E+001
          5997.46     -9.9734560E+000
          6008.75     -9.4950451E+000
          6020.04     -9.0220199E+000
          6031.33     -8.5555848E+000
          6042.62     -8.0968005E+000
          6053.91     -7.6466108E+000
          6065.20     -7.2058502E+000
          6076.48     -6.7752508E+000
          6087.77     -6.3554497E+000
          6099.06     -5.9470006E+000
          6110.35     -5.5503869E+000
          6121.64     -5.1660300E+000
          6132.93     -4.7943065E+000
          6144.22     -4.4355510E+000
          6155.51     -4.0900405E+000
          6166.80     -3.7580031E+000
          6178.09     -3.4396186E+000
          6189.38     -3.1350215E+000
          6200.66     -2.8443188E+000
          6211.95     -2.5675978E+000
          6223.24     -2.3049295E+000
          6234.53     -2.0563719E+000
          6245.82     -1.8219716E+000
          6257.11     -1.6017667E+000
          6268.40     -1.3957895E+000
          6279.69     -1.2023202E+000
          6290.98     -1.0193334E+000
          6302.27     -8.4641645E-001
          6313.55     -6.8317985E-001
          6324.84     -5.2925590E-001
          6336.13     -3.8429625E-001
          6347.42     -2.4797149E-001
          6358.71     -1.1997069E-001
          6370.00      0.0000000E+000
