          3480.00      6.4613829E-031
          3491.29     -2.0076676E-005
          3502.58     -3.9442774E-005
          3513.87     -5.8144913E-005
          3525.16     -7.6226865E-005
          3536.45     -9.3729795E-005
          3547.73     -1.1069235E-004
          3559.02     -1.2715074E-004
          3570.31     -1.4313893E-004
          3581.60     -1.5868873E-004
          3592.89     -1.7382986E-004
          3604.18     -1.8859001E-004
          3615.47     -2.0299474E-004
          3626.76     -2.1706772E-004
          3638.05     -2.3083086E-004
          3649.34     -2.4430437E-004
          3660.62     -2.5750686E-004
          3671.91     -2.7045536E-004
          3683.20     -2.8316539E-004
          3694.49     -2.9565102E-004
          3705.78     -3.0792482E-004
          3717.07     -3.1999805E-004
          3728.36     -3.3188058E-004
          3739.65     -3.4358092E-004
          3750.94     -3.5510629E-004
          3762.23     -3.6646264E-004
          3773.52     -3.7765464E-004
          3784.80     -3.8868569E-004
          3796.09     -3.9955795E-004
          3807.38     -4.1027240E-004
          3818.67     -4.2082881E-004
          3829.96     -4.3122572E-004
          3841.25     -4.4146045E-004
          3852.54     -4.5152906E-004
          3863.83     -4.6142639E-004
          3875.12     -4.7114603E-004
          3886.41     -4.8068026E-004
          3897.70     -4.9002012E-004
          3908.98     -4.9915536E-004
          3920.27     -5.0807435E-004
          3931.56     -5.1676418E-004
          3942.85     -5.2521054E-004
          3954.14     -5.3339777E-004
          3965.43     -5.4130885E-004
          3976.72     -5.4892527E-004
          3988.01     -5.5622707E-004
          3999.30     -5.6319274E-004
          4010.59     -5.6979919E-004
          4021.88     -5.7602174E-004
          4033.16     -5.8183402E-004
          4044.45     -5.8720796E-004
          4055.74     -5.9211375E-004
          4067.03     -5.9651974E-004
          4078.32     -6.0039241E-004
          4089.61     -6.0369634E-004
          4100.90     -6.0639410E-004
          4112.19     -6.0844621E-004
          4123.48     -6.0981108E-004
          4134.77     -6.1044494E-004
          4146.05     -6.1030172E-004
          4157.34     -6.0933307E-004
          4168.63     -6.0748818E-004
          4179.92     -6.0471375E-004
          4191.21     -6.0095391E-004
          4202.50     -5.9615012E-004
          4213.79     -5.9024108E-004
          4225.08     -5.8316264E-004
          4236.37     -5.7484767E-004
          4247.66     -5.6522603E-004
          4258.95     -5.5422439E-004
          4270.23     -5.4176613E-004
          4281.52     -5.2777129E-004
          4292.81     -5.1215640E-004
          4304.10     -4.9483438E-004
          4315.39     -4.7571442E-004
          4326.68     -4.5470184E-004
          4337.97     -4.3169800E-004
          4349.26     -4.0660011E-004
          4360.55     -3.7930109E-004
          4371.84     -3.4968973E-004
          4383.12     -3.1765019E-004
          4394.41     -2.8306174E-004
          4405.70     -2.4579873E-004
          4416.99     -2.0573045E-004
          4428.28     -1.6272109E-004
          4439.57     -1.1662936E-004
          4450.86     -6.7308428E-005
          4462.15     -1.4605851E-005
          4473.44      4.1636852E-005
          4484.73      1.0158424E-004
          4496.02      1.6540716E-004
          4507.30      2.3328308E-004
          4518.59      3.0539596E-004
          4529.88      3.8193692E-004
          4541.17      4.6310426E-004
          4552.46      5.4910344E-004
          4563.75      6.4014774E-004
          4575.04      7.3645828E-004
          4586.33      8.3826427E-004
          4597.62      9.4580343E-004
          4608.91      1.0593218E-003
          4620.20      1.1790747E-003
          4631.48      1.3053267E-003
          4642.77      1.4383512E-003
          4654.06      1.5784322E-003
          4665.35      1.7258634E-003
          4676.64      1.8809489E-003
          4687.93      2.0440036E-003
          4699.22      2.2153533E-003
          4710.51      2.3953353E-003
          4721.80      2.5842989E-003
          4733.09      2.7826048E-003
          4744.38      2.9906267E-003
          4755.66      3.2087511E-003
          4766.95      3.4373775E-003
          4778.24      3.6769194E-003
          4789.53      3.9278035E-003
          4800.82      4.1904718E-003
          4812.11      4.4653810E-003
          4823.40      4.7530025E-003
          4834.69      5.0538239E-003
          4845.98      5.3683492E-003
          4857.27      5.6970988E-003
          4868.55      6.0406107E-003
          4879.84      6.3994398E-003
          4891.13      6.7741599E-003
          4902.42      7.1653637E-003
          4913.71      7.5736620E-003
          4925.00      7.9996865E-003
          4936.29      8.4440888E-003
          4947.58      8.9075415E-003
          4958.87      9.3907392E-003
          4970.16      9.8943975E-003
          4981.45      1.0419256E-002
          4992.73      1.0966077E-002
          5004.02      1.1535646E-002
          5015.31      1.2128776E-002
          5026.60      1.2746304E-002
          5037.89      1.3389092E-002
          5049.18      1.4058030E-002
          5060.47      1.4754036E-002
          5071.76      1.5478055E-002
          5083.05      1.6231064E-002
          5094.34      1.7014064E-002
          5105.62      1.7828094E-002
          5116.91      1.8674220E-002
          5128.20      1.9553541E-002
          5139.49      2.0467192E-002
          5150.78      2.1416337E-002
          5162.07      2.2402181E-002
          5173.36      2.3425962E-002
          5184.65      2.4488954E-002
          5195.94      2.5592472E-002
          5207.23      2.6737868E-002
          5218.52      2.7926535E-002
          5229.80      2.9159907E-002
          5241.09      3.0439458E-002
          5252.38      3.1766709E-002
          5263.67      3.3143224E-002
          5274.96      3.4570609E-002
          5286.25      3.6050523E-002
          5297.54      3.7584668E-002
          5308.83      3.9174798E-002
          5320.12      4.0822718E-002
          5331.41      4.2530280E-002
          5342.70      4.4299395E-002
          5353.98      4.6132028E-002
          5365.27      4.8030193E-002
          5376.56      4.9995969E-002
          5387.85      5.2031489E-002
          5399.14      5.4138950E-002
          5410.43      5.6320610E-002
          5421.72      5.8578784E-002
          5433.01      6.0915860E-002
          5444.30      6.3334291E-002
          5455.59      6.5836591E-002
          5466.88      6.8425353E-002
          5478.16      7.1103237E-002
          5489.45      7.3872978E-002
          5500.74      7.6737386E-002
          5512.03      7.9699344E-002
          5523.32      8.2761818E-002
          5534.61      8.5927856E-002
          5545.90      8.9200582E-002
          5557.19      9.2583209E-002
          5568.48      9.6079038E-002
          5579.77      9.9691461E-002
          5591.05      1.0342397E-001
          5602.34      1.0728013E-001
          5613.63      1.1126362E-001
          5624.92      1.1537821E-001
          5636.21      1.1962777E-001
          5647.50      1.2401626E-001
          5658.79      1.2854776E-001
          5670.08      1.3322645E-001
          5681.37      1.3805663E-001
          5692.66      1.4304273E-001
          5703.95      1.4733754E-001
          5715.23      1.5014793E-001
          5726.52      1.5155775E-001
          5737.81      1.5164849E-001
          5749.10      1.5049936E-001
          5760.39      1.4818740E-001
          5771.68      1.4478754E-001
          5782.97      1.4037271E-001
          5794.26      1.3501359E-001
          5805.55      1.2877890E-001
          5816.84      1.2173602E-001
          5828.12      1.1395110E-001
          5839.41      1.0548912E-001
          5850.70      9.6414005E-002
          5861.99      8.6788675E-002
          5873.28      7.6675194E-002
          5884.57      6.6134771E-002
          5895.86      5.5227875E-002
          5907.15      4.4014342E-002
          5918.44      3.2553595E-002
          5929.73      2.0904679E-002
          5941.02      9.1260227E-003
          5952.30     -2.7245146E-003
          5963.59     -1.4589538E-002
          5974.88     -2.6412073E-002
          5986.17     -3.8135440E-002
          5997.46     -4.9703237E-002
          6008.75     -6.1059432E-002
          6020.04     -7.2148270E-002
          6031.33     -8.2914503E-002
          6042.62     -9.3303231E-002
          6053.91     -1.0325941E-001
          6065.20     -1.1272785E-001
          6076.48     -1.2165319E-001
          6087.77     -1.2997989E-001
          6099.06     -1.3765202E-001
          6110.35     -1.4461309E-001
          6121.64     -1.5080595E-001
          6132.93     -1.5617251E-001
          6144.22     -1.6065388E-001
          6155.51     -1.6419085E-001
          6166.80     -1.6672379E-001
          6178.09     -1.6819261E-001
          6189.38     -1.6853666E-001
          6200.66     -1.6769425E-001
          6211.95     -1.6560249E-001
          6223.24     -1.6219714E-001
          6234.53     -1.5741267E-001
          6245.82     -1.5118210E-001
          6257.11     -1.4343698E-001
          6268.40     -1.3410737E-001
          6279.69     -1.2344288E-001
          6290.98     -1.1173706E-001
          6302.27     -9.8983895E-002
          6313.55     -8.5176304E-002
          6324.84     -7.0306160E-002
          6336.13     -5.4364250E-002
          6347.42     -3.7340297E-002
          6358.71     -1.9223012E-002
          6370.00     -1.6064298E-034
