          3480.00      1.3058241E-032
          3491.29     -1.0590693E-013
          3502.58     -2.0601305E-013
          3513.87     -3.0141929E-013
          3525.16     -3.9313516E-013
          3536.45     -4.8209058E-013
          3547.73     -5.6914559E-013
          3559.02     -6.5509922E-013
          3570.31     -7.4069805E-013
          3581.60     -8.2664314E-013
          3592.89     -9.1359666E-013
          3604.18     -1.0021874E-012
          3615.47     -1.0930147E-012
          3626.76     -1.1866541E-012
          3638.05     -1.2836619E-012
          3649.34     -1.3845785E-012
          3660.62     -1.4899327E-012
          3671.91     -1.6002442E-012
          3683.20     -1.7160262E-012
          3694.49     -1.8377878E-012
          3705.78     -1.9660359E-012
          3717.07     -2.1012775E-012
          3728.36     -2.2440208E-012
          3739.65     -2.3947761E-012
          3750.94     -2.5540576E-012
          3762.23     -2.7223835E-012
          3773.52     -2.9002768E-012
          3784.80     -3.0882657E-012
          3796.09     -3.2868828E-012
          3807.38     -3.4966665E-012
          3818.67     -3.7181602E-012
          3829.96     -3.9519100E-012
          3841.25     -4.1984648E-012
          3852.54     -4.4583741E-012
          3863.83     -4.7321867E-012
          3875.12     -5.0204479E-012
          3886.41     -5.3236968E-012
          3897.70     -5.6424642E-012
          3908.98     -5.9772687E-012
          3920.27     -6.3286116E-012
          3931.56     -6.6969740E-012
          3942.85     -7.0828106E-012
          3954.14     -7.4865450E-012
          3965.43     -7.9085647E-012
          3976.72     -8.3492102E-012
          3988.01     -8.8087695E-012
          3999.30     -9.2874672E-012
          4010.59     -9.7854540E-012
          4021.88     -1.0302797E-011
          4033.16     -1.0839467E-011
          4044.45     -1.1395324E-011
          4055.74     -1.1970103E-011
          4067.03     -1.2563395E-011
          4078.32     -1.3174634E-011
          4089.61     -1.3803072E-011
          4100.90     -1.4447759E-011
          4112.19     -1.5107521E-011
          4123.48     -1.5780930E-011
          4134.77     -1.6466277E-011
          4146.05     -1.7161545E-011
          4157.34     -1.7864364E-011
          4168.63     -1.8571986E-011
          4179.92     -1.9281238E-011
          4191.21     -1.9988479E-011
          4202.50     -2.0689551E-011
          4213.79     -2.1379731E-011
          4225.08     -2.2053669E-011
          4236.37     -2.2705332E-011
          4247.66     -2.3327932E-011
          4258.95     -2.3913859E-011
          4270.23     -2.4454599E-011
          4281.52     -2.4940649E-011
          4292.81     -2.5361433E-011
          4304.10     -2.5705194E-011
          4315.39     -2.5958894E-011
          4326.68     -2.6108095E-011
          4337.97     -2.6136836E-011
          4349.26     -2.6027498E-011
          4360.55     -2.5760660E-011
          4371.84     -2.5314968E-011
          4383.12     -2.4666937E-011
          4394.41     -2.3790752E-011
          4405.70     -2.2658085E-011
          4416.99     -2.1237895E-011
          4428.28     -1.9496201E-011
          4439.57     -1.7395835E-011
          4450.86     -1.4896185E-011
          4462.15     -1.1952916E-011
          4473.44     -8.5176617E-012
          4484.73     -4.5377041E-012
          4496.02      4.4374784E-014
          4507.30      5.2910715E-012
          4518.59      1.1270343E-011
          4529.88      1.8056063E-011
          4541.17      2.5728474E-011
          4552.46      3.4374650E-011
          4563.75      4.4089070E-011
          4575.04      5.4974159E-011
          4586.33      6.7140897E-011
          4597.62      8.0709488E-011
          4608.91      9.5809998E-011
          4620.20      1.1258318E-010
          4631.48      1.3118121E-010
          4642.77      1.5176853E-010
          4654.06      1.7452282E-010
          4665.35      1.9963588E-010
          4676.64      2.2731475E-010
          4687.93      2.5778277E-010
          4699.22      2.9128073E-010
          4710.51      3.2806821E-010
          4721.80      3.6842491E-010
          4733.09      4.1265197E-010
          4744.38      4.6107366E-010
          4755.66      5.1403896E-010
          4766.95      5.7192322E-010
          4778.24      6.3513021E-010
          4789.53      7.0409373E-010
          4800.82      7.7928017E-010
          4812.11      8.6119052E-010
          4823.40      9.5036257E-010
          4834.69      1.0473739E-009
          4845.98      1.1528442E-009
          4857.27      1.2674383E-009
          4868.55      1.3918696E-009
          4879.84      1.5269024E-009
          4891.13      1.6733562E-009
          4902.42      1.8321094E-009
          4913.71      2.0041023E-009
          4925.00      2.1903423E-009
          4936.29      2.3919079E-009
          4947.58      2.6099533E-009
          4958.87      2.8457138E-009
          4970.16      3.1005101E-009
          4981.45      3.3757553E-009
          4992.73      3.6729604E-009
          5004.02      3.9937395E-009
          5015.31      4.3398184E-009
          5026.60      4.7130407E-009
          5037.89      5.1153753E-009
          5049.18      5.5489253E-009
          5060.47      6.0159343E-009
          5071.76      6.5187984E-009
          5083.05      7.0600744E-009
          5094.34      7.6424883E-009
          5105.62      8.2689491E-009
          5116.91      8.9425583E-009
          5128.20      9.6666223E-009
          5139.49      1.0444666E-008
          5150.78      1.1280444E-008
          5162.07      1.2177957E-008
          5173.36      1.3141468E-008
          5184.65      1.4175515E-008
          5195.94      1.5284931E-008
          5207.23      1.6474860E-008
          5218.52      1.7750776E-008
          5229.80      1.9118506E-008
          5241.09      2.0584246E-008
          5252.38      2.2154588E-008
          5263.67      2.3836543E-008
          5274.96      2.5637563E-008
          5286.25      2.7565571E-008
          5297.54      2.9628988E-008
          5308.83      3.1836763E-008
          5320.12      3.4198405E-008
          5331.41      3.6724008E-008
          5342.70      3.9424301E-008
          5353.98      4.2310673E-008
          5365.27      4.5395212E-008
          5376.56      4.8690753E-008
          5387.85      5.2210916E-008
          5399.14      5.5970154E-008
          5410.43      5.9983804E-008
          5421.72      6.4268124E-008
          5433.01      6.8840364E-008
          5444.30      7.3718821E-008
          5455.59      7.8922878E-008
          5466.88      8.4473096E-008
          5478.16      9.0391261E-008
          5489.45      9.6700459E-008
          5500.74      1.0342516E-007
          5512.03      1.1059125E-007
          5523.32      1.1822620E-007
          5534.61      1.2635906E-007
          5545.90      1.3502060E-007
          5557.19      1.4424339E-007
          5568.48      1.5406193E-007
          5579.77      1.6451272E-007
          5591.05      1.7563442E-007
          5602.34      1.8746789E-007
          5613.63      2.0005638E-007
          5624.92      2.1344562E-007
          5636.21      2.2768394E-007
          5647.50      2.4282246E-007
          5658.79      2.5891521E-007
          5670.08      2.7601927E-007
          5681.37      2.9419516E-007
          5692.66      3.1350681E-007
          5703.95      3.2450474E-007
          5715.23      3.1864568E-007
          5726.52      2.9727697E-007
          5737.81      2.6164764E-007
          5749.10      2.1291616E-007
          5760.39      1.5215766E-007
          5771.68      8.0370698E-008
          5782.97     -1.5163411E-009
          5794.26     -9.2642421E-008
          5805.55     -1.9220484E-007
          5816.84     -2.9944729E-007
          5828.12     -4.1365497E-007
          5839.41     -5.3414937E-007
          5850.70     -6.6028370E-007
          5861.99     -7.9143855E-007
          5873.28     -9.2701708E-007
          5884.57     -1.0664416E-006
          5895.86     -1.2091492E-006
          5907.15     -1.3545875E-006
          5918.44     -1.5022092E-006
          5929.73     -1.6514695E-006
          5941.02     -1.8018253E-006
          5952.30     -1.9527325E-006
          5963.59     -2.1036414E-006
          5974.88     -2.2539939E-006
          5986.17     -2.4032191E-006
          5997.46     -2.5507306E-006
          6008.75     -2.6959249E-006
          6020.04     -2.8381769E-006
          6031.33     -2.9768406E-006
          6042.62     -3.1112426E-006
          6053.91     -3.2406742E-006
          6065.20     -3.3643875E-006
          6076.48     -3.4815925E-006
          6087.77     -3.5914527E-006
          6099.06     -3.6930790E-006
          6110.35     -3.7855244E-006
          6121.64     -3.8677779E-006
          6132.93     -3.9387585E-006
          6144.22     -3.9973128E-006
          6155.51     -4.0422181E-006
          6166.80     -4.0721762E-006
          6178.09     -4.0858079E-006
          6189.38     -4.0816451E-006
          6200.66     -4.0581181E-006
          6211.95     -4.0135466E-006
          6223.24     -3.9461325E-006
          6234.53     -3.8539530E-006
          6245.82     -3.7349530E-006
          6257.11     -3.5869366E-006
          6268.40     -3.4075600E-006
          6279.69     -3.1923142E-006
          6290.98     -2.9380859E-006
          6302.27     -2.6443642E-006
          6313.55     -2.3104477E-006
          6324.84     -1.9354451E-006
          6336.13     -1.5182730E-006
          6347.42     -1.0576548E-006
          6358.71     -5.5212014E-007
          6370.00      1.6622090E-039
