          3480.00      4.8737634E-035
          3491.29     -4.3104381E-010
          3502.58     -8.4551563E-010
          3513.87     -1.2446050E-009
          3525.16     -1.6294256E-009
          3536.45     -2.0010217E-009
          3547.73     -2.3603706E-009
          3559.02     -2.7083858E-009
          3570.31     -3.0459218E-009
          3581.60     -3.3737759E-009
          3592.89     -3.6926915E-009
          3604.18     -4.0033597E-009
          3615.47     -4.3064173E-009
          3626.76     -4.6024523E-009
          3638.05     -4.8920078E-009
          3649.34     -5.1755828E-009
          3660.62     -5.4536358E-009
          3671.91     -5.7265847E-009
          3683.20     -5.9948089E-009
          3694.49     -6.2586506E-009
          3705.78     -6.5184147E-009
          3717.07     -6.7743717E-009
          3728.36     -7.0267571E-009
          3739.65     -7.2757722E-009
          3750.94     -7.5215854E-009
          3762.23     -7.7643322E-009
          3773.52     -8.0041158E-009
          3784.80     -8.2410071E-009
          3796.09     -8.4750450E-009
          3807.38     -8.7062377E-009
          3818.67     -8.9345627E-009
          3829.96     -9.1599650E-009
          3841.25     -9.3823582E-009
          3852.54     -9.6016233E-009
          3863.83     -9.8176087E-009
          3875.12     -1.0030130E-008
          3886.41     -1.0238969E-008
          3897.70     -1.0443872E-008
          3908.98     -1.0644554E-008
          3920.27     -1.0840691E-008
          3931.56     -1.1031925E-008
          3942.85     -1.1217858E-008
          3954.14     -1.1398058E-008
          3965.43     -1.1572052E-008
          3976.72     -1.1739329E-008
          3988.01     -1.1899335E-008
          3999.30     -1.2051475E-008
          4010.59     -1.2195106E-008
          4021.88     -1.2329544E-008
          4033.16     -1.2454054E-008
          4044.45     -1.2567854E-008
          4055.74     -1.2670110E-008
          4067.03     -1.2759936E-008
          4078.32     -1.2836394E-008
          4089.61     -1.2898485E-008
          4100.90     -1.2945155E-008
          4112.19     -1.2975290E-008
          4123.48     -1.2987710E-008
          4134.77     -1.2981173E-008
          4146.05     -1.2954368E-008
          4157.34     -1.2905913E-008
          4168.63     -1.2834355E-008
          4179.92     -1.2738164E-008
          4191.21     -1.2615732E-008
          4202.50     -1.2465368E-008
          4213.79     -1.2285300E-008
          4225.08     -1.2073664E-008
          4236.37     -1.1828506E-008
          4247.66     -1.1547780E-008
          4258.95     -1.1229337E-008
          4270.23     -1.0870929E-008
          4281.52     -1.0470200E-008
          4292.81     -1.0024686E-008
          4304.10     -9.5318069E-009
          4315.39     -8.9888655E-009
          4326.68     -8.3930408E-009
          4337.97     -7.7413861E-009
          4349.26     -7.0308207E-009
          4360.55     -6.2581269E-009
          4371.84     -5.4199521E-009
          4383.12     -4.5127940E-009
          4394.41     -3.5329925E-009
          4405.70     -2.4767281E-009
          4416.99     -1.3400154E-009
          4428.28     -1.1870154E-010
          4439.57      1.1915457E-009
          4450.86      2.5952418E-009
          4462.15      4.0970882E-009
          4473.44      5.7019863E-009
          4484.73      7.4150396E-009
          4496.02      9.2415625E-009
          4507.30      1.1187089E-008
          4518.59      1.3257375E-008
          4529.88      1.5458413E-008
          4541.17      1.7796442E-008
          4552.46      2.0277940E-008
          4563.75      2.2909654E-008
          4575.04      2.5698597E-008
          4586.33      2.8652058E-008
          4597.62      3.1777616E-008
          4608.91      3.5083142E-008
          4620.20      3.8576820E-008
          4631.48      4.2267152E-008
          4642.77      4.6162960E-008
          4654.06      5.0273417E-008
          4665.35      5.4608043E-008
          4676.64      5.9176719E-008
          4687.93      6.3989710E-008
          4699.22      6.9057653E-008
          4710.51      7.4391601E-008
          4721.80      8.0003019E-008
          4733.09      8.5903789E-008
          4744.38      9.2106248E-008
          4755.66      9.8623183E-008
          4766.95      1.0546786E-007
          4778.24      1.1265402E-007
          4789.53      1.2019591E-007
          4800.82      1.2810830E-007
          4812.11      1.3640651E-007
          4823.40      1.4510638E-007
          4834.69      1.5422434E-007
          4845.98      1.6377741E-007
          4857.27      1.7378323E-007
          4868.55      1.8426005E-007
          4879.84      1.9522676E-007
          4891.13      2.0670293E-007
          4902.42      2.1870885E-007
          4913.71      2.3126545E-007
          4925.00      2.4439445E-007
          4936.29      2.5811830E-007
          4947.58      2.7246023E-007
          4958.87      2.8744431E-007
          4970.16      3.0309535E-007
          4981.45      3.1943910E-007
          4992.73      3.3650216E-007
          5004.02      3.5431200E-007
          5015.31      3.7289708E-007
          5026.60      3.9228680E-007
          5037.89      4.1251155E-007
          5049.18      4.3360276E-007
          5060.47      4.5559285E-007
          5071.76      4.7851539E-007
          5083.05      5.0240505E-007
          5094.34      5.2729761E-007
          5105.62      5.5323008E-007
          5116.91      5.8024064E-007
          5128.20      6.0836878E-007
          5139.49      6.3765526E-007
          5150.78      6.6814211E-007
          5162.07      6.9987280E-007
          5173.36      7.3289222E-007
          5184.65      7.6724662E-007
          5195.94      8.0298381E-007
          5207.23      8.4015312E-007
          5218.52      8.7880545E-007
          5229.80      9.1899336E-007
          5241.09      9.6077096E-007
          5252.38      1.0041942E-006
          5263.67      1.0493208E-006
          5274.96      1.0962101E-006
          5286.25      1.1449236E-006
          5297.54      1.1955244E-006
          5308.83      1.2480780E-006
          5320.12      1.3026515E-006
          5331.41      1.3593142E-006
          5342.70      1.4181377E-006
          5353.98      1.4791958E-006
          5365.27      1.5425643E-006
          5376.56      1.6083215E-006
          5387.85      1.6765481E-006
          5399.14      1.7473274E-006
          5410.43      1.8207449E-006
          5421.72      1.8968889E-006
          5433.01      1.9758502E-006
          5444.30      2.0577227E-006
          5455.59      2.1426027E-006
          5466.88      2.2305896E-006
          5478.16      2.3217857E-006
          5489.45      2.4162963E-006
          5500.74      2.5142302E-006
          5512.03      2.6156987E-006
          5523.32      2.7208170E-006
          5534.61      2.8297036E-006
          5545.90      2.9424800E-006
          5557.19      3.0592718E-006
          5568.48      3.1802079E-006
          5579.77      3.3054215E-006
          5591.05      3.4350494E-006
          5602.34      3.5692323E-006
          5613.63      3.7081151E-006
          5624.92      3.8518470E-006
          5636.21      4.0005808E-006
          5647.50      4.1544741E-006
          5658.79      4.3136888E-006
          5670.08      4.4783915E-006
          5681.37      4.6487543E-006
          5692.66      4.8249544E-006
          5703.95      4.9745502E-006
          5715.23      5.0672490E-006
          5726.52      5.1063740E-006
          5737.81      5.0951458E-006
          5749.10      5.0366865E-006
          5760.39      4.9340237E-006
          5771.68      4.7900956E-006
          5782.97      4.6077538E-006
          5794.26      4.3897562E-006
          5805.55      4.1387786E-006
          5816.84      3.8574394E-006
          5828.12      3.5483034E-006
          5839.41      3.2138867E-006
          5850.70      2.8566602E-006
          5861.99      2.4790530E-006
          5873.28      2.0834579E-006
          5884.57      1.6722326E-006
          5895.86      1.2477041E-006
          5907.15      8.1217400E-007
          5918.44      3.6792672E-007
          5929.73     -8.2768379E-008
          5941.02     -5.3766578E-007
          5952.30     -9.9454148E-007
          5963.59     -1.4511885E-006
          5974.88     -1.9054148E-006
          5986.17     -2.3550380E-006
          5997.46     -2.7978843E-006
          6008.75     -3.2317919E-006
          6020.04     -3.6546063E-006
          6031.33     -4.0641893E-006
          6042.62     -4.4584118E-006
          6053.91     -4.8351351E-006
          6065.20     -5.1922095E-006
          6076.48     -5.5274746E-006
          6087.77     -5.8387561E-006
          6099.06     -6.1238594E-006
          6110.35     -6.3805616E-006
          6121.64     -6.6066075E-006
          6132.93     -6.7996988E-006
          6144.22     -6.9574994E-006
          6155.51     -7.0776527E-006
          6166.80     -7.1577772E-006
          6178.09     -7.1954655E-006
          6189.38     -7.1882786E-006
          6200.66     -7.1337276E-006
          6211.95     -7.0292656E-006
          6223.24     -6.8722846E-006
          6234.53     -6.6601136E-006
          6245.82     -6.3900146E-006
          6257.11     -6.0591806E-006
          6268.40     -5.6647336E-006
          6279.69     -5.2155079E-006
          6290.98     -4.7221206E-006
          6302.27     -4.1842713E-006
          6313.55     -3.6016061E-006
          6324.84     -2.9737200E-006
          6336.13     -2.3001537E-006
          6347.42     -1.5803957E-006
          6358.71     -8.1388339E-007
          6370.00     -4.3956696E-047
