          3480.00      2.7275065E-026
          3491.29     -2.8234218E-009
          3502.58     -5.6730527E-009
          3513.87     -8.5717572E-009
          3525.16     -1.1542505E-008
          3536.45     -1.4608568E-008
          3547.73     -1.7793684E-008
          3559.02     -2.1122233E-008
          3570.31     -2.4619422E-008
          3581.60     -2.8311458E-008
          3592.89     -3.2225728E-008
          3604.18     -3.6390982E-008
          3615.47     -4.0837486E-008
          3626.76     -4.5597253E-008
          3638.05     -5.0704251E-008
          3649.34     -5.6194607E-008
          3660.62     -6.2106856E-008
          3671.91     -6.8482156E-008
          3683.20     -7.5364541E-008
          3694.49     -8.2801192E-008
          3705.78     -9.0842689E-008
          3717.07     -9.9543337E-008
          3728.36     -1.0896147E-007
          3739.65     -1.1915976E-007
          3750.94     -1.3020560E-007
          3762.23     -1.4217147E-007
          3773.52     -1.5513534E-007
          3784.80     -1.6918111E-007
          3796.09     -1.8439903E-007
          3807.38     -2.0088625E-007
          3818.67     -2.1874733E-007
          3829.96     -2.3809475E-007
          3841.25     -2.5904955E-007
          3852.54     -2.8174195E-007
          3863.83     -3.0631200E-007
          3875.12     -3.3291037E-007
          3886.41     -3.6169900E-007
          3897.70     -3.9285207E-007
          3908.98     -4.2655682E-007
          3920.27     -4.6301439E-007
          3931.56     -5.0244101E-007
          3942.85     -5.4506891E-007
          3954.14     -5.9114758E-007
          3965.43     -6.4094499E-007
          3976.72     -6.9474871E-007
          3988.01     -7.5286753E-007
          3999.30     -8.1563282E-007
          4010.59     -8.8339988E-007
          4021.88     -9.5654999E-007
          4033.16     -1.0354919E-006
          4044.45     -1.1206640E-006
          4055.74     -1.2125359E-006
          4067.03     -1.3116109E-006
          4078.32     -1.4184282E-006
          4089.61     -1.5335655E-006
          4100.90     -1.6576408E-006
          4112.19     -1.7913162E-006
          4123.48     -1.9353003E-006
          4134.77     -2.0903511E-006
          4146.05     -2.2572795E-006
          4157.34     -2.4369527E-006
          4168.63     -2.6302980E-006
          4179.92     -2.8383067E-006
          4191.21     -3.0620378E-006
          4202.50     -3.3026231E-006
          4213.79     -3.5612717E-006
          4225.08     -3.8392744E-006
          4236.37     -4.1380098E-006
          4247.66     -4.4589486E-006
          4258.95     -4.8036608E-006
          4270.23     -5.1738218E-006
          4281.52     -5.5712170E-006
          4292.81     -5.9977518E-006
          4304.10     -6.4554569E-006
          4315.39     -6.9464966E-006
          4326.68     -7.4731777E-006
          4337.97     -8.0379561E-006
          4349.26     -8.6434490E-006
          4360.55     -9.2924430E-006
          4371.84     -9.9879038E-006
          4383.12     -1.0732989E-005
          4394.41     -1.1531058E-005
          4405.70     -1.2385681E-005
          4416.99     -1.3300660E-005
          4428.28     -1.4280030E-005
          4439.57     -1.5328086E-005
          4450.86     -1.6449391E-005
          4462.15     -1.7648789E-005
          4473.44     -1.8931429E-005
          4484.73     -2.0302779E-005
          4496.02     -2.1768639E-005
          4507.30     -2.3335172E-005
          4518.59     -2.5008909E-005
          4529.88     -2.6796784E-005
          4541.17     -2.8706151E-005
          4552.46     -3.0744800E-005
          4563.75     -3.2920996E-005
          4575.04     -3.5243495E-005
          4586.33     -3.7721573E-005
          4597.62     -4.0365057E-005
          4608.91     -4.3184345E-005
          4620.20     -4.6190452E-005
          4631.48     -4.9395037E-005
          4642.77     -5.2810424E-005
          4654.06     -5.6449660E-005
          4665.35     -6.0326536E-005
          4676.64     -6.4455635E-005
          4687.93     -6.8852372E-005
          4699.22     -7.3533020E-005
          4710.51     -7.8514784E-005
          4721.80     -8.3815831E-005
          4733.09     -8.9455325E-005
          4744.38     -9.5453510E-005
          4755.66     -1.0183174E-004
          4766.95     -1.0861253E-004
          4778.24     -1.1581964E-004
          4789.53     -1.2347809E-004
          4800.82     -1.3161428E-004
          4812.11     -1.4025602E-004
          4823.40     -1.4943256E-004
          4834.69     -1.5917474E-004
          4845.98     -1.6951500E-004
          4857.27     -1.8048750E-004
          4868.55     -1.9212816E-004
          4879.84     -2.0447472E-004
          4891.13     -2.1756690E-004
          4902.42     -2.3144643E-004
          4913.71     -2.4615712E-004
          4925.00     -2.6174501E-004
          4936.29     -2.7825844E-004
          4947.58     -2.9574811E-004
          4958.87     -3.1426725E-004
          4970.16     -3.3387163E-004
          4981.45     -3.5461976E-004
          4992.73     -3.7657294E-004
          5004.02     -3.9979536E-004
          5015.31     -4.2435427E-004
          5026.60     -4.5032002E-004
          5037.89     -4.7776625E-004
          5049.18     -5.0677000E-004
          5060.47     -5.3741171E-004
          5071.76     -5.6977553E-004
          5083.05     -6.0394937E-004
          5094.34     -6.4002491E-004
          5105.62     -6.7809791E-004
          5116.91     -7.1826824E-004
          5128.20     -7.6064001E-004
          5139.49     -8.0532177E-004
          5150.78     -8.5242641E-004
          5162.07     -9.0207159E-004
          5173.36     -9.5437974E-004
          5184.65     -1.0094780E-003
          5195.94     -1.0674986E-003
          5207.23     -1.1285790E-003
          5218.52     -1.1928616E-003
          5229.80     -1.2604945E-003
          5241.09     -1.3316308E-003
          5252.38     -1.4064293E-003
          5263.67     -1.4850546E-003
          5274.96     -1.5676766E-003
          5286.25     -1.6544710E-003
          5297.54     -1.7456195E-003
          5308.83     -1.8413094E-003
          5320.12     -1.9417338E-003
          5331.41     -2.0470916E-003
          5342.70     -2.1575875E-003
          5353.98     -2.2734322E-003
          5365.27     -2.3948415E-003
          5376.56     -2.5220372E-003
          5387.85     -2.6552466E-003
          5399.14     -2.7947019E-003
          5410.43     -2.9406409E-003
          5421.72     -3.0933055E-003
          5433.01     -3.2529428E-003
          5444.30     -3.4198040E-003
          5455.59     -3.5941436E-003
          5466.88     -3.7762201E-003
          5478.16     -3.9662943E-003
          5489.45     -4.1646298E-003
          5500.74     -4.3714918E-003
          5512.03     -4.5871458E-003
          5523.32     -4.8118583E-003
          5534.61     -5.0458947E-003
          5545.90     -5.2895181E-003
          5557.19     -5.5429895E-003
          5568.48     -5.8065653E-003
          5579.77     -6.0804953E-003
          5591.05     -6.3650216E-003
          5602.34     -6.6603768E-003
          5613.63     -6.9667849E-003
          5624.92     -7.2844581E-003
          5636.21     -7.6135937E-003
          5647.50     -7.9543741E-003
          5658.79     -8.3069626E-003
          5670.08     -8.6715013E-003
          5681.37     -9.0480973E-003
          5692.66     -9.4368213E-003
          5703.95     -1.0719881E-002
          5715.23     -1.3689828E-002
          5726.52     -1.8221411E-002
          5737.81     -2.4200867E-002
          5749.10     -3.1524990E-002
          5760.39     -4.0100285E-002
          5771.68     -4.9842189E-002
          5782.97     -6.0674320E-002
          5794.26     -7.2528106E-002
          5805.55     -8.5341811E-002
          5816.84     -9.9059319E-002
          5828.12     -1.1362961E-001
          5839.41     -1.2900622E-001
          5850.70     -1.4514669E-001
          5861.99     -1.6201219E-001
          5873.28     -1.7956697E-001
          5884.57     -1.9777801E-001
          5895.86     -2.1661460E-001
          5907.15     -2.3604785E-001
          5918.44     -2.5605026E-001
          5929.73     -2.7659535E-001
          5941.02     -2.9765763E-001
          5952.30     -3.1921231E-001
          5963.59     -3.4123482E-001
          5974.88     -3.6370060E-001
          5986.17     -3.8658463E-001
          5997.46     -4.0986114E-001
          6008.75     -4.3350349E-001
          6020.04     -4.5748375E-001
          6031.33     -4.8177265E-001
          6042.62     -5.0633910E-001
          6053.91     -5.3114921E-001
          6065.20     -5.5616607E-001
          6076.48     -5.8134937E-001
          6087.77     -6.0665488E-001
          6099.06     -6.3203399E-001
          6110.35     -6.5743296E-001
          6121.64     -6.8279242E-001
          6132.93     -7.0804666E-001
          6144.22     -7.3312336E-001
          6155.51     -7.5794394E-001
          6166.80     -7.8242285E-001
          6178.09     -8.0646688E-001
          6189.38     -8.2997439E-001
          6200.66     -8.5283379E-001
          6211.95     -8.7492253E-001
          6223.24     -8.9610627E-001
          6234.53     -9.1623799E-001
          6245.82     -9.3515714E-001
          6257.11     -9.5268864E-001
          6268.40     -9.6864178E-001
          6279.69     -9.8241395E-001
          6290.98     -9.9357902E-001
          6302.27     -1.0021816E+000
          6313.55     -1.0082439E+000
          6324.84     -1.0117659E+000
          6336.13     -1.0127252E+000
          6347.42     -1.0110774E+000
          6358.71     -1.0067562E+000
          6370.00     -9.9967245E-001
