          3480.00      1.4588369E-030
          3491.29     -4.2810282E-008
          3502.58     -8.5900545E-008
          3513.87     -1.2950382E-007
          3525.16     -1.7385287E-007
          3536.45     -2.1918169E-007
          3547.73     -2.6572656E-007
          3559.02     -3.1372715E-007
          3570.31     -3.6342792E-007
          3581.60     -4.1507913E-007
          3592.89     -4.6893804E-007
          3604.18     -5.2527001E-007
          3615.47     -5.8434921E-007
          3626.76     -6.4646027E-007
          3638.05     -7.1189955E-007
          3649.34     -7.8097620E-007
          3660.62     -8.5401381E-007
          3671.91     -9.3135142E-007
          3683.20     -1.0133450E-006
          3694.49     -1.1003687E-006
          3705.78     -1.1928163E-006
          3717.07     -1.2911028E-006
          3728.36     -1.3956661E-006
          3739.65     -1.5069680E-006
          3750.94     -1.6254967E-006
          3762.23     -1.7517679E-006
          3773.52     -1.8863269E-006
          3784.80     -2.0297507E-006
          3796.09     -2.1826492E-006
          3807.38     -2.3456688E-006
          3818.67     -2.5194935E-006
          3829.96     -2.7048470E-006
          3841.25     -2.9024962E-006
          3852.54     -3.1132525E-006
          3863.83     -3.3379754E-006
          3875.12     -3.5775748E-006
          3886.41     -3.8330136E-006
          3897.70     -4.1053117E-006
          3908.98     -4.3955488E-006
          3920.27     -4.7048668E-006
          3931.56     -5.0344754E-006
          3942.85     -5.3856539E-006
          3954.14     -5.7597565E-006
          3965.43     -6.1582164E-006
          3976.72     -6.5825486E-006
          3988.01     -7.0343563E-006
          3999.30     -7.5153349E-006
          4010.59     -8.0272753E-006
          4021.88     -8.5720720E-006
          4033.16     -9.1517265E-006
          4044.45     -9.7683538E-006
          4055.74     -1.0424189E-005
          4067.03     -1.1121590E-005
          4078.32     -1.1863050E-005
          4089.61     -1.2651202E-005
          4100.90     -1.3488819E-005
          4112.19     -1.4378836E-005
          4123.48     -1.5324344E-005
          4134.77     -1.6328606E-005
          4146.05     -1.7395064E-005
          4157.34     -1.8527346E-005
          4168.63     -1.9729278E-005
          4179.92     -2.1004895E-005
          4191.21     -2.2358442E-005
          4202.50     -2.3794400E-005
          4213.79     -2.5317484E-005
          4225.08     -2.6932663E-005
          4236.37     -2.8645167E-005
          4247.66     -3.0460501E-005
          4258.95     -3.2384460E-005
          4270.23     -3.4423143E-005
          4281.52     -3.6582961E-005
          4292.81     -3.8870663E-005
          4304.10     -4.1293345E-005
          4315.39     -4.3858464E-005
          4326.68     -4.6573863E-005
          4337.97     -4.9447777E-005
          4349.26     -5.2488864E-005
          4360.55     -5.5706220E-005
          4371.84     -5.9109392E-005
          4383.12     -6.2708413E-005
          4394.41     -6.6513807E-005
          4405.70     -7.0536616E-005
          4416.99     -7.4788431E-005
          4428.28     -7.9281399E-005
          4439.57     -8.4028269E-005
          4450.86     -8.9042410E-005
          4462.15     -9.4337824E-005
          4473.44     -9.9929197E-005
          4484.73     -1.0583191E-004
          4496.02     -1.1206209E-004
          4507.30     -1.1863660E-004
          4518.59     -1.2557311E-004
          4529.88     -1.3289012E-004
          4541.17     -1.4060700E-004
          4552.46     -1.4874398E-004
          4563.75     -1.5732226E-004
          4575.04     -1.6636398E-004
          4586.33     -1.7589232E-004
          4597.62     -1.8593149E-004
          4608.91     -1.9650678E-004
          4620.20     -2.0764461E-004
          4631.48     -2.1937261E-004
          4642.77     -2.3171958E-004
          4654.06     -2.4471561E-004
          4665.35     -2.5839210E-004
          4676.64     -2.7278182E-004
          4687.93     -2.8791894E-004
          4699.22     -3.0383908E-004
          4710.51     -3.2057939E-004
          4721.80     -3.3817859E-004
          4733.09     -3.5667698E-004
          4744.38     -3.7611661E-004
          4755.66     -3.9654120E-004
          4766.95     -4.1799630E-004
          4778.24     -4.4052931E-004
          4789.53     -4.6418950E-004
          4800.82     -4.8902817E-004
          4812.11     -5.1509865E-004
          4823.40     -5.4245632E-004
          4834.69     -5.7115876E-004
          4845.98     -6.0126580E-004
          4857.27     -6.3283952E-004
          4868.55     -6.6594441E-004
          4879.84     -7.0064729E-004
          4891.13     -7.3701758E-004
          4902.42     -7.7512725E-004
          4913.71     -8.1505079E-004
          4925.00     -8.5686553E-004
          4936.29     -9.0065148E-004
          4947.58     -9.4649151E-004
          4958.87     -9.9447143E-004
          4970.16     -1.0446799E-003
          4981.45     -1.0972087E-003
          4992.73     -1.1521527E-003
          5004.02     -1.2096098E-003
          5015.31     -1.2696812E-003
          5026.60     -1.3324715E-003
          5037.89     -1.3980883E-003
          5049.18     -1.4666429E-003
          5060.47     -1.5382498E-003
          5071.76     -1.6130269E-003
          5083.05     -1.6910961E-003
          5094.34     -1.7725821E-003
          5105.62     -1.8576138E-003
          5116.91     -1.9463234E-003
          5128.20     -2.0388468E-003
          5139.49     -2.1353236E-003
          5150.78     -2.2358966E-003
          5162.07     -2.3407128E-003
          5173.36     -2.4499226E-003
          5184.65     -2.5636796E-003
          5195.94     -2.6821414E-003
          5207.23     -2.8054689E-003
          5218.52     -2.9338266E-003
          5229.80     -3.0673823E-003
          5241.09     -3.2063068E-003
          5252.38     -3.3507743E-003
          5263.67     -3.5009622E-003
          5274.96     -3.6570504E-003
          5286.25     -3.8192217E-003
          5297.54     -3.9876616E-003
          5308.83     -4.1625576E-003
          5320.12     -4.3440996E-003
          5331.41     -4.5324789E-003
          5342.70     -4.7278886E-003
          5353.98     -4.9305231E-003
          5365.27     -5.1405773E-003
          5376.56     -5.3582469E-003
          5387.85     -5.5837275E-003
          5399.14     -5.8172140E-003
          5410.43     -6.0589009E-003
          5421.72     -6.3089803E-003
          5433.01     -6.5676428E-003
          5444.30     -6.8350762E-003
          5455.59     -7.1114640E-003
          5466.88     -7.3969860E-003
          5478.16     -7.6918165E-003
          5489.45     -7.9961240E-003
          5500.74     -8.3100699E-003
          5512.03     -8.6338069E-003
          5523.32     -8.9674791E-003
          5534.61     -9.3112204E-003
          5545.90     -9.6651517E-003
          5557.19     -1.0029382E-002
          5568.48     -1.0404005E-002
          5579.77     -1.0789096E-002
          5591.05     -1.1184712E-002
          5602.34     -1.1590888E-002
          5613.63     -1.2007642E-002
          5624.92     -1.2434965E-002
          5636.21     -1.2872824E-002
          5647.50     -1.3321159E-002
          5658.79     -1.3779879E-002
          5670.08     -1.4248862E-002
          5681.37     -1.4727935E-002
          5692.66     -1.5216874E-002
          5703.95     -1.6657916E-002
          5715.23     -1.9908137E-002
          5726.52     -2.4846505E-002
          5737.81     -3.1360762E-002
          5749.10     -3.9346806E-002
          5760.39     -4.8708113E-002
          5771.68     -5.9355203E-002
          5782.97     -7.1205119E-002
          5794.26     -8.4181285E-002
          5805.55     -9.8212721E-002
          5816.84     -1.1323296E-001
          5828.12     -1.2917968E-001
          5839.41     -1.4599425E-001
          5850.70     -1.6362141E-001
          5861.99     -1.8200886E-001
          5873.28     -2.0110693E-001
          5884.57     -2.2086828E-001
          5895.86     -2.4124756E-001
          5907.15     -2.6220106E-001
          5918.44     -2.8368628E-001
          5929.73     -3.0566171E-001
          5941.02     -3.2808686E-001
          5952.30     -3.5092203E-001
          5963.59     -3.7412799E-001
          5974.88     -3.9766574E-001
          5986.17     -4.2149622E-001
          5997.46     -4.4558006E-001
          6008.75     -4.6987752E-001
          6020.04     -4.9434825E-001
          6031.33     -5.1895125E-001
          6042.62     -5.4364457E-001
          6053.91     -5.6838443E-001
          6065.20     -5.9312513E-001
          6076.48     -6.1781876E-001
          6087.77     -6.4241495E-001
          6099.06     -6.6686042E-001
          6110.35     -6.9109855E-001
          6121.64     -7.1506901E-001
          6132.93     -7.3870727E-001
          6144.22     -7.6194448E-001
          6155.51     -7.8470802E-001
          6166.80     -8.0692095E-001
          6178.09     -8.2850172E-001
          6189.38     -8.4936366E-001
          6200.66     -8.6941394E-001
          6211.95     -8.8855295E-001
          6223.24     -9.0667393E-001
          6234.53     -9.2366239E-001
          6245.82     -9.3939579E-001
          6257.11     -9.5374300E-001
          6268.40     -9.6656373E-001
          6279.69     -9.7763302E-001
          6290.98     -9.8684376E-001
          6302.27     -9.9421700E-001
          6313.55     -9.9976282E-001
          6324.84     -1.0034804E+000
          6336.13     -1.0053580E+000
          6347.42     -1.0053732E+000
          6358.71     -1.0034927E+000
          6370.00     -9.9967245E-001
