          3480.00      1.1463850E-033
          3491.29     -1.3623505E-003
          3502.58     -2.7255599E-003
          3513.87     -4.0897926E-003
          3525.16     -5.4552068E-003
          3536.45     -6.8219613E-003
          3547.73     -8.1902121E-003
          3559.02     -9.5601088E-003
          3570.31     -1.0931802E-002
          3581.60     -1.2305438E-002
          3592.89     -1.3681161E-002
          3604.18     -1.5059109E-002
          3615.47     -1.6439406E-002
          3626.76     -1.7822170E-002
          3638.05     -1.9207515E-002
          3649.34     -2.0595551E-002
          3660.62     -2.1986391E-002
          3671.91     -2.3380141E-002
          3683.20     -2.4776907E-002
          3694.49     -2.6176795E-002
          3705.78     -2.7579903E-002
          3717.07     -2.8986331E-002
          3728.36     -3.0396180E-002
          3739.65     -3.1809540E-002
          3750.94     -3.3226508E-002
          3762.23     -3.4647174E-002
          3773.52     -3.6071627E-002
          3784.80     -3.7499957E-002
          3796.09     -3.8932246E-002
          3807.38     -4.0368580E-002
          3818.67     -4.1809045E-002
          3829.96     -4.3253721E-002
          3841.25     -4.4702690E-002
          3852.54     -4.6156030E-002
          3863.83     -4.7613818E-002
          3875.12     -4.9076129E-002
          3886.41     -5.0543034E-002
          3897.70     -5.2014604E-002
          3908.98     -5.3490910E-002
          3920.27     -5.4972015E-002
          3931.56     -5.6457987E-002
          3942.85     -5.7948887E-002
          3954.14     -5.9444779E-002
          3965.43     -6.0945724E-002
          3976.72     -6.2451780E-002
          3988.01     -6.3963007E-002
          3999.30     -6.5479461E-002
          4010.59     -6.7001195E-002
          4021.88     -6.8528260E-002
          4033.16     -7.0060708E-002
          4044.45     -7.1598587E-002
          4055.74     -7.3141944E-002
          4067.03     -7.4690821E-002
          4078.32     -7.6245261E-002
          4089.61     -7.7805306E-002
          4100.90     -7.9370992E-002
          4112.19     -8.0942356E-002
          4123.48     -8.2519433E-002
          4134.77     -8.4102256E-002
          4146.05     -8.5690857E-002
          4157.34     -8.7285261E-002
          4168.63     -8.8885497E-002
          4179.92     -9.0491590E-002
          4191.21     -9.2103560E-002
          4202.50     -9.3721429E-002
          4213.79     -9.5345216E-002
          4225.08     -9.6974936E-002
          4236.37     -9.8610607E-002
          4247.66     -1.0025224E-001
          4258.95     -1.0189984E-001
          4270.23     -1.0355342E-001
          4281.52     -1.0521299E-001
          4292.81     -1.0687854E-001
          4304.10     -1.0855009E-001
          4315.39     -1.1022762E-001
          4326.68     -1.1191114E-001
          4337.97     -1.1360065E-001
          4349.26     -1.1529613E-001
          4360.55     -1.1699758E-001
          4371.84     -1.1870498E-001
          4383.12     -1.2041834E-001
          4394.41     -1.2213762E-001
          4405.70     -1.2386281E-001
          4416.99     -1.2559390E-001
          4428.28     -1.2733086E-001
          4439.57     -1.2907366E-001
          4450.86     -1.3082228E-001
          4462.15     -1.3257668E-001
          4473.44     -1.3433684E-001
          4484.73     -1.3610272E-001
          4496.02     -1.3787428E-001
          4507.30     -1.3965150E-001
          4518.59     -1.4143431E-001
          4529.88     -1.4322268E-001
          4541.17     -1.4501657E-001
          4552.46     -1.4681593E-001
          4563.75     -1.4862070E-001
          4575.04     -1.5043083E-001
          4586.33     -1.5224627E-001
          4597.62     -1.5406696E-001
          4608.91     -1.5589283E-001
          4620.20     -1.5772383E-001
          4631.48     -1.5955989E-001
          4642.77     -1.6140094E-001
          4654.06     -1.6324690E-001
          4665.35     -1.6509772E-001
          4676.64     -1.6695330E-001
          4687.93     -1.6881357E-001
          4699.22     -1.7067845E-001
          4710.51     -1.7254786E-001
          4721.80     -1.7442170E-001
          4733.09     -1.7629989E-001
          4744.38     -1.7818234E-001
          4755.66     -1.8006894E-001
          4766.95     -1.8195961E-001
          4778.24     -1.8385424E-001
          4789.53     -1.8575272E-001
          4800.82     -1.8765496E-001
          4812.11     -1.8956084E-001
          4823.40     -1.9147024E-001
          4834.69     -1.9338305E-001
          4845.98     -1.9529916E-001
          4857.27     -1.9721844E-001
          4868.55     -1.9914077E-001
          4879.84     -2.0106602E-001
          4891.13     -2.0299406E-001
          4902.42     -2.0492475E-001
          4913.71     -2.0685795E-001
          4925.00     -2.0879353E-001
          4936.29     -2.1073135E-001
          4947.58     -2.1267125E-001
          4958.87     -2.1461308E-001
          4970.16     -2.1655670E-001
          4981.45     -2.1850194E-001
          4992.73     -2.2044866E-001
          5004.02     -2.2239667E-001
          5015.31     -2.2434582E-001
          5026.60     -2.2629593E-001
          5037.89     -2.2824683E-001
          5049.18     -2.3019836E-001
          5060.47     -2.3215031E-001
          5071.76     -2.3410251E-001
          5083.05     -2.3605478E-001
          5094.34     -2.3800691E-001
          5105.62     -2.3995872E-001
          5116.91     -2.4191001E-001
          5128.20     -2.4386058E-001
          5139.49     -2.4581021E-001
          5150.78     -2.4775871E-001
          5162.07     -2.4970585E-001
          5173.36     -2.5165143E-001
          5184.65     -2.5359521E-001
          5195.94     -2.5553698E-001
          5207.23     -2.5747651E-001
          5218.52     -2.5941356E-001
          5229.80     -2.6134790E-001
          5241.09     -2.6327929E-001
          5252.38     -2.6520748E-001
          5263.67     -2.6713223E-001
          5274.96     -2.6905329E-001
          5286.25     -2.7097040E-001
          5297.54     -2.7288329E-001
          5308.83     -2.7479171E-001
          5320.12     -2.7669540E-001
          5331.41     -2.7859406E-001
          5342.70     -2.8048744E-001
          5353.98     -2.8237524E-001
          5365.27     -2.8425719E-001
          5376.56     -2.8613299E-001
          5387.85     -2.8800235E-001
          5399.14     -2.8986498E-001
          5410.43     -2.9172057E-001
          5421.72     -2.9356882E-001
          5433.01     -2.9540941E-001
          5444.30     -2.9724203E-001
          5455.59     -2.9906637E-001
          5466.88     -3.0088208E-001
          5478.16     -3.0268886E-001
          5489.45     -3.0448636E-001
          5500.74     -3.0627424E-001
          5512.03     -3.0805217E-001
          5523.32     -3.0981980E-001
          5534.61     -3.1157677E-001
          5545.90     -3.1332273E-001
          5557.19     -3.1505731E-001
          5568.48     -3.1678016E-001
          5579.77     -3.1849090E-001
          5591.05     -3.2018914E-001
          5602.34     -3.2187449E-001
          5613.63     -3.2354656E-001
          5624.92     -3.2520495E-001
          5636.21     -3.2684927E-001
          5647.50     -3.2847909E-001
          5658.79     -3.3009403E-001
          5670.08     -3.3169365E-001
          5681.37     -3.3327752E-001
          5692.66     -3.3484516E-001
          5703.95     -3.3673894E-001
          5715.23     -3.3928779E-001
          5726.52     -3.4247126E-001
          5737.81     -3.4626908E-001
          5749.10     -3.5066119E-001
          5760.39     -3.5562776E-001
          5771.68     -3.6114919E-001
          5782.97     -3.6720605E-001
          5794.26     -3.7377935E-001
          5805.55     -3.8085042E-001
          5816.84     -3.8840073E-001
          5828.12     -3.9641189E-001
          5839.41     -4.0486566E-001
          5850.70     -4.1374390E-001
          5861.99     -4.2302864E-001
          5873.28     -4.3270197E-001
          5884.57     -4.4274618E-001
          5895.86     -4.5314362E-001
          5907.15     -4.6387678E-001
          5918.44     -4.7492815E-001
          5929.73     -4.8628024E-001
          5941.02     -4.9791572E-001
          5952.30     -5.0981739E-001
          5963.59     -5.2196820E-001
          5974.88     -5.3435123E-001
          5986.17     -5.4694966E-001
          5997.46     -5.5974676E-001
          6008.75     -5.7272601E-001
          6020.04     -5.8587104E-001
          6031.33     -5.9916577E-001
          6042.62     -6.1259447E-001
          6053.91     -6.2614145E-001
          6065.20     -6.3979115E-001
          6076.48     -6.5352820E-001
          6087.77     -6.6733733E-001
          6099.06     -6.8120344E-001
          6110.35     -6.9511146E-001
          6121.64     -7.0904637E-001
          6132.93     -7.2299300E-001
          6144.22     -7.3693605E-001
          6155.51     -7.5086049E-001
          6166.80     -7.6475144E-001
          6178.09     -7.7859428E-001
          6189.38     -7.9237467E-001
          6200.66     -8.0607836E-001
          6211.95     -8.1969109E-001
          6223.24     -8.3319858E-001
          6234.53     -8.4658654E-001
          6245.82     -8.5984066E-001
          6257.11     -8.7294665E-001
          6268.40     -8.8589013E-001
          6279.69     -8.9872264E-001
          6290.98     -9.1150579E-001
          6302.27     -9.2424041E-001
          6313.55     -9.3692732E-001
          6324.84     -9.4956727E-001
          6336.13     -9.6216104E-001
          6347.42     -9.7470937E-001
          6358.71     -9.8721295E-001
          6370.00     -9.9967245E-001
