          3480.00      0.0000000E+000
          3491.29     -3.5774975E+002
          3502.58     -3.6373344E+002
          3513.87     -3.6910465E+002
          3525.16     -3.7391351E+002
          3536.45     -3.7820223E+002
          3547.73     -3.8200603E+002
          3559.02     -3.8535388E+002
          3570.31     -3.8826905E+002
          3581.60     -3.9076936E+002
          3592.89     -3.9376157E+002
          3604.18     -3.9785197E+002
          3615.47     -4.0271236E+002
          3626.76     -4.0811149E+002
          3638.05     -4.1388113E+002
          3649.34     -4.1989451E+002
          3660.62     -4.2605342E+002
          3671.91     -4.3228006E+002
          3683.20     -4.3851180E+002
          3694.49     -4.4469768E+002
          3705.78     -4.5079599E+002
          3717.07     -4.5677263E+002
          3728.36     -4.6300458E+002
          3739.65     -4.6980844E+002
          3750.94     -4.7707732E+002
          3762.23     -4.8471572E+002
          3773.52     -4.9264284E+002
          3784.80     -5.0078947E+002
          3796.09     -5.0940256E+002
          3807.38     -5.1870547E+002
          3818.67     -5.2860890E+002
          3829.96     -5.3902942E+002
          3841.25     -5.4989483E+002
          3852.54     -5.6114198E+002
          3863.83     -5.7271512E+002
          3875.12     -5.8456484E+002
          3886.41     -5.9664712E+002
          3897.70     -6.0892283E+002
          3908.98     -6.2135722E+002
          3920.27     -6.3391952E+002
          3931.56     -6.4658275E+002
          3942.85     -6.5932343E+002
          3954.14     -6.7212133E+002
          3965.43     -6.8495936E+002
          3976.72     -6.9782329E+002
          3988.01     -7.1070166E+002
          3999.30     -7.2358560E+002
          4010.59     -7.3685575E+002
          4021.88     -7.5086916E+002
          4033.16     -7.6557664E+002
          4044.45     -7.8091327E+002
          4055.74     -7.9682328E+002
          4067.03     -8.1325866E+002
          4078.32     -8.3017824E+002
          4089.61     -8.4754681E+002
          4100.90     -8.6533453E+002
          4112.19     -8.8351647E+002
          4123.48     -9.0207220E+002
          4134.77     -9.2098547E+002
          4146.05     -9.4050363E+002
          4157.34     -9.6087348E+002
          4168.63     -9.8207210E+002
          4179.92     -1.0040580E+003
          4191.21     -1.0267971E+003
          4202.50     -1.0502626E+003
          4213.79     -1.0744336E+003
          4225.08     -1.0992954E+003
          4236.37     -1.1248385E+003
          4247.66     -1.1510588E+003
          4258.95     -1.1779574E+003
          4270.23     -1.2055401E+003
          4281.52     -1.2338039E+003
          4292.81     -1.2627275E+003
          4304.10     -1.2923008E+003
          4315.39     -1.3225279E+003
          4326.68     -1.3534182E+003
          4337.97     -1.3849853E+003
          4349.26     -1.4172475E+003
          4360.55     -1.4502279E+003
          4371.84     -1.4839541E+003
          4383.12     -1.5184585E+003
          4394.41     -1.5537780E+003
          4405.70     -1.5899547E+003
          4416.99     -1.6274509E+003
          4428.28     -1.6669244E+003
          4439.57     -1.7086223E+003
          4450.86     -1.7526101E+003
          4462.15     -1.7989715E+003
          4473.44     -1.8478093E+003
          4484.73     -1.8992460E+003
          4496.02     -1.9534253E+003
          4507.30     -2.0105135E+003
          4518.59     -2.0707016E+003
          4529.88     -2.1342079E+003
          4541.17     -2.2012813E+003
          4552.46     -2.2722457E+003
          4563.75     -2.3508320E+003
          4575.04     -2.4433775E+003
          4586.33     -2.5535004E+003
          4597.62     -2.6831697E+003
          4608.91     -2.8351256E+003
          4620.20     -3.0130792E+003
          4631.48     -3.2220199E+003
          4642.77     -3.4686863E+003
          4654.06     -3.7622967E+003
          4665.35     -4.1157053E+003
          4676.64     -4.5473000E+003
          4687.93     -5.0842520E+003
          4699.22     -5.7852339E+003
          4710.51     -6.7714350E+003
          4721.80     -8.2615993E+003
          4733.09     -1.0728037E+004
          4744.38     -1.5521311E+004
          4755.66     -2.8666993E+004
          4766.95     -2.1043790E+005
          4778.24     -3.8728827E+004
          4789.53     -1.7633520E+004
          4800.82     -1.1388004E+004
          4812.11     -8.4007868E+003
          4823.40     -6.6529159E+003
          4834.69     -5.4874925E+003
          4845.98     -4.6311970E+003
          4857.27     -3.9732978E+003
          4868.55     -3.4588271E+003
          4879.84     -3.0496395E+003
          4891.13     -2.7190390E+003
          4902.42     -2.4480837E+003
          4913.71     -2.2231205E+003
          4925.00     -2.0341478E+003
          4936.29     -1.8707265E+003
          4947.58     -1.7233270E+003
          4958.87     -1.5891190E+003
          4970.16     -1.4684526E+003
          4981.45     -1.3607349E+003
          4992.73     -1.2649149E+003
          5004.02     -1.1797728E+003
          5015.31     -1.1040801E+003
          5026.60     -1.0366816E+003
          5037.89     -9.7653125E+002
          5049.18     -9.2270335E+002
          5060.47     -8.7438919E+002
          5071.76     -8.3005247E+002
          5083.05     -7.8745558E+002
          5094.34     -7.4605321E+002
          5105.62     -7.0657271E+002
          5116.91     -6.6941999E+002
          5128.20     -6.3477566E+002
          5139.49     -6.0266977E+002
          5150.78     -5.7303679E+002
          5162.07     -5.4575422E+002
          5173.36     -5.2066908E+002
          5184.65     -4.9761540E+002
          5195.94     -4.7642533E+002
          5207.23     -4.5693595E+002
          5218.52     -4.3870578E+002
          5229.80     -4.2082053E+002
          5241.09     -4.0298445E+002
          5252.38     -3.8555077E+002
          5263.67     -3.6875613E+002
          5274.96     -3.5274770E+002
          5286.25     -3.3760631E+002
          5297.54     -3.2336519E+002
          5308.83     -3.1002455E+002
          5320.12     -2.9756241E+002
          5331.41     -2.8594271E+002
          5342.70     -2.7512096E+002
          5353.98     -2.6481857E+002
          5365.27     -2.5406831E+002
          5376.56     -2.4251238E+002
          5387.85     -2.3064384E+002
          5399.14     -2.1882603E+002
          5410.43     -2.0731254E+002
          5421.72     -1.9626976E+002
          5433.01     -1.8579788E+002
          5444.30     -1.7594889E+002
          5455.59     -1.6674080E+002
          5466.88     -1.5816856E+002
          5478.16     -1.5021211E+002
          5489.45     -1.4284221E+002
          5500.74     -1.3602448E+002
          5512.03     -1.2972228E+002
          5523.32     -1.2389850E+002
          5534.61     -1.1851685E+002
          5545.90     -1.1343730E+002
          5557.19     -1.0785388E+002
          5568.48     -1.0138904E+002
          5579.77     -9.4457584E+001
          5591.05     -8.7377418E+001
          5602.34     -8.0377519E+001
          5613.63     -7.3612809E+001
          5624.92     -6.7180615E+001
          5636.21     -6.1135705E+001
          5647.50     -5.5502665E+001
          5658.79     -5.0285555E+001
          5670.08     -4.5475061E+001
          5681.37     -4.1053894E+001
          5692.66     -3.6948356E+001
          5703.95     -3.2528167E+001
          5715.23     -2.7511125E+001
          5726.52     -2.2258155E+001
          5737.81     -1.7027022E+001
          5749.10     -1.1987195E+001
          5760.39     -7.2406272E+000
          5771.68     -2.8569651E+000
          5782.97      1.0983136E+000
          5794.26      4.6211636E+000
          5805.55      7.7581042E+000
          5816.84      1.0551110E+001
          5828.12      1.3037567E+001
          5839.41      1.5250491E+001
          5850.70      1.7218885E+001
          5861.99      1.8968149E+001
          5873.28      2.0520489E+001
          5884.57      2.1896447E+001
          5895.86      2.3127839E+001
          5907.15      2.4237315E+001
          5918.44      2.5230272E+001
          5929.73      2.6112302E+001
          5941.02      2.6889004E+001
          5952.30      2.7565831E+001
          5963.59      2.8149960E+001
          5974.88      2.8690522E+001
          5986.17      2.9218965E+001
          5997.46      2.9719258E+001
          6008.75      3.0178970E+001
          6020.04      3.0588595E+001
          6031.33      3.0940988E+001
          6042.62      3.1230820E+001
          6053.91      3.1454103E+001
          6065.20      3.1609117E+001
          6076.48      3.1749609E+001
          6087.77      3.1907051E+001
          6099.06      3.2051345E+001
          6110.35      3.2157406E+001
          6121.64      3.2204334E+001
          6132.93      3.2174542E+001
          6144.22      3.2052888E+001
          6155.51      3.1822520E+001
          6166.80      3.1472346E+001
          6178.09      3.0996997E+001
          6189.38      3.0390362E+001
          6200.66      2.9645253E+001
          6211.95      2.8753118E+001
          6223.24      2.7703920E+001
          6234.53      2.6503651E+001
          6245.82      2.5164279E+001
          6257.11      2.3682252E+001
          6268.40      2.2052398E+001
          6279.69      2.0267928E+001
          6290.98      1.8328687E+001
          6302.27      1.6236250E+001
          6313.55      1.3984154E+001
          6324.84      1.1564543E+001
          6336.13      8.9680696E+000
          6347.42      6.1837693E+000
          6358.71      3.1990256E+000
          6370.00      0.0000000E+000
