          3480.00      0.0000000E+000
          3491.29     -2.7436847E+002
          3502.58     -2.8207200E+002
          3513.87     -2.8877736E+002
          3525.16     -2.9455148E+002
          3536.45     -2.9945421E+002
          3547.73     -3.0353891E+002
          3559.02     -3.0685302E+002
          3570.31     -3.0943839E+002
          3581.60     -3.1133158E+002
          3592.89     -3.1417233E+002
          3604.18     -3.1893977E+002
          3615.47     -3.2494933E+002
          3626.76     -3.3173821E+002
          3638.05     -3.3897368E+002
          3649.34     -3.4640419E+002
          3660.62     -3.5383399E+002
          3671.91     -3.6110917E+002
          3683.20     -3.6810973E+002
          3694.49     -3.7474442E+002
          3705.78     -3.8094694E+002
          3717.07     -3.8667282E+002
          3728.36     -3.9286257E+002
          3739.65     -4.0020838E+002
          3750.94     -4.0837456E+002
          3762.23     -4.1708458E+002
          3773.52     -4.2611809E+002
          3784.80     -4.3529707E+002
          3796.09     -4.4531105E+002
          3807.38     -4.5672373E+002
          3818.67     -4.6924185E+002
          3829.96     -4.8261031E+002
          3841.25     -4.9661918E+002
          3852.54     -5.1109284E+002
          3863.83     -5.2588351E+002
          3875.12     -5.4086721E+002
          3886.41     -5.5594106E+002
          3897.70     -5.7102139E+002
          3908.98     -5.8604205E+002
          3920.27     -6.0095284E+002
          3931.56     -6.1571800E+002
          3942.85     -6.3031460E+002
          3954.14     -6.4473090E+002
          3965.43     -6.5896483E+002
          3976.72     -6.7302241E+002
          3988.01     -6.8691638E+002
          3999.30     -7.0066489E+002
          4010.59     -7.1554699E+002
          4021.88     -7.3259431E+002
          4033.16     -7.5147842E+002
          4044.45     -7.7186536E+002
          4055.74     -7.9348942E+002
          4067.03     -8.1613669E+002
          4078.32     -8.3963447E+002
          4089.61     -8.6384405E+002
          4100.90     -8.8865552E+002
          4112.19     -9.1398423E+002
          4123.48     -9.3976774E+002
          4134.77     -9.6596343E+002
          4146.05     -9.9378662E+002
          4157.34     -1.0243541E+003
          4168.63     -1.0574640E+003
          4179.92     -1.0928440E+003
          4191.21     -1.1302833E+003
          4202.50     -1.1696213E+003
          4213.79     -1.2107401E+003
          4225.08     -1.2535591E+003
          4236.37     -1.2980324E+003
          4247.66     -1.3441456E+003
          4258.95     -1.3919150E+003
          4270.23     -1.4413864E+003
          4281.52     -1.4932728E+003
          4292.81     -1.5482142E+003
          4304.10     -1.6061678E+003
          4315.39     -1.6670825E+003
          4326.68     -1.7309584E+003
          4337.97     -1.7978439E+003
          4349.26     -1.8678359E+003
          4360.55     -1.9410795E+003
          4371.84     -2.0177700E+003
          4383.12     -2.0981552E+003
          4394.41     -2.1825387E+003
          4405.70     -2.2712849E+003
          4416.99     -2.3667689E+003
          4428.28     -2.4724600E+003
          4439.57     -2.5901288E+003
          4450.86     -2.7208847E+003
          4462.15     -2.8661876E+003
          4473.44     -3.0279128E+003
          4484.73     -3.2084445E+003
          4496.02     -3.4108077E+003
          4507.30     -3.6388546E+003
          4518.59     -3.8975286E+003
          4529.88     -4.1932466E+003
          4541.17     -4.5344594E+003
          4552.46     -4.9329987E+003
          4563.75     -5.4517668E+003
          4575.04     -6.2274623E+003
          4586.33     -7.4549085E+003
          4597.62     -9.5195271E+003
          4608.91     -1.3505971E+004
          4620.20     -2.3978833E+004
          4631.48     -1.1781519E+005
          4642.77     -3.9599158E+004
          4654.06     -1.6877938E+004
          4665.35     -1.0718696E+004
          4676.64     -7.8592483E+003
          4687.93     -6.2123599E+003
          4699.22     -5.1075253E+003
          4710.51     -4.2801203E+003
          4721.80     -3.6413566E+003
          4733.09     -3.1464042E+003
          4744.38     -2.7585133E+003
          4755.66     -2.4502088E+003
          4766.95     -2.2015486E+003
          4778.24     -1.9981301E+003
          4789.53     -1.8294929E+003
          4800.82     -1.6879581E+003
          4812.11     -1.5678184E+003
          4823.40     -1.4647768E+003
          4834.69     -1.3718855E+003
          4845.98     -1.2825437E+003
          4857.27     -1.1968650E+003
          4868.55     -1.1173728E+003
          4879.84     -1.0450450E+003
          4891.13     -9.7996359E+002
          4902.42     -9.2174063E+002
          4913.71     -8.6977446E+002
          4925.00     -8.2339525E+002
          4936.29     -7.8035503E+002
          4947.58     -7.3774774E+002
          4958.87     -6.9562602E+002
          4970.16     -6.5553460E+002
          4981.45     -6.1825842E+002
          4992.73     -5.8409625E+002
          5004.02     -5.5305706E+002
          5015.31     -5.2498985E+002
          5026.60     -4.9966527E+002
          5037.89     -4.7682436E+002
          5049.18     -4.5620632E+002
          5060.47     -4.3756343E+002
          5071.76     -4.1996301E+002
          5083.05     -4.0181624E+002
          5094.34     -3.8296902E+002
          5105.62     -3.6431752E+002
          5116.91     -3.4641488E+002
          5128.20     -3.2956870E+002
          5139.49     -3.1392105E+002
          5150.78     -2.9950804E+002
          5162.07     -2.8630134E+002
          5173.36     -2.7423616E+002
          5184.65     -2.6322935E+002
          5195.94     -2.5319063E+002
          5207.23     -2.4402953E+002
          5218.52     -2.3535544E+002
          5229.80     -2.2628156E+002
          5241.09     -2.1661592E+002
          5252.38     -2.0684489E+002
          5263.67     -1.9729202E+002
          5274.96     -1.8815791E+002
          5286.25     -1.7955505E+002
          5297.54     -1.7153565E+002
          5308.83     -1.6411213E+002
          5320.12     -1.5727186E+002
          5331.41     -1.5098730E+002
          5342.70     -1.4522274E+002
          5353.98     -1.3966818E+002
          5365.27     -1.3322038E+002
          5376.56     -1.2558043E+002
          5387.85     -1.1744331E+002
          5399.14     -1.0928750E+002
          5410.43     -1.0141623E+002
          5421.72     -9.4004096E+001
          5433.01     -8.7137523E+001
          5444.30     -8.0845698E+001
          5455.59     -7.5122638E+001
          5466.88     -6.9942045E+001
          5478.16     -6.5267020E+001
          5489.45     -6.1056160E+001
          5500.74     -5.7267258E+001
          5512.03     -5.3859462E+001
          5523.32     -5.0794405E+001
          5534.61     -4.8036761E+001
          5545.90     -4.5419785E+001
          5557.19     -4.1930022E+001
          5568.48     -3.7188583E+001
          5579.77     -3.1838128E+001
          5591.05     -2.6336674E+001
          5602.34     -2.0978681E+001
          5613.63     -1.5934514E+001
          5624.92     -1.1289178E+001
          5636.21     -7.0730621E+000
          5647.50     -3.2837927E+000
          5658.79      9.9215221E-002
          5670.08      3.1055649E+000
          5681.37      5.7680939E+000
          5692.66      8.1815087E+000
          5703.95      1.1098715E+001
          5715.23      1.4783396E+001
          5726.52      1.8733991E+001
          5737.81      2.2625340E+001
          5749.10      2.6272675E+001
          5760.39      2.9586658E+001
          5771.68      3.2520302E+001
          5782.97      3.5032126E+001
          5794.26      3.7142775E+001
          5805.55      3.8916942E+001
          5816.84      4.0406411E+001
          5828.12      4.1652928E+001
          5839.41      4.2690366E+001
          5850.70      4.3546399E+001
          5861.99      4.4243775E+001
          5873.28      4.4801300E+001
          5884.57      4.5236216E+001
          5895.86      4.5583361E+001
          5907.15      4.5865053E+001
          5918.44      4.6079342E+001
          5929.73      4.6225631E+001
          5941.02      4.6304249E+001
          5952.30      4.6316098E+001
          5963.59      4.6265861E+001
          5974.88      4.6234051E+001
          5986.17      4.6269633E+001
          5997.46      4.6336943E+001
          6008.75      4.6407792E+001
          6020.04      4.6460384E+001
          6031.33      4.6478173E+001
          6042.62      4.6448720E+001
          6053.91      4.6362664E+001
          6065.20      4.6215673E+001
          6076.48      4.6126288E+001
          6087.77      4.6162499E+001
          6099.06      4.6256548E+001
          6110.35      4.6354403E+001
          6121.64      4.6414107E+001
          6132.93      4.6403429E+001
          6144.22      4.6297201E+001
          6155.51      4.6058341E+001
          6166.80      4.5663754E+001
          6178.09      4.5112111E+001
          6189.38      4.4400000E+001
          6200.66      4.3521646E+001
          6211.95      4.2468638E+001
          6223.24      4.1229373E+001
          6234.53      3.9777752E+001
          6245.82      3.8098483E+001
          6257.11      3.6189868E+001
          6268.40      3.4045414E+001
          6279.69      3.1653911E+001
          6290.98      2.8985234E+001
          6302.27      2.6008318E+001
          6313.55      2.2702692E+001
          6324.84      1.9041742E+001
          6336.13      1.4991955E+001
          6347.42      1.0511811E+001
          6358.71      5.5393563E+000
          6370.00      0.0000000E+000
