          3480.00     -3.6993233E-036
          3491.29      3.4272814E-009
          3502.58      6.9194334E-009
          3513.87      1.0444389E-008
          3525.16      1.3970300E-008
          3536.45      1.7465479E-008
          3547.73      2.0898328E-008
          3559.02      2.4237251E-008
          3570.31      2.7450611E-008
          3581.60      3.0506650E-008
          3592.89      3.3489235E-008
          3604.18      3.6501795E-008
          3615.47      3.9541685E-008
          3626.76      4.2606020E-008
          3638.05      4.5691924E-008
          3649.34      4.8796515E-008
          3660.62      5.1916918E-008
          3671.91      5.5050241E-008
          3683.20      5.8193573E-008
          3694.49      6.1343980E-008
          3705.78      6.4498484E-008
          3717.07      6.7654074E-008
          3728.36      7.0835123E-008
          3739.65      7.4068567E-008
          3750.94      7.7355048E-008
          3762.23      8.0694797E-008
          3773.52      8.4088062E-008
          3784.80      8.7535105E-008
          3796.09      9.1051674E-008
          3807.38      9.4654809E-008
          3818.67      9.8346579E-008
          3829.96      1.0212874E-007
          3841.25      1.0600312E-007
          3852.54      1.0997157E-007
          3863.83      1.1403602E-007
          3875.12      1.1819845E-007
          3886.41      1.2246087E-007
          3897.70      1.2682536E-007
          3908.98      1.3129405E-007
          3920.27      1.3586910E-007
          3931.56      1.4055275E-007
          3942.85      1.4534727E-007
          3954.14      1.5025500E-007
          3965.43      1.5527832E-007
          3976.72      1.6041966E-007
          3988.01      1.6568150E-007
          3999.30      1.7106639E-007
          4010.59      1.7659163E-007
          4021.88      1.8227578E-007
          4033.16      1.8812295E-007
          4044.45      1.9413641E-007
          4055.74      2.0031951E-007
          4067.03      2.0667573E-007
          4078.32      2.1320864E-007
          4089.61      2.1992190E-007
          4100.90      2.2681928E-007
          4112.19      2.3390466E-007
          4123.48      2.4118200E-007
          4134.77      2.4865539E-007
          4146.05      2.5634109E-007
          4157.34      2.6425675E-007
          4168.63      2.7240812E-007
          4179.92      2.8079985E-007
          4191.21      2.8943671E-007
          4202.50      2.9832363E-007
          4213.79      3.0746570E-007
          4225.08      3.1686814E-007
          4236.37      3.2653634E-007
          4247.66      3.3647580E-007
          4258.95      3.4669221E-007
          4270.23      3.5719141E-007
          4281.52      3.6799139E-007
          4292.81      3.7911179E-007
          4304.10      3.9056033E-007
          4315.39      4.0234345E-007
          4326.68      4.1446781E-007
          4337.97      4.2694023E-007
          4349.26      4.3976776E-007
          4360.55      4.5295764E-007
          4371.84      4.6651729E-007
          4383.12      4.8045437E-007
          4394.41      4.9477672E-007
          4405.70      5.0949240E-007
          4416.99      5.2460337E-007
          4428.28      5.4010897E-007
          4439.57      5.5601510E-007
          4450.86      5.7233071E-007
          4462.15      5.8906493E-007
          4473.44      6.0622708E-007
          4484.73      6.2382672E-007
          4496.02      6.4187359E-007
          4507.30      6.6037767E-007
          4518.59      6.7934908E-007
          4529.88      6.9879822E-007
          4541.17      7.1873572E-007
          4552.46      7.3917206E-007
          4563.75      7.6009615E-007
          4575.04      7.8148304E-007
          4586.33      8.0333016E-007
          4597.62      8.2564972E-007
          4608.91      8.4845405E-007
          4620.20      8.7175570E-007
          4631.48      8.9556737E-007
          4642.77      9.1990190E-007
          4654.06      9.4477235E-007
          4665.35      9.7019196E-007
          4676.64      9.9617413E-007
          4687.93      1.0227325E-006
          4699.22      1.0498606E-006
          4710.51      1.0775365E-006
          4721.80      1.1057593E-006
          4733.09      1.1345443E-006
          4744.38      1.1639067E-006
          4755.66      1.1938622E-006
          4766.95      1.2244263E-006
          4778.24      1.2556149E-006
          4789.53      1.2874440E-006
          4800.82      1.3199297E-006
          4812.11      1.3530885E-006
          4823.40      1.3869368E-006
          4834.69      1.4214624E-006
          4845.98      1.4566248E-006
          4857.27      1.4924137E-006
          4868.55      1.5288482E-006
          4879.84      1.5659473E-006
          4891.13      1.6037303E-006
          4902.42      1.6422166E-006
          4913.71      1.6814254E-006
          4925.00      1.7213766E-006
          4936.29      1.7620486E-006
          4947.58      1.8033692E-006
          4958.87      1.8453091E-006
          4970.16      1.8878916E-006
          4981.45      1.9311400E-006
          4992.73      1.9750776E-006
          5004.02      2.0197279E-006
          5015.31      2.0651141E-006
          5026.60      2.1112598E-006
          5037.89      2.1581886E-006
          5049.18      2.2059240E-006
          5060.47      2.2544898E-006
          5071.76      2.3038450E-006
          5083.05      2.3538416E-006
          5094.34      2.4043995E-006
          5105.62      2.4555496E-006
          5116.91      2.5073226E-006
          5128.20      2.5597489E-006
          5139.49      2.6128589E-006
          5150.78      2.6666828E-006
          5162.07      2.7212507E-006
          5173.36      2.7765928E-006
          5184.65      2.8327389E-006
          5195.94      2.8897191E-006
          5207.23      2.9475633E-006
          5218.52      3.0062155E-006
          5229.80      3.0654208E-006
          5241.09      3.1250172E-006
          5252.38      3.1850474E-006
          5263.67      3.2455534E-006
          5274.96      3.3065770E-006
          5286.25      3.3681593E-006
          5297.54      3.4303415E-006
          5308.83      3.4931640E-006
          5320.12      3.5566673E-006
          5331.41      3.6208914E-006
          5342.70      3.6858761E-006
          5353.98      3.7514683E-006
          5365.27      3.8168051E-006
          5376.56      3.8812440E-006
          5387.85      3.9448688E-006
          5399.14      4.0077620E-006
          5410.43      4.0700046E-006
          5421.72      4.1316759E-006
          5433.01      4.1928540E-006
          5444.30      4.2536159E-006
          5455.59      4.3140371E-006
          5466.88      4.3741921E-006
          5478.16      4.4341542E-006
          5489.45      4.4939958E-006
          5500.74      4.5537883E-006
          5512.03      4.6136018E-006
          5523.32      4.6735059E-006
          5534.61      4.7335694E-006
          5545.90      4.7934815E-006
          5557.19      4.8502043E-006
          5568.48      4.9012039E-006
          5579.77      4.9467445E-006
          5591.05      4.9870854E-006
          5602.34      5.0224813E-006
          5613.63      5.0531817E-006
          5624.92      5.0794320E-006
          5636.21      5.1014728E-006
          5647.50      5.1195407E-006
          5658.79      5.1338682E-006
          5670.08      5.1446841E-006
          5681.37      5.1522188E-006
          5692.66      5.1560378E-006
          5703.95      5.1476650E-006
          5715.23      5.1197917E-006
          5726.52      5.0734141E-006
          5737.81      5.0095075E-006
          5749.10      4.9290279E-006
          5760.39      4.8329269E-006
          5771.68      4.7226584E-006
          5782.97      4.6009704E-006
          5794.26      4.4699352E-006
          5805.55      4.3301816E-006
          5816.84      4.1823302E-006
          5828.12      4.0269930E-006
          5839.41      3.8647747E-006
          5850.70      3.6962724E-006
          5861.99      3.5220767E-006
          5873.28      3.3427721E-006
          5884.57      3.1588668E-006
          5895.86      2.9699671E-006
          5907.15      2.7758487E-006
          5918.44      2.5772400E-006
          5929.73      2.3748674E-006
          5941.02      2.1694499E-006
          5952.30      1.9616996E-006
          5963.59      1.7521780E-006
          5974.88      1.5383066E-006
          5986.17      1.3181305E-006
          5997.46      1.0930740E-006
          6008.75      8.6454518E-007
          6020.04      6.3393768E-007
          6031.33      4.0262427E-007
          6042.62      1.7195988E-007
          6053.91     -5.6707369E-008
          6065.20     -2.8212424E-007
          6076.48     -5.0651954E-007
          6087.77     -7.3064220E-007
          6099.06     -9.5105797E-007
          6110.35     -1.1643424E-006
          6121.64     -1.3670775E-006
          6132.93     -1.5558443E-006
          6144.22     -1.7272410E-006
          6155.51     -1.8789502E-006
          6166.80     -2.0092475E-006
          6178.09     -2.1156597E-006
          6189.38     -2.1957198E-006
          6200.66     -2.2469519E-006
          6211.95     -2.2668649E-006
          6223.24     -2.2530417E-006
          6234.53     -2.2104732E-006
          6245.82     -2.1452817E-006
          6257.11     -2.0567820E-006
          6268.40     -1.9442754E-006
          6279.69     -1.8070715E-006
          6290.98     -1.6478822E-006
          6302.27     -1.4698103E-006
          6313.55     -1.2727470E-006
          6324.84     -1.0565728E-006
          6336.13     -8.2115633E-007
          6347.42     -5.6635520E-007
          6358.71     -2.9250026E-007
          6370.00     -5.1271874E-045
