          3480.00     -6.5459234E-035
          3491.29      1.7209422E-009
          3502.58      3.4966973E-009
          3513.87      5.2648225E-009
          3525.16      6.9632142E-009
          3536.45      8.5299845E-009
          3547.73      9.9033244E-009
          3559.02      1.1021372E-008
          3570.31      1.1822096E-008
          3581.60      1.2243165E-008
          3592.89      1.2455457E-008
          3604.18      1.2661549E-008
          3615.47      1.2846169E-008
          3626.76      1.2993499E-008
          3638.05      1.3087735E-008
          3649.34      1.3113062E-008
          3660.62      1.3053621E-008
          3671.91      1.2893486E-008
          3683.20      1.2616629E-008
          3694.49      1.2206898E-008
          3705.78      1.1647989E-008
          3717.07      1.0923419E-008
          3728.36      1.0108042E-008
          3739.65      9.2813451E-009
          3750.94      8.4329396E-009
          3762.23      7.5509212E-009
          3773.52      6.6233877E-009
          3784.80      5.6384177E-009
          3796.09      4.6521685E-009
          3807.38      3.7236854E-009
          3818.67      2.8446178E-009
          3829.96      2.0050238E-009
          3841.25      1.1950693E-009
          3852.54      4.0501411E-010
          3863.83     -3.7480656E-010
          3875.12     -1.1539993E-009
          3886.41     -1.9421260E-009
          3897.70     -2.7487240E-009
          3908.98     -3.5833196E-009
          3920.27     -4.4554411E-009
          3931.56     -5.3746379E-009
          3942.85     -6.3504924E-009
          3954.14     -7.3926405E-009
          3965.43     -8.5107888E-009
          3976.72     -9.7147217E-009
          3988.01     -1.1014319E-008
          3999.30     -1.2419568E-008
          4010.59     -1.3816487E-008
          4021.88     -1.5083669E-008
          4033.16     -1.6223934E-008
          4044.45     -1.7247954E-008
          4055.74     -1.8166183E-008
          4067.03     -1.8988882E-008
          4078.32     -1.9726133E-008
          4089.61     -2.0387855E-008
          4100.90     -2.0983823E-008
          4112.19     -2.1523687E-008
          4123.48     -2.2016980E-008
          4134.77     -2.2473142E-008
          4146.05     -2.2771386E-008
          4157.34     -2.2778062E-008
          4168.63     -2.2489895E-008
          4179.92     -2.1916960E-008
          4191.21     -2.1068912E-008
          4202.50     -1.9955004E-008
          4213.79     -1.8584109E-008
          4225.08     -1.6964736E-008
          4236.37     -1.5105045E-008
          4247.66     -1.3012872E-008
          4258.95     -1.0695733E-008
          4270.23     -8.1608450E-009
          4281.52     -5.2622847E-009
          4292.81     -1.8359618E-009
          4304.10      2.1292327E-009
          4315.39      6.6260224E-009
          4326.68      1.1647806E-008
          4337.97      1.7188618E-008
          4349.26      2.3243142E-008
          4360.55      2.9806675E-008
          4371.84      3.6875087E-008
          4383.12      4.4444848E-008
          4394.41      5.2513001E-008
          4405.70      6.1077149E-008
          4416.99      7.0046459E-008
          4428.28      7.9290954E-008
          4439.57      8.8770491E-008
          4450.86      9.8485387E-008
          4462.15      1.0843612E-007
          4473.44      1.1862337E-007
          4484.73      1.2904800E-007
          4496.02      1.3971103E-007
          4507.30      1.5061366E-007
          4518.59      1.6175723E-007
          4529.88      1.7314326E-007
          4541.17      1.8477342E-007
          4552.46      1.9664533E-007
          4563.75      2.0844265E-007
          4575.04      2.1964768E-007
          4586.33      2.3006048E-007
          4597.62      2.3969027E-007
          4608.91      2.4854520E-007
          4620.20      2.5663242E-007
          4631.48      2.6395807E-007
          4642.77      2.7052723E-007
          4654.06      2.7634407E-007
          4665.35      2.8141172E-007
          4676.64      2.8573241E-007
          4687.93      2.8930736E-007
          4699.22      2.9184388E-007
          4710.51      2.9282414E-007
          4721.80      2.9202804E-007
          4733.09      2.8946444E-007
          4744.38      2.8514016E-007
          4755.66      2.7906006E-007
          4766.95      2.7122705E-007
          4778.24      2.6164210E-007
          4789.53      2.5030431E-007
          4800.82      2.3721085E-007
          4812.11      2.2235706E-007
          4823.40      2.0573643E-007
          4834.69      1.8691994E-007
          4845.98      1.6506757E-007
          4857.27      1.3977046E-007
          4868.55      1.1103852E-007
          4879.84      7.8878271E-008
          4891.13      4.3292810E-008
          4902.42      4.2818641E-009
          4913.71     -3.8158032E-008
          4925.00     -8.4033703E-008
          4936.29     -1.3395233E-007
          4947.58     -1.8926331E-007
          4958.87     -2.5069831E-007
          4970.16     -3.1823254E-007
          4981.45     -3.9184702E-007
          4992.73     -4.7152832E-007
          5004.02     -5.5726830E-007
          5015.31     -6.4906436E-007
          5026.60     -7.4691916E-007
          5037.89     -8.5084060E-007
          5049.18     -9.6084188E-007
          5060.47     -1.0769410E-006
          5071.76     -1.2000992E-006
          5083.05     -1.3328426E-006
          5094.34     -1.4767103E-006
          5105.62     -1.6316446E-006
          5116.91     -1.7975970E-006
          5128.20     -1.9745283E-006
          5139.49     -2.1624083E-006
          5150.78     -2.3612154E-006
          5162.07     -2.5709370E-006
          5173.36     -2.7915693E-006
          5184.65     -3.0231161E-006
          5195.94     -3.2655905E-006
          5207.23     -3.5190135E-006
          5218.52     -3.7846626E-006
          5229.80     -4.0667107E-006
          5241.09     -4.3679839E-006
          5252.38     -4.6883537E-006
          5263.67     -5.0277065E-006
          5274.96     -5.3859420E-006
          5286.25     -5.7629752E-006
          5297.54     -6.1587346E-006
          5308.83     -6.5731623E-006
          5320.12     -7.0062141E-006
          5331.41     -7.4578581E-006
          5342.70     -7.9280760E-006
          5353.98     -8.4196630E-006
          5365.27     -8.9457219E-006
          5376.56     -9.5161720E-006
          5387.85     -1.0130393E-005
          5399.14     -1.0787799E-005
          5410.43     -1.1487833E-005
          5421.72     -1.2229972E-005
          5433.01     -1.3013722E-005
          5444.30     -1.3838619E-005
          5455.59     -1.4704226E-005
          5466.88     -1.5610136E-005
          5478.16     -1.6555969E-005
          5489.45     -1.7541369E-005
          5500.74     -1.8566010E-005
          5512.03     -1.9629587E-005
          5523.32     -2.0731825E-005
          5534.61     -2.1872469E-005
          5545.90     -2.3056784E-005
          5557.19     -2.4329649E-005
          5568.48     -2.5728637E-005
          5579.77     -2.7250707E-005
          5591.05     -2.8892898E-005
          5602.34     -3.0652331E-005
          5613.63     -3.2526213E-005
          5624.92     -3.4511834E-005
          5636.21     -3.6606553E-005
          5647.50     -3.8807811E-005
          5658.79     -4.1113120E-005
          5670.08     -4.3520058E-005
          5681.37     -4.6026202E-005
          5692.66     -4.8638783E-005
          5703.95     -5.1481832E-005
          5715.23     -5.4662435E-005
          5726.52     -5.8167101E-005
          5737.81     -6.1982660E-005
          5749.10     -6.6096240E-005
          5760.39     -7.0495046E-005
          5771.68     -7.5159010E-005
          5782.97     -8.0049279E-005
          5794.26     -8.5136840E-005
          5805.55     -9.0413654E-005
          5816.84     -9.5871811E-005
          5828.12     -1.0150355E-004
          5839.41     -1.0730124E-004
          5850.70     -1.1325736E-004
          5861.99     -1.1936452E-004
          5873.28     -1.2561543E-004
          5884.57     -1.3200392E-004
          5895.86     -1.3853694E-004
          5907.15     -1.4521901E-004
          5918.44     -1.5204081E-004
          5929.73     -1.5899310E-004
          5941.02     -1.6606673E-004
          5952.30     -1.7325272E-004
          5963.59     -1.8054425E-004
          5974.88     -1.8798013E-004
          5986.17     -1.9559016E-004
          5997.46     -2.0335506E-004
          6008.75     -2.1125581E-004
          6020.04     -2.1927365E-004
          6031.33     -2.2739012E-004
          6042.62     -2.3558705E-004
          6053.91     -2.4384638E-004
          6065.20     -2.5215147E-004
          6076.48     -2.6053625E-004
          6087.77     -2.6901319E-004
          6099.06     -2.7753405E-004
          6110.35     -2.8605073E-004
          6121.64     -2.9451527E-004
          6132.93     -3.0287973E-004
          6144.22     -3.1109641E-004
          6155.51     -3.1913342E-004
          6166.80     -3.2696749E-004
          6178.09     -3.3456449E-004
          6189.38     -3.4189043E-004
          6200.66     -3.4891119E-004
          6211.95     -3.5559250E-004
          6223.24     -3.6190115E-004
          6234.53     -3.6791153E-004
          6245.82     -3.7371453E-004
          6257.11     -3.7930218E-004
          6268.40     -3.8466634E-004
          6279.69     -3.8979904E-004
          6290.98     -3.9474174E-004
          6302.27     -3.9954159E-004
          6313.55     -4.0419917E-004
          6324.84     -4.0871488E-004
          6336.13     -4.1308903E-004
          6347.42     -4.1732179E-004
          6358.71     -4.2142022E-004
          6370.00     -4.2539253E-004
