          3480.00     -1.1775629E-029
          3491.29      2.7809698E-013
          3502.58      5.5993233E-013
          3513.87      8.4617587E-013
          3525.16      1.1375094E-012
          3536.45      1.4346174E-012
          3547.73      1.7381752E-012
          3559.02      2.0488368E-012
          3570.31      2.3672254E-012
          3581.60      2.6939199E-012
          3592.89      3.0202030E-012
          3604.18      3.3409501E-012
          3615.47      3.6618564E-012
          3626.76      3.9883859E-012
          3638.05      4.3257828E-012
          3649.34      4.6791399E-012
          3660.62      5.0534659E-012
          3671.91      5.4537452E-012
          3683.20      5.8849962E-012
          3694.49      6.3523285E-012
          3705.78      6.8609953E-012
          3717.07      7.4164493E-012
          3728.36      8.0010949E-012
          3739.65      8.5988784E-012
          3750.94      9.2177407E-012
          3762.23      9.8658080E-012
          3773.52      1.0551017E-011
          3784.80      1.1281208E-011
          3796.09      1.2037971E-011
          3807.38      1.2803908E-011
          3818.67      1.3588280E-011
          3829.96      1.4400557E-011
          3841.25      1.5249759E-011
          3852.54      1.6144558E-011
          3863.83      1.7093363E-011
          3875.12      1.8104403E-011
          3886.41      1.9185801E-011
          3897.70      2.0345645E-011
          3908.98      2.1592051E-011
          3920.27      2.2933216E-011
          3931.56      2.4377482E-011
          3942.85      2.5933378E-011
          3954.14      2.7609676E-011
          3965.43      2.9415432E-011
          3976.72      3.1360026E-011
          3988.01      3.3453211E-011
          3999.30      3.5705144E-011
          4010.59      3.8054606E-011
          4021.88      4.0443318E-011
          4033.16      4.2888192E-011
          4044.45      4.5410206E-011
          4055.74      4.8029194E-011
          4067.03      5.0764012E-011
          4078.32      5.3632697E-011
          4089.61      5.6652602E-011
          4100.90      5.9840496E-011
          4112.19      6.3212687E-011
          4123.48      6.6785093E-011
          4134.77      7.0573322E-011
          4146.05      7.4497132E-011
          4157.34      7.8475334E-011
          4168.63      8.2526366E-011
          4179.92      8.6677273E-011
          4191.21      9.0952716E-011
          4202.50      9.5375170E-011
          4213.79      9.9965055E-011
          4225.08      1.0474085E-010
          4236.37      1.0971919E-010
          4247.66      1.1491486E-010
          4258.95      1.2034090E-010
          4270.23      1.2600853E-010
          4281.52      1.3186760E-010
          4292.81      1.3787203E-010
          4304.10      1.4403922E-010
          4315.39      1.5038912E-010
          4326.68      1.5693837E-010
          4337.97      1.6370029E-010
          4349.26      1.7068485E-010
          4360.55      1.7789862E-010
          4371.84      1.8534460E-010
          4383.12      1.9302208E-010
          4394.41      2.0092645E-010
          4405.70      2.0904890E-010
          4416.99      2.1721812E-010
          4428.28      2.2517903E-010
          4439.57      2.3282670E-010
          4450.86      2.4012418E-010
          4462.15      2.4702290E-010
          4473.44      2.5346203E-010
          4484.73      2.5936771E-010
          4496.02      2.6465220E-010
          4507.30      2.6921286E-010
          4518.59      2.7293106E-010
          4529.88      2.7567087E-010
          4541.17      2.7727775E-010
          4552.46      2.7755340E-010
          4563.75      2.7434261E-010
          4575.04      2.6421485E-010
          4586.33      2.4570866E-010
          4597.62      2.1864658E-010
          4608.91      1.8275496E-010
          4620.20      1.3766276E-010
          4631.48      8.2899675E-011
          4642.77      1.7893708E-011
          4654.06     -5.8032503E-011
          4665.35     -1.4566567E-010
          4676.64     -2.4590684E-010
          4687.93     -3.5977721E-010
          4699.22     -4.9233412E-010
          4710.51     -6.5177143E-010
          4721.80     -8.4226418E-010
          4733.09     -1.0649306E-009
          4744.38     -1.3211804E-009
          4755.66     -1.6127191E-009
          4766.95     -1.9415566E-009
          4778.24     -2.3100163E-009
          4789.53     -2.7207463E-009
          4800.82     -3.1767346E-009
          4812.11     -3.6813244E-009
          4823.40     -4.2382309E-009
          4834.69     -4.8636569E-009
          4845.98     -5.5860707E-009
          4857.27     -6.4212155E-009
          4868.55     -7.3726262E-009
          4879.84     -8.4447528E-009
          4891.13     -9.6429771E-009
          4902.42     -1.0973629E-008
          4913.71     -1.2444004E-008
          4925.00     -1.4062405E-008
          4936.29     -1.5866259E-008
          4947.58     -1.7929173E-008
          4958.87     -2.0294418E-008
          4970.16     -2.2968895E-008
          4981.45     -2.5961806E-008
          4992.73     -2.9284644E-008
          5004.02     -3.2951213E-008
          5015.31     -3.6977676E-008
          5026.60     -4.1382594E-008
          5037.89     -4.6186990E-008
          5049.18     -5.1414435E-008
          5060.47     -5.7091115E-008
          5071.76     -6.3329629E-008
          5083.05     -7.0387111E-008
          5094.34     -7.8426529E-008
          5105.62     -8.7463454E-008
          5116.91     -9.7520270E-008
          5128.20     -1.0862615E-007
          5139.49     -1.2081705E-007
          5150.78     -1.3413575E-007
          5162.07     -1.4863195E-007
          5173.36     -1.6436239E-007
          5184.65     -1.8139097E-007
          5195.94     -1.9978900E-007
          5207.23     -2.1963541E-007
          5218.52     -2.4122991E-007
          5229.80     -2.6538613E-007
          5241.09     -2.9266591E-007
          5252.38     -3.2310614E-007
          5263.67     -3.5676363E-007
          5274.96     -3.9371476E-007
          5286.25     -4.3405558E-007
          5297.54     -4.7790171E-007
          5308.83     -5.2538844E-007
          5320.12     -5.7667099E-007
          5331.41     -6.3192467E-007
          5342.70     -6.9134555E-007
          5353.98     -7.5598580E-007
          5365.27     -8.3007448E-007
          5376.56     -9.1673283E-007
          5387.85     -1.0157928E-006
          5399.14     -1.1271656E-006
          5410.43     -1.2508391E-006
          5421.72     -1.3868752E-006
          5433.01     -1.5354082E-006
          5444.30     -1.6966430E-006
          5455.59     -1.8708536E-006
          5466.88     -2.0583833E-006
          5478.16     -2.2596432E-006
          5489.45     -2.4751126E-006
          5500.74     -2.7053394E-006
          5512.03     -2.9509397E-006
          5523.32     -3.2126001E-006
          5534.61     -3.4910779E-006
          5545.90     -3.7906813E-006
          5557.19     -4.1417601E-006
          5568.48     -4.5687500E-006
          5579.77     -5.0690002E-006
          5591.05     -5.6403161E-006
          5602.34     -6.2809350E-006
          5613.63     -6.9895059E-006
          5624.92     -7.7650680E-006
          5636.21     -8.6070291E-006
          5647.50     -9.5151527E-006
          5658.79     -1.0489541E-005
          5670.08     -1.1530621E-005
          5681.37     -1.2639106E-005
          5692.66     -1.3825476E-005
          5703.95     -1.5219870E-005
          5715.23     -1.6928250E-005
          5726.52     -1.8930513E-005
          5737.81     -2.1208527E-005
          5749.10     -2.3745968E-005
          5760.39     -2.6527947E-005
          5771.68     -2.9533115E-005
          5782.97     -3.2721343E-005
          5794.26     -3.6066307E-005
          5805.55     -3.9566252E-005
          5816.84     -4.3220007E-005
          5828.12     -4.7026953E-005
          5839.41     -5.0986964E-005
          5850.70     -5.5100362E-005
          5861.99     -5.9367883E-005
          5873.28     -6.3790615E-005
          5884.57     -6.8372121E-005
          5895.86     -7.3145639E-005
          5907.15     -7.8137983E-005
          5918.44     -8.3344549E-005
          5929.73     -8.8761231E-005
          5941.02     -9.4384430E-005
          5952.30     -1.0021098E-004
          5963.59     -1.0624526E-004
          5974.88     -1.1266045E-004
          5986.17     -1.1959768E-004
          5997.46     -1.2701801E-004
          6008.75     -1.3488474E-004
          6020.04     -1.4316304E-004
          6031.33     -1.5181979E-004
          6042.62     -1.6082320E-004
          6053.91     -1.7014228E-004
          6065.20     -1.7975623E-004
          6076.48     -1.9009288E-004
          6087.77     -2.0148042E-004
          6099.06     -2.1375614E-004
          6110.35     -2.2676127E-004
          6121.64     -2.4033994E-004
          6132.93     -2.5433798E-004
          6144.22     -2.6860058E-004
          6155.51     -2.8288113E-004
          6166.80     -2.9697687E-004
          6178.09     -3.1079704E-004
          6189.38     -3.2424736E-004
          6200.66     -3.3722886E-004
          6211.95     -3.4963704E-004
          6223.24     -3.6136007E-004
          6234.53     -3.7222750E-004
          6245.82     -3.8215779E-004
          6257.11     -3.9116137E-004
          6268.40     -3.9924004E-004
          6279.69     -4.0638663E-004
          6290.98     -4.1251513E-004
          6302.27     -4.1756521E-004
          6313.55     -4.2155462E-004
          6324.84     -4.2449179E-004
          6336.13     -4.2637591E-004
          6347.42     -4.2719697E-004
          6358.71     -4.2689092E-004
          6370.00     -4.2539253E-004
