          3480.00      0.0000000E+000
          3491.29     -2.2147666E-002
          3502.58     -2.2845307E-002
          3513.87     -2.3499859E-002
          3525.16     -2.4112047E-002
          3536.45     -2.4682527E-002
          3547.73     -2.5211882E-002
          3559.02     -2.5700629E-002
          3570.31     -2.6149213E-002
          3581.60     -2.6558016E-002
          3592.89     -2.6960562E-002
          3604.18     -2.7380850E-002
          3615.47     -2.7808437E-002
          3626.76     -2.8236106E-002
          3638.05     -2.8658703E-002
          3649.34     -2.9072440E-002
          3660.62     -2.9474469E-002
          3671.91     -2.9862601E-002
          3683.20     -3.0235128E-002
          3694.49     -3.0590691E-002
          3705.78     -3.0928198E-002
          3717.07     -3.1246757E-002
          3728.36     -3.1561645E-002
          3739.65     -3.1885964E-002
          3750.94     -3.2216186E-002
          3762.23     -3.2549342E-002
          3773.52     -3.2882905E-002
          3784.80     -3.3214715E-002
          3796.09     -3.3547612E-002
          3807.38     -3.3898569E-002
          3818.67     -3.4278285E-002
          3829.96     -3.4682765E-002
          3841.25     -3.5108526E-002
          3852.54     -3.5552506E-002
          3863.83     -3.6011996E-002
          3875.12     -3.6484582E-002
          3886.41     -3.6968100E-002
          3897.70     -3.7460604E-002
          3908.98     -3.7960328E-002
          3920.27     -3.8465667E-002
          3931.56     -3.8975154E-002
          3942.85     -3.9487442E-002
          3954.14     -4.0001290E-002
          3965.43     -4.0515552E-002
          3976.72     -4.1029163E-002
          3988.01     -4.1541135E-002
          3999.30     -4.2050548E-002
          4010.59     -4.2574887E-002
          4021.88     -4.3130498E-002
          4033.16     -4.3714985E-002
          4044.45     -4.4326162E-002
          4055.74     -4.4962032E-002
          4067.03     -4.5620755E-002
          4078.32     -4.6300635E-002
          4089.61     -4.7000096E-002
          4100.90     -4.7717671E-002
          4112.19     -4.8451986E-002
          4123.48     -4.9201753E-002
          4134.77     -4.9965757E-002
          4146.05     -5.0759387E-002
          4157.34     -5.1597495E-002
          4168.63     -5.2478275E-002
          4179.92     -5.3400098E-002
          4191.21     -5.4361493E-002
          4202.50     -5.5361127E-002
          4213.79     -5.6397788E-002
          4225.08     -5.7470372E-002
          4236.37     -5.8577869E-002
          4247.66     -5.9719351E-002
          4258.95     -6.0893967E-002
          4270.23     -6.2100930E-002
          4281.52     -6.3358499E-002
          4292.81     -6.4684990E-002
          4304.10     -6.6079917E-002
          4315.39     -6.7543014E-002
          4326.68     -6.9074221E-002
          4337.97     -7.0673663E-002
          4349.26     -7.2341648E-002
          4360.55     -7.4078658E-002
          4371.84     -7.5885327E-002
          4383.12     -7.7762456E-002
          4394.41     -7.9710996E-002
          4405.70     -8.1732052E-002
          4416.99     -8.3826879E-002
          4428.28     -8.6008733E-002
          4439.57     -8.8291640E-002
          4450.86     -9.0678349E-002
          4462.15     -9.3171926E-002
          4473.44     -9.5775779E-002
          4484.73     -9.8493662E-002
          4496.02     -1.0132969E-001
          4507.30     -1.0428838E-001
          4518.59     -1.0737464E-001
          4529.88     -1.1059382E-001
          4541.17     -1.1395173E-001
          4552.46     -1.1745470E-001
          4563.75     -1.2110913E-001
          4575.04     -1.2492198E-001
          4586.33     -1.2890125E-001
          4597.62     -1.3305564E-001
          4608.91     -1.3739459E-001
          4620.20     -1.4192836E-001
          4631.48     -1.4666814E-001
          4642.77     -1.5162607E-001
          4654.06     -1.5681541E-001
          4665.35     -1.6225065E-001
          4676.64     -1.6794761E-001
          4687.93     -1.7392364E-001
          4699.22     -1.8012121E-001
          4710.51     -1.8647357E-001
          4721.80     -1.9298569E-001
          4733.09     -1.9966283E-001
          4744.38     -2.0651063E-001
          4755.66     -2.1353512E-001
          4766.95     -2.2074271E-001
          4778.24     -2.2814027E-001
          4789.53     -2.3573514E-001
          4800.82     -2.4353517E-001
          4812.11     -2.5154878E-001
          4823.40     -2.5978494E-001
          4834.69     -2.6817159E-001
          4845.98     -2.7662686E-001
          4857.27     -2.8514571E-001
          4868.55     -2.9372326E-001
          4879.84     -3.0235484E-001
          4891.13     -3.1103605E-001
          4902.42     -3.1976278E-001
          4913.71     -3.2853117E-001
          4925.00     -3.3733775E-001
          4936.29     -3.4617938E-001
          4947.58     -3.5494397E-001
          4958.87     -3.6351129E-001
          4970.16     -3.7186748E-001
          4981.45     -3.8000044E-001
          4992.73     -3.8789979E-001
          5004.02     -3.9555696E-001
          5015.31     -4.0296517E-001
          5026.60     -4.1011943E-001
          5037.89     -4.1701644E-001
          5049.18     -4.2365458E-001
          5060.47     -4.3003380E-001
          5071.76     -4.3615554E-001
          5083.05     -4.4175859E-001
          5094.34     -4.4658708E-001
          5105.62     -4.5065753E-001
          5116.91     -4.5399363E-001
          5128.20     -4.5662520E-001
          5139.49     -4.5858713E-001
          5150.78     -4.5991825E-001
          5162.07     -4.6066033E-001
          5173.36     -4.6085707E-001
          5184.65     -4.6055319E-001
          5195.94     -4.5979363E-001
          5207.23     -4.5862286E-001
          5218.52     -4.5668105E-001
          5229.80     -4.5366471E-001
          5241.09     -4.4970437E-001
          5252.38     -4.4493035E-001
          5263.67     -4.3946926E-001
          5274.96     -4.3344131E-001
          5286.25     -4.2695842E-001
          5297.54     -4.2012294E-001
          5308.83     -4.1302709E-001
          5320.12     -4.0575270E-001
          5331.41     -3.9837147E-001
          5342.70     -3.9094537E-001
          5353.98     -3.8298849E-001
          5365.27     -3.7414627E-001
          5376.56     -3.6465399E-001
          5387.85     -3.5472099E-001
          5399.14     -3.4452843E-001
          5410.43     -3.3422913E-001
          5421.72     -3.2394894E-001
          5433.01     -3.1378899E-001
          5444.30     -3.0382848E-001
          5455.59     -2.9412770E-001
          5466.88     -2.8473083E-001
          5478.16     -2.7566874E-001
          5489.45     -2.6696138E-001
          5500.74     -2.5861996E-001
          5512.03     -2.5064877E-001
          5523.32     -2.4304670E-001
          5534.61     -2.3580854E-001
          5545.90     -2.2892607E-001
          5557.19     -2.2211269E-001
          5568.48     -2.1516857E-001
          5579.77     -2.0819782E-001
          5591.05     -2.0128457E-001
          5602.34     -1.9449487E-001
          5613.63     -1.8787914E-001
          5624.92     -1.8147445E-001
          5636.21     -1.7530688E-001
          5647.50     -1.6939347E-001
          5658.79     -1.6374412E-001
          5670.08     -1.5836305E-001
          5681.37     -1.5325038E-001
          5692.66     -1.4840312E-001
          5703.95     -1.4092406E-001
          5715.23     -1.2933741E-001
          5726.52     -1.1572836E-001
          5737.81     -1.0173456E-001
          5749.10     -8.8393252E-002
          5760.39     -7.6234969E-002
          5771.68     -6.5945240E-002
          5782.97     -5.7597918E-002
          5794.26     -5.0696290E-002
          5805.55     -4.4899574E-002
          5816.84     -3.9966354E-002
          5828.12     -3.5720811E-002
          5839.41     -3.2031868E-002
          5850.70     -2.8799819E-002
          5861.99     -2.5947463E-002
          5873.28     -2.3414114E-002
          5884.57     -2.1151392E-002
          5895.86     -1.9113530E-002
          5907.15     -1.7265051E-002
          5918.44     -1.5583439E-002
          5929.73     -1.4049638E-002
          5941.02     -1.2647398E-002
          5952.30     -1.1362776E-002
          5963.59     -1.0183754E-002
          5974.88     -9.0964824E-003
          5986.17     -8.0899222E-003
          5997.46     -7.1579811E-003
          6008.75     -6.2951407E-003
          6020.04     -5.4960862E-003
          6031.33     -4.7569244E-003
          6042.62     -4.0731961E-003
          6053.91     -3.4411711E-003
          6065.20     -2.8574733E-003
          6076.48     -2.3182859E-003
          6087.77     -1.8206424E-003
          6099.06     -1.3627698E-003
          6110.35     -9.4301702E-004
          6121.64     -5.5985715E-004
          6132.93     -2.1189685E-004
          6144.22      1.0213238E-004
          6155.51      3.8273166E-004
          6166.80      6.3003788E-004
          6178.09      8.4465478E-004
          6189.38      1.0271199E-003
          6200.66      1.1778810E-003
          6211.95      1.2972859E-003
          6223.24      1.3855775E-003
          6234.53      1.4409842E-003
          6245.82      1.4614372E-003
          6257.11      1.4465429E-003
          6268.40      1.3957521E-003
          6279.69      1.3083447E-003
          6290.98      1.1948568E-003
          6302.27      1.0665276E-003
          6313.55      9.2351943E-004
          6324.84      7.6595195E-004
          6336.13      5.9390345E-004
          6347.42      4.0741248E-004
          6358.71      2.0866869E-004
          6370.00      0.0000000E+000
