          3480.00      0.0000000E+000
          3491.29     -5.3643097E-002
          3502.58     -5.5002652E-002
          3513.87     -5.6259494E-002
          3525.16     -5.7413744E-002
          3536.45     -5.8465560E-002
          3547.73     -5.9415120E-002
          3559.02     -6.0262629E-002
          3570.31     -6.1008314E-002
          3581.60     -6.1652425E-002
          3592.89     -6.2276157E-002
          3604.18     -6.2937822E-002
          3615.47     -6.3611897E-002
          3626.76     -6.4280685E-002
          3638.05     -6.4931485E-002
          3649.34     -6.5554921E-002
          3660.62     -6.6143923E-002
          3671.91     -6.6693064E-002
          3683.20     -6.7198127E-002
          3694.49     -6.7655805E-002
          3705.78     -6.8063502E-002
          3717.07     -6.8419179E-002
          3728.36     -6.8760118E-002
          3739.65     -6.9117921E-002
          3750.94     -6.9483703E-002
          3762.23     -6.9850037E-002
          3773.52     -7.0210666E-002
          3784.80     -7.0560286E-002
          3796.09     -7.0905721E-002
          3807.38     -7.1287681E-002
          3818.67     -7.1731275E-002
          3829.96     -7.2226202E-002
          3841.25     -7.2763555E-002
          3852.54     -7.3335563E-002
          3863.83     -7.3935398E-002
          3875.12     -7.4557013E-002
          3886.41     -7.5195022E-002
          3897.70     -7.5844603E-002
          3908.98     -7.6501413E-002
          3920.27     -7.7161528E-002
          3931.56     -7.7821391E-002
          3942.85     -7.8477767E-002
          3954.14     -7.9127706E-002
          3965.43     -7.9768517E-002
          3976.72     -8.0397737E-002
          3988.01     -8.1013123E-002
          3999.30     -8.1612627E-002
          4010.59     -8.2237769E-002
          4021.88     -8.2926587E-002
          4033.16     -8.3672496E-002
          4044.45     -8.4469558E-002
          4055.74     -8.5312386E-002
          4067.03     -8.6196060E-002
          4078.32     -8.7116066E-002
          4089.61     -8.8068239E-002
          4100.90     -8.9048714E-002
          4112.19     -9.0053896E-002
          4123.48     -9.1080420E-002
          4134.77     -9.2125132E-002
          4146.05     -9.3224258E-002
          4157.34     -9.4412221E-002
          4168.63     -9.5683759E-002
          4179.92     -9.7034152E-002
          4191.21     -9.8459137E-002
          4202.50     -9.9954844E-002
          4213.79     -1.0151774E-001
          4225.08     -1.0314458E-001
          4236.37     -1.0483236E-001
          4247.66     -1.0657828E-001
          4258.95     -1.0837976E-001
          4270.23     -1.1023432E-001
          4281.52     -1.1218591E-001
          4292.81     -1.1427827E-001
          4304.10     -1.1650933E-001
          4315.39     -1.1887769E-001
          4326.68     -1.2138251E-001
          4337.97     -1.2402347E-001
          4349.26     -1.2680075E-001
          4360.55     -1.2971500E-001
          4371.84     -1.3276725E-001
          4383.12     -1.3595897E-001
          4394.41     -1.3929202E-001
          4405.70     -1.4276862E-001
          4416.99     -1.4639138E-001
          4428.28     -1.5019445E-001
          4439.57     -1.5421429E-001
          4450.86     -1.5845796E-001
          4462.15     -1.6293352E-001
          4473.44     -1.6765005E-001
          4484.73     -1.7261773E-001
          4496.02     -1.7784792E-001
          4507.30     -1.8335320E-001
          4518.59     -1.8914750E-001
          4529.88     -1.9524622E-001
          4541.17     -2.0166635E-001
          4552.46     -2.0842662E-001
          4563.75     -2.1554637E-001
          4575.04     -2.2304691E-001
          4586.33     -2.3095313E-001
          4597.62     -2.3929253E-001
          4608.91     -2.4809555E-001
          4620.20     -2.5739590E-001
          4631.48     -2.6723106E-001
          4642.77     -2.7764267E-001
          4654.06     -2.8867723E-001
          4665.35     -3.0038670E-001
          4676.64     -3.1282937E-001
          4687.93     -3.2607077E-001
          4699.22     -3.3991767E-001
          4710.51     -3.5413179E-001
          4721.80     -3.6871737E-001
          4733.09     -3.8367887E-001
          4744.38     -3.9902106E-001
          4755.66     -4.1474909E-001
          4766.95     -4.3086852E-001
          4778.24     -4.4738542E-001
          4789.53     -4.6430639E-001
          4800.82     -4.8163874E-001
          4812.11     -4.9939049E-001
          4823.40     -5.1757042E-001
          4834.69     -5.3585855E-001
          4845.98     -5.5388690E-001
          4857.27     -5.7159473E-001
          4868.55     -5.8892430E-001
          4879.84     -6.0582157E-001
          4891.13     -6.2223693E-001
          4902.42     -6.3812575E-001
          4913.71     -6.5344874E-001
          4925.00     -6.6817240E-001
          4936.29     -6.8226917E-001
          4947.58     -6.9528026E-001
          4958.87     -7.0674455E-001
          4970.16     -7.1665293E-001
          4981.45     -7.2501848E-001
          4992.73     -7.3187447E-001
          5004.02     -7.3727187E-001
          5015.31     -7.4127668E-001
          5026.60     -7.4396690E-001
          5037.89     -7.4542969E-001
          5049.18     -7.4575850E-001
          5060.47     -7.4505051E-001
          5071.76     -7.4340432E-001
          5083.05     -7.4011067E-001
          5094.34     -7.3458519E-001
          5105.62     -7.2712183E-001
          5116.91     -7.1801560E-001
          5128.20     -7.0755249E-001
          5139.49     -6.9600180E-001
          5150.78     -6.8361102E-001
          5162.07     -6.7060268E-001
          5173.36     -6.5717308E-001
          5184.65     -6.4349240E-001
          5195.94     -6.2970565E-001
          5207.23     -6.1593448E-001
          5218.52     -6.0148813E-001
          5229.80     -5.8588785E-001
          5241.09     -5.6951815E-001
          5252.38     -5.5270873E-001
          5263.67     -5.3573456E-001
          5274.96     -5.1881887E-001
          5286.25     -5.0213801E-001
          5297.54     -4.8582733E-001
          5308.83     -4.6998722E-001
          5320.12     -4.5468893E-001
          5331.41     -4.3997998E-001
          5342.70     -4.2588876E-001
          5353.98     -4.1170466E-001
          5365.27     -3.9696416E-001
          5376.56     -3.8200176E-001
          5387.85     -3.6708422E-001
          5399.14     -3.5241668E-001
          5410.43     -3.3815078E-001
          5421.72     -3.2439351E-001
          5433.01     -3.1121563E-001
          5444.30     -2.9865929E-001
          5455.59     -2.8674469E-001
          5466.88     -2.7547548E-001
          5478.16     -2.6484326E-001
          5489.45     -2.5483106E-001
          5500.74     -2.4541611E-001
          5512.03     -2.3657197E-001
          5523.32     -2.2827005E-001
          5534.61     -2.2048080E-001
          5545.90     -2.1317464E-001
          5557.19     -2.0603784E-001
          5568.48     -1.9885763E-001
          5579.77     -1.9173679E-001
          5591.05     -1.8475470E-001
          5602.34     -1.7797056E-001
          5613.63     -1.7142669E-001
          5624.92     -1.6515169E-001
          5636.21     -1.5916317E-001
          5647.50     -1.5347020E-001
          5658.79     -1.4807527E-001
          5670.08     -1.4297598E-001
          5681.37     -1.3816661E-001
          5692.66     -1.3363904E-001
          5703.95     -1.2659077E-001
          5715.23     -1.1565070E-001
          5726.52     -1.0287868E-001
          5737.81     -8.9848898E-002
          5749.10     -7.7524821E-002
          5760.39     -6.6375238E-002
          5771.68     -5.6989941E-002
          5782.97     -4.9403879E-002
          5794.26     -4.3151213E-002
          5805.55     -3.7914058E-002
          5816.84     -3.3468229E-002
          5828.12     -2.9651063E-002
          5839.41     -2.6341692E-002
          5850.70     -2.3448424E-002
          5861.99     -2.0900443E-002
          5873.28     -1.8642198E-002
          5884.57     -1.6629492E-002
          5895.86     -1.4819868E-002
          5907.15     -1.3180634E-002
          5918.44     -1.1691728E-002
          5929.73     -1.0336161E-002
          5941.02     -9.0994297E-003
          5952.30     -7.9690851E-003
          5963.59     -6.9343901E-003
          5974.88     -5.9823177E-003
          5986.17     -5.1026068E-003
          5997.46     -4.2901400E-003
          6008.75     -3.5402484E-003
          6020.04     -2.8486794E-003
          6031.33     -2.2115464E-003
          6042.62     -1.6253034E-003
          6053.91     -1.0867377E-003
          6065.20     -5.9293679E-004
          6076.48     -1.4027819E-004
          6087.77      2.7396636E-004
          6099.06      6.5111092E-004
          6110.35      9.9238987E-004
          6121.64      1.2989484E-003
          6132.93      1.5721014E-003
          6144.22      1.8122291E-003
          6155.51      2.0199036E-003
          6166.80      2.1949972E-003
          6178.09      2.3377418E-003
          6189.38      2.4483145E-003
          6200.66      2.5268097E-003
          6211.95      2.5732229E-003
          6223.24      2.5874412E-003
          6234.53      2.5672469E-003
          6245.82      2.5100451E-003
          6257.11      2.4149415E-003
          6268.40      2.2808535E-003
          6279.69      2.1064850E-003
          6290.98      1.9028292E-003
          6302.27      1.6818912E-003
          6313.55      1.4436744E-003
          6324.84      1.1881290E-003
          6336.13      9.1515248E-004
          6347.42      6.2459022E-004
          6358.71      3.1871429E-004
          6370.00      0.0000000E+000
