          3480.00      0.0000000E+000
          3491.29      1.6171246E-002
          3502.58      1.6107343E-002
          3513.87      1.6043781E-002
          3525.16      1.5980418E-002
          3536.45      1.5917118E-002
          3547.73      1.5853741E-002
          3559.02      1.5790147E-002
          3570.31      1.5726195E-002
          3581.60      1.5661740E-002
          3592.89      1.5596398E-002
          3604.18      1.5529997E-002
          3615.47      1.5462642E-002
          3626.76      1.5394380E-002
          3638.05      1.5325217E-002
          3649.34      1.5255132E-002
          3660.62      1.5184087E-002
          3671.91      1.5112026E-002
          3683.20      1.5038880E-002
          3694.49      1.4964573E-002
          3705.78      1.4889015E-002
          3717.07      1.4812112E-002
          3728.36      1.4733717E-002
          3739.65      1.4653746E-002
          3750.94      1.4572177E-002
          3762.23      1.4488977E-002
          3773.52      1.4404097E-002
          3784.80      1.4317481E-002
          3796.09      1.4229056E-002
          3807.38      1.4138762E-002
          3818.67      1.4046594E-002
          3829.96      1.3952569E-002
          3841.25      1.3856692E-002
          3852.54      1.3758958E-002
          3863.83      1.3659356E-002
          3875.12      1.3557863E-002
          3886.41      1.3454452E-002
          3897.70      1.3349087E-002
          3908.98      1.3241727E-002
          3920.27      1.3132323E-002
          3931.56      1.3020822E-002
          3942.85      1.2907162E-002
          3954.14      1.2791277E-002
          3965.43      1.2673094E-002
          3976.72      1.2552535E-002
          3988.01      1.2429514E-002
          3999.30      1.2303941E-002
          4010.59      1.2175765E-002
          4021.88      1.2044987E-002
          4033.16      1.1911582E-002
          4044.45      1.1775520E-002
          4055.74      1.1636765E-002
          4067.03      1.1495277E-002
          4078.32      1.1351012E-002
          4089.61      1.1203917E-002
          4100.90      1.1053940E-002
          4112.19      1.0901018E-002
          4123.48      1.0745088E-002
          4134.77      1.0586079E-002
          4146.05      1.0423951E-002
          4157.34      1.0258701E-002
          4168.63      1.0090305E-002
          4179.92      9.9187323E-003
          4191.21      9.7439534E-003
          4202.50      9.5659325E-003
          4213.79      9.3846307E-003
          4225.08      9.2000059E-003
          4236.37      9.0120121E-003
          4247.66      8.8206006E-003
          4258.95      8.6257183E-003
          4270.23      8.4273086E-003
          4281.52      8.2252876E-003
          4292.81      8.0195944E-003
          4304.10      7.8102037E-003
          4315.39      7.5970880E-003
          4326.68      7.3802169E-003
          4337.97      7.1595582E-003
          4349.26      6.9350766E-003
          4360.55      6.7067346E-003
          4371.84      6.4744926E-003
          4383.12      6.2383082E-003
          4394.41      5.9981365E-003
          4405.70      5.7539305E-003
          4416.99      5.5056401E-003
          4428.28      5.2531216E-003
          4439.57      4.9962309E-003
          4450.86      4.7349145E-003
          4462.15      4.4691171E-003
          4473.44      4.1987800E-003
          4484.73      3.9238423E-003
          4496.02      3.6442401E-003
          4507.30      3.3599067E-003
          4518.59      3.0707734E-003
          4529.88      2.7767679E-003
          4541.17      2.4778149E-003
          4552.46      2.1738370E-003
          4563.75      1.8647573E-003
          4575.04      1.5504960E-003
          4586.33      1.2309661E-003
          4597.62      9.0607710E-004
          4608.91      5.7573606E-004
          4620.20      2.3984575E-004
          4631.48     -1.0169459E-004
          4642.77     -4.4898841E-004
          4654.06     -8.0214377E-004
          4665.35     -1.1612723E-003
          4676.64     -1.5264894E-003
          4687.93     -1.8979152E-003
          4699.22     -2.2750626E-003
          4710.51     -2.6574267E-003
          4721.80     -3.0451043E-003
          4733.09     -3.4381940E-003
          4744.38     -3.8367986E-003
          4755.66     -4.2410236E-003
          4766.95     -4.6509778E-003
          4778.24     -5.0667740E-003
          4789.53     -5.4885269E-003
          4800.82     -5.9163563E-003
          4812.11     -6.3503856E-003
          4823.40     -6.7907409E-003
          4834.69     -7.2370628E-003
          4845.98     -7.6889753E-003
          4857.27     -8.1465867E-003
          4868.55     -8.6100088E-003
          4879.84     -9.0793558E-003
          4891.13     -9.5547466E-003
          4902.42     -1.0036304E-002
          4913.71     -1.0524152E-002
          4925.00     -1.1018423E-002
          4936.29     -1.1519249E-002
          4947.58     -1.2026231E-002
          4958.87     -1.2538949E-002
          4970.16     -1.3057517E-002
          4981.45     -1.3582051E-002
          4992.73     -1.4112672E-002
          5004.02     -1.4649503E-002
          5015.31     -1.5192673E-002
          5026.60     -1.5742314E-002
          5037.89     -1.6298563E-002
          5049.18     -1.6861562E-002
          5060.47     -1.7431455E-002
          5071.76     -1.8008393E-002
          5083.05     -1.8591323E-002
          5094.34     -1.9179149E-002
          5105.62     -1.9771965E-002
          5116.91     -2.0369866E-002
          5128.20     -2.0972956E-002
          5139.49     -2.1581338E-002
          5150.78     -2.2195123E-002
          5162.07     -2.2814424E-002
          5173.36     -2.3439362E-002
          5184.65     -2.4070059E-002
          5195.94     -2.4706643E-002
          5207.23     -2.5349247E-002
          5218.52     -2.5995642E-002
          5229.80     -2.6643525E-002
          5241.09     -2.7292926E-002
          5252.38     -2.7943883E-002
          5263.67     -2.8596442E-002
          5274.96     -2.9250652E-002
          5286.25     -2.9906571E-002
          5297.54     -3.0564264E-002
          5308.83     -3.1223801E-002
          5320.12     -3.1885260E-002
          5331.41     -3.2548724E-002
          5342.70     -3.3214282E-002
          5353.98     -3.3876122E-002
          5365.27     -3.4528322E-002
          5376.56     -3.5170836E-002
          5387.85     -3.5803649E-002
          5399.14     -3.6426770E-002
          5410.43     -3.7040235E-002
          5421.72     -3.7644106E-002
          5433.01     -3.8238469E-002
          5444.30     -3.8823432E-002
          5455.59     -3.9399126E-002
          5466.88     -3.9965703E-002
          5478.16     -4.0523335E-002
          5489.45     -4.1072211E-002
          5500.74     -4.1612541E-002
          5512.03     -4.2144548E-002
          5523.32     -4.2668470E-002
          5534.61     -4.3184563E-002
          5545.90     -4.3693091E-002
          5557.19     -4.4182515E-002
          5568.48     -4.4641564E-002
          5579.77     -4.5070986E-002
          5591.05     -4.5471618E-002
          5602.34     -4.5844366E-002
          5613.63     -4.6190205E-002
          5624.92     -4.6510160E-002
          5636.21     -4.6805305E-002
          5647.50     -4.7076749E-002
          5658.79     -4.7325630E-002
          5670.08     -4.7553106E-002
          5681.37     -4.7760369E-002
          5692.66     -4.7948631E-002
          5703.95     -4.7780675E-002
          5715.23     -4.6960821E-002
          5726.52     -4.5573659E-002
          5737.81     -4.3722088E-002
          5749.10     -4.1515433E-002
          5760.39     -3.9059534E-002
          5771.68     -3.6616788E-002
          5782.97     -3.4368145E-002
          5794.26     -3.2292591E-002
          5805.55     -3.0371938E-002
          5816.84     -2.8590440E-002
          5828.12     -2.6934387E-002
          5839.41     -2.5391794E-002
          5850.70     -2.3952139E-002
          5861.99     -2.2606149E-002
          5873.28     -2.1345622E-002
          5884.57     -2.0163275E-002
          5895.86     -1.9049083E-002
          5907.15     -1.7994757E-002
          5918.44     -1.6996469E-002
          5929.73     -1.6050688E-002
          5941.02     -1.5154142E-002
          5952.30     -1.4303796E-002
          5963.59     -1.3496841E-002
          5974.88     -1.2728537E-002
          5986.17     -1.1994937E-002
          5997.46     -1.1294594E-002
          6008.75     -1.0626094E-002
          6020.04     -9.9880608E-003
          6031.33     -9.3791534E-003
          6042.62     -8.7980695E-003
          6053.91     -8.2435644E-003
          6065.20     -7.7144479E-003
          6076.48     -7.2087321E-003
          6087.77     -6.7247566E-003
          6099.06     -6.2618564E-003
          6110.35     -5.8193693E-003
          6121.64     -5.3966418E-003
          6132.93     -4.9930409E-003
          6144.22     -4.6079548E-003
          6155.51     -4.2406205E-003
          6166.80     -3.8904188E-003
          6178.09     -3.5569473E-003
          6189.38     -3.2397924E-003
          6200.66     -2.9385438E-003
          6211.95     -2.6528010E-003
          6223.24     -2.3821751E-003
          6234.53     -2.1266133E-003
          6245.82     -1.8861394E-003
          6257.11     -1.6604956E-003
          6268.40     -1.4494344E-003
          6279.69     -1.2527197E-003
          6290.98     -1.0676949E-003
          6302.27     -8.9158158E-004
          6313.55     -7.2399088E-004
          6324.84     -5.6456009E-004
          6336.13     -4.1294962E-004
          6347.42     -2.6884194E-004
          6358.71     -1.3145275E-004
          6370.00      0.0000000E+000
