          3480.00     -2.3059593E-004
          3491.29     -2.2395846E-004
          3502.58     -2.1652771E-004
          3513.87     -2.0849020E-004
          3525.16     -2.0002331E-004
          3536.45     -1.9129694E-004
          3547.73     -1.8247508E-004
          3559.02     -1.7371744E-004
          3570.31     -1.6518081E-004
          3581.60     -1.5702055E-004
          3592.89     -1.4911106E-004
          3604.18     -1.4125086E-004
          3615.47     -1.3347997E-004
          3626.76     -1.2583713E-004
          3638.05     -1.1836011E-004
          3649.34     -1.1108615E-004
          3660.62     -1.0405232E-004
          3671.91     -9.7295943E-005
          3683.20     -9.0854904E-005
          3694.49     -8.4768047E-005
          3705.78     -7.9075532E-005
          3717.07     -7.3819155E-005
          3728.36     -6.8919257E-005
          3739.65     -6.4276930E-005
          3750.94     -5.9907303E-005
          3762.23     -5.5826659E-005
          3773.52     -5.2052585E-005
          3784.80     -4.8604122E-005
          3796.09     -4.5470204E-005
          3807.38     -4.2541471E-005
          3818.67     -3.9726283E-005
          3829.96     -3.7022476E-005
          3841.25     -3.4428264E-005
          3852.54     -3.1942261E-005
          3863.83     -2.9563495E-005
          3875.12     -2.7291419E-005
          3886.41     -2.5125938E-005
          3897.70     -2.3067413E-005
          3908.98     -2.1116687E-005
          3920.27     -1.9275112E-005
          3931.56     -1.7544556E-005
          3942.85     -1.5927440E-005
          3954.14     -1.4426755E-005
          3965.43     -1.3046093E-005
          3976.72     -1.1789680E-005
          3988.01     -1.0662403E-005
          3999.30     -9.6698469E-006
          4010.59     -8.7731365E-006
          4021.88     -7.9287320E-006
          4033.16     -7.1359649E-006
          4044.45     -6.3944303E-006
          4055.74     -5.7039868E-006
          4067.03     -5.0647620E-006
          4078.32     -4.4771518E-006
          4089.61     -3.9418275E-006
          4100.90     -3.4597420E-006
          4112.19     -3.0321336E-006
          4123.48     -2.6605361E-006
          4134.77     -2.3467867E-006
          4146.05     -2.0728868E-006
          4157.34     -1.8191964E-006
          4168.63     -1.5854022E-006
          4179.92     -1.3712956E-006
          4191.21     -1.1767732E-006
          4202.50     -1.0018350E-006
          4213.79     -8.4658556E-007
          4225.08     -7.1123459E-007
          4236.37     -5.9609765E-007
          4247.66     -5.0159817E-007
          4258.95     -4.2826863E-007
          4270.23     -3.7675325E-007
          4281.52     -3.3795198E-007
          4292.81     -3.0219893E-007
          4304.10     -2.6938630E-007
          4315.39     -2.3942089E-007
          4326.68     -2.1222361E-007
          4337.97     -1.8772923E-007
          4349.26     -1.6588588E-007
          4360.55     -1.4665491E-007
          4371.84     -1.3001065E-007
          4383.12     -1.1594022E-007
          4394.41     -1.0444352E-007
          4405.70     -9.5533110E-008
          4416.99     -8.9234206E-008
          4428.28     -8.4439133E-008
          4439.57     -7.9997604E-008
          4450.86     -7.5881486E-008
          4462.15     -7.2063956E-008
          4473.44     -6.8519349E-008
          4484.73     -6.5223064E-008
          4496.02     -6.2151444E-008
          4507.30     -5.9281668E-008
          4518.59     -5.6591660E-008
          4529.88     -5.4059975E-008
          4541.17     -5.1665713E-008
          4552.46     -4.9388430E-008
          4563.75     -4.7215165E-008
          4575.04     -4.5133495E-008
          4586.33     -4.3124244E-008
          4597.62     -4.1168414E-008
          4608.91     -3.9247112E-008
          4620.20     -3.7341459E-008
          4631.48     -3.5432522E-008
          4642.77     -3.3501238E-008
          4654.06     -3.1528333E-008
          4665.35     -2.9494248E-008
          4676.64     -2.7379066E-008
          4687.93     -2.5162434E-008
          4699.22     -2.2962724E-008
          4710.51     -2.0903293E-008
          4721.80     -1.8971327E-008
          4733.09     -1.7154535E-008
          4744.38     -1.5441093E-008
          4755.66     -1.3819604E-008
          4766.95     -1.2279045E-008
          4778.24     -1.0808726E-008
          4789.53     -9.3982536E-009
          4800.82     -8.0374774E-009
          4812.11     -6.7164591E-009
          4823.40     -5.4254353E-009
          4834.69     -4.1901002E-009
          4845.98     -3.0375100E-009
          4857.27     -1.9603131E-009
          4868.55     -9.5148801E-010
          4879.84     -4.3190475E-012
          4891.13      8.8763590E-010
          4902.42      1.7305676E-009
          4913.71      2.5304375E-009
          4925.00      3.2930053E-009
          4936.29      4.0238484E-009
          4947.58      4.7134493E-009
          4958.87      5.3516930E-009
          4970.16      5.9429573E-009
          4981.45      6.4913988E-009
          4992.73      7.0009675E-009
          5004.02      7.4754205E-009
          5015.31      7.9183401E-009
          5026.60      8.3331453E-009
          5037.89      8.7231058E-009
          5049.18      9.0913548E-009
          5060.47      9.4408998E-009
          5071.76      9.7746358E-009
          5083.05      1.0086462E-008
          5094.34      1.0369983E-008
          5105.62      1.0627467E-008
          5116.91      1.0861037E-008
          5128.20      1.1072688E-008
          5139.49      1.1264290E-008
          5150.78      1.1437593E-008
          5162.07      1.1594241E-008
          5173.36      1.1735772E-008
          5184.65      1.1863627E-008
          5195.94      1.1979158E-008
          5207.23      1.2083627E-008
          5218.52      1.2175138E-008
          5229.80      1.2251709E-008
          5241.09      1.2314347E-008
          5252.38      1.2363965E-008
          5263.67      1.2401394E-008
          5274.96      1.2427378E-008
          5286.25      1.2442586E-008
          5297.54      1.2447609E-008
          5308.83      1.2442964E-008
          5320.12      1.2429097E-008
          5331.41      1.2406388E-008
          5342.70      1.2375146E-008
          5353.98      1.2336369E-008
          5365.27      1.2291111E-008
          5376.56      1.2239671E-008
          5387.85      1.2182298E-008
          5399.14      1.2119183E-008
          5410.43      1.2050467E-008
          5421.72      1.1976240E-008
          5433.01      1.1896538E-008
          5444.30      1.1811353E-008
          5455.59      1.1720622E-008
          5466.88      1.1624240E-008
          5478.16      1.1522048E-008
          5489.45      1.1413842E-008
          5500.74      1.1299371E-008
          5512.03      1.1178333E-008
          5523.32      1.1050380E-008
          5534.61      1.0915116E-008
          5545.90      1.0772093E-008
          5557.19      1.0623546E-008
          5568.48      1.0471810E-008
          5579.77      1.0316531E-008
          5591.05      1.0157318E-008
          5602.34      9.9937494E-009
          5613.63      9.8253653E-009
          5624.92      9.6516710E-009
          5636.21      9.4721355E-009
          5647.50      9.2861897E-009
          5658.79      9.0932263E-009
          5670.08      8.8925986E-009
          5681.37      8.6836252E-009
          5692.66      8.4655917E-009
          5703.95      8.2462637E-009
          5715.23      8.0371714E-009
          5726.52      7.8431906E-009
          5737.81      7.6691704E-009
          5749.10      7.5199468E-009
          5760.39      7.4003552E-009
          5771.68      7.2950773E-009
          5782.97      7.1856123E-009
          5794.26      7.0720040E-009
          5805.55      6.9542664E-009
          5816.84      6.8323880E-009
          5828.12      6.7063314E-009
          5839.41      6.5760345E-009
          5850.70      6.4414102E-009
          5861.99      6.3023473E-009
          5873.28      6.1587108E-009
          5884.57      6.0103410E-009
          5895.86      5.8577868E-009
          5907.15      5.7017484E-009
          5918.44      5.5422613E-009
          5929.73      5.3793428E-009
          5941.02      5.2129902E-009
          5952.30      5.0431819E-009
          5963.59      4.8698777E-009
          5974.88      4.6936118E-009
          5986.17      4.5150976E-009
          5997.46      4.3345377E-009
          6008.75      4.1521187E-009
          6020.04      3.9680123E-009
          6031.33      3.7823739E-009
          6042.62      3.5953442E-009
          6053.91      3.4070535E-009
          6065.20      3.2176216E-009
          6076.48      3.0277518E-009
          6087.77      2.8383516E-009
          6099.06      2.6498359E-009
          6110.35      2.4626163E-009
          6121.64      2.2771032E-009
          6132.93      2.0937093E-009
          6144.22      1.9128494E-009
          6155.51      1.7357377E-009
          6166.80      1.5637976E-009
          6178.09      1.3977586E-009
          6189.38      1.2383560E-009
          6200.66      1.0863388E-009
          6211.95      9.4247297E-010
          6223.24      8.0754371E-010
          6234.53      6.8372538E-010
          6245.82      5.7343315E-010
          6257.11      4.7785465E-010
          6268.40      3.9821329E-010
          6279.69      3.3577063E-010
          6290.98      2.8379804E-010
          6302.27      2.3474697E-010
          6313.55      1.8868533E-010
          6324.84      1.4568857E-010
          6336.13      1.0583959E-010
          6347.42      6.9229111E-011
          6358.71      3.4458597E-011
          6370.00      2.1072465E-044
