          3480.00     -2.3059593E-004
          3491.29     -2.2962776E-004
          3502.58     -2.2865057E-004
          3513.87     -2.2767133E-004
          3525.16     -2.2669702E-004
          3536.45     -2.2573454E-004
          3547.73     -2.2479076E-004
          3559.02     -2.2387254E-004
          3570.31     -2.2298667E-004
          3581.60     -2.2213994E-004
          3592.89     -2.2132492E-004
          3604.18     -2.2053206E-004
          3615.47     -2.1976488E-004
          3626.76     -2.1902692E-004
          3638.05     -2.1832168E-004
          3649.34     -2.1765266E-004
          3660.62     -2.1702334E-004
          3671.91     -2.1643719E-004
          3683.20     -2.1589767E-004
          3694.49     -2.1540821E-004
          3705.78     -2.1497226E-004
          3717.07     -2.1459323E-004
          3728.36     -2.1426306E-004
          3739.65     -2.1397292E-004
          3750.94     -2.1372506E-004
          3762.23     -2.1352175E-004
          3773.52     -2.1336523E-004
          3784.80     -2.1325775E-004
          3796.09     -2.1319787E-004
          3807.38     -2.1317257E-004
          3818.67     -2.1317182E-004
          3829.96     -2.1319673E-004
          3841.25     -2.1324840E-004
          3852.54     -2.1332792E-004
          3863.83     -2.1343637E-004
          3875.12     -2.1357487E-004
          3886.41     -2.1374450E-004
          3897.70     -2.1394635E-004
          3908.98     -2.1418152E-004
          3920.27     -2.1445111E-004
          3931.56     -2.1475620E-004
          3942.85     -2.1509791E-004
          3954.14     -2.1547732E-004
          3965.43     -2.1589554E-004
          3976.72     -2.1635366E-004
          3988.01     -2.1685279E-004
          3999.30     -2.1739403E-004
          4010.59     -2.1796548E-004
          4021.88     -2.1855484E-004
          4033.16     -2.1916261E-004
          4044.45     -2.1978930E-004
          4055.74     -2.2043541E-004
          4067.03     -2.2110145E-004
          4078.32     -2.2178793E-004
          4089.61     -2.2249536E-004
          4100.90     -2.2322423E-004
          4112.19     -2.2397508E-004
          4123.48     -2.2474840E-004
          4134.77     -2.2554471E-004
          4146.05     -2.2635562E-004
          4157.34     -2.2717255E-004
          4168.63     -2.2799566E-004
          4179.92     -2.2882514E-004
          4191.21     -2.2966118E-004
          4202.50     -2.3050395E-004
          4213.79     -2.3135363E-004
          4225.08     -2.3221041E-004
          4236.37     -2.3307447E-004
          4247.66     -2.3394598E-004
          4258.95     -2.3482513E-004
          4270.23     -2.3571210E-004
          4281.52     -2.3660102E-004
          4292.81     -2.3748589E-004
          4304.10     -2.3836672E-004
          4315.39     -2.3924348E-004
          4326.68     -2.4011617E-004
          4337.97     -2.4098475E-004
          4349.26     -2.4184923E-004
          4360.55     -2.4270957E-004
          4371.84     -2.4356577E-004
          4383.12     -2.4441779E-004
          4394.41     -2.4526561E-004
          4405.70     -2.4610922E-004
          4416.99     -2.4694859E-004
          4428.28     -2.4778261E-004
          4439.57     -2.4861016E-004
          4450.86     -2.4943117E-004
          4462.15     -2.5024559E-004
          4473.44     -2.5105335E-004
          4484.73     -2.5185439E-004
          4496.02     -2.5264864E-004
          4507.30     -2.5343605E-004
          4518.59     -2.5421654E-004
          4529.88     -2.5499005E-004
          4541.17     -2.5575651E-004
          4552.46     -2.5651584E-004
          4563.75     -2.5726799E-004
          4575.04     -2.5801288E-004
          4586.33     -2.5875045E-004
          4597.62     -2.5948061E-004
          4608.91     -2.6020330E-004
          4620.20     -2.6091843E-004
          4631.48     -2.6162593E-004
          4642.77     -2.6232572E-004
          4654.06     -2.6301770E-004
          4665.35     -2.6370181E-004
          4676.64     -2.6437796E-004
          4687.93     -2.6504605E-004
          4699.22     -2.6570600E-004
          4710.51     -2.6635771E-004
          4721.80     -2.6700110E-004
          4733.09     -2.6763612E-004
          4744.38     -2.6826269E-004
          4755.66     -2.6888074E-004
          4766.95     -2.6949020E-004
          4778.24     -2.7009100E-004
          4789.53     -2.7068306E-004
          4800.82     -2.7126630E-004
          4812.11     -2.7184066E-004
          4823.40     -2.7240604E-004
          4834.69     -2.7296223E-004
          4845.98     -2.7350900E-004
          4857.27     -2.7404627E-004
          4868.55     -2.7457398E-004
          4879.84     -2.7509207E-004
          4891.13     -2.7560045E-004
          4902.42     -2.7609906E-004
          4913.71     -2.7658782E-004
          4925.00     -2.7706667E-004
          4936.29     -2.7753551E-004
          4947.58     -2.7799406E-004
          4958.87     -2.7844199E-004
          4970.16     -2.7887924E-004
          4981.45     -2.7930575E-004
          4992.73     -2.7972144E-004
          5004.02     -2.8012626E-004
          5015.31     -2.8052012E-004
          5026.60     -2.8090296E-004
          5037.89     -2.8127471E-004
          5049.18     -2.8163529E-004
          5060.47     -2.8198462E-004
          5071.76     -2.8232265E-004
          5083.05     -2.8264863E-004
          5094.34     -2.8296187E-004
          5105.62     -2.8326231E-004
          5116.91     -2.8354990E-004
          5128.20     -2.8382459E-004
          5139.49     -2.8408631E-004
          5150.78     -2.8433501E-004
          5162.07     -2.8457064E-004
          5173.36     -2.8479313E-004
          5184.65     -2.8500242E-004
          5195.94     -2.8519846E-004
          5207.23     -2.8538117E-004
          5218.52     -2.8554915E-004
          5229.80     -2.8570101E-004
          5241.09     -2.8583672E-004
          5252.38     -2.8595628E-004
          5263.67     -2.8605966E-004
          5274.96     -2.8614683E-004
          5286.25     -2.8621778E-004
          5297.54     -2.8627249E-004
          5308.83     -2.8631091E-004
          5320.12     -2.8633304E-004
          5331.41     -2.8633883E-004
          5342.70     -2.8632827E-004
          5353.98     -2.8629794E-004
          5365.27     -2.8624449E-004
          5376.56     -2.8616803E-004
          5387.85     -2.8606864E-004
          5399.14     -2.8594640E-004
          5410.43     -2.8580139E-004
          5421.72     -2.8563370E-004
          5433.01     -2.8544341E-004
          5444.30     -2.8523059E-004
          5455.59     -2.8499532E-004
          5466.88     -2.8473768E-004
          5478.16     -2.8445774E-004
          5489.45     -2.8415558E-004
          5500.74     -2.8383127E-004
          5512.03     -2.8348487E-004
          5523.32     -2.8311647E-004
          5534.61     -2.8272612E-004
          5545.90     -2.8231389E-004
          5557.19     -2.8187296E-004
          5568.48     -2.8139671E-004
          5579.77     -2.8088552E-004
          5591.05     -2.8033975E-004
          5602.34     -2.7975979E-004
          5613.63     -2.7914601E-004
          5624.92     -2.7849878E-004
          5636.21     -2.7781849E-004
          5647.50     -2.7710549E-004
          5658.79     -2.7636015E-004
          5670.08     -2.7558284E-004
          5681.37     -2.7477398E-004
          5692.66     -2.7393407E-004
          5703.95     -2.7284237E-004
          5715.23     -2.7128653E-004
          5726.52     -2.6927960E-004
          5737.81     -2.6683449E-004
          5749.10     -2.6396406E-004
          5760.39     -2.6068107E-004
          5771.68     -2.5716620E-004
          5782.97     -2.5359251E-004
          5794.26     -2.4996110E-004
          5805.55     -2.4627295E-004
          5816.84     -2.4252901E-004
          5828.12     -2.3873025E-004
          5839.41     -2.3487763E-004
          5850.70     -2.3097208E-004
          5861.99     -2.2701454E-004
          5873.28     -2.2300598E-004
          5884.57     -2.1894730E-004
          5895.86     -2.1483158E-004
          5907.15     -2.1065233E-004
          5918.44     -2.0641125E-004
          5929.73     -2.0211005E-004
          5941.02     -1.9775044E-004
          5952.30     -1.9333413E-004
          5963.59     -1.8886282E-004
          5974.88     -1.8433106E-004
          5986.17     -1.7973400E-004
          5997.46     -1.7507418E-004
          6008.75     -1.7035412E-004
          6020.04     -1.6557631E-004
          6031.33     -1.6074315E-004
          6042.62     -1.5585696E-004
          6053.91     -1.5092004E-004
          6065.20     -1.4593466E-004
          6076.48     -1.4089837E-004
          6087.77     -1.3580931E-004
          6099.06     -1.3067057E-004
          6110.35     -1.2548525E-004
          6121.64     -1.2025643E-004
          6132.93     -1.1498729E-004
          6144.22     -1.0968106E-004
          6155.51     -1.0433908E-004
          6166.80     -9.8963261E-005
          6178.09     -9.3557578E-005
          6189.38     -8.8125875E-005
          6200.66     -8.2671955E-005
          6211.95     -7.7199618E-005
          6223.24     -7.1712654E-005
          6234.53     -6.6216168E-005
          6245.82     -6.0715956E-005
          6257.11     -5.5216851E-005
          6268.40     -4.9723697E-005
          6279.69     -4.4241316E-005
          6290.98     -3.8758888E-005
          6302.27     -3.3262637E-005
          6313.55     -2.7752939E-005
          6324.84     -2.2230185E-005
          6336.13     -1.6694751E-005
          6347.42     -1.1147015E-005
          6358.71     -5.5834472E-006
          6370.00      1.3340951E-038
