          3480.00     -2.3059593E-004
          3491.29     -2.2389721E-004
          3502.58     -2.1680197E-004
          3513.87     -2.0940411E-004
          3525.16     -2.0179510E-004
          3536.45     -1.9406436E-004
          3547.73     -1.8629971E-004
          3559.02     -1.7858781E-004
          3570.31     -1.7101445E-004
          3581.60     -1.6366498E-004
          3592.89     -1.5647036E-004
          3604.18     -1.4932311E-004
          3615.47     -1.4225062E-004
          3626.76     -1.3528001E-004
          3638.05     -1.2843823E-004
          3649.34     -1.2175219E-004
          3660.62     -1.1524886E-004
          3671.91     -1.0895539E-004
          3683.20     -1.0289924E-004
          3694.49     -9.7108272E-005
          3705.78     -9.1610889E-005
          3717.07     -8.6436115E-005
          3728.36     -8.1529517E-005
          3739.65     -7.6825438E-005
          3750.94     -7.2336936E-005
          3762.23     -6.8077567E-005
          3773.52     -6.4061435E-005
          3784.80     -6.0303245E-005
          3796.09     -5.6794945E-005
          3807.38     -5.3455414E-005
          3818.67     -5.0218133E-005
          3829.96     -4.7083894E-005
          3841.25     -4.4053721E-005
          3852.54     -4.1128892E-005
          3863.83     -3.8310942E-005
          3875.12     -3.5601671E-005
          3886.41     -3.3003164E-005
          3897.70     -3.0517781E-005
          3908.98     -2.8148181E-005
          3920.27     -2.5897336E-005
          3931.56     -2.3768528E-005
          3942.85     -2.1765368E-005
          3954.14     -1.9891807E-005
          3965.43     -1.8152145E-005
          3976.72     -1.6551053E-005
          3988.01     -1.5093578E-005
          3999.30     -1.3785160E-005
          4010.59     -1.2584815E-005
          4021.88     -1.1447913E-005
          4033.16     -1.0374862E-005
          4044.45     -9.3662457E-006
          4055.74     -8.4228262E-006
          4067.03     -7.5455455E-006
          4078.32     -6.7355251E-006
          4089.61     -5.9940710E-006
          4100.90     -5.3226782E-006
          4112.19     -4.7230303E-006
          4123.48     -4.1970058E-006
          4134.77     -3.7466814E-006
          4146.05     -3.3489690E-006
          4157.34     -2.9793085E-006
          4168.63     -2.6377748E-006
          4179.92     -2.3245187E-006
          4191.21     -2.0397680E-006
          4202.50     -1.7838253E-006
          4213.79     -1.5570705E-006
          4225.08     -1.3599603E-006
          4236.37     -1.1930292E-006
          4247.66     -1.0568904E-006
          4258.95     -9.5223642E-007
          4270.23     -8.7984053E-007
          4281.52     -8.2596903E-007
          4292.81     -7.7629712E-007
          4304.10     -7.3078054E-007
          4315.39     -6.8938522E-007
          4326.68     -6.5208707E-007
          4337.97     -6.1887202E-007
          4349.26     -5.8973572E-007
          4360.55     -5.6468359E-007
          4371.84     -5.4373072E-007
          4383.12     -5.2690181E-007
          4394.41     -5.1423130E-007
          4405.70     -5.0576328E-007
          4416.99     -5.0155147E-007
          4428.28     -4.9951719E-007
          4439.57     -4.9752408E-007
          4450.86     -4.9554621E-007
          4462.15     -4.9355714E-007
          4473.44     -4.9152983E-007
          4484.73     -4.8943658E-007
          4496.02     -4.8724901E-007
          4507.30     -4.8493799E-007
          4518.59     -4.8247355E-007
          4529.88     -4.7982488E-007
          4541.17     -4.7696022E-007
          4552.46     -4.7384682E-007
          4563.75     -4.7046819E-007
          4575.04     -4.6680714E-007
          4586.33     -4.6282826E-007
          4597.62     -4.5849499E-007
          4608.91     -4.5376951E-007
          4620.20     -4.4861274E-007
          4631.48     -4.4298420E-007
          4642.77     -4.3684201E-007
          4654.06     -4.3014277E-007
          4665.35     -4.2284151E-007
          4676.64     -4.1489160E-007
          4687.93     -4.0624468E-007
          4699.22     -3.9735484E-007
          4710.51     -3.8868852E-007
          4721.80     -3.8021474E-007
          4733.09     -3.7190267E-007
          4744.38     -3.6372153E-007
          4755.66     -3.5564054E-007
          4766.95     -3.4762889E-007
          4778.24     -3.3965568E-007
          4789.53     -3.3168984E-007
          4800.82     -3.2370010E-007
          4812.11     -3.1565490E-007
          4823.40     -3.0752241E-007
          4834.69     -2.9945346E-007
          4845.98     -2.9160324E-007
          4857.27     -2.8394639E-007
          4868.55     -2.7645773E-007
          4879.84     -2.6911227E-007
          4891.13     -2.6188515E-007
          4902.42     -2.5475156E-007
          4913.71     -2.4768675E-007
          4925.00     -2.4066596E-007
          4936.29     -2.3366437E-007
          4947.58     -2.2676499E-007
          4958.87     -2.2005323E-007
          4970.16     -2.1350806E-007
          4981.45     -2.0710866E-007
          4992.73     -2.0083437E-007
          5004.02     -1.9466466E-007
          5015.31     -1.8857911E-007
          5026.60     -1.8255738E-007
          5037.89     -1.7657915E-007
          5049.18     -1.7062409E-007
          5060.47     -1.6467187E-007
          5071.76     -1.5870207E-007
          5083.05     -1.5280133E-007
          5094.34     -1.4705847E-007
          5105.62     -1.4145639E-007
          5116.91     -1.3597822E-007
          5128.20     -1.3060723E-007
          5139.49     -1.2532685E-007
          5150.78     -1.2012065E-007
          5162.07     -1.1497227E-007
          5173.36     -1.0986541E-007
          5184.65     -1.0478385E-007
          5195.94     -9.9711339E-008
          5207.23     -9.4631650E-008
          5218.52     -8.9616063E-008
          5229.80     -8.4737448E-008
          5241.09     -7.9982108E-008
          5252.38     -7.5336533E-008
          5263.67     -7.0787388E-008
          5274.96     -6.6321507E-008
          5286.25     -6.1925850E-008
          5297.54     -5.7587492E-008
          5308.83     -5.3293610E-008
          5320.12     -4.9031450E-008
          5331.41     -4.4788329E-008
          5342.70     -4.0551592E-008
          5353.98     -3.6395050E-008
          5365.27     -3.2393925E-008
          5376.56     -2.8537871E-008
          5387.85     -2.4816802E-008
          5399.14     -2.1220862E-008
          5410.43     -1.7740413E-008
          5421.72     -1.4366031E-008
          5433.01     -1.1088468E-008
          5444.30     -7.8986542E-009
          5455.59     -4.7876876E-009
          5466.88     -1.7468078E-009
          5478.16      1.2326090E-009
          5489.45      4.1590653E-009
          5500.74      7.0409571E-009
          5512.03      9.8865765E-009
          5523.32      1.2704138E-008
          5534.61      1.5501784E-008
          5545.90      1.8287588E-008
          5557.19      2.1024821E-008
          5568.48      2.3676536E-008
          5579.77      2.6250309E-008
          5591.05      2.8753546E-008
          5602.34      3.1193500E-008
          5613.63      3.3577297E-008
          5624.92      3.5911936E-008
          5636.21      3.8204298E-008
          5647.50      4.0461162E-008
          5658.79      4.2689212E-008
          5670.08      4.4895043E-008
          5681.37      4.7085088E-008
          5692.66      4.9265608E-008
          5703.95      5.1190935E-008
          5715.23      5.2626986E-008
          5726.52      5.3596683E-008
          5737.81      5.4122103E-008
          5749.10      5.4224515E-008
          5760.39      5.3924403E-008
          5771.68      5.3408946E-008
          5782.97      5.2853107E-008
          5794.26      5.2258412E-008
          5805.55      5.1626300E-008
          5816.84      5.0958127E-008
          5828.12      5.0255173E-008
          5839.41      4.9518643E-008
          5850.70      4.8749674E-008
          5861.99      4.7949328E-008
          5873.28      4.7118606E-008
          5884.57      4.6258443E-008
          5895.86      4.5363697E-008
          5907.15      4.4429968E-008
          5918.44      4.3459203E-008
          5929.73      4.2453280E-008
          5941.02      4.1414000E-008
          5952.30      4.0343092E-008
          5963.59      3.9242218E-008
          5974.88      3.8108345E-008
          5986.17      3.6939364E-008
          5997.46      3.5738210E-008
          6008.75      3.4507737E-008
          6020.04      3.3250719E-008
          6031.33      3.1969846E-008
          6042.62      3.0667732E-008
          6053.91      2.9346938E-008
          6065.20      2.8009974E-008
          6076.48      2.6657725E-008
          6087.77      2.5292178E-008
          6099.06      2.3917425E-008
          6110.35      2.2537527E-008
          6121.64      2.1156519E-008
          6132.93      1.9778430E-008
          6144.22      1.8407278E-008
          6155.51      1.7048907E-008
          6166.80      1.5710298E-008
          6178.09      1.4397115E-008
          6189.38      1.3114999E-008
          6200.66      1.1869612E-008
          6211.95      1.0666654E-008
          6223.24      9.5118656E-009
          6234.53      8.4175721E-009
          6245.82      7.3974158E-009
          6257.11      6.4592252E-009
          6268.40      5.6109231E-009
          6279.69      4.8605305E-009
          6290.98      4.1731018E-009
          6302.27      3.5086269E-009
          6313.55      2.8676333E-009
          6324.84      2.2506793E-009
          6336.13      1.6583513E-009
          6347.42      1.0912665E-009
          6358.71      5.4142868E-010
          6370.00     -1.3840519E-042
