          3480.00      6.9766314E-033
          3491.29     -3.2832956E-004
          3502.58     -6.4486922E-004
          3513.87     -9.4977678E-004
          3525.16     -1.2431993E-003
          3536.45     -1.5252748E-003
          3547.73     -1.7961321E-003
          3559.02     -2.0558897E-003
          3570.31     -2.3046581E-003
          3581.60     -2.5425385E-003
          3592.89     -2.7688514E-003
          3604.18     -2.9830097E-003
          3615.47     -3.1852355E-003
          3626.76     -3.3757394E-003
          3638.05     -3.5547221E-003
          3649.34     -3.7223748E-003
          3660.62     -3.8788805E-003
          3671.91     -4.0244129E-003
          3683.20     -4.1591376E-003
          3694.49     -4.2832119E-003
          3705.78     -4.3967850E-003
          3717.07     -4.4999984E-003
          3728.36     -4.5918549E-003
          3739.65     -4.6713878E-003
          3750.94     -4.7387728E-003
          3762.23     -4.7941772E-003
          3773.52     -4.8377596E-003
          3784.80     -4.8696707E-003
          3796.09     -4.8896068E-003
          3807.38     -4.8958463E-003
          3818.67     -4.8871415E-003
          3829.96     -4.8636717E-003
          3841.25     -4.8256067E-003
          3852.54     -4.7731070E-003
          3863.83     -4.7063238E-003
          3875.12     -4.6253997E-003
          3886.41     -4.5304685E-003
          3897.70     -4.4216559E-003
          3908.98     -4.2990790E-003
          3920.27     -4.1628474E-003
          3931.56     -4.0130626E-003
          3942.85     -3.8498187E-003
          3954.14     -3.6732028E-003
          3965.43     -3.4832950E-003
          3976.72     -3.2801689E-003
          3988.01     -3.0638909E-003
          3999.30     -2.8345206E-003
          4010.59     -2.5892058E-003
          4021.88     -2.3251153E-003
          4033.16     -2.0423293E-003
          4044.45     -1.7409186E-003
          4055.74     -1.4209444E-003
          4067.03     -1.0824598E-003
          4078.32     -7.2550840E-004
          4089.61     -3.5012485E-004
          4100.90      4.3663550E-005
          4112.19      4.5583881E-004
          4123.48      8.8639077E-004
          4134.77      1.3353172E-003
          4146.05      1.8055213E-003
          4157.34      2.2998932E-003
          4168.63      2.8184275E-003
          4179.92      3.3611297E-003
          4191.21      3.9280137E-003
          4202.50      4.5191053E-003
          4213.79      5.1344398E-003
          4225.08      5.7740619E-003
          4236.37      6.4380271E-003
          4247.66      7.1263983E-003
          4258.95      7.8392497E-003
          4270.23      8.5766647E-003
          4281.52      9.3419510E-003
          4292.81      1.0138413E-002
          4304.10      1.0966140E-002
          4315.39      1.1825235E-002
          4326.68      1.2715813E-002
          4337.97      1.3637998E-002
          4349.26      1.4591927E-002
          4360.55      1.5577750E-002
          4371.84      1.6595623E-002
          4383.12      1.7645719E-002
          4394.41      1.8728217E-002
          4405.70      1.9843311E-002
          4416.99      2.0991204E-002
          4428.28      2.2173737E-002
          4439.57      2.3392758E-002
          4450.86      2.4648500E-002
          4462.15      2.5941202E-002
          4473.44      2.7271120E-002
          4484.73      2.8638519E-002
          4496.02      3.0043675E-002
          4507.30      3.1486879E-002
          4518.59      3.2968427E-002
          4529.88      3.4488632E-002
          4541.17      3.6047817E-002
          4552.46      3.7646312E-002
          4563.75      3.9284418E-002
          4575.04      4.0962445E-002
          4586.33      4.2680759E-002
          4597.62      4.4439738E-002
          4608.91      4.6239768E-002
          4620.20      4.8081248E-002
          4631.48      4.9964591E-002
          4642.77      5.1890212E-002
          4654.06      5.3858544E-002
          4665.35      5.5870029E-002
          4676.64      5.7925118E-002
          4687.93      6.0024277E-002
          4699.22      6.2163044E-002
          4710.51      6.4336998E-002
          4721.80      6.6546668E-002
          4733.09      6.8792583E-002
          4744.38      7.1075286E-002
          4755.66      7.3395323E-002
          4766.95      7.5753250E-002
          4778.24      7.8149627E-002
          4789.53      8.0585021E-002
          4800.82      8.3060006E-002
          4812.11      8.5575168E-002
          4823.40      8.8131091E-002
          4834.69      9.0725058E-002
          4845.98      9.3354387E-002
          4857.27      9.6019724E-002
          4868.55      9.8721728E-002
          4879.84      1.0146105E-001
          4891.13      1.0423837E-001
          4902.42      1.0705434E-001
          4913.71      1.0990964E-001
          4925.00      1.1280496E-001
          4936.29      1.1574097E-001
          4947.58      1.1871522E-001
          4958.87      1.2172529E-001
          4970.16      1.2477191E-001
          4981.45      1.2785587E-001
          4992.73      1.3097791E-001
          5004.02      1.3413880E-001
          5015.31      1.3733931E-001
          5026.60      1.4058022E-001
          5037.89      1.4386231E-001
          5049.18      1.4718636E-001
          5060.47      1.5055315E-001
          5071.76      1.5396348E-001
          5083.05      1.5741213E-001
          5094.34      1.6089397E-001
          5105.62      1.6440994E-001
          5116.91      1.6796098E-001
          5128.20      1.7154804E-001
          5139.49      1.7517208E-001
          5150.78      1.7883404E-001
          5162.07      1.8253486E-001
          5173.36      1.8627552E-001
          5184.65      1.9005695E-001
          5195.94      1.9388013E-001
          5207.23      1.9774601E-001
          5218.52      2.0164541E-001
          5229.80      2.0556932E-001
          5241.09      2.0951904E-001
          5252.38      2.1349582E-001
          5263.67      2.1750095E-001
          5274.96      2.2153568E-001
          5286.25      2.2560129E-001
          5297.54      2.2969904E-001
          5308.83      2.3383019E-001
          5320.12      2.3799600E-001
          5331.41      2.4219774E-001
          5342.70      2.4643667E-001
          5353.98      2.5069180E-001
          5365.27      2.5494271E-001
          5376.56      2.5919154E-001
          5387.85      2.6344040E-001
          5399.14      2.6769141E-001
          5410.43      2.7194666E-001
          5421.72      2.7620823E-001
          5433.01      2.8047819E-001
          5444.30      2.8475863E-001
          5455.59      2.8905158E-001
          5466.88      2.9335912E-001
          5478.16      2.9768327E-001
          5489.45      3.0202607E-001
          5500.74      3.0638957E-001
          5512.03      3.1077577E-001
          5523.32      3.1518670E-001
          5534.61      3.1962437E-001
          5545.90      3.2409080E-001
          5557.19      3.2854823E-001
          5568.48      3.3296052E-001
          5579.77      3.3733207E-001
          5591.05      3.4166728E-001
          5602.34      3.4597050E-001
          5613.63      3.5024607E-001
          5624.92      3.5449833E-001
          5636.21      3.5873155E-001
          5647.50      3.6295002E-001
          5658.79      3.6715799E-001
          5670.08      3.7135970E-001
          5681.37      3.7555945E-001
          5692.66      3.7976160E-001
          5703.95      3.8284732E-001
          5715.23      3.8376694E-001
          5726.52      3.8262749E-001
          5737.81      3.7953479E-001
          5749.10      3.7459339E-001
          5760.39      3.6790656E-001
          5771.68      3.6032735E-001
          5782.97      3.5264553E-001
          5794.26      3.4486799E-001
          5805.55      3.3700117E-001
          5816.84      3.2905148E-001
          5828.12      3.2102524E-001
          5839.41      3.1292879E-001
          5850.70      3.0476837E-001
          5861.99      2.9655023E-001
          5873.28      2.8828056E-001
          5884.57      2.7996552E-001
          5895.86      2.7157483E-001
          5907.15      2.6308214E-001
          5918.44      2.5449954E-001
          5929.73      2.4583921E-001
          5941.02      2.3711326E-001
          5952.30      2.2833368E-001
          5963.59      2.1951239E-001
          5974.88      2.1063101E-001
          5986.17      2.0167581E-001
          5997.46      1.9266554E-001
          6008.75      1.8361875E-001
          6020.04      1.7455382E-001
          6031.33      1.6548875E-001
          6042.62      1.5644115E-001
          6053.91      1.4742855E-001
          6065.20      1.3846839E-001
          6076.48      1.2956672E-001
          6087.77      1.2073473E-001
          6099.06      1.1199733E-001
          6110.35      1.0337934E-001
          6121.64      9.4905582E-002
          6132.93      8.6601080E-002
          6144.22      7.8490984E-002
          6155.51      7.0610155E-002
          6166.80      6.2998598E-002
          6178.09      5.5688643E-002
          6189.38      4.8712206E-002
          6200.66      4.2101131E-002
          6211.95      3.5887310E-002
          6223.24      3.0102688E-002
          6234.53      2.4815408E-002
          6245.82      2.0099564E-002
          6257.11      1.5996175E-002
          6268.40      1.2546363E-002
          6279.69      9.7913295E-003
          6290.98      7.5413389E-003
          6302.27      5.5821021E-003
          6313.55      3.9181212E-003
          6324.84      2.5539680E-003
          6336.13      1.4942716E-003
          6347.42      7.4373416E-004
          6358.71      2.6087278E-004
          6370.00      1.5904897E-034
