          3480.00     -6.1059721E-028
          3491.29      1.4432375E-007
          3502.58      2.9812201E-007
          3513.87      4.6061700E-007
          3525.16      6.3110713E-007
          3536.45      8.0895607E-007
          3547.73      9.9358125E-007
          3559.02      1.1844429E-006
          3570.31      1.3810352E-006
          3581.60      1.5828759E-006
          3592.89      1.7910774E-006
          3604.18      2.0073780E-006
          3615.47      2.2322662E-006
          3626.76      2.4662577E-006
          3638.05      2.7098952E-006
          3649.34      2.9637479E-006
          3660.62      3.2284119E-006
          3671.91      3.5045104E-006
          3683.20      3.7926931E-006
          3694.49      4.0936370E-006
          3705.78      4.4080453E-006
          3717.07      4.7366493E-006
          3728.36      5.0809447E-006
          3739.65      5.4426391E-006
          3750.94      5.8228354E-006
          3762.23      6.2226786E-006
          3773.52      6.6433593E-006
          3784.80      7.0861164E-006
          3796.09      7.5525473E-006
          3807.38      8.0453797E-006
          3818.67      8.5672265E-006
          3829.96      9.1197983E-006
          3841.25      9.7048919E-006
          3852.54      1.0324393E-005
          3863.83      1.0980282E-005
          3875.12      1.1674638E-005
          3886.41      1.2409644E-005
          3897.70      1.3187592E-005
          3908.98      1.4010891E-005
          3920.27      1.4882066E-005
          3931.56      1.5803773E-005
          3942.85      1.6778797E-005
          3954.14      1.7810064E-005
          3965.43      1.8900645E-005
          3976.72      2.0053758E-005
          3988.01      2.1272786E-005
          3999.30      2.2561277E-005
          4010.59      2.3929432E-005
          4021.88      2.5387518E-005
          4033.16      2.6939520E-005
          4044.45      2.8589714E-005
          4055.74      3.0342678E-005
          4067.03      3.2203290E-005
          4078.32      3.4176748E-005
          4089.61      3.6268575E-005
          4100.90      3.8484626E-005
          4112.19      4.0831106E-005
          4123.48      4.3314579E-005
          4134.77      4.5941980E-005
          4146.05      4.8736782E-005
          4157.34      5.1722387E-005
          4168.63      5.4906408E-005
          4179.92      5.8297103E-005
          4191.21      6.1903382E-005
          4202.50      6.5734837E-005
          4213.79      6.9801745E-005
          4225.08      7.4115089E-005
          4236.37      7.8686586E-005
          4247.66      8.3528685E-005
          4258.95      8.8654623E-005
          4270.23      9.4078433E-005
          4281.52      9.9856197E-005
          4292.81      1.0604362E-004
          4304.10      1.1265584E-004
          4315.39      1.1970941E-004
          4326.68      1.2722236E-004
          4337.97      1.3521419E-004
          4349.26      1.4370592E-004
          4360.55      1.5272013E-004
          4371.84      1.6228097E-004
          4383.12      1.7241424E-004
          4394.41      1.8314743E-004
          4405.70      1.9450977E-004
          4416.99      2.0653229E-004
          4428.28      2.1929910E-004
          4439.57      2.3289489E-004
          4450.86      2.4735494E-004
          4462.15      2.6271716E-004
          4473.44      2.7902225E-004
          4484.73      2.9631372E-004
          4496.02      3.1463801E-004
          4507.30      3.3404454E-004
          4518.59      3.5458582E-004
          4529.88      3.7631761E-004
          4541.17      3.9929898E-004
          4552.46      4.2359241E-004
          4563.75      4.4926128E-004
          4575.04      4.7637275E-004
          4586.33      5.0500063E-004
          4597.62      5.3522273E-004
          4608.91      5.6712099E-004
          4620.20      6.0078176E-004
          4631.48      6.3629594E-004
          4642.77      6.7375910E-004
          4654.06      7.1327180E-004
          4665.35      7.5493979E-004
          4676.64      7.9887419E-004
          4687.93      8.4519178E-004
          4699.22      8.9351120E-004
          4710.51      9.4347933E-004
          4721.80      9.9526049E-004
          4733.09      1.0490205E-003
          4744.38      1.1049273E-003
          4755.66      1.1631517E-003
          4766.95      1.2238673E-003
          4778.24      1.2872513E-003
          4789.53      1.3534852E-003
          4800.82      1.4227547E-003
          4812.11      1.4952507E-003
          4823.40      1.5711696E-003
          4834.69      1.6502523E-003
          4845.98      1.7322775E-003
          4857.27      1.8175041E-003
          4868.55      1.9061943E-003
          4879.84      1.9986140E-003
          4891.13      2.0950338E-003
          4902.42      2.1957297E-003
          4913.71      2.3009834E-003
          4925.00      2.4110838E-003
          4936.29      2.5263270E-003
          4947.58      2.6463625E-003
          4958.87      2.7708974E-003
          4970.16      2.9003229E-003
          4981.45      3.0350348E-003
          4992.73      3.1754351E-003
          5004.02      3.3219318E-003
          5015.31      3.4749415E-003
          5026.60      3.6348894E-003
          5037.89      3.8022111E-003
          5049.18      3.9773530E-003
          5060.47      4.1607735E-003
          5071.76      4.3529447E-003
          5083.05      4.5521653E-003
          5094.34      4.7569098E-003
          5105.62      4.9679239E-003
          5116.91      5.1859521E-003
          5128.20      5.4117407E-003
          5139.49      5.6460401E-003
          5150.78      5.8896062E-003
          5162.07      6.1432038E-003
          5173.36      6.4076080E-003
          5184.65      6.6836058E-003
          5195.94      6.9719993E-003
          5207.23      7.2736072E-003
          5218.52      7.5833433E-003
          5229.80      7.8966093E-003
          5241.09      8.2149479E-003
          5252.38      8.5398809E-003
          5263.67      8.8729139E-003
          5274.96      9.2155400E-003
          5286.25      9.5692468E-003
          5297.54      9.9355200E-003
          5308.83      1.0315849E-002
          5320.12      1.0711729E-002
          5331.41      1.1124671E-002
          5342.70      1.1556198E-002
          5353.98      1.1988841E-002
          5365.27      1.2406864E-002
          5376.56      1.2814328E-002
          5387.85      1.3215185E-002
          5399.14      1.3613300E-002
          5410.43      1.4012459E-002
          5421.72      1.4416389E-002
          5433.01      1.4828769E-002
          5444.30      1.5253244E-002
          5455.59      1.5693438E-002
          5466.88      1.6152970E-002
          5478.16      1.6635462E-002
          5489.45      1.7144553E-002
          5500.74      1.7683913E-002
          5512.03      1.8257252E-002
          5523.32      1.8868334E-002
          5534.61      1.9520991E-002
          5545.90      2.0219129E-002
          5557.19      2.0912425E-002
          5568.48      2.1556997E-002
          5579.77      2.2166286E-002
          5591.05      2.2753500E-002
          5602.34      2.3331655E-002
          5613.63      2.3913620E-002
          5624.92      2.4512166E-002
          5636.21      2.5140006E-002
          5647.50      2.5809847E-002
          5658.79      2.6534431E-002
          5670.08      2.7326580E-002
          5681.37      2.8199303E-002
          5692.66      2.9165805E-002
          5703.95      2.8675484E-002
          5715.23      2.5497263E-002
          5726.52      2.0113237E-002
          5737.81      1.2992862E-002
          5749.10      4.5946220E-003
          5760.39     -4.6323581E-003
          5771.68     -1.3993390E-002
          5782.97     -2.3096852E-002
          5794.26     -3.1953965E-002
          5805.55     -4.0575276E-002
          5816.84     -4.8970289E-002
          5828.12     -5.7147521E-002
          5839.41     -6.5114490E-002
          5850.70     -7.2877732E-002
          5861.99     -8.0442814E-002
          5873.28     -8.7814317E-002
          5884.57     -9.4995879E-002
          5895.86     -1.0213532E-001
          5907.15     -1.0935928E-001
          5918.44     -1.1663887E-001
          5929.73     -1.2394501E-001
          5941.02     -1.3124860E-001
          5952.30     -1.3852033E-001
          5963.59     -1.4573065E-001
          5974.88     -1.5304204E-001
          5986.17     -1.6058972E-001
          5997.46     -1.6830357E-001
          6008.75     -1.7611422E-001
          6020.04     -1.8395278E-001
          6031.33     -1.9175086E-001
          6042.62     -1.9944021E-001
          6053.91     -2.0695207E-001
          6065.20     -2.1421701E-001
          6076.48     -2.2135969E-001
          6087.77     -2.2846893E-001
          6099.06     -2.3542071E-001
          6110.35     -2.4209035E-001
          6121.64     -2.4835207E-001
          6132.93     -2.5407833E-001
          6144.22     -2.5913980E-001
          6155.51     -2.6354296E-001
          6166.80     -2.6725418E-001
          6178.09     -2.7008208E-001
          6189.38     -2.7183321E-001
          6200.66     -2.7231071E-001
          6211.95     -2.7131340E-001
          6223.24     -2.6863520E-001
          6234.53     -2.6410282E-001
          6245.82     -2.5749336E-001
          6257.11     -2.4851726E-001
          6268.40     -2.3687768E-001
          6279.69     -2.2226956E-001
          6290.98     -2.0469502E-001
          6302.27     -1.8432980E-001
          6313.55     -1.6111618E-001
          6324.84     -1.3498784E-001
          6336.13     -1.0586966E-001
          6347.42     -7.3677614E-002
          6358.71     -3.8388117E-002
          6370.00     -1.3344033E-034
