          3480.00      7.4357630E-032
          3491.29      3.2558708E-013
          3502.58      6.7316313E-013
          3513.87      1.0411025E-012
          3525.16      1.4280020E-012
          3536.45      1.8326472E-012
          3547.73      2.2539788E-012
          3559.02      2.6910606E-012
          3570.31      3.1430522E-012
          3581.60      3.6091797E-012
          3592.89      4.0916873E-012
          3604.18      4.5945298E-012
          3615.47      5.1195825E-012
          3626.76      5.6687919E-012
          3638.05      6.2441805E-012
          3649.34      6.8478487E-012
          3660.62      7.4819825E-012
          3671.91      8.1488559E-012
          3683.20      8.8508354E-012
          3694.49      9.5903856E-012
          3705.78      1.0370071E-011
          3717.07      1.1192564E-011
          3728.36      1.2061401E-011
          3739.65      1.2980785E-011
          3750.94      1.3954582E-011
          3762.23      1.4986807E-011
          3773.52      1.6081641E-011
          3784.80      1.7243443E-011
          3796.09      1.8477249E-011
          3807.38      1.9790210E-011
          3818.67      2.1189673E-011
          3829.96      2.2681664E-011
          3841.25      2.4272519E-011
          3852.54      2.5968900E-011
          3863.83      2.7777821E-011
          3875.12      2.9706668E-011
          3886.41      3.1763222E-011
          3897.70      3.3955690E-011
          3908.98      3.6292726E-011
          3920.27      3.8783455E-011
          3931.56      4.1437508E-011
          3942.85      4.4265046E-011
          3954.14      4.7276786E-011
          3965.43      5.0484043E-011
          3976.72      5.3898740E-011
          3988.01      5.7533466E-011
          3999.30      6.1401500E-011
          4010.59      6.5541207E-011
          4021.88      6.9991196E-011
          4033.16      7.4766585E-011
          4044.45      7.9883779E-011
          4055.74      8.5360516E-011
          4067.03      9.1215883E-011
          4078.32      9.7470386E-011
          4089.61      1.0414599E-010
          4100.90      1.1126614E-010
          4112.19      1.1885586E-010
          4123.48      1.2694183E-010
          4134.77      1.3555236E-010
          4146.05      1.4479056E-010
          4157.34      1.5475881E-010
          4168.63      1.6548824E-010
          4179.92      1.7701321E-010
          4191.21      1.8937139E-010
          4202.50      2.0260383E-010
          4213.79      2.1675506E-010
          4225.08      2.3187317E-010
          4236.37      2.4800993E-010
          4247.66      2.6522086E-010
          4258.95      2.8356547E-010
          4270.23      3.0310734E-010
          4281.52      3.2412618E-010
          4292.81      3.4689842E-010
          4304.10      3.7149192E-010
          4315.39      3.9798275E-010
          4326.68      4.2645533E-010
          4337.97      4.5700246E-010
          4349.26      4.8972568E-010
          4360.55      5.2473540E-010
          4371.84      5.6215108E-010
          4383.12      6.0210169E-010
          4394.41      6.4472592E-010
          4405.70      6.9017258E-010
          4416.99      7.3860107E-010
          4428.28      7.9047815E-010
          4439.57      8.4627236E-010
          4450.86      9.0616602E-010
          4462.15      9.7035825E-010
          4473.44      1.0390657E-009
          4484.73      1.1125228E-009
          4496.02      1.1909825E-009
          4507.30      1.2747171E-009
          4518.59      1.3640184E-009
          4529.88      1.4591992E-009
          4541.17      1.5605938E-009
          4552.46      1.6685588E-009
          4563.75      1.7834570E-009
          4575.04      1.9056764E-009
          4586.33      2.0356484E-009
          4597.62      2.1738312E-009
          4608.91      2.3207107E-009
          4620.20      2.4768027E-009
          4631.48      2.6426540E-009
          4642.77      2.8188436E-009
          4654.06      3.0059851E-009
          4665.35      3.2047283E-009
          4676.64      3.4157605E-009
          4687.93      3.6398094E-009
          4699.22      3.8741731E-009
          4710.51      4.1163789E-009
          4721.80      4.3675288E-009
          4733.09      4.6287283E-009
          4744.38      4.9010920E-009
          4755.66      5.1857476E-009
          4766.95      5.4838402E-009
          4778.24      5.7965371E-009
          4789.53      6.1250309E-009
          4800.82      6.4705452E-009
          4812.11      6.8343384E-009
          4823.40      7.2177067E-009
          4834.69      7.6186089E-009
          4845.98      8.0353229E-009
          4857.27      8.4696634E-009
          4868.55      8.9234614E-009
          4879.84      9.3985697E-009
          4891.13      9.8968721E-009
          4902.42      1.0420290E-008
          4913.71      1.0970785E-008
          4925.00      1.1550375E-008
          4936.29      1.2161129E-008
          4947.58      1.2800030E-008
          4958.87      1.3464573E-008
          4970.16      1.4157657E-008
          4981.45      1.4882210E-008
          4992.73      1.5641198E-008
          5004.02      1.6437634E-008
          5015.31      1.7274594E-008
          5026.60      1.8155223E-008
          5037.89      1.9082745E-008
          5049.18      2.0060482E-008
          5060.47      2.1091851E-008
          5071.76      2.2180388E-008
          5083.05      2.3311065E-008
          5094.34      2.4470539E-008
          5105.62      2.5664923E-008
          5116.91      2.6900289E-008
          5128.20      2.8182691E-008
          5139.49      2.9518195E-008
          5150.78      3.0912897E-008
          5162.07      3.2372953E-008
          5173.36      3.3904601E-008
          5184.65      3.5514178E-008
          5195.94      3.7208154E-008
          5207.23      3.8993142E-008
          5218.52      4.0821801E-008
          5229.80      4.2651769E-008
          5241.09      4.4496982E-008
          5252.38      4.6371078E-008
          5263.67      4.8287456E-008
          5274.96      5.0259331E-008
          5286.25      5.2299807E-008
          5297.54      5.4421927E-008
          5308.83      5.6638733E-008
          5320.12      5.8963318E-008
          5331.41      6.1408882E-008
          5342.70      6.3988785E-008
          5353.98      6.6531700E-008
          5365.27      6.8885122E-008
          5376.56      7.1089659E-008
          5387.85      7.3184548E-008
          5399.14      7.5207868E-008
          5410.43      7.7196733E-008
          5421.72      7.9187476E-008
          5433.01      8.1215842E-008
          5444.30      8.3317160E-008
          5455.59      8.5526513E-008
          5466.88      8.7878919E-008
          5478.16      9.0409484E-008
          5489.45      9.3153569E-008
          5500.74      9.6146953E-008
          5512.03      9.9425982E-008
          5523.32      1.0302775E-007
          5534.61      1.0699023E-007
          5545.90      1.1135247E-007
          5557.19      1.1557649E-007
          5568.48      1.1919922E-007
          5579.77      1.2237016E-007
          5591.05      1.2523568E-007
          5602.34      1.2793959E-007
          5613.63      1.3062383E-007
          5624.92      1.3342918E-007
          5636.21      1.3649588E-007
          5647.50      1.3996435E-007
          5658.79      1.4397579E-007
          5670.08      1.4867286E-007
          5681.37      1.5420089E-007
          5692.66      1.6070815E-007
          5703.95      1.5127683E-007
          5715.23      1.1283694E-007
          5726.52      5.1170368E-008
          5737.81     -2.8106192E-008
          5749.10     -1.1951489E-007
          5760.39     -2.1769149E-007
          5771.68     -3.1578547E-007
          5782.97     -4.1061512E-007
          5794.26     -5.0238067E-007
          5805.55     -5.9126823E-007
          5816.84     -6.7744646E-007
          5828.12     -7.6106755E-007
          5839.41     -8.4226725E-007
          5850.70     -9.2116538E-007
          5861.99     -9.9786610E-007
          5873.28     -1.0724579E-006
          5884.57     -1.1450144E-006
          5895.86     -1.2174622E-006
          5907.15     -1.2914620E-006
          5918.44     -1.3666762E-006
          5929.73     -1.4427664E-006
          5941.02     -1.5193932E-006
          5952.30     -1.5962153E-006
          5963.59     -1.6728869E-006
          5974.88     -1.7516006E-006
          5986.17     -1.8341955E-006
          5997.46     -1.9198032E-006
          6008.75     -2.0075673E-006
          6020.04     -2.0966396E-006
          6031.33     -2.1861790E-006
          6042.62     -2.2753457E-006
          6053.91     -2.3632934E-006
          6065.20     -2.4491651E-006
          6076.48     -2.5348159E-006
          6087.77     -2.6216152E-006
          6099.06     -2.7079674E-006
          6110.35     -2.7922691E-006
          6121.64     -2.8729016E-006
          6132.93     -2.9482221E-006
          6144.22     -3.0165606E-006
          6155.51     -3.0783096E-006
          6166.80     -3.1333016E-006
          6178.09     -3.1789932E-006
          6189.38     -3.2128083E-006
          6200.66     -3.2321174E-006
          6211.95     -3.2342234E-006
          6223.24     -3.2163516E-006
          6234.53     -3.1765274E-006
          6245.82     -3.1120629E-006
          6257.11     -3.0189680E-006
          6268.40     -2.8931343E-006
          6279.69     -2.7303197E-006
          6290.98     -2.5287712E-006
          6302.27     -2.2891876E-006
          6313.55     -2.0107789E-006
          6324.84     -1.6926008E-006
          6336.13     -1.3335513E-006
          6347.42     -9.3237011E-007
          6358.71     -4.8808151E-007
          6370.00     -1.6671662E-039
