          3480.00     -7.4754552E-026
          3491.29      2.0735625E-009
          3502.58      4.2880932E-009
          3513.87      6.6358909E-009
          3525.16      9.1112184E-009
          3536.45      1.1709990E-008
          3547.73      1.4429469E-008
          3559.02      1.7267982E-008
          3570.31      2.0224676E-008
          3581.60      2.3299266E-008
          3592.89      2.6499680E-008
          3604.18      2.9848694E-008
          3615.47      3.3368782E-008
          3626.76      3.7082837E-008
          3638.05      4.1014308E-008
          3649.34      4.5187318E-008
          3660.62      4.9626804E-008
          3671.91      5.4358630E-008
          3683.20      5.9409702E-008
          3694.49      6.4808092E-008
          3705.78      7.0583128E-008
          3717.07      7.6765533E-008
          3728.36      8.3377408E-008
          3739.65      9.0448521E-008
          3750.94      9.8023325E-008
          3762.23      1.0614794E-007
          3773.52      1.1487040E-007
          3784.80      1.2424091E-007
          3796.09      1.3431166E-007
          3807.38      1.4514165E-007
          3818.67      1.5679916E-007
          3829.96      1.6935580E-007
          3841.25      1.8288681E-007
          3852.54      1.9747145E-007
          3863.83      2.1319331E-007
          3875.12      2.3014081E-007
          3886.41      2.4840747E-007
          3897.70      2.6809243E-007
          3908.98      2.8930082E-007
          3920.27      3.1214412E-007
          3931.56      3.3674071E-007
          3942.85      3.6321622E-007
          3954.14      3.9170405E-007
          3965.43      4.2234581E-007
          3976.72      4.5529173E-007
          3988.01      4.9070131E-007
          3999.30      5.2874376E-007
          4010.59      5.6999590E-007
          4021.88      6.1503424E-007
          4033.16      6.6405163E-007
          4044.45      7.1726340E-007
          4055.74      7.7490781E-007
          4067.03      8.3724635E-007
          4078.32      9.0456468E-007
          4089.61      9.7717323E-007
          4100.90      1.0554078E-006
          4112.19      1.1396312E-006
          4123.48      1.2302334E-006
          4134.77      1.3276337E-006
          4146.05      1.4337830E-006
          4157.34      1.5505965E-006
          4168.63      1.6785161E-006
          4179.92      1.8180547E-006
          4191.21      1.9697966E-006
          4202.50      2.1343989E-006
          4213.79      2.3125930E-006
          4225.08      2.5051859E-006
          4236.37      2.7130629E-006
          4247.66      2.9371895E-006
          4258.95      3.1786156E-006
          4270.23      3.4384786E-006
          4281.52      3.7232380E-006
          4292.81      4.0391964E-006
          4304.10      4.3874905E-006
          4315.39      4.7694815E-006
          4326.68      5.1867562E-006
          4337.97      5.6411288E-006
          4349.26      6.1346471E-006
          4360.55      6.6695972E-006
          4371.84      7.2485092E-006
          4383.12      7.8741681E-006
          4394.41      8.5496226E-006
          4405.70      9.2781967E-006
          4416.99      1.0063503E-005
          4428.28      1.0918184E-005
          4439.57      1.1854804E-005
          4450.86      1.2877479E-005
          4462.15      1.3990862E-005
          4473.44      1.5200166E-005
          4484.73      1.6511173E-005
          4496.02      1.7930258E-005
          4507.30      1.9464415E-005
          4518.59      2.1121276E-005
          4529.88      2.2909155E-005
          4541.17      2.4837073E-005
          4552.46      2.6914792E-005
          4563.75      2.9152275E-005
          4575.04      3.1560342E-005
          4586.33      3.4151299E-005
          4597.62      3.6938376E-005
          4608.91      3.9935777E-005
          4620.20      4.3158756E-005
          4631.48      4.6623676E-005
          4642.77      5.0348076E-005
          4654.06      5.4350757E-005
          4665.35      5.8651859E-005
          4676.64      6.3272950E-005
          4687.93      6.8237121E-005
          4699.22      7.3434054E-005
          4710.51      7.8764536E-005
          4721.80      8.4268942E-005
          4733.09      8.9987111E-005
          4744.38      9.5958644E-005
          4755.66      1.0222314E-004
          4766.95      1.0882045E-004
          4778.24      1.1579092E-004
          4789.53      1.2317559E-004
          4800.82      1.3101647E-004
          4812.11      1.3935673E-004
          4823.40      1.4824092E-004
          4834.69      1.5756838E-004
          4845.98      1.6725508E-004
          4857.27      1.7737136E-004
          4868.55      1.8798740E-004
          4879.84      1.9917366E-004
          4891.13      2.1100133E-004
          4902.42      2.2354270E-004
          4913.71      2.3687157E-004
          4925.00      2.5106371E-004
          4936.29      2.6619717E-004
          4947.58      2.8210158E-004
          4958.87      2.9863561E-004
          4970.16      3.1592235E-004
          4981.45      3.3408484E-004
          4992.73      3.5324683E-004
          5004.02      3.7353344E-004
          5015.31      3.9507200E-004
          5026.60      4.1799268E-004
          5037.89      4.4242922E-004
          5049.18      4.6851962E-004
          5060.47      4.9640678E-004
          5071.76      5.2623931E-004
          5083.05      5.5713690E-004
          5094.34      5.8832764E-004
          5105.62      6.2012093E-004
          5116.91      6.5281911E-004
          5128.20      6.8671953E-004
          5139.49      7.2211656E-004
          5150.78      7.5930339E-004
          5162.07      7.9857403E-004
          5173.36      8.4022507E-004
          5184.65      8.8455727E-004
          5195.94      9.3187756E-004
          5207.23      9.8250055E-004
          5218.52      1.0334009E-003
          5229.80      1.0819113E-003
          5241.09      1.1288615E-003
          5252.38      1.1750487E-003
          5263.67      1.2212430E-003
          5274.96      1.2681931E-003
          5286.25      1.3166321E-003
          5297.54      1.3672826E-003
          5308.83      1.4208613E-003
          5320.12      1.4780847E-003
          5331.41      1.5396732E-003
          5342.70      1.6063564E-003
          5353.98      1.6661639E-003
          5365.27      1.7086232E-003
          5376.56      1.7366006E-003
          5387.85      1.7528213E-003
          5399.14      1.7598913E-003
          5410.43      1.7603181E-003
          5421.72      1.7565303E-003
          5433.01      1.7508968E-003
          5444.30      1.7457453E-003
          5455.59      1.7433803E-003
          5466.88      1.7461003E-003
          5478.16      1.7562153E-003
          5489.45      1.7760632E-003
          5500.74      1.8080274E-003
          5512.03      1.8545525E-003
          5523.32      1.9181625E-003
          5534.61      2.0014769E-003
          5545.90      2.1072286E-003
          5557.19      2.1918611E-003
          5568.48      2.2185693E-003
          5579.77      2.1999825E-003
          5591.05      2.1483648E-003
          5602.34      2.0756958E-003
          5613.63      1.9937560E-003
          5624.92      1.9142118E-003
          5636.21      1.8486995E-003
          5647.50      1.8089067E-003
          5658.79      1.8066540E-003
          5670.08      1.8539762E-003
          5681.37      1.9632442E-003
          5692.66      2.1472075E-003
          5703.95      9.6916979E-004
          5715.23     -2.6373254E-003
          5726.52     -8.1197342E-003
          5737.81     -1.4943613E-002
          5749.10     -2.2588937E-002
          5760.39     -3.0546569E-002
          5771.68     -3.8317032E-002
          5782.97     -4.5757057E-002
          5794.26     -5.2896123E-002
          5805.55     -5.9761255E-002
          5816.84     -6.6376883E-002
          5828.12     -7.2764989E-002
          5839.41     -7.8945181E-002
          5850.70     -8.4934782E-002
          5861.99     -9.0748908E-002
          5873.28     -9.6400502E-002
          5884.57     -1.0190041E-001
          5895.86     -1.0745960E-001
          5907.15     -1.1326108E-001
          5918.44     -1.1927249E-001
          5929.73     -1.2546169E-001
          5941.02     -1.3179663E-001
          5952.30     -1.3824515E-001
          5963.59     -1.4477468E-001
          5974.88     -1.5163620E-001
          5986.17     -1.5904150E-001
          5997.46     -1.6690072E-001
          6008.75     -1.7512610E-001
          6020.04     -1.8363131E-001
          6031.33     -1.9233114E-001
          6042.62     -2.0114070E-001
          6053.91     -2.0997440E-001
          6065.20     -2.1874542E-001
          6076.48     -2.2769488E-001
          6087.77     -2.3700552E-001
          6099.06     -2.4650216E-001
          6110.35     -2.5600917E-001
          6121.64     -2.6534925E-001
          6132.93     -2.7434216E-001
          6144.22     -2.8280402E-001
          6155.51     -2.9082770E-001
          6166.80     -2.9843486E-001
          6178.09     -3.0532995E-001
          6189.38     -3.1121268E-001
          6200.66     -3.1577505E-001
          6211.95     -3.1869916E-001
          6223.24     -3.1965541E-001
          6234.53     -3.1846486E-001
          6245.82     -3.1485312E-001
          6257.11     -3.0832530E-001
          6268.40     -2.9836811E-001
          6279.69     -2.8444710E-001
          6290.98     -2.6606104E-001
          6302.27     -2.4302902E-001
          6313.55     -2.1525858E-001
          6324.84     -1.8262937E-001
          6336.13     -1.4499279E-001
          6347.42     -1.0217163E-001
          6358.71     -5.3913997E-002
          6370.00     -2.4392104E-051
