          3480.00      2.6364900E-031
          3491.29      1.1544304E-012
          3502.58      2.3868268E-012
          3513.87      3.6914253E-012
          3525.16      5.0632503E-012
          3536.45      6.4979961E-012
          3547.73      7.9919070E-012
          3559.02      9.5416629E-012
          3570.31      1.1144284E-011
          3581.60      1.2797027E-011
          3592.89      1.4507849E-011
          3604.18      1.6290772E-011
          3615.47      1.8152445E-011
          3626.76      2.0099771E-011
          3638.05      2.2139919E-011
          3649.34      2.4280339E-011
          3660.62      2.6528780E-011
          3671.91      2.8893305E-011
          3683.20      3.1382306E-011
          3694.49      3.4004521E-011
          3705.78      3.6769042E-011
          3717.07      3.9685346E-011
          3728.36      4.2765971E-011
          3739.65      4.6025822E-011
          3750.94      4.9478602E-011
          3762.23      5.3138551E-011
          3773.52      5.7020491E-011
          3784.80      6.1139880E-011
          3796.09      6.5514569E-011
          3807.38      7.0169923E-011
          3818.67      7.5131982E-011
          3829.96      8.0422116E-011
          3841.25      8.6062793E-011
          3852.54      9.2077634E-011
          3863.83      9.8491503E-011
          3875.12      1.0533059E-010
          3886.41      1.1262249E-010
          3897.70      1.2039630E-010
          3908.98      1.2868270E-010
          3920.27      1.3751405E-010
          3931.56      1.4692450E-010
          3942.85      1.5695007E-010
          3954.14      1.6762876E-010
          3965.43      1.7900069E-010
          3976.72      1.9110815E-010
          3988.01      2.0399575E-010
          3999.30      2.1771060E-010
          4010.59      2.3238871E-010
          4021.88      2.4816698E-010
          4033.16      2.6509902E-010
          4044.45      2.8324300E-010
          4055.74      3.0266181E-010
          4067.03      3.2342311E-010
          4078.32      3.4559963E-010
          4089.61      3.6926923E-010
          4100.90      3.9451506E-010
          4112.19      4.2142588E-010
          4123.48      4.5009618E-010
          4134.77      4.8062647E-010
          4146.05      5.1338222E-010
          4157.34      5.4872654E-010
          4168.63      5.8676975E-010
          4179.92      6.2763372E-010
          4191.21      6.7145196E-010
          4202.50      7.1837008E-010
          4213.79      7.6854594E-010
          4225.08      8.2215005E-010
          4236.37      8.7936596E-010
          4247.66      9.4039056E-010
          4258.95      1.0054348E-009
          4270.23      1.0747242E-009
          4281.52      1.1492505E-009
          4292.81      1.2299938E-009
          4304.10      1.3171946E-009
          4315.39      1.4111229E-009
          4326.68      1.5120778E-009
          4337.97      1.6203884E-009
          4349.26      1.7364147E-009
          4360.55      1.8605483E-009
          4371.84      1.9932127E-009
          4383.12      2.1348651E-009
          4394.41      2.2859973E-009
          4405.70      2.4471370E-009
          4416.99      2.6188494E-009
          4428.28      2.8027894E-009
          4439.57      3.0006182E-009
          4450.86      3.2129825E-009
          4462.15      3.4405882E-009
          4473.44      3.6842033E-009
          4484.73      3.9446593E-009
          4496.02      4.2228531E-009
          4507.30      4.5197499E-009
          4518.59      4.8363846E-009
          4529.88      5.1738660E-009
          4541.17      5.5333797E-009
          4552.46      5.9161898E-009
          4563.75      6.3235830E-009
          4575.04      6.7569350E-009
          4586.33      7.2177753E-009
          4597.62      7.7077284E-009
          4608.91      8.2285174E-009
          4620.20      8.7819710E-009
          4631.48      9.3700281E-009
          4642.77      9.9947415E-009
          4654.06      1.0658287E-008
          4665.35      1.1362968E-008
          4676.64      1.2111223E-008
          4687.93      1.2905631E-008
          4699.22      1.3736611E-008
          4710.51      1.4595398E-008
          4721.80      1.5485897E-008
          4733.09      1.6412029E-008
          4744.38      1.7377746E-008
          4755.66      1.8387046E-008
          4766.95      1.9443990E-008
          4778.24      2.0552715E-008
          4789.53      2.1717452E-008
          4800.82      2.2942538E-008
          4812.11      2.4232436E-008
          4823.40      2.5591740E-008
          4834.69      2.7013214E-008
          4845.98      2.8490752E-008
          4857.27      3.0030789E-008
          4868.55      3.1639815E-008
          4879.84      3.3324401E-008
          4891.13      3.5091226E-008
          4902.42      3.6947102E-008
          4913.71      3.8898988E-008
          4925.00      4.0954031E-008
          4936.29      4.3119577E-008
          4947.58      4.5384922E-008
          4958.87      4.7741183E-008
          4970.16      5.0198642E-008
          4981.45      5.2767681E-008
          4992.73      5.5458816E-008
          5004.02      5.8282732E-008
          5015.31      6.1250332E-008
          5026.60      6.4372765E-008
          5037.89      6.7661472E-008
          5049.18      7.1128221E-008
          5060.47      7.4785136E-008
          5071.76      7.8644750E-008
          5083.05      8.2653777E-008
          5094.34      8.6764910E-008
          5105.62      9.0999825E-008
          5116.91      9.5380047E-008
          5128.20      9.9927045E-008
          5139.49      1.0466233E-007
          5150.78      1.0960750E-007
          5162.07      1.1478441E-007
          5173.36      1.2021516E-007
          5184.65      1.2592222E-007
          5195.94      1.3192853E-007
          5207.23      1.3825754E-007
          5218.52      1.4474139E-007
          5229.80      1.5122989E-007
          5241.09      1.5777244E-007
          5252.38      1.6441740E-007
          5263.67      1.7121228E-007
          5274.96      1.7820394E-007
          5286.25      1.8543883E-007
          5297.54      1.9296321E-007
          5308.83      2.0082331E-007
          5320.12      2.0906556E-007
          5331.41      2.1773677E-007
          5342.70      2.2688430E-007
          5353.98      2.3590069E-007
          5365.27      2.4424519E-007
          5376.56      2.5206179E-007
          5387.85      2.5948961E-007
          5399.14      2.6666368E-007
          5410.43      2.7371557E-007
          5421.72      2.8077413E-007
          5433.01      2.8796608E-007
          5444.30      2.9541670E-007
          5455.59      3.0325038E-007
          5466.88      3.1159128E-007
          5478.16      3.2056387E-007
          5489.45      3.3029354E-007
          5500.74      3.4090715E-007
          5512.03      3.5253357E-007
          5523.32      3.6530431E-007
          5534.61      3.7935405E-007
          5545.90      3.9482117E-007
          5557.19      4.0979823E-007
          5568.48      4.2264330E-007
          5579.77      4.3388649E-007
          5591.05      4.4404673E-007
          5602.34      4.5363394E-007
          5613.63      4.6315143E-007
          5624.92      4.7309832E-007
          5636.21      4.8397190E-007
          5647.50      4.9627001E-007
          5658.79      5.1049333E-007
          5670.08      5.2714764E-007
          5681.37      5.4674833E-007
          5692.66      5.6982106E-007
          5703.95      5.3638053E-007
          5715.23      4.0008466E-007
          5726.52      1.8143419E-007
          5737.81     -9.9655803E-008
          5749.10     -4.2376258E-007
          5760.39     -7.7186623E-007
          5771.68     -1.1196769E-006
          5782.97     -1.4559133E-006
          5794.26     -1.7812854E-006
          5805.55     -2.0964530E-006
          5816.84     -2.4020142E-006
          5828.12     -2.6985085E-006
          5839.41     -2.9864174E-006
          5850.70     -3.2661656E-006
          5861.99     -3.5381224E-006
          5873.28     -3.8026019E-006
          5884.57     -4.0598643E-006
          5895.86     -4.3167418E-006
          5907.15     -4.5791220E-006
          5918.44     -4.8458083E-006
          5929.73     -5.1156002E-006
          5941.02     -5.3872951E-006
          5952.30     -5.6596822E-006
          5963.59     -5.9315360E-006
          5974.88     -6.2106302E-006
          5986.17     -6.5034862E-006
          5997.46     -6.8070242E-006
          6008.75     -7.1182083E-006
          6020.04     -7.4340310E-006
          6031.33     -7.7515098E-006
          6042.62     -8.0676674E-006
          6053.91     -8.3795024E-006
          6065.20     -8.6839767E-006
          6076.48     -8.9876678E-006
          6087.77     -9.2954311E-006
          6099.06     -9.6016091E-006
          6110.35     -9.9005165E-006
          6121.64     -1.0186415E-005
          6132.93     -1.0453477E-005
          6144.22     -1.0695784E-005
          6155.51     -1.0914727E-005
          6166.80     -1.1109712E-005
          6178.09     -1.1271720E-005
          6189.38     -1.1391618E-005
          6200.66     -1.1460082E-005
          6211.95     -1.1467549E-005
          6223.24     -1.1404181E-005
          6234.53     -1.1262977E-005
          6245.82     -1.1034406E-005
          6257.11     -1.0704320E-005
          6268.40     -1.0258153E-005
          6279.69     -9.6808635E-006
          6290.98     -8.9662353E-006
          6302.27     -8.1167463E-006
          6313.55     -7.1295958E-006
          6324.84     -6.0014352E-006
          6336.13     -4.7283577E-006
          6347.42     -3.3058940E-006
          6358.71     -1.7305850E-006
          6370.00     -5.9112521E-039
