          3480.00     -3.0647200E-031
          3491.29     -2.1712703E-005
          3502.58     -4.3287467E-005
          3513.87     -6.4777223E-005
          3525.16     -8.6234184E-005
          3536.45     -1.0771005E-004
          3547.73     -1.2925606E-004
          3559.02     -1.5092301E-004
          3570.31     -1.7276145E-004
          3581.60     -1.9482173E-004
          3592.89     -2.1700200E-004
          3604.18     -2.3920526E-004
          3615.47     -2.6148844E-004
          3626.76     -2.8390787E-004
          3638.05     -3.0651948E-004
          3649.34     -3.2937880E-004
          3660.62     -3.5254116E-004
          3671.91     -3.7606172E-004
          3683.20     -3.9999559E-004
          3694.49     -4.2439787E-004
          3705.78     -4.4932374E-004
          3717.07     -4.7482858E-004
          3728.36     -5.0075933E-004
          3739.65     -5.2696629E-004
          3750.94     -5.5350994E-004
          3762.23     -5.8045049E-004
          3773.52     -6.0784797E-004
          3784.80     -6.3576239E-004
          3796.09     -6.6416874E-004
          3807.38     -6.9277089E-004
          3818.67     -7.2136176E-004
          3829.96     -7.5000774E-004
          3841.25     -7.7877446E-004
          3852.54     -8.0772681E-004
          3863.83     -8.3692903E-004
          3875.12     -8.6644486E-004
          3886.41     -8.9633753E-004
          3897.70     -9.2666999E-004
          3908.98     -9.5750494E-004
          3920.27     -9.8890484E-004
          3931.56     -1.0209321E-003
          3942.85     -1.0536493E-003
          3954.14     -1.0871188E-003
          3965.43     -1.1214034E-003
          3976.72     -1.1565662E-003
          3988.01     -1.1926704E-003
          3999.30     -1.2297799E-003
          4010.59     -1.2673158E-003
          4021.88     -1.3047080E-003
          4033.16     -1.3420327E-003
          4044.45     -1.3793648E-003
          4055.74     -1.4167781E-003
          4067.03     -1.4543453E-003
          4078.32     -1.4921382E-003
          4089.61     -1.5302281E-003
          4100.90     -1.5686851E-003
          4112.19     -1.6075790E-003
          4123.48     -1.6469792E-003
          4134.77     -1.6869543E-003
          4146.05     -1.7268144E-003
          4157.34     -1.7658777E-003
          4168.63     -1.8042241E-003
          4179.92     -1.8419307E-003
          4191.21     -1.8790730E-003
          4202.50     -1.9157242E-003
          4213.79     -1.9519558E-003
          4225.08     -1.9878375E-003
          4236.37     -2.0234374E-003
          4247.66     -2.0588220E-003
          4258.95     -2.0940564E-003
          4270.23     -2.1292042E-003
          4281.52     -2.1633053E-003
          4292.81     -2.1954083E-003
          4304.10     -2.2255864E-003
          4315.39     -2.2539090E-003
          4326.68     -2.2804419E-003
          4337.97     -2.3052477E-003
          4349.26     -2.3283855E-003
          4360.55     -2.3499112E-003
          4371.84     -2.3698777E-003
          4383.12     -2.3883349E-003
          4394.41     -2.4053296E-003
          4405.70     -2.4209060E-003
          4416.99     -2.4351054E-003
          4428.28     -2.4473017E-003
          4439.57     -2.4568704E-003
          4450.86     -2.4638502E-003
          4462.15     -2.4682756E-003
          4473.44     -2.4701771E-003
          4484.73     -2.4695815E-003
          4496.02     -2.4665115E-003
          4507.30     -2.4609863E-003
          4518.59     -2.4530215E-003
          4529.88     -2.4426288E-003
          4541.17     -2.4298166E-003
          4552.46     -2.4145898E-003
          4563.75     -2.3969720E-003
          4575.04     -2.3769831E-003
          4586.33     -2.3546176E-003
          4597.62     -2.3298668E-003
          4608.91     -2.3027188E-003
          4620.20     -2.2731585E-003
          4631.48     -2.2411674E-003
          4642.77     -2.2067242E-003
          4654.06     -2.1698044E-003
          4665.35     -2.1303803E-003
          4676.64     -2.0884211E-003
          4687.93     -2.0438931E-003
          4699.22     -1.9995265E-003
          4710.51     -1.9580162E-003
          4721.80     -1.9192756E-003
          4733.09     -1.8832208E-003
          4744.38     -1.8497709E-003
          4755.66     -1.8188473E-003
          4766.95     -1.7903743E-003
          4778.24     -1.7642784E-003
          4789.53     -1.7404885E-003
          4800.82     -1.7189359E-003
          4812.11     -1.6995537E-003
          4823.40     -1.6822775E-003
          4834.69     -1.6690450E-003
          4845.98     -1.6617569E-003
          4857.27     -1.6602995E-003
          4868.55     -1.6645648E-003
          4879.84     -1.6744503E-003
          4891.13     -1.6898592E-003
          4902.42     -1.7106996E-003
          4913.71     -1.7368850E-003
          4925.00     -1.7683339E-003
          4936.29     -1.8049697E-003
          4947.58     -1.8488178E-003
          4958.87     -1.9018561E-003
          4970.16     -1.9639460E-003
          4981.45     -2.0349572E-003
          4992.73     -2.1147679E-003
          5004.02     -2.2032637E-003
          5015.31     -2.3003382E-003
          5026.60     -2.4058925E-003
          5037.89     -2.5198349E-003
          5049.18     -2.6420812E-003
          5060.47     -2.7725535E-003
          5071.76     -2.9111813E-003
          5083.05     -3.0625919E-003
          5094.34     -3.2312763E-003
          5105.62     -3.4169762E-003
          5116.91     -3.6194481E-003
          5128.20     -3.8384626E-003
          5139.49     -4.0738043E-003
          5150.78     -4.3252706E-003
          5162.07     -4.5926725E-003
          5173.36     -4.8758337E-003
          5184.65     -5.1745899E-003
          5195.94     -5.4887894E-003
          5207.23     -5.8182920E-003
          5218.52     -6.1721603E-003
          5229.80     -6.5591381E-003
          5241.09     -6.9786341E-003
          5252.38     -7.4300844E-003
          5263.67     -7.9129506E-003
          5274.96     -8.4267176E-003
          5286.25     -8.9708954E-003
          5297.54     -9.5450166E-003
          5308.83     -1.0148636E-002
          5320.12     -1.0781331E-002
          5331.41     -1.1442698E-002
          5342.70     -1.2132356E-002
          5353.98     -1.2872611E-002
          5365.27     -1.3684797E-002
          5376.56     -1.4567135E-002
          5387.85     -1.5517899E-002
          5399.14     -1.6535416E-002
          5410.43     -1.7618063E-002
          5421.72     -1.8764263E-002
          5433.01     -1.9972488E-002
          5444.30     -2.1241254E-002
          5455.59     -2.2569116E-002
          5466.88     -2.3954674E-002
          5478.16     -2.5396566E-002
          5489.45     -2.6893467E-002
          5500.74     -2.8444091E-002
          5512.03     -3.0047181E-002
          5523.32     -3.1701518E-002
          5534.61     -3.3405915E-002
          5545.90     -3.5159211E-002
          5557.19     -3.7006005E-002
          5568.48     -3.8988038E-002
          5579.77     -4.1099950E-002
          5591.05     -4.3336465E-002
          5602.34     -4.5692389E-002
          5613.63     -4.8162621E-002
          5624.92     -5.0742144E-002
          5636.21     -5.3426007E-002
          5647.50     -5.6209342E-002
          5658.79     -5.9087347E-002
          5670.08     -6.2055283E-002
          5681.37     -6.5108382E-002
          5692.66     -6.8241843E-002
          5703.95     -7.2722403E-002
          5715.23     -7.9689032E-002
          5726.52     -8.8947818E-002
          5737.81     -1.0030812E-001
          5749.10     -1.1358243E-001
          5760.39     -1.2858631E-001
          5771.68     -1.4447037E-001
          5782.97     -1.6050348E-001
          5794.26     -1.7668144E-001
          5805.55     -1.9300057E-001
          5816.84     -2.0945721E-001
          5828.12     -2.2604782E-001
          5839.41     -2.4276890E-001
          5850.70     -2.5961699E-001
          5861.99     -2.7658871E-001
          5873.28     -2.9368068E-001
          5884.57     -3.1088961E-001
          5895.86     -3.2826154E-001
          5907.15     -3.4583514E-001
          5918.44     -3.6359603E-001
          5929.73     -3.8152976E-001
          5941.02     -3.9962207E-001
          5952.30     -4.1785886E-001
          5963.59     -4.3622614E-001
          5974.88     -4.5475748E-001
          5986.17     -4.7347765E-001
          5997.46     -4.9235966E-001
          6008.75     -5.1137691E-001
          6020.04     -5.3050305E-001
          6031.33     -5.4971222E-001
          6042.62     -5.6897904E-001
          6053.91     -5.8827819E-001
          6065.20     -6.0758449E-001
          6076.48     -6.2689665E-001
          6087.77     -6.4620322E-001
          6099.06     -6.6546410E-001
          6110.35     -6.8463918E-001
          6121.64     -7.0368833E-001
          6132.93     -7.2257116E-001
          6144.22     -7.4124708E-001
          6155.51     -7.5966665E-001
          6166.80     -7.7777016E-001
          6178.09     -7.9550213E-001
          6189.38     -8.1280739E-001
          6200.66     -8.2963058E-001
          6211.95     -8.4591601E-001
          6223.24     -8.6160760E-001
          6234.53     -8.7659551E-001
          6245.82     -8.9075806E-001
          6257.11     -9.0402072E-001
          6268.40     -9.1630831E-001
          6279.69     -9.2754511E-001
          6290.98     -9.3802533E-001
          6302.27     -9.4808990E-001
          6313.55     -9.5773238E-001
          6324.84     -9.6694596E-001
          6336.13     -9.7572348E-001
          6347.42     -9.8405744E-001
          6358.71     -9.9201532E-001
          6370.00     -9.9967245E-001
