          3480.00      9.1859016E-033
          3491.29     -2.0947010E-003
          3502.58     -4.1889820E-003
          3513.87     -6.2789431E-003
          3525.16     -8.3606965E-003
          3536.45     -1.0430375E-002
          3547.73     -1.2484122E-002
          3559.02     -1.4518087E-002
          3570.31     -1.6528430E-002
          3581.60     -1.8511313E-002
          3592.89     -2.0470310E-002
          3604.18     -2.2410509E-002
          3615.47     -2.4330319E-002
          3626.76     -2.6228144E-002
          3638.05     -2.8102383E-002
          3649.34     -2.9951424E-002
          3660.62     -3.1773656E-002
          3671.91     -3.3567457E-002
          3683.20     -3.5331200E-002
          3694.49     -3.7063250E-002
          3705.78     -3.8761959E-002
          3717.07     -4.0425675E-002
          3728.36     -4.2057864E-002
          3739.65     -4.3662514E-002
          3750.94     -4.5238737E-002
          3762.23     -4.6785633E-002
          3773.52     -4.8302288E-002
          3784.80     -4.9787779E-002
          3796.09     -5.1242698E-002
          3807.38     -5.2672433E-002
          3818.67     -5.4081292E-002
          3829.96     -5.5469086E-002
          3841.25     -5.6835619E-002
          3852.54     -5.8180683E-002
          3863.83     -5.9504057E-002
          3875.12     -6.0805506E-002
          3886.41     -6.2084786E-002
          3897.70     -6.3341638E-002
          3908.98     -6.4575795E-002
          3920.27     -6.5786973E-002
          3931.56     -6.6974882E-002
          3942.85     -6.8139215E-002
          3954.14     -6.9279656E-002
          3965.43     -7.0395880E-002
          3976.72     -7.1487545E-002
          3988.01     -7.2554301E-002
          3999.30     -7.3595785E-002
          4010.59     -7.4615351E-002
          4021.88     -7.5616609E-002
          4033.16     -7.6599560E-002
          4044.45     -7.7564199E-002
          4055.74     -7.8510506E-002
          4067.03     -7.9438451E-002
          4078.32     -8.0347996E-002
          4089.61     -8.1239093E-002
          4100.90     -8.2111681E-002
          4112.19     -8.2965692E-002
          4123.48     -8.3801047E-002
          4134.77     -8.4617657E-002
          4146.05     -8.5417096E-002
          4157.34     -8.6201067E-002
          4168.63     -8.6969667E-002
          4179.92     -8.7722984E-002
          4191.21     -8.8461095E-002
          4202.50     -8.9184071E-002
          4213.79     -8.9891972E-002
          4225.08     -9.0584853E-002
          4236.37     -9.1262759E-002
          4247.66     -9.1925725E-002
          4258.95     -9.2573782E-002
          4270.23     -9.3206950E-002
          4281.52     -9.3825282E-002
          4292.81     -9.4428902E-002
          4304.10     -9.5017926E-002
          4315.39     -9.5592463E-002
          4326.68     -9.6152614E-002
          4337.97     -9.6698472E-002
          4349.26     -9.7230122E-002
          4360.55     -9.7747644E-002
          4371.84     -9.8251109E-002
          4383.12     -9.8740582E-002
          4394.41     -9.9216122E-002
          4405.70     -9.9677779E-002
          4416.99     -1.0012560E-001
          4428.28     -1.0055873E-001
          4439.57     -1.0097634E-001
          4450.86     -1.0137846E-001
          4462.15     -1.0176514E-001
          4473.44     -1.0213641E-001
          4484.73     -1.0249228E-001
          4496.02     -1.0283277E-001
          4507.30     -1.0315790E-001
          4518.59     -1.0346767E-001
          4529.88     -1.0376206E-001
          4541.17     -1.0404108E-001
          4552.46     -1.0430471E-001
          4563.75     -1.0455296E-001
          4575.04     -1.0478583E-001
          4586.33     -1.0500329E-001
          4597.62     -1.0520530E-001
          4608.91     -1.0539182E-001
          4620.20     -1.0556279E-001
          4631.48     -1.0571815E-001
          4642.77     -1.0585784E-001
          4654.06     -1.0598179E-001
          4665.35     -1.0608993E-001
          4676.64     -1.0618217E-001
          4687.93     -1.0625842E-001
          4699.22     -1.0632278E-001
          4710.51     -1.0637930E-001
          4721.80     -1.0642784E-001
          4733.09     -1.0646827E-001
          4744.38     -1.0650043E-001
          4755.66     -1.0652418E-001
          4766.95     -1.0653936E-001
          4778.24     -1.0654583E-001
          4789.53     -1.0654342E-001
          4800.82     -1.0653198E-001
          4812.11     -1.0651135E-001
          4823.40     -1.0648134E-001
          4834.69     -1.0644467E-001
          4845.98     -1.0640400E-001
          4857.27     -1.0635912E-001
          4868.55     -1.0630982E-001
          4879.84     -1.0625588E-001
          4891.13     -1.0619710E-001
          4902.42     -1.0613324E-001
          4913.71     -1.0606410E-001
          4925.00     -1.0598945E-001
          4936.29     -1.0590907E-001
          4947.58     -1.0582547E-001
          4958.87     -1.0574116E-001
          4970.16     -1.0565585E-001
          4981.45     -1.0556928E-001
          4992.73     -1.0548117E-001
          5004.02     -1.0539125E-001
          5015.31     -1.0529924E-001
          5026.60     -1.0520488E-001
          5037.89     -1.0510787E-001
          5049.18     -1.0500795E-001
          5060.47     -1.0490484E-001
          5071.76     -1.0479825E-001
          5083.05     -1.0469314E-001
          5094.34     -1.0459438E-001
          5105.62     -1.0450158E-001
          5116.91     -1.0441436E-001
          5128.20     -1.0433232E-001
          5139.49     -1.0425508E-001
          5150.78     -1.0418225E-001
          5162.07     -1.0411344E-001
          5173.36     -1.0404828E-001
          5184.65     -1.0398637E-001
          5195.94     -1.0392734E-001
          5207.23     -1.0387080E-001
          5218.52     -1.0382512E-001
          5229.80     -1.0379851E-001
          5241.09     -1.0379037E-001
          5252.38     -1.0380008E-001
          5263.67     -1.0382703E-001
          5274.96     -1.0387062E-001
          5286.25     -1.0393025E-001
          5297.54     -1.0400533E-001
          5308.83     -1.0409526E-001
          5320.12     -1.0419944E-001
          5331.41     -1.0431730E-001
          5342.70     -1.0444825E-001
          5353.98     -1.0461071E-001
          5365.27     -1.0482269E-001
          5376.56     -1.0508296E-001
          5387.85     -1.0539030E-001
          5399.14     -1.0574350E-001
          5410.43     -1.0614136E-001
          5421.72     -1.0658269E-001
          5433.01     -1.0706630E-001
          5444.30     -1.0759104E-001
          5455.59     -1.0815572E-001
          5466.88     -1.0875918E-001
          5478.16     -1.0940029E-001
          5489.45     -1.1007788E-001
          5500.74     -1.1079082E-001
          5512.03     -1.1153799E-001
          5523.32     -1.1231825E-001
          5534.61     -1.1313049E-001
          5545.90     -1.1397358E-001
          5557.19     -1.1488021E-001
          5568.48     -1.1588186E-001
          5579.77     -1.1697567E-001
          5591.05     -1.1815880E-001
          5602.34     -1.1942839E-001
          5613.63     -1.2078163E-001
          5624.92     -1.2221573E-001
          5636.21     -1.2372789E-001
          5647.50     -1.2531534E-001
          5658.79     -1.2697534E-001
          5670.08     -1.2870514E-001
          5681.37     -1.3050196E-001
          5692.66     -1.3236298E-001
          5703.95     -1.3526140E-001
          5715.23     -1.4012003E-001
          5726.52     -1.4686103E-001
          5737.81     -1.5540739E-001
          5749.10     -1.6568290E-001
          5760.39     -1.7761217E-001
          5771.68     -1.9043150E-001
          5782.97     -2.0342324E-001
          5794.26     -2.1658213E-001
          5805.55     -2.2990334E-001
          5816.84     -2.4338203E-001
          5828.12     -2.5701343E-001
          5839.41     -2.7079278E-001
          5850.70     -2.8471539E-001
          5861.99     -2.9877659E-001
          5873.28     -3.1297170E-001
          5884.57     -3.2729613E-001
          5895.86     -3.4177755E-001
          5907.15     -3.5644079E-001
          5918.44     -3.7127693E-001
          5929.73     -3.8627693E-001
          5941.02     -4.0143185E-001
          5952.30     -4.1673282E-001
          5963.59     -4.3217102E-001
          5974.88     -4.4776503E-001
          5986.17     -4.6353005E-001
          5997.46     -4.7945230E-001
          6008.75     -4.9551817E-001
          6020.04     -5.1171418E-001
          6031.33     -5.2802717E-001
          6042.62     -5.4444433E-001
          6053.91     -5.6095286E-001
          6065.20     -5.7754010E-001
          6076.48     -5.9420630E-001
          6087.77     -6.1094795E-001
          6099.06     -6.2774707E-001
          6110.35     -6.4458573E-001
          6121.64     -6.6144600E-001
          6132.93     -6.7830981E-001
          6144.22     -6.9515893E-001
          6155.51     -7.1197198E-001
          6166.80     -7.2872391E-001
          6178.09     -7.4539142E-001
          6189.38     -7.6195165E-001
          6200.66     -7.7838179E-001
          6211.95     -7.9465905E-001
          6223.24     -8.1076064E-001
          6234.53     -8.2664104E-001
          6245.82     -8.4225048E-001
          6257.11     -8.5755967E-001
          6268.40     -8.7253927E-001
          6279.69     -8.8715996E-001
          6290.98     -9.0154640E-001
          6302.27     -9.1584114E-001
          6313.55     -9.3004170E-001
          6324.84     -9.4414552E-001
          6336.13     -9.5815005E-001
          6347.42     -9.7205271E-001
          6358.71     -9.8588272E-001
          6370.00     -9.9967245E-001
