          3480.00      6.8227129E-027
          3491.29      1.1756249E-008
          3502.58      2.3596633E-008
          3513.87      3.5480736E-008
          3525.16      4.7367477E-008
          3536.45      5.9214223E-008
          3547.73      7.0975790E-008
          3559.02      8.2603452E-008
          3570.31      9.4044018E-008
          3581.60      1.0523879E-007
          3592.89      1.1611755E-007
          3604.18      1.2667544E-007
          3615.47      1.3694067E-007
          3626.76      1.4693299E-007
          3638.05      1.5666374E-007
          3649.34      1.6613582E-007
          3660.62      1.7534355E-007
          3671.91      1.8427241E-007
          3683.20      1.9289876E-007
          3694.49      2.0118938E-007
          3705.78      2.0910105E-007
          3717.07      2.1657991E-007
          3728.36      2.2352874E-007
          3739.65      2.2986800E-007
          3750.94      2.3555187E-007
          3762.23      2.4052047E-007
          3773.52      2.4469931E-007
          3784.80      2.4799854E-007
          3796.09      2.5033178E-007
          3807.38      2.5169123E-007
          3818.67      2.5205841E-007
          3829.96      2.5132085E-007
          3841.25      2.4934805E-007
          3852.54      2.4599041E-007
          3863.83      2.4107798E-007
          3875.12      2.3441911E-007
          3886.41      2.2579896E-007
          3897.70      2.1497773E-007
          3908.98      2.0168886E-007
          3920.27      1.8563698E-007
          3931.56      1.6649566E-007
          3942.85      1.4390500E-007
          3954.14      1.1746893E-007
          3965.43      8.6752279E-008
          3976.72      5.1277763E-008
          3988.01      1.0522446E-008
          3999.30     -3.6085850E-008
          4010.59     -8.7013921E-008
          4021.88     -1.4083719E-007
          4033.16     -1.9834644E-007
          4044.45     -2.6035949E-007
          4055.74     -3.2772739E-007
          4067.03     -4.0134039E-007
          4078.32     -4.8213468E-007
          4089.61     -5.7109882E-007
          4100.90     -6.6928021E-007
          4112.19     -7.7779269E-007
          4123.48     -8.9782348E-007
          4134.77     -1.0306410E-006
          4146.05     -1.1710735E-006
          4157.34     -1.3142706E-006
          4168.63     -1.4620445E-006
          4179.92     -1.6162117E-006
          4191.21     -1.7786061E-006
          4202.50     -1.9510928E-006
          4213.79     -2.1355801E-006
          4225.08     -2.3340332E-006
          4236.37     -2.5484867E-006
          4247.66     -2.7810574E-006
          4258.95     -3.0339587E-006
          4270.23     -3.3095134E-006
          4281.52     -3.5911774E-006
          4292.81     -3.8632391E-006
          4304.10     -4.1292417E-006
          4315.39     -4.3925931E-006
          4326.68     -4.6565921E-006
          4337.97     -4.9244510E-006
          4349.26     -5.1993205E-006
          4360.55     -5.4843115E-006
          4371.84     -5.7825155E-006
          4383.12     -6.0970274E-006
          4394.41     -6.4309634E-006
          4405.70     -6.7874820E-006
          4416.99     -7.1698033E-006
          4428.28     -7.5546434E-006
          4439.57     -7.9197013E-006
          4450.86     -8.2695137E-006
          4462.15     -8.6083582E-006
          4473.44     -8.9402852E-006
          4484.73     -9.2691466E-006
          4496.02     -9.5986226E-006
          4507.30     -9.9322477E-006
          4518.59     -1.0273434E-005
          4529.88     -1.0625494E-005
          4541.17     -1.0991663E-005
          4552.46     -1.1375119E-005
          4563.75     -1.1780563E-005
          4575.04     -1.2212623E-005
          4586.33     -1.2674349E-005
          4597.62     -1.3168828E-005
          4608.91     -1.3699202E-005
          4620.20     -1.4268684E-005
          4631.48     -1.4880572E-005
          4642.77     -1.5538265E-005
          4654.06     -1.6245282E-005
          4665.35     -1.7005273E-005
          4676.64     -1.7822038E-005
          4687.93     -1.8699544E-005
          4699.22     -1.9953052E-005
          4710.51     -2.1881493E-005
          4721.80     -2.4467782E-005
          4733.09     -2.7699093E-005
          4744.38     -3.1566713E-005
          4755.66     -3.6065892E-005
          4766.95     -4.1195728E-005
          4778.24     -4.6959074E-005
          4789.53     -5.3362443E-005
          4800.82     -6.0415977E-005
          4812.11     -6.8133397E-005
          4823.40     -7.6531955E-005
          4834.69     -8.5935531E-005
          4845.98     -9.6647175E-005
          4857.27     -1.0866112E-004
          4868.55     -1.2197884E-004
          4879.84     -1.3660880E-004
          4891.13     -1.5256636E-004
          4902.42     -1.6987367E-004
          4913.71     -1.8855949E-004
          4925.00     -2.0865923E-004
          4936.29     -2.3021488E-004
          4947.58     -2.5373704E-004
          4958.87     -2.7970334E-004
          4970.16     -3.0812033E-004
          4981.45     -3.3900660E-004
          4992.73     -3.7239240E-004
          5004.02     -4.0831934E-004
          5015.31     -4.4684040E-004
          5026.60     -4.8801971E-004
          5037.89     -5.3193247E-004
          5049.18     -5.7866502E-004
          5060.47     -6.2831464E-004
          5071.76     -6.8098991E-004
          5083.05     -7.3848569E-004
          5094.34     -8.0246880E-004
          5105.62     -8.7288735E-004
          5116.91     -9.4971904E-004
          5128.20     -1.0329702E-003
          5139.49     -1.1226751E-003
          5150.78     -1.2188945E-003
          5162.07     -1.3217160E-003
          5173.36     -1.4312529E-003
          5184.65     -1.5476436E-003
          5195.94     -1.6710517E-003
          5207.23     -1.8016658E-003
          5218.52     -1.9445506E-003
          5229.80     -2.1043667E-003
          5241.09     -2.2807719E-003
          5252.38     -2.4734979E-003
          5263.67     -2.6823461E-003
          5274.96     -2.9071842E-003
          5286.25     -3.1479442E-003
          5297.54     -3.4046189E-003
          5308.83     -3.6772600E-003
          5320.12     -3.9659759E-003
          5331.41     -4.2709287E-003
          5342.70     -4.5923346E-003
          5353.98     -4.9470341E-003
          5365.27     -5.3502530E-003
          5376.56     -5.7999874E-003
          5387.85     -6.2944364E-003
          5399.14     -6.8319882E-003
          5410.43     -7.4112068E-003
          5421.72     -8.0308177E-003
          5433.01     -8.6896983E-003
          5444.30     -9.3868655E-003
          5455.59     -1.0121463E-002
          5466.88     -1.0892753E-002
          5478.16     -1.1700109E-002
          5489.45     -1.2543002E-002
          5500.74     -1.3420995E-002
          5512.03     -1.4333732E-002
          5523.32     -1.5280932E-002
          5534.61     -1.6262383E-002
          5545.90     -1.7277928E-002
          5557.19     -1.8379291E-002
          5568.48     -1.9611649E-002
          5579.77     -2.0965451E-002
          5591.05     -2.2431612E-002
          5602.34     -2.4001463E-002
          5613.63     -2.5666707E-002
          5624.92     -2.7419362E-002
          5636.21     -2.9251709E-002
          5647.50     -3.1156248E-002
          5658.79     -3.3125645E-002
          5670.08     -3.5152687E-002
          5681.37     -3.7230184E-002
          5692.66     -3.9350952E-002
          5703.95     -4.3037739E-002
          5715.23     -4.9468713E-002
          5726.52     -5.8132637E-002
          5737.81     -6.8533417E-002
          5749.10     -8.0187738E-002
          5760.39     -9.2622826E-002
          5771.68     -1.0523306E-001
          5782.97     -1.1774205E-001
          5794.26     -1.3017691E-001
          5805.55     -1.4256396E-001
          5816.84     -1.5492834E-001
          5828.12     -1.6729420E-001
          5839.41     -1.7968471E-001
          5850.70     -1.9212209E-001
          5861.99     -2.0462769E-001
          5873.28     -2.1722200E-001
          5884.57     -2.2992472E-001
          5895.86     -2.4292229E-001
          5907.15     -2.5637786E-001
          5918.44     -2.7027618E-001
          5929.73     -2.8460255E-001
          5941.02     -2.9934292E-001
          5952.30     -3.1448379E-001
          5963.59     -3.3001203E-001
          5974.88     -3.4614278E-001
          5986.17     -3.6306039E-001
          5997.46     -3.8070735E-001
          6008.75     -3.9902815E-001
          6020.04     -4.1796896E-001
          6031.33     -4.3747754E-001
          6042.62     -4.5750284E-001
          6053.91     -4.7799421E-001
          6065.20     -4.9890122E-001
          6076.48     -5.2041767E-001
          6087.77     -5.4269499E-001
          6099.06     -5.6562015E-001
          6110.35     -5.8908071E-001
          6121.64     -6.1296423E-001
          6132.93     -6.3715752E-001
          6144.22     -6.6154641E-001
          6155.51     -6.8620317E-001
          6166.80     -7.1115144E-001
          6178.09     -7.3620358E-001
          6189.38     -7.6117076E-001
          6200.66     -7.8586116E-001
          6211.95     -8.1007882E-001
          6223.24     -8.3362274E-001
          6234.53     -8.5636565E-001
          6245.82     -8.7811851E-001
          6257.11     -8.9857780E-001
          6268.40     -9.1743157E-001
          6279.69     -9.3435839E-001
          6290.98     -9.4926236E-001
          6302.27     -9.6226994E-001
          6313.55     -9.7337688E-001
          6324.84     -9.8256777E-001
          6336.13     -9.8981610E-001
          6347.42     -9.9508418E-001
          6358.71     -9.9836288E-001
          6370.00     -9.9967245E-001
