          3480.00      2.7982790E-027
          3491.29      7.3584685E+002
          3502.58      1.4722825E+003
          3513.87      2.2077892E+003
          3525.16      2.9408554E+003
          3536.45      3.6699786E+003
          3547.73      4.3936623E+003
          3559.02      5.1104139E+003
          3570.31      5.8187474E+003
          3581.60      6.5171799E+003
          3592.89      7.2072489E+003
          3604.18      7.8910133E+003
          3615.47      8.5677701E+003
          3626.76      9.2368161E+003
          3638.05      9.8974491E+003
          3649.34      1.0548966E+004
          3660.62      1.1190666E+004
          3671.91      1.1821848E+004
          3683.20      1.2441812E+004
          3694.49      1.3049856E+004
          3705.78      1.3645279E+004
          3717.07      1.4227377E+004
          3728.36      1.4797755E+004
          3739.65      1.5358195E+004
          3750.94      1.5908268E+004
          3762.23      1.6447544E+004
          3773.52      1.6975589E+004
          3784.80      1.7491969E+004
          3796.09      1.7996970E+004
          3807.38      1.8493144E+004
          3818.67      1.8982481E+004
          3829.96      1.9464812E+004
          3841.25      1.9939968E+004
          3852.54      2.0407776E+004
          3863.83      2.0868062E+004
          3875.12      2.1320652E+004
          3886.41      2.1765365E+004
          3897.70      2.2202022E+004
          3908.98      2.2630440E+004
          3920.27      2.3050434E+004
          3931.56      2.3461817E+004
          3942.85      2.3864400E+004
          3954.14      2.4257991E+004
          3965.43      2.4642398E+004
          3976.72      2.5017422E+004
          3988.01      2.5382867E+004
          3999.30      2.5738531E+004
          4010.59      2.6086510E+004
          4021.88      2.6428989E+004
          4033.16      2.6765905E+004
          4044.45      2.7097188E+004
          4055.74      2.7422769E+004
          4067.03      2.7742577E+004
          4078.32      2.8056538E+004
          4089.61      2.8364577E+004
          4100.90      2.8666617E+004
          4112.19      2.8962580E+004
          4123.48      2.9252384E+004
          4134.77      2.9535946E+004
          4146.05      2.9814636E+004
          4157.34      3.0089871E+004
          4168.63      3.0361640E+004
          4179.92      3.0629930E+004
          4191.21      3.0894727E+004
          4202.50      3.1156016E+004
          4213.79      3.1413781E+004
          4225.08      3.1668003E+004
          4236.37      3.1918665E+004
          4247.66      3.2165744E+004
          4258.95      3.2409220E+004
          4270.23      3.2649070E+004
          4281.52      3.2886117E+004
          4292.81      3.3121209E+004
          4304.10      3.3354365E+004
          4315.39      3.3585600E+004
          4326.68      3.3814929E+004
          4337.97      3.4042365E+004
          4349.26      3.4267921E+004
          4360.55      3.4491611E+004
          4371.84      3.4713444E+004
          4383.12      3.4933433E+004
          4394.41      3.5151586E+004
          4405.70      3.5367911E+004
          4416.99      3.5582419E+004
          4428.28      3.5795154E+004
          4439.57      3.6006169E+004
          4450.86      3.6215477E+004
          4462.15      3.6423089E+004
          4473.44      3.6629017E+004
          4484.73      3.6833270E+004
          4496.02      3.7035860E+004
          4507.30      3.7236794E+004
          4518.59      3.7436081E+004
          4529.88      3.7633729E+004
          4541.17      3.7829745E+004
          4552.46      3.8024135E+004
          4563.75      3.8216907E+004
          4575.04      3.8408069E+004
          4586.33      3.8597626E+004
          4597.62      3.8785581E+004
          4608.91      3.8971936E+004
          4620.20      3.9156694E+004
          4631.48      3.9339857E+004
          4642.77      3.9521425E+004
          4654.06      3.9701400E+004
          4665.35      3.9879779E+004
          4676.64      4.0056563E+004
          4687.93      4.0231751E+004
          4699.22      4.0405837E+004
          4710.51      4.0579310E+004
          4721.80      4.0752159E+004
          4733.09      4.0924369E+004
          4744.38      4.1095930E+004
          4755.66      4.1266826E+004
          4766.95      4.1437044E+004
          4778.24      4.1606570E+004
          4789.53      4.1775389E+004
          4800.82      4.1943487E+004
          4812.11      4.2110848E+004
          4823.40      4.2277456E+004
          4834.69      4.2443642E+004
          4845.98      4.2609731E+004
          4857.27      4.2775700E+004
          4868.55      4.2941524E+004
          4879.84      4.3107178E+004
          4891.13      4.3272638E+004
          4902.42      4.3437879E+004
          4913.71      4.3602876E+004
          4925.00      4.3767602E+004
          4936.29      4.3932033E+004
          4947.58      4.4096470E+004
          4958.87      4.4261211E+004
          4970.16      4.4426219E+004
          4981.45      4.4591462E+004
          4992.73      4.4756903E+004
          5004.02      4.4922509E+004
          5015.31      4.5088242E+004
          5026.60      4.5254069E+004
          5037.89      4.5419953E+004
          5049.18      4.5585859E+004
          5060.47      4.5751750E+004
          5071.76      4.5917591E+004
          5083.05      4.6083947E+004
          5094.34      4.6251371E+004
          5105.62      4.6419807E+004
          5116.91      4.6589201E+004
          5128.20      4.6759497E+004
          5139.49      4.6930639E+004
          5150.78      4.7102573E+004
          5162.07      4.7275242E+004
          5173.36      4.7448592E+004
          5184.65      4.7622565E+004
          5195.94      4.7797108E+004
          5207.23      4.7972164E+004
          5218.52      4.8148615E+004
          5229.80      4.8327317E+004
          5241.09      4.8508176E+004
          5252.38      4.8691097E+004
          5263.67      4.8875989E+004
          5274.96      4.9062756E+004
          5286.25      4.9251305E+004
          5297.54      4.9441544E+004
          5308.83      4.9633378E+004
          5320.12      4.9826716E+004
          5331.41      5.0021463E+004
          5342.70      5.0217527E+004
          5353.98      5.0416620E+004
          5365.27      5.0620385E+004
          5376.56      5.0828626E+004
          5387.85      5.1041150E+004
          5399.14      5.1257762E+004
          5410.43      5.1478268E+004
          5421.72      5.1702475E+004
          5433.01      5.1930190E+004
          5444.30      5.2161220E+004
          5455.59      5.2395374E+004
          5466.88      5.2632459E+004
          5478.16      5.2872284E+004
          5489.45      5.3114658E+004
          5500.74      5.3359389E+004
          5512.03      5.3606287E+004
          5523.32      5.3855161E+004
          5534.61      5.4105821E+004
          5545.90      5.4358077E+004
          5557.19      5.4613893E+004
          5568.48      5.4875055E+004
          5579.77      5.5141107E+004
          5591.05      5.5411594E+004
          5602.34      5.5686062E+004
          5613.63      5.5964058E+004
          5624.92      5.6245129E+004
          5636.21      5.6528824E+004
          5647.50      5.6814693E+004
          5658.79      5.7102288E+004
          5670.08      5.7391160E+004
          5681.37      5.7680860E+004
          5692.66      5.7970940E+004
          5703.95      5.8279721E+004
          5715.23      5.8618199E+004
          5726.52      5.8975032E+004
          5737.81      5.9338993E+004
          5749.10      5.9698974E+004
          5760.39      6.0043989E+004
          5771.68      6.0375634E+004
          5782.97      6.0702039E+004
          5794.26      6.1022115E+004
          5805.55      6.1334787E+004
          5816.84      6.1638979E+004
          5828.12      6.1933622E+004
          5839.41      6.2217649E+004
          5850.70      6.2489997E+004
          5861.99      6.2749606E+004
          5873.28      6.2995418E+004
          5884.57      6.3226380E+004
          5895.86      6.3437421E+004
          5907.15      6.3623075E+004
          5918.44      6.3781706E+004
          5929.73      6.3911690E+004
          5941.02      6.4011411E+004
          5952.30      6.4079265E+004
          5963.59      6.4113661E+004
          5974.88      6.4105696E+004
          5986.17      6.4046022E+004
          5997.46      6.3932403E+004
          6008.75      6.3762627E+004
          6020.04      6.3534501E+004
          6031.33      6.3245848E+004
          6042.62      6.2894496E+004
          6053.91      6.2478288E+004
          6065.20      6.1995070E+004
          6076.48      6.1430487E+004
          6087.77      6.0769681E+004
          6099.06      6.0009742E+004
          6110.35      5.9147766E+004
          6121.64      5.8180851E+004
          6132.93      5.7106117E+004
          6144.22      5.5920720E+004
          6155.51      5.4606326E+004
          6166.80      5.3144101E+004
          6178.09      5.1530463E+004
          6189.38      4.9761799E+004
          6200.66      4.7834475E+004
          6211.95      4.5744844E+004
          6223.24      4.3489243E+004
          6234.53      4.1043909E+004
          6245.82      3.8384505E+004
          6257.11      3.5506487E+004
          6268.40      3.2405298E+004
          6279.69      2.9076350E+004
          6290.98      2.5608350E+004
          6302.27      2.2092300E+004
          6313.55      1.8527031E+004
          6324.84      1.4911383E+004
          6336.13      1.1244177E+004
          6347.42      7.5242353E+003
          6358.71      3.7699198E+003
          6370.00      0.0000000E+000
