          3480.00      0.0000000E+000
          3491.29     -1.9686722E+003
          3502.58     -1.9965156E+003
          3513.87     -2.0496836E+003
          3525.16     -2.1325895E+003
          3536.45     -2.2536046E+003
          3547.73     -2.4276633E+003
          3559.02     -2.6821000E+003
          3570.31     -3.0709451E+003
          3581.60     -3.7158917E+003
          3592.89     -4.9574413E+003
          3604.18     -8.2412497E+003
          3615.47     -2.5856340E+004
          3626.76     -2.8532632E+004
          3638.05     -9.8597931E+003
          3649.34     -6.1802232E+003
          3660.62     -4.6007287E+003
          3671.91     -3.7167045E+003
          3683.20     -3.1472617E+003
          3694.49     -2.7464416E+003
          3705.78     -2.4463720E+003
          3717.07     -2.2112712E+003
          3728.36     -2.0205338E+003
          3739.65     -1.8614888E+003
          3750.94     -1.7382519E+003
          3762.23     -1.6500614E+003
          3773.52     -1.5856942E+003
          3784.80     -1.5381301E+003
          3796.09     -1.5027267E+003
          3807.38     -1.4762694E+003
          3818.67     -1.4564453E+003
          3829.96     -1.4415358E+003
          3841.25     -1.4302291E+003
          3852.54     -1.4215024E+003
          3863.83     -1.4145451E+003
          3875.12     -1.4087081E+003
          3886.41     -1.4034686E+003
          3897.70     -1.4020997E+003
          3908.98     -1.4071983E+003
          3920.27     -1.4175678E+003
          3931.56     -1.4322690E+003
          3942.85     -1.4505415E+003
          3954.14     -1.4717510E+003
          3965.43     -1.4953538E+003
          3976.72     -1.5208719E+003
          3988.01     -1.5478762E+003
          3999.30     -1.5759754E+003
          4010.59     -1.6048070E+003
          4021.88     -1.6340336E+003
          4033.16     -1.6645426E+003
          4044.45     -1.6971583E+003
          4055.74     -1.7314906E+003
          4067.03     -1.7671776E+003
          4078.32     -1.8038788E+003
          4089.61     -1.8412709E+003
          4100.90     -1.8790452E+003
          4112.19     -1.9169062E+003
          4123.48     -1.9545714E+003
          4134.77     -1.9917715E+003
          4146.05     -2.0282513E+003
          4157.34     -2.0637708E+003
          4168.63     -2.0981069E+003
          4179.92     -2.1310546E+003
          4191.21     -2.1624284E+003
          4202.50     -2.1920635E+003
          4213.79     -2.2198169E+003
          4225.08     -2.2455680E+003
          4236.37     -2.2692186E+003
          4247.66     -2.2906935E+003
          4258.95     -2.3099397E+003
          4270.23     -2.3269257E+003
          4281.52     -2.3416405E+003
          4292.81     -2.3540925E+003
          4304.10     -2.3643076E+003
          4315.39     -2.3713317E+003
          4326.68     -2.3744152E+003
          4337.97     -2.3739061E+003
          4349.26     -2.3701492E+003
          4360.55     -2.3634805E+003
          4371.84     -2.3542220E+003
          4383.12     -2.3426787E+003
          4394.41     -2.3291368E+003
          4405.70     -2.3138619E+003
          4416.99     -2.2970983E+003
          4428.28     -2.2790692E+003
          4439.57     -2.2599769E+003
          4450.86     -2.2383363E+003
          4462.15     -2.2131080E+003
          4473.44     -2.1850756E+003
          4484.73     -2.1549262E+003
          4496.02     -2.1232515E+003
          4507.30     -2.0905535E+003
          4518.59     -2.0572518E+003
          4529.88     -2.0236924E+003
          4541.17     -1.9901564E+003
          4552.46     -1.9568694E+003
          4563.75     -1.9240087E+003
          4575.04     -1.8917116E+003
          4586.33     -1.8600818E+003
          4597.62     -1.8279152E+003
          4608.91     -1.7944024E+003
          4620.20     -1.7601276E+003
          4631.48     -1.7255652E+003
          4642.77     -1.6910935E+003
          4654.06     -1.6570080E+003
          4665.35     -1.6235345E+003
          4676.64     -1.5908409E+003
          4687.93     -1.5590476E+003
          4699.22     -1.5282369E+003
          4710.51     -1.4984602E+003
          4721.80     -1.4697449E+003
          4733.09     -1.4408241E+003
          4744.38     -1.4108463E+003
          4755.66     -1.3803570E+003
          4766.95     -1.3497918E+003
          4778.24     -1.3194911E+003
          4789.53     -1.2897143E+003
          4800.82     -1.2606535E+003
          4812.11     -1.2324462E+003
          4823.40     -1.2051854E+003
          4834.69     -1.1789294E+003
          4845.98     -1.1537088E+003
          4857.27     -1.1295333E+003
          4868.55     -1.1063965E+003
          4879.84     -1.0833662E+003
          4891.13     -1.0598108E+003
          4902.42     -1.0360994E+003
          4913.71     -1.0125230E+003
          4925.00     -9.8930501E+002
          4936.29     -9.6661280E+002
          4947.58     -9.4456748E+002
          4958.87     -9.2325273E+002
          4970.16     -9.0272246E+002
          4981.45     -8.8300711E+002
          4992.73     -8.6411898E+002
          5004.02     -8.4605657E+002
          5015.31     -8.2801528E+002
          5026.60     -8.0944923E+002
          5037.89     -7.9068112E+002
          5049.18     -7.7196645E+002
          5060.47     -7.5350278E+002
          5071.76     -7.3543881E+002
          5083.05     -7.1788291E+002
          5094.34     -7.0091081E+002
          5105.62     -6.8457203E+002
          5116.91     -6.6889552E+002
          5128.20     -6.5389429E+002
          5139.49     -6.3956913E+002
          5150.78     -6.2527894E+002
          5162.07     -6.1058879E+002
          5173.36     -5.9575665E+002
          5184.65     -5.8098629E+002
          5195.94     -5.6643471E+002
          5207.23     -5.5221962E+002
          5218.52     -5.3842633E+002
          5229.80     -5.2511391E+002
          5241.09     -5.1232059E+002
          5252.38     -5.0006813E+002
          5263.67     -4.8836563E+002
          5274.96     -4.7721257E+002
          5286.25     -4.6660118E+002
          5297.54     -4.5604449E+002
          5308.83     -4.4520830E+002
          5320.12     -4.3427793E+002
          5331.41     -4.2340014E+002
          5342.70     -4.1268836E+002
          5353.98     -4.0222796E+002
          5365.27     -3.9208114E+002
          5376.56     -3.8229127E+002
          5387.85     -3.7288664E+002
          5399.14     -3.6388366E+002
          5410.43     -3.5528954E+002
          5421.72     -3.4710444E+002
          5433.01     -3.3893247E+002
          5444.30     -3.3050218E+002
          5455.59     -3.2196992E+002
          5466.88     -3.1346008E+002
          5478.16     -3.0506927E+002
          5489.45     -2.9687056E+002
          5500.74     -2.8891753E+002
          5512.03     -2.8124788E+002
          5523.32     -2.7388655E+002
          5534.61     -2.6684841E+002
          5545.90     -2.6014054E+002
          5557.19     -2.5376401E+002
          5568.48     -2.4771538E+002
          5579.77     -2.4166866E+002
          5591.05     -2.3539903E+002
          5602.34     -2.2903173E+002
          5613.63     -2.2266696E+002
          5624.92     -2.1638302E+002
          5636.21     -2.1023958E+002
          5647.50     -2.0428075E+002
          5658.79     -1.9853794E+002
          5670.08     -1.9303233E+002
          5681.37     -1.8777742E+002
          5692.66     -1.8278064E+002
          5703.95     -1.7804434E+002
          5715.23     -1.7052648E+002
          5726.52     -1.5848956E+002
          5737.81     -1.4384450E+002
          5749.10     -1.2817000E+002
          5760.39     -1.1258139E+002
          5771.68     -9.7765700E+001
          5782.97     -8.4083874E+001
          5794.26     -7.1677182E+001
          5805.55     -6.0553375E+001
          5816.84     -5.0647037E+001
          5828.12     -4.1857578E+001
          5839.41     -3.4072073E+001
          5850.70     -2.7034374E+001
          5861.99     -2.0586776E+001
          5873.28     -1.4733391E+001
          5884.57     -9.4520512E+000
          5895.86     -4.7064525E+000
          5907.15     -4.5396841E-001
          5918.44      3.3495144E+000
          5929.73      6.7468426E+000
          5941.02      9.7781744E+000
          5952.30      1.2480248E+001
          5963.59      1.4886130E+001
          5974.88      1.7025273E+001
          5986.17      1.8923701E+001
          5997.46      2.0604309E+001
          6008.75      2.2087181E+001
          6020.04      2.3389882E+001
          6031.33      2.4543275E+001
          6042.62      2.5567989E+001
          6053.91      2.6465415E+001
          6065.20      2.7237701E+001
          6076.48      2.7887355E+001
          6087.77      2.8416931E+001
          6099.06      2.8828788E+001
          6110.35      2.9124909E+001
          6121.64      2.9306779E+001
          6132.93      2.9375265E+001
          6144.22      2.9330570E+001
          6155.51      2.9170487E+001
          6166.80      2.8890804E+001
          6178.09      2.8487616E+001
          6189.38      2.7956047E+001
          6200.66      2.7290012E+001
          6211.95      2.6481994E+001
          6223.24      2.5522793E+001
          6234.53      2.4401234E+001
          6245.82      2.3103791E+001
          6257.11      2.1614126E+001
          6268.40      1.9963924E+001
          6279.69      1.8204623E+001
          6290.98      1.6343032E+001
          6302.27      1.4374779E+001
          6313.55      1.2294902E+001
          6324.84      1.0097811E+001
          6336.13      7.7772246E+000
          6347.42      5.3261121E+000
          6358.71      2.7366259E+000
          6370.00      0.0000000E+000
