          3480.00      0.0000000E+000
          3491.29     -6.7468321E+002
          3502.58     -6.9631693E+002
          3513.87     -7.1777351E+002
          3525.16     -7.3947919E+002
          3536.45     -7.6186840E+002
          3547.73     -7.8540763E+002
          3559.02     -8.1062298E+002
          3570.31     -8.3813520E+002
          3581.60     -8.6870727E+002
          3592.89     -9.0331278E+002
          3604.18     -9.4323944E+002
          3615.47     -9.8953831E+002
          3626.76     -1.0420563E+003
          3638.05     -1.1007621E+003
          3649.34     -1.1658132E+003
          3660.62     -1.2375415E+003
          3671.91     -1.3164563E+003
          3683.20     -1.4032626E+003
          3694.49     -1.4988942E+003
          3705.78     -1.6045615E+003
          3717.07     -1.7218225E+003
          3728.36     -1.8526803E+003
          3739.65     -1.9997219E+003
          3750.94     -2.1596697E+003
          3762.23     -2.3283418E+003
          3773.52     -2.5079152E+003
          3784.80     -2.7011619E+003
          3796.09     -2.9115714E+003
          3807.38     -3.1435441E+003
          3818.67     -3.4026832E+003
          3829.96     -3.6962379E+003
          3841.25     -4.0337839E+003
          3852.54     -4.4282857E+003
          3863.83     -4.8978091E+003
          3875.12     -5.4683905E+003
          3886.41     -6.1790807E+003
          3897.70     -6.9980546E+003
          3908.98     -7.8630398E+003
          3920.27     -8.7900612E+003
          3931.56     -9.8077221E+003
          3942.85     -1.0960845E+004
          3954.14     -1.2317251E+004
          3965.43     -1.3981176E+004
          3976.72     -1.6120743E+004
          3988.01     -1.9027974E+004
          3999.30     -2.3264331E+004
          4010.59     -3.0075220E+004
          4021.88     -4.2907923E+004
          4033.16     -7.2673050E+004
          4044.45     -2.0020084E+005
          4055.74     -3.0390290E+005
          4067.03     -8.8345238E+004
          4078.32     -5.1937229E+004
          4089.61     -3.6749299E+004
          4100.90     -2.8350761E+004
          4112.19     -2.2993187E+004
          4123.48     -1.9267319E+004
          4134.77     -1.6522984E+004
          4146.05     -1.4417534E+004
          4157.34     -1.2752545E+004
          4168.63     -1.1404710E+004
          4179.92     -1.0293108E+004
          4191.21     -9.3622791E+003
          4202.50     -8.5728533E+003
          4213.79     -7.8960651E+003
          4225.08     -7.3103856E+003
          4236.37     -6.7993712E+003
          4247.66     -6.3502450E+003
          4258.95     -5.9529275E+003
          4270.23     -5.5993647E+003
          4281.52     -5.2830471E+003
          4292.81     -4.9986592E+003
          4304.10     -4.7418210E+003
          4315.39     -4.5009077E+003
          4326.68     -4.2706745E+003
          4337.97     -4.0546507E+003
          4349.26     -3.8542494E+003
          4360.55     -3.6695898E+003
          4371.84     -3.5000506E+003
          4383.12     -3.3446264E+003
          4394.41     -3.2021490E+003
          4405.70     -3.0714167E+003
          4416.99     -2.9512681E+003
          4428.28     -2.8406200E+003
          4439.57     -2.7384842E+003
          4450.86     -2.6380222E+003
          4462.15     -2.5362164E+003
          4473.44     -2.4365445E+003
          4484.73     -2.3410908E+003
          4496.02     -2.2509694E+003
          4507.30     -2.1666513E+003
          4518.59     -2.0881996E+003
          4529.88     -2.0154315E+003
          4541.17     -1.9480269E+003
          4552.46     -1.8855987E+003
          4563.75     -1.8277362E+003
          4575.04     -1.7740322E+003
          4586.33     -1.7240984E+003
          4597.62     -1.6744629E+003
          4608.91     -1.6234359E+003
          4620.20     -1.5727482E+003
          4631.48     -1.5235167E+003
          4642.77     -1.4764113E+003
          4654.06     -1.4317881E+003
          4665.35     -1.3897919E+003
          4676.64     -1.3504287E+003
          4687.93     -1.3136184E+003
          4699.22     -1.2792299E+003
          4710.51     -1.2471055E+003
          4721.80     -1.2170765E+003
          4733.09     -1.1862392E+003
          4744.38     -1.1531483E+003
          4755.66     -1.1193723E+003
          4766.95     -1.0859790E+003
          4778.24     -1.0536545E+003
          4789.53     -1.0228076E+003
          4800.82     -9.9365254E+002
          4812.11     -9.6627159E+002
          4823.40     -9.4066078E+002
          4834.69     -9.1676186E+002
          4845.98     -8.9448466E+002
          4857.27     -8.7372215E+002
          4868.55     -8.5436038E+002
          4879.84     -8.3442599E+002
          4891.13     -8.1289072E+002
          4902.42     -7.9078028E+002
          4913.71     -7.6880744E+002
          4925.00     -7.4744271E+002
          4936.29     -7.2697716E+002
          4947.58     -7.0757349E+002
          4958.87     -6.8930527E+002
          4970.16     -6.7218616E+002
          4981.45     -6.5619084E+002
          4992.73     -6.4126988E+002
          5004.02     -6.2736016E+002
          5015.31     -6.1279849E+002
          5026.60     -5.9670863E+002
          5037.89     -5.7997573E+002
          5049.18     -5.6322406E+002
          5060.47     -5.4687222E+002
          5071.76     -5.3118431E+002
          5083.05     -5.1631281E+002
          5094.34     -5.0233210E+002
          5105.62     -4.8926346E+002
          5116.91     -4.7709343E+002
          5128.20     -4.6578669E+002
          5139.49     -4.5529511E+002
          5150.78     -4.4430594E+002
          5162.07     -4.3211888E+002
          5173.36     -4.1942478E+002
          5184.65     -4.0671262E+002
          5195.94     -3.9431126E+002
          5207.23     -3.8242889E+002
          5218.52     -3.7118625E+002
          5229.80     -3.6064267E+002
          5241.09     -3.5081579E+002
          5252.38     -3.4169571E+002
          5263.67     -3.3325529E+002
          5274.96     -3.2545721E+002
          5286.25     -3.1825875E+002
          5297.54     -3.1066328E+002
          5308.83     -3.0212349E+002
          5320.12     -2.9314764E+002
          5331.41     -2.8410154E+002
          5342.70     -2.7523608E+002
          5353.98     -2.6671417E+002
          5365.27     -2.5863400E+002
          5376.56     -2.5104751E+002
          5387.85     -2.4397472E+002
          5399.14     -2.3741415E+002
          5410.43     -2.3135045E+002
          5421.72     -2.2575977E+002
          5433.01     -2.1982567E+002
          5444.30     -2.1309962E+002
          5455.59     -2.0600595E+002
          5466.88     -1.9885069E+002
          5478.16     -1.9184389E+002
          5489.45     -1.8512187E+002
          5500.74     -1.7876666E+002
          5512.03     -1.7282163E+002
          5523.32     -1.6730342E+002
          5534.61     -1.6221079E+002
          5545.90     -1.5753098E+002
          5557.19     -1.5324421E+002
          5568.48     -1.4932677E+002
          5579.77     -1.4510165E+002
          5591.05     -1.4019009E+002
          5602.34     -1.3493762E+002
          5613.63     -1.2959691E+002
          5624.92     -1.2434379E+002
          5636.21     -1.1929428E+002
          5647.50     -1.1451987E+002
          5658.79     -1.1006001E+002
          5670.08     -1.0593185E+002
          5681.37     -1.0213789E+002
          5692.66     -9.8671071E+001
          5703.95     -9.5517915E+001
          5715.23     -8.6600554E+001
          5726.52     -7.0171238E+001
          5737.81     -5.1752867E+001
          5749.10     -3.4488305E+001
          5760.39     -1.9564939E+001
          5771.68     -7.1334232E+000
          5782.97      3.0681202E+000
          5794.26      1.1408407E+001
          5805.55      1.8239960E+001
          5816.84      2.3860931E+001
          5828.12      2.8511329E+001
          5839.41      3.2380341E+001
          5850.70      3.5747864E+001
          5861.99      3.8763316E+001
          5873.28      4.1418512E+001
          5884.57      4.3729825E+001
          5895.86      4.5724806E+001
          5907.15      4.7434622E+001
          5918.44      4.8890032E+001
          5929.73      5.0119506E+001
          5941.02      5.1148498E+001
          5952.30      5.1999264E+001
          5963.59      5.2690983E+001
          5974.88      5.3240027E+001
          5986.17      5.3660269E+001
          5997.46      5.3963408E+001
          6008.75      5.4159269E+001
          6020.04      5.4256051E+001
          6031.33      5.4300348E+001
          6042.62      5.4321230E+001
          6053.91      5.4302976E+001
          6065.20      5.4233603E+001
          6076.48      5.4103919E+001
          6087.77      5.3906722E+001
          6099.06      5.3636126E+001
          6110.35      5.3287034E+001
          6121.64      5.2854720E+001
          6132.93      5.2334475E+001
          6144.22      5.1721365E+001
          6155.51      5.1018789E+001
          6166.80      5.0226042E+001
          6178.09      4.9331691E+001
          6189.38      4.8323809E+001
          6200.66      4.7189437E+001
          6211.95      4.5914058E+001
          6223.24      4.4481051E+001
          6234.53      4.2871041E+001
          6245.82      4.1061107E+001
          6257.11      3.9023798E+001
          6268.40      3.6727897E+001
          6279.69      3.4150427E+001
          6290.98      3.1272215E+001
          6302.27      2.8071908E+001
          6313.55      2.4522007E+001
          6324.84      2.0588081E+001
          6336.13      1.6227560E+001
          6347.42      1.1388103E+001
          6358.71      6.0053759E+000
          6370.00      0.0000000E+000
