          3480.00      0.0000000E+000
          3491.29     -3.6336437E-001
          3502.58     -3.7005325E-001
          3513.87     -3.7752115E-001
          3525.16     -3.8594704E-001
          3536.45     -3.9555628E-001
          3547.73     -4.0663985E-001
          3559.02     -4.1958286E-001
          3570.31     -4.3490858E-001
          3581.60     -4.5334873E-001
          3592.89     -4.7596099E-001
          3604.18     -5.0433540E-001
          3615.47     -5.3729676E-001
          3626.76     -5.7246875E-001
          3638.05     -6.1030073E-001
          3649.34     -6.5133839E-001
          3660.62     -6.9625117E-001
          3671.91     -7.4587009E-001
          3683.20     -8.0124147E-001
          3694.49     -8.6370411E-001
          3705.78     -9.3500241E-001
          3717.07     -1.0174573E+000
          3728.36     -1.1142305E+000
          3739.65     -1.2297493E+000
          3750.94     -1.3607623E+000
          3762.23     -1.5008047E+000
          3773.52     -1.6512538E+000
          3784.80     -1.8142083E+000
          3796.09     -1.9927030E+000
          3807.38     -2.1910124E+000
          3818.67     -2.4151075E+000
          3829.96     -2.6733790E+000
          3841.25     -2.9778372E+000
          3852.54     -3.3461807E+000
          3863.83     -3.8055562E+000
          3875.12     -4.3998444E+000
          3886.41     -5.2049936E+000
          3897.70     -6.2309543E+000
          3908.98     -7.4243795E+000
          3920.27     -8.8174384E+000
          3931.56     -1.0464088E+001
          3942.85     -1.2458856E+001
          3954.14     -1.4972672E+001
          3965.43     -1.8330024E+001
          3976.72     -2.3202507E+001
          3988.01     -3.1202646E+001
          3999.30     -4.7362477E+001
          4010.59     -9.9316069E+001
          4021.88     -7.9481771E+002
          4033.16     -8.2973548E+001
          4044.45     -4.6037714E+001
          4055.74     -3.2605870E+001
          4067.03     -2.5498368E+001
          4078.32     -2.0998347E+001
          4089.61     -1.7830928E+001
          4100.90     -1.5443976E+001
          4112.19     -1.3560770E+001
          4123.48     -1.2027417E+001
          4134.77     -1.0751047E+001
          4146.05     -9.6716641E+000
          4157.34     -8.7481898E+000
          4168.63     -7.9510731E+000
          4179.92     -7.2581778E+000
          4191.21     -6.6523775E+000
          4202.50     -6.1200823E+000
          4213.79     -5.6503024E+000
          4225.08     -5.2340211E+000
          4236.37     -4.8637591E+000
          4247.66     -4.5332610E+000
          4258.95     -4.2372588E+000
          4270.23     -3.9712925E+000
          4281.52     -3.7315695E+000
          4292.81     -3.5148503E+000
          4304.10     -3.3183588E+000
          4315.39     -3.1348299E+000
          4326.68     -2.9605572E+000
          4337.97     -2.7972928E+000
          4349.26     -2.6457025E+000
          4360.55     -2.5057562E+000
          4371.84     -2.3770028E+000
          4383.12     -2.2587596E+000
          4394.41     -2.1502355E+000
          4405.70     -2.0506084E+000
          4416.99     -1.9590715E+000
          4428.28     -1.8748605E+000
          4439.57     -1.7972664E+000
          4450.86     -1.7226047E+000
          4462.15     -1.6489655E+000
          4473.44     -1.5778063E+000
          4484.73     -1.5100104E+000
          4496.02     -1.4460474E+000
          4507.30     -1.3861014E+000
          4518.59     -1.3301668E+000
          4529.88     -1.2781179E+000
          4541.17     -1.2297578E+000
          4552.46     -1.1848519E+000
          4563.75     -1.1431499E+000
          4575.04     -1.1044003E+000
          4586.33     -1.0683592E+000
          4597.62     -1.0334361E+000
          4608.91     -9.9872955E-001
          4620.20     -9.6484757E-001
          4631.48     -9.3218942E-001
          4642.77     -9.0099758E-001
          4654.06     -8.7140007E-001
          4665.35     -8.4344389E-001
          4676.64     -8.1712035E-001
          4687.93     -7.9238391E-001
          4699.22     -7.6916585E-001
          4710.51     -7.4738395E-001
          4721.80     -7.2694930E-001
          4733.09     -7.0669215E-001
          4744.38     -6.8593591E-001
          4755.66     -6.6519872E-001
          4766.95     -6.4484959E-001
          4778.24     -6.2513924E-001
          4789.53     -6.0622771E-001
          4800.82     -5.8820738E-001
          4812.11     -5.7112146E-001
          4823.40     -5.5497845E-001
          4834.69     -5.3976288E-001
          4845.98     -5.2544350E-001
          4857.27     -5.1197914E-001
          4868.55     -4.9932298E-001
          4879.84     -4.8674465E-001
          4891.13     -4.7380550E-001
          4902.42     -4.6082000E-001
          4913.71     -4.4801743E-001
          4925.00     -4.3555837E-001
          4936.29     -4.2354976E-001
          4947.58     -4.1205764E-001
          4958.87     -4.0111767E-001
          4970.16     -3.9074334E-001
          4981.45     -3.8093244E-001
          4992.73     -3.7167188E-001
          5004.02     -3.6294142E-001
          5015.31     -3.5416024E-001
          5026.60     -3.4497583E-001
          5037.89     -3.3564995E-001
          5049.18     -3.2637770E-001
          5060.47     -3.1729928E-001
          5071.76     -3.0851120E-001
          5083.05     -3.0007608E-001
          5094.34     -2.9203099E-001
          5105.62     -2.8439408E-001
          5116.91     -2.7716977E-001
          5128.20     -2.7035288E-001
          5139.49     -2.6393162E-001
          5150.78     -2.5746390E-001
          5162.07     -2.5067909E-001
          5173.36     -2.4377668E-001
          5184.65     -2.3690611E-001
          5195.94     -2.3017534E-001
          5207.23     -2.2365915E-001
          5218.52     -2.1740651E-001
          5229.80     -2.1144682E-001
          5241.09     -2.0579495E-001
          5252.38     -2.0045516E-001
          5263.67     -1.9542426E-001
          5274.96     -1.9069390E-001
          5286.25     -1.8625234E-001
          5297.54     -1.8177370E-001
          5308.83     -1.7705413E-001
          5320.12     -1.7223457E-001
          5331.41     -1.6742187E-001
          5342.70     -1.6269438E-001
          5353.98     -1.5810735E-001
          5365.27     -1.5369794E-001
          5376.56     -1.4948931E-001
          5387.85     -1.4549418E-001
          5399.14     -1.4171752E-001
          5410.43     -1.3815873E-001
          5421.72     -1.3481330E-001
          5433.01     -1.3142034E-001
          5444.30     -1.2781646E-001
          5455.59     -1.2411828E-001
          5466.88     -1.2041473E-001
          5478.16     -1.1677137E-001
          5489.45     -1.1323478E-001
          5500.74     -1.0983650E-001
          5512.03     -1.0659648E-001
          5523.32     -1.0352595E-001
          5534.61     -1.0062969E-001
          5545.90     -9.7907791E-002
          5557.19     -9.5357084E-002
          5568.48     -9.2972152E-002
          5579.77     -9.0540290E-002
          5591.05     -8.7926705E-002
          5602.34     -8.5224219E-002
          5613.63     -8.2504351E-002
          5624.92     -7.9820408E-002
          5636.21     -7.7210734E-002
          5647.50     -7.4701733E-002
          5658.79     -7.2310540E-002
          5670.08     -7.0047251E-002
          5681.37     -6.7916912E-002
          5692.66     -6.5920871E-002
          5703.95     -6.4057642E-002
          5715.23     -6.0393215E-002
          5726.52     -5.4046199E-002
          5737.81     -4.6490651E-002
          5749.10     -3.8793440E-002
          5760.39     -3.1565012E-002
          5771.68     -2.5076820E-002
          5782.97     -1.9397079E-002
          5794.26     -1.4490085E-002
          5805.55     -1.0276393E-002
          5816.84     -6.6648353E-003
          5828.12     -3.5675020E-003
          5839.41     -9.0585270E-004
          5850.70      1.4489850E-003
          5861.99      3.5724075E-003
          5873.28      5.4671457E-003
          5884.57      7.1462302E-003
          5895.86      8.6274005E-003
          5907.15      9.9298161E-003
          5918.44      1.1072227E-002
          5929.73      1.2072071E-002
          5941.02      1.2945108E-002
          5952.30      1.3705312E-002
          5963.59      1.4364915E-002
          5974.88      1.4934541E-002
          5986.17      1.5423362E-002
          5997.46      1.5839272E-002
          6008.75      1.6189051E-002
          6020.04      1.6478507E-002
          6031.33      1.6723353E-002
          6042.62      1.6933688E-002
          6053.91      1.7107061E-002
          6065.20      1.7241838E-002
          6076.48      1.7336935E-002
          6087.77      1.7391599E-002
          6099.06      1.7405241E-002
          6110.35      1.7377305E-002
          6121.64      1.7307160E-002
          6132.93      1.7194024E-002
          6144.22      1.7036903E-002
          6155.51      1.6835517E-002
          6166.80      1.6588419E-002
          6178.09      1.6292505E-002
          6189.38      1.5944312E-002
          6200.66      1.5539867E-002
          6211.95      1.5074542E-002
          6223.24      1.4542894E-002
          6234.53      1.3938485E-002
          6245.82      1.3253645E-002
          6257.11      1.2479189E-002
          6268.40      1.1618950E-002
          6279.69      1.0683904E-002
          6290.98      9.6731824E-003
          6302.27      8.5824579E-003
          6313.55      7.4065867E-003
          6324.84      6.1395267E-003
          6336.13      4.7742234E-003
          6347.42      3.3024732E-003
          6358.71      1.7147537E-003
          6370.00      0.0000000E+000
