          3480.00      1.6315917E-025
          3491.29      1.7371659E-009
          3502.58      3.6033677E-009
          3513.87      5.5804979E-009
          3525.16      7.6521506E-009
          3536.45      9.8031473E-009
          3547.73      1.2019074E-008
          3559.02      1.4285834E-008
          3570.31      1.6589233E-008
          3581.60      1.8914547E-008
          3592.89      2.1246102E-008
          3604.18      2.3566838E-008
          3615.47      2.5972165E-008
          3626.76      2.8583483E-008
          3638.05      3.1422462E-008
          3649.34      3.4512290E-008
          3660.62      3.7877863E-008
          3671.91      4.1545946E-008
          3683.20      4.5545372E-008
          3694.49      4.9907243E-008
          3705.78      5.4665127E-008
          3717.07      5.9855310E-008
          3728.36      6.5517024E-008
          3739.65      7.1692695E-008
          3750.94      7.8441641E-008
          3762.23      8.5827641E-008
          3773.52      9.3905839E-008
          3784.80      1.0273626E-007
          3796.09      1.1238418E-007
          3807.38      1.2292056E-007
          3818.67      1.3442249E-007
          3829.96      1.4697366E-007
          3841.25      1.6066489E-007
          3852.54      1.7559474E-007
          3863.83      1.9187006E-007
          3875.12      2.0960669E-007
          3886.41      2.2893014E-007
          3897.70      2.5001645E-007
          3908.98      2.7305154E-007
          3920.27      2.9819353E-007
          3931.56      3.2561486E-007
          3942.85      3.5550321E-007
          3954.14      3.8806260E-007
          3965.43      4.2351465E-007
          3976.72      4.6209969E-007
          3988.01      5.0407838E-007
          3999.30      5.4973317E-007
          4010.59      5.9936974E-007
          4021.88      6.5331904E-007
          4033.16      7.1197753E-007
          4044.45      7.7576897E-007
          4055.74      8.4510991E-007
          4067.03      9.2045139E-007
          4078.32      1.0022818E-006
          4089.61      1.0911296E-006
          4100.90      1.1875657E-006
          4112.19      1.2922074E-006
          4123.48      1.4057212E-006
          4134.77      1.5288270E-006
          4146.05      1.6623016E-006
          4157.34      1.8069827E-006
          4168.63      1.9637744E-006
          4179.92      2.1336515E-006
          4191.21      2.3176642E-006
          4202.50      2.5169448E-006
          4213.79      2.7327130E-006
          4225.08      2.9662828E-006
          4236.37      3.2190691E-006
          4247.66      3.4925948E-006
          4258.95      3.7884998E-006
          4270.23      4.1085489E-006
          4281.52      4.4546401E-006
          4292.81      4.8288160E-006
          4304.10      5.2332730E-006
          4315.39      5.6701854E-006
          4326.68      6.1419176E-006
          4337.97      6.6512138E-006
          4349.26      7.2010189E-006
          4360.55      7.7944922E-006
          4371.84      8.4350221E-006
          4383.12      9.1262451E-006
          4394.41      9.8720625E-006
          4405.70      1.0676660E-005
          4416.99      1.1544527E-005
          4428.28      1.2480480E-005
          4439.57      1.3489684E-005
          4450.86      1.4576648E-005
          4462.15      1.5746352E-005
          4473.44      1.7005257E-005
          4484.73      1.8360264E-005
          4496.02      1.9818742E-005
          4507.30      2.1388568E-005
          4518.59      2.3078157E-005
          4529.88      2.4896511E-005
          4541.17      2.6853257E-005
          4552.46      2.8958682E-005
          4563.75      3.1223798E-005
          4575.04      3.3660378E-005
          4586.33      3.6281013E-005
          4597.62      3.9095649E-005
          4608.91      4.2115414E-005
          4620.20      4.5356045E-005
          4631.48      4.8834278E-005
          4642.77      5.2567914E-005
          4654.06      5.6575921E-005
          4665.35      6.0878503E-005
          4676.64      6.5497190E-005
          4687.93      7.0454946E-005
          4699.22      7.5776238E-005
          4710.51      8.1487177E-005
          4721.80      8.7615615E-005
          4733.09      9.4176695E-005
          4744.38      1.0118863E-004
          4755.66      1.0868664E-004
          4766.95      1.1670791E-004
          4778.24      1.2529183E-004
          4789.53      1.3448005E-004
          4800.82      1.4431679E-004
          4812.11      1.5484895E-004
          4823.40      1.6612630E-004
          4834.69      1.7820174E-004
          4845.98      1.9113148E-004
          4857.27      2.0497525E-004
          4868.55      2.1979663E-004
          4879.84      2.3561464E-004
          4891.13      2.5245634E-004
          4902.42      2.7040303E-004
          4913.71      2.8954008E-004
          4925.00      3.0995730E-004
          4936.29      3.3174932E-004
          4947.58      3.5501598E-004
          4958.87      3.7986277E-004
          4970.16      4.0640112E-004
          4981.45      4.3474904E-004
          4992.73      4.6503148E-004
          5004.02      4.9738071E-004
          5015.31      5.3176940E-004
          5026.60      5.6819144E-004
          5037.89      6.0682175E-004
          5049.18      6.4784220E-004
          5060.47      6.9144228E-004
          5071.76      7.3782014E-004
          5083.05      7.8718324E-004
          5094.34      8.3974914E-004
          5105.62      8.9574652E-004
          5116.91      9.5541600E-004
          5128.20      1.0190110E-003
          5139.49      1.0867989E-003
          5150.78      1.1585401E-003
          5162.07      1.2340519E-003
          5173.36      1.3137048E-003
          5184.65      1.3978789E-003
          5195.94      1.4869667E-003
          5207.23      1.5813741E-003
          5218.52      1.6815221E-003
          5229.80      1.7878492E-003
          5241.09      1.9008121E-003
          5252.38      2.0208884E-003
          5263.67      2.1485780E-003
          5274.96      2.2844049E-003
          5286.25      2.4289196E-003
          5297.54      2.5810320E-003
          5308.83      2.7398164E-003
          5320.12      2.9060960E-003
          5331.41      3.0807047E-003
          5342.70      3.2644914E-003
          5353.98      3.4583236E-003
          5365.27      3.6630909E-003
          5376.56      3.8797094E-003
          5387.85      4.1091249E-003
          5399.14      4.3523173E-003
          5410.43      4.6103041E-003
          5421.72      4.8841436E-003
          5433.01      5.1699176E-003
          5444.30      5.4641769E-003
          5455.59      5.7687041E-003
          5466.88      6.0852727E-003
          5478.16      6.4156553E-003
          5489.45      6.7616329E-003
          5500.74      7.1250031E-003
          5512.03      7.5075880E-003
          5523.32      7.9112438E-003
          5534.61      8.3378685E-003
          5545.90      8.7894082E-003
          5557.19      9.2678682E-003
          5568.48      9.7753190E-003
          5579.77      1.0297566E-002
          5591.05      1.0821922E-002
          5602.34      1.1352678E-002
          5613.63      1.1894013E-002
          5624.92      1.2450022E-002
          5636.21      1.3024735E-002
          5647.50      1.3622143E-002
          5658.79      1.4246214E-002
          5670.08      1.4900921E-002
          5681.37      1.5590284E-002
          5692.66      1.6318394E-002
          5703.95      1.7089403E-002
          5715.23      1.7363870E-002
          5726.52      1.6653659E-002
          5737.81      1.5034375E-002
          5749.10      1.2574668E-002
          5760.39      9.3367784E-003
          5771.68      5.3770358E-003
          5782.97      7.4632533E-004
          5794.26     -4.5096900E-003
          5805.55     -1.0349994E-002
          5816.84     -1.6737463E-002
          5828.12     -2.3638532E-002
          5839.41     -3.1022862E-002
          5850.70     -3.9106282E-002
          5861.99     -4.8066410E-002
          5873.28     -5.7821822E-002
          5884.57     -6.8295961E-002
          5895.86     -7.9416479E-002
          5907.15     -9.1114603E-002
          5918.44     -1.0332444E-001
          5929.73     -1.1598251E-001
          5941.02     -1.2902750E-001
          5952.30     -1.4239981E-001
          5963.59     -1.5604097E-001
          5974.88     -1.6989320E-001
          5986.17     -1.8389887E-001
          5997.46     -1.9800005E-001
          6008.75     -2.1213828E-001
          6020.04     -2.2625399E-001
          6031.33     -2.4068446E-001
          6042.62     -2.5568683E-001
          6053.91     -2.7108185E-001
          6065.20     -2.8669131E-001
          6076.48     -3.0233685E-001
          6087.77     -3.1783873E-001
          6099.06     -3.3301436E-001
          6110.35     -3.4767684E-001
          6121.64     -3.6163372E-001
          6132.93     -3.7468553E-001
          6144.22     -3.8662513E-001
          6155.51     -3.9737404E-001
          6166.80     -4.0679966E-001
          6178.09     -4.1460122E-001
          6189.38     -4.2046703E-001
          6200.66     -4.2407136E-001
          6211.95     -4.2507222E-001
          6223.24     -4.2310945E-001
          6234.53     -4.1780275E-001
          6245.82     -4.0874973E-001
          6257.11     -3.9552373E-001
          6268.40     -3.7777470E-001
          6279.69     -3.5538676E-001
          6290.98     -3.2830607E-001
          6302.27     -2.9648829E-001
          6313.55     -2.5986034E-001
          6324.84     -2.1832058E-001
          6336.13     -1.7173858E-001
          6347.42     -1.1995502E-001
          6358.71     -6.2781511E-002
          6370.00     -2.1824236E-051
