          3480.00      2.2827754E-031
          3491.29     -1.9561996E-005
          3502.58     -3.9065199E-005
          3513.87     -5.8546808E-005
          3525.16     -7.8043487E-005
          3536.45     -9.7591544E-005
          3547.73     -1.1722695E-004
          3559.02     -1.3698533E-004
          3570.31     -1.5690218E-004
          3581.60     -1.7701281E-004
          3592.89     -1.9735246E-004
          3604.18     -2.1795628E-004
          3615.47     -2.3854652E-004
          3626.76     -2.5886816E-004
          3638.05     -2.7898922E-004
          3649.34     -2.9897636E-004
          3660.62     -3.1889511E-004
          3671.91     -3.3881001E-004
          3683.20     -3.5878465E-004
          3694.49     -3.7888194E-004
          3705.78     -3.9916408E-004
          3717.07     -4.1969282E-004
          3728.36     -4.4052953E-004
          3739.65     -4.6173525E-004
          3750.94     -4.8287666E-004
          3762.23     -5.0352420E-004
          3773.52     -5.2374300E-004
          3784.80     -5.4359635E-004
          3796.09     -5.6314573E-004
          3807.38     -5.8245112E-004
          3818.67     -6.0157103E-004
          3829.96     -6.2056259E-004
          3841.25     -6.3948176E-004
          3852.54     -6.5838338E-004
          3863.83     -6.7732127E-004
          3875.12     -6.9634839E-004
          3886.41     -7.1551685E-004
          3897.70     -7.3450129E-004
          3908.98     -7.5297832E-004
          3920.27     -7.7100098E-004
          3931.56     -7.8862052E-004
          3942.85     -8.0588642E-004
          3954.14     -8.2284654E-004
          3965.43     -8.3954724E-004
          3976.72     -8.5603339E-004
          3988.01     -8.7234856E-004
          3999.30     -8.8853508E-004
          4010.59     -9.0463403E-004
          4021.88     -9.2068546E-004
          4033.16     -9.3659673E-004
          4044.45     -9.5227543E-004
          4055.74     -9.6776022E-004
          4067.03     -9.8308841E-004
          4078.32     -9.9829620E-004
          4089.61     -1.0134186E-003
          4100.90     -1.0284896E-003
          4112.19     -1.0435422E-003
          4123.48     -1.0586085E-003
          4134.77     -1.0737195E-003
          4146.05     -1.0889057E-003
          4157.34     -1.1041967E-003
          4168.63     -1.1196213E-003
          4179.92     -1.1352079E-003
          4191.21     -1.1509838E-003
          4202.50     -1.1669763E-003
          4213.79     -1.1832118E-003
          4225.08     -1.1997163E-003
          4236.37     -1.2165155E-003
          4247.66     -1.2336345E-003
          4258.95     -1.2510981E-003
          4270.23     -1.2689309E-003
          4281.52     -1.2871569E-003
          4292.81     -1.3058001E-003
          4304.10     -1.3248842E-003
          4315.39     -1.3445499E-003
          4326.68     -1.3649357E-003
          4337.97     -1.3860616E-003
          4349.26     -1.4079483E-003
          4360.55     -1.4306164E-003
          4371.84     -1.4540872E-003
          4383.12     -1.4783820E-003
          4394.41     -1.5035225E-003
          4405.70     -1.5295307E-003
          4416.99     -1.5564291E-003
          4428.28     -1.5842403E-003
          4439.57     -1.6129874E-003
          4450.86     -1.6429925E-003
          4462.15     -1.6745711E-003
          4473.44     -1.7077385E-003
          4484.73     -1.7425111E-003
          4496.02     -1.7789066E-003
          4507.30     -1.8169443E-003
          4518.59     -1.8566443E-003
          4529.88     -1.8980284E-003
          4541.17     -1.9411197E-003
          4552.46     -1.9859423E-003
          4563.75     -2.0325220E-003
          4575.04     -2.0808855E-003
          4586.33     -2.1310612E-003
          4597.62     -2.1835432E-003
          4608.91     -2.2388147E-003
          4620.20     -2.2968910E-003
          4631.48     -2.3577901E-003
          4642.77     -2.4215322E-003
          4654.06     -2.4881403E-003
          4665.35     -2.5576399E-003
          4676.64     -2.6300588E-003
          4687.93     -2.7054274E-003
          4699.22     -2.7837786E-003
          4710.51     -2.8651476E-003
          4721.80     -2.9495722E-003
          4733.09     -3.0380606E-003
          4744.38     -3.1315967E-003
          4755.66     -3.2301866E-003
          4766.95     -3.3338413E-003
          4778.24     -3.4425768E-003
          4789.53     -3.5564133E-003
          4800.82     -3.6753762E-003
          4812.11     -3.7994953E-003
          4823.40     -3.9288047E-003
          4834.69     -4.0633434E-003
          4845.98     -4.2031545E-003
          4857.27     -4.3482858E-003
          4868.55     -4.4987892E-003
          4879.84     -4.6563351E-003
          4891.13     -4.8225493E-003
          4902.42     -4.9974268E-003
          4913.71     -5.1809698E-003
          4925.00     -5.3731892E-003
          4936.29     -5.5741034E-003
          4947.58     -5.7837386E-003
          4958.87     -6.0021285E-003
          4970.16     -6.2293141E-003
          4981.45     -6.4653441E-003
          4992.73     -6.7102744E-003
          5004.02     -6.9641677E-003
          5015.31     -7.2301420E-003
          5026.60     -7.5112238E-003
          5037.89     -7.8073554E-003
          5049.18     -8.1184928E-003
          5060.47     -8.4446048E-003
          5071.76     -8.7856741E-003
          5083.05     -9.1416964E-003
          5094.34     -9.5126792E-003
          5105.62     -9.8986433E-003
          5116.91     -1.0299622E-002
          5128.20     -1.0715659E-002
          5139.49     -1.1146812E-002
          5150.78     -1.1598491E-002
          5162.07     -1.2075931E-002
          5173.36     -1.2578955E-002
          5184.65     -1.3107408E-002
          5195.94     -1.3661155E-002
          5207.23     -1.4240084E-002
          5218.52     -1.4844106E-002
          5229.80     -1.5473149E-002
          5241.09     -1.6127163E-002
          5252.38     -1.6806117E-002
          5263.67     -1.7510000E-002
          5274.96     -1.8238820E-002
          5286.25     -1.8992601E-002
          5297.54     -1.9780688E-002
          5308.83     -2.0612088E-002
          5320.12     -2.1486368E-002
          5331.41     -2.2403126E-002
          5342.70     -2.3361998E-002
          5353.98     -2.4362656E-002
          5365.27     -2.5404799E-002
          5376.56     -2.6488163E-002
          5387.85     -2.7612515E-002
          5399.14     -2.8777649E-002
          5410.43     -2.9983393E-002
          5421.72     -3.1229600E-002
          5433.01     -3.2532513E-002
          5444.30     -3.3907716E-002
          5455.59     -3.5354134E-002
          5466.88     -3.6870756E-002
          5478.16     -3.8456622E-002
          5489.45     -4.0110828E-002
          5500.74     -4.1832519E-002
          5512.03     -4.3620892E-002
          5523.32     -4.5475191E-002
          5534.61     -4.7394712E-002
          5545.90     -4.9378788E-002
          5557.19     -5.1426804E-002
          5568.48     -5.3538186E-002
          5579.77     -5.5742155E-002
          5591.05     -5.8066515E-002
          5602.34     -6.0508656E-002
          5613.63     -6.3066061E-002
          5624.92     -6.5736307E-002
          5636.21     -6.8517045E-002
          5647.50     -7.1406016E-002
          5658.79     -7.4401039E-002
          5670.08     -7.7500006E-002
          5681.37     -8.0700791E-002
          5692.66     -8.4001237E-002
          5703.95     -8.7399275E-002
          5715.23     -9.1479118E-002
          5726.52     -9.6790736E-002
          5737.81     -1.0328181E-001
          5749.10     -1.1090137E-001
          5760.39     -1.1959979E-001
          5771.68     -1.2932870E-001
          5782.97     -1.4004098E-001
          5794.26     -1.5169106E-001
          5805.55     -1.6423470E-001
          5816.84     -1.7762850E-001
          5828.12     -1.9182992E-001
          5839.41     -2.0679720E-001
          5850.70     -2.2268436E-001
          5861.99     -2.3962611E-001
          5873.28     -2.5755304E-001
          5884.57     -2.7639680E-001
          5895.86     -2.9608998E-001
          5907.15     -3.1656601E-001
          5918.44     -3.3775898E-001
          5929.73     -3.5960361E-001
          5941.02     -3.8203551E-001
          5952.30     -4.0499115E-001
          5963.59     -4.2840774E-001
          5974.88     -4.5222326E-001
          5986.17     -4.7637629E-001
          5997.46     -5.0080602E-001
          6008.75     -5.2545237E-001
          6020.04     -5.5025594E-001
          6031.33     -5.7521716E-001
          6042.62     -6.0030903E-001
          6053.91     -6.2543199E-001
          6065.20     -6.5048701E-001
          6076.48     -6.7537560E-001
          6087.77     -6.9999968E-001
          6099.06     -7.2426134E-001
          6110.35     -7.4806265E-001
          6121.64     -7.7130544E-001
          6132.93     -7.9389113E-001
          6144.22     -8.1572082E-001
          6155.51     -8.3664415E-001
          6166.80     -8.5649768E-001
          6178.09     -8.7516329E-001
          6189.38     -8.9252281E-001
          6200.66     -9.0845723E-001
          6211.95     -9.2284646E-001
          6223.24     -9.3556921E-001
          6234.53     -9.4650285E-001
          6245.82     -9.5552346E-001
          6257.11     -9.6250564E-001
          6268.40     -9.6807627E-001
          6279.69     -9.7310237E-001
          6290.98     -9.7774770E-001
          6302.27     -9.8201370E-001
          6313.55     -9.8590141E-001
          6324.84     -9.8941143E-001
          6336.13     -9.9254396E-001
          6347.42     -9.9529879E-001
          6358.71     -9.9767530E-001
          6370.00     -9.9967245E-001
