          3480.00      2.4343802E-031
          3491.29     -4.4282243E-004
          3502.58     -8.8259600E-004
          3513.87     -1.3156116E-003
          3525.16     -1.7381706E-003
          3536.45     -2.1465818E-003
          3547.73     -2.5371553E-003
          3559.02     -2.9061960E-003
          3570.31     -3.2500010E-003
          3581.60     -3.5648530E-003
          3592.89     -3.8470162E-003
          3604.18     -4.0927309E-003
          3615.47     -4.3168673E-003
          3626.76     -4.5369186E-003
          3638.05     -4.7530318E-003
          3649.34     -4.9653457E-003
          3660.62     -5.1739921E-003
          3671.91     -5.3790954E-003
          3683.20     -5.5807730E-003
          3694.49     -5.7791352E-003
          3705.78     -5.9742854E-003
          3717.07     -6.1663210E-003
          3728.36     -6.3553326E-003
          3739.65     -6.5414046E-003
          3750.94     -6.7242942E-003
          3762.23     -6.9038709E-003
          3773.52     -7.0803770E-003
          3784.80     -7.2540479E-003
          3796.09     -7.4251120E-003
          3807.38     -7.5937917E-003
          3818.67     -7.7603032E-003
          3829.96     -7.9248567E-003
          3841.25     -8.0876572E-003
          3852.54     -8.2489039E-003
          3863.83     -8.4087914E-003
          3875.12     -8.5675093E-003
          3886.41     -8.7252422E-003
          3897.70     -8.8809281E-003
          3908.98     -9.0335118E-003
          3920.27     -9.1831798E-003
          3931.56     -9.3301129E-003
          3942.85     -9.4744856E-003
          3954.14     -9.6164665E-003
          3965.43     -9.7562192E-003
          3976.72     -9.8939014E-003
          3988.01     -1.0029666E-002
          3999.30     -1.0163661E-002
          4010.59     -1.0296029E-002
          4021.88     -1.0426909E-002
          4033.16     -1.0556000E-002
          4044.45     -1.0683001E-002
          4055.74     -1.0808042E-002
          4067.03     -1.0931245E-002
          4078.32     -1.1052730E-002
          4089.61     -1.1172612E-002
          4100.90     -1.1291002E-002
          4112.19     -1.1408006E-002
          4123.48     -1.1523727E-002
          4134.77     -1.1638263E-002
          4146.05     -1.1751710E-002
          4157.34     -1.1864157E-002
          4168.63     -1.1975694E-002
          4179.92     -1.2086404E-002
          4191.21     -1.2196369E-002
          4202.50     -1.2305665E-002
          4213.79     -1.2414367E-002
          4225.08     -1.2522548E-002
          4236.37     -1.2630275E-002
          4247.66     -1.2737614E-002
          4258.95     -1.2844628E-002
          4270.23     -1.2951377E-002
          4281.52     -1.3057920E-002
          4292.81     -1.3164310E-002
          4304.10     -1.3270600E-002
          4315.39     -1.3377176E-002
          4326.68     -1.3484415E-002
          4337.97     -1.3592359E-002
          4349.26     -1.3701046E-002
          4360.55     -1.3810515E-002
          4371.84     -1.3920800E-002
          4383.12     -1.4031937E-002
          4394.41     -1.4143957E-002
          4405.70     -1.4256891E-002
          4416.99     -1.4370770E-002
          4428.28     -1.4485621E-002
          4439.57     -1.4601470E-002
          4450.86     -1.4719108E-002
          4462.15     -1.4839315E-002
          4473.44     -1.4962098E-002
          4484.73     -1.5087467E-002
          4496.02     -1.5215430E-002
          4507.30     -1.5345995E-002
          4518.59     -1.5479168E-002
          4529.88     -1.5614959E-002
          4541.17     -1.5753375E-002
          4552.46     -1.5894422E-002
          4563.75     -1.6038108E-002
          4575.04     -1.6184439E-002
          4586.33     -1.6333421E-002
          4597.62     -1.6486107E-002
          4608.91     -1.6643530E-002
          4620.20     -1.6805673E-002
          4631.48     -1.6972519E-002
          4642.77     -1.7144052E-002
          4654.06     -1.7320259E-002
          4665.35     -1.7501126E-002
          4676.64     -1.7686642E-002
          4687.93     -1.7876794E-002
          4699.22     -1.8071574E-002
          4710.51     -1.8270973E-002
          4721.80     -1.8474981E-002
          4733.09     -1.8685503E-002
          4744.38     -1.8904408E-002
          4755.66     -1.9131639E-002
          4766.95     -1.9367145E-002
          4778.24     -1.9610875E-002
          4789.53     -1.9862783E-002
          4800.82     -2.0122825E-002
          4812.11     -2.0390962E-002
          4823.40     -2.0667155E-002
          4834.69     -2.0951371E-002
          4845.98     -2.1243577E-002
          4857.27     -2.1543744E-002
          4868.55     -2.1851846E-002
          4879.84     -2.2170631E-002
          4891.13     -2.2502791E-002
          4902.42     -2.2848221E-002
          4913.71     -2.3206824E-002
          4925.00     -2.3578505E-002
          4936.29     -2.3963179E-002
          4947.58     -2.4360761E-002
          4958.87     -2.4771177E-002
          4970.16     -2.5194353E-002
          4981.45     -2.5630223E-002
          4992.73     -2.6078726E-002
          5004.02     -2.6539804E-002
          5015.31     -2.7018030E-002
          5026.60     -2.7517875E-002
          5037.89     -2.8039132E-002
          5049.18     -2.8581609E-002
          5060.47     -2.9145119E-002
          5071.76     -2.9729486E-002
          5083.05     -3.0334545E-002
          5094.34     -3.0960135E-002
          5105.62     -3.1606108E-002
          5116.91     -3.2272322E-002
          5128.20     -3.2958645E-002
          5139.49     -3.3664950E-002
          5150.78     -3.4398357E-002
          5162.07     -3.5165800E-002
          5173.36     -3.5966892E-002
          5184.65     -3.6801262E-002
          5195.94     -3.7668552E-002
          5207.23     -3.8568420E-002
          5218.52     -3.9500538E-002
          5229.80     -4.0464591E-002
          5241.09     -4.1460277E-002
          5252.38     -4.2487307E-002
          5263.67     -4.3545406E-002
          5274.96     -4.4634308E-002
          5286.25     -4.5753762E-002
          5297.54     -4.6914732E-002
          5308.83     -4.8127852E-002
          5320.12     -4.9392400E-002
          5331.41     -5.0707673E-002
          5342.70     -5.2072992E-002
          5353.98     -5.3487700E-002
          5365.27     -5.4951158E-002
          5376.56     -5.6462749E-002
          5387.85     -5.8021874E-002
          5399.14     -5.9627953E-002
          5410.43     -6.1280426E-002
          5421.72     -6.2978744E-002
          5433.01     -6.4740174E-002
          5444.30     -6.6581371E-002
          5455.59     -6.8500908E-002
          5466.88     -7.0497394E-002
          5478.16     -7.2569471E-002
          5489.45     -7.4715810E-002
          5500.74     -7.6935115E-002
          5512.03     -7.9226110E-002
          5523.32     -8.1587558E-002
          5534.61     -8.4018245E-002
          5545.90     -8.6516977E-002
          5557.19     -8.9082593E-002
          5568.48     -9.1713953E-002
          5579.77     -9.4438932E-002
          5591.05     -9.7284173E-002
          5602.34     -1.0024673E-001
          5613.63     -1.0332370E-001
          5624.92     -1.0651225E-001
          5636.21     -1.0980956E-001
          5647.50     -1.1321289E-001
          5658.79     -1.1671951E-001
          5670.08     -1.2032676E-001
          5681.37     -1.2403189E-001
          5692.66     -1.2783208E-001
          5703.95     -1.3172458E-001
          5715.23     -1.3622221E-001
          5726.52     -1.4180988E-001
          5737.81     -1.4844358E-001
          5749.10     -1.5608005E-001
          5760.39     -1.6467676E-001
          5771.68     -1.7419193E-001
          5782.97     -1.8458449E-001
          5794.26     -1.9581439E-001
          5805.55     -2.0784247E-001
          5816.84     -2.2063004E-001
          5828.12     -2.3413886E-001
          5839.41     -2.4833114E-001
          5850.70     -2.6333723E-001
          5861.99     -2.7927230E-001
          5873.28     -2.9607640E-001
          5884.57     -3.1369021E-001
          5895.86     -3.3205495E-001
          5907.15     -3.5111230E-001
          5918.44     -3.7080432E-001
          5929.73     -3.9107337E-001
          5941.02     -4.1186239E-001
          5952.30     -4.3311496E-001
          5963.59     -4.5477513E-001
          5974.88     -4.7678753E-001
          5986.17     -4.9909723E-001
          5997.46     -5.2164975E-001
          6008.75     -5.4439123E-001
          6020.04     -5.6727785E-001
          6031.33     -5.9027011E-001
          6042.62     -6.1333608E-001
          6053.91     -6.3639222E-001
          6065.20     -6.5935549E-001
          6076.48     -6.8214340E-001
          6087.77     -7.0467387E-001
          6099.06     -7.2686515E-001
          6110.35     -7.4863559E-001
          6121.64     -7.6990360E-001
          6132.93     -7.9058739E-001
          6144.22     -8.1060516E-001
          6155.51     -8.2982101E-001
          6166.80     -8.4808949E-001
          6178.09     -8.6531527E-001
          6189.38     -8.8140339E-001
          6200.66     -8.9625865E-001
          6211.95     -9.0978542E-001
          6223.24     -9.2188760E-001
          6234.53     -9.3246853E-001
          6245.82     -9.4143104E-001
          6257.11     -9.4867736E-001
          6268.40     -9.5478972E-001
          6279.69     -9.6055734E-001
          6290.98     -9.6612788E-001
          6302.27     -9.7150234E-001
          6313.55     -9.7668160E-001
          6324.84     -9.8166643E-001
          6336.13     -9.8645745E-001
          6347.42     -9.9105522E-001
          6358.71     -9.9546012E-001
          6370.00     -9.9967245E-001
