          3480.00      1.0466675E-028
          3491.29      3.4180806E-008
          3502.58      6.8509031E-008
          3513.87      1.0229976E-007
          3525.16      1.3486506E-007
          3536.45      1.6550750E-007
          3547.73      1.9351346E-007
          3559.02      2.1814653E-007
          3570.31      2.3864111E-007
          3581.60      2.5419569E-007
          3592.89      2.6396625E-007
          3604.18      2.6705947E-007
          3615.47      2.6643364E-007
          3626.76      2.6556560E-007
          3638.05      2.6429457E-007
          3649.34      2.6245306E-007
          3660.62      2.5986565E-007
          3671.91      2.5634773E-007
          3683.20      2.5170418E-007
          3694.49      2.4572805E-007
          3705.78      2.3819918E-007
          3717.07      2.2888274E-007
          3728.36      2.1752773E-007
          3739.65      2.0386543E-007
          3750.94      1.8970552E-007
          3762.23      1.7681723E-007
          3773.52      1.6486331E-007
          3784.80      1.5351324E-007
          3796.09      1.4244077E-007
          3807.38      1.3132146E-007
          3818.67      1.1983040E-007
          3829.96      1.0763992E-007
          3841.25      9.4417378E-008
          3852.54      7.9822873E-008
          3863.83      6.3507088E-008
          3875.12      4.5109017E-008
          3886.41      2.4253781E-008
          3897.70      3.3392839E-009
          3908.98     -1.5319481E-008
          3920.27     -3.2220087E-008
          3931.56     -4.7845024E-008
          3942.85     -6.2665051E-008
          3954.14     -7.7142562E-008
          3965.43     -9.1734837E-008
          3976.72     -1.0689705E-007
          3988.01     -1.2308535E-007
          3999.30     -1.4075982E-007
          4010.59     -1.6038727E-007
          4021.88     -1.8244434E-007
          4033.16     -2.0584844E-007
          4044.45     -2.2957805E-007
          4055.74     -2.5420916E-007
          4067.03     -2.8031887E-007
          4078.32     -3.0848920E-007
          4089.61     -3.3931041E-007
          4100.90     -3.7338450E-007
          4112.19     -4.1132876E-007
          4123.48     -4.5377919E-007
          4134.77     -5.0139400E-007
          4146.05     -5.5485719E-007
          4157.34     -6.1488190E-007
          4168.63     -6.8221441E-007
          4179.92     -7.5763772E-007
          4191.21     -8.4197511E-007
          4202.50     -9.3609458E-007
          4213.79     -1.0409126E-006
          4225.08     -1.1573982E-006
          4236.37     -1.2865779E-006
          4247.66     -1.4295394E-006
          4258.95     -1.5874370E-006
          4270.23     -1.7614961E-006
          4281.52     -1.9530184E-006
          4292.81     -2.1633876E-006
          4304.10     -2.3940744E-006
          4315.39     -2.6500832E-006
          4326.68     -2.9363626E-006
          4337.97     -3.2544788E-006
          4349.26     -3.6061489E-006
          4360.55     -3.9932465E-006
          4371.84     -4.4178078E-006
          4383.12     -4.8820393E-006
          4394.41     -5.3883222E-006
          4405.70     -5.9392219E-006
          4416.99     -6.5374963E-006
          4428.28     -7.1861036E-006
          4439.57     -7.8882148E-006
          4450.86     -8.6607855E-006
          4462.15     -9.5203421E-006
          4473.44     -1.0469873E-005
          4484.73     -1.1512763E-005
          4496.02     -1.2652800E-005
          4507.30     -1.3894183E-005
          4518.59     -1.5241532E-005
          4529.88     -1.6699902E-005
          4541.17     -1.8274795E-005
          4552.46     -1.9972169E-005
          4563.75     -2.1798464E-005
          4575.04     -2.3760611E-005
          4586.33     -2.5866052E-005
          4597.62     -2.8155923E-005
          4608.91     -3.0670217E-005
          4620.20     -3.3415760E-005
          4631.48     -3.6400294E-005
          4642.77     -3.9632488E-005
          4654.06     -4.3121968E-005
          4665.35     -4.6879319E-005
          4676.64     -5.0916118E-005
          4687.93     -5.5244957E-005
          4699.22     -5.9879454E-005
          4710.51     -6.4834310E-005
          4721.80     -7.0125332E-005
          4733.09     -7.5871862E-005
          4744.38     -8.2189112E-005
          4755.66     -8.9089159E-005
          4766.95     -9.6586274E-005
          4778.24     -1.0469694E-004
          4789.53     -1.1343982E-004
          4800.82     -1.2283584E-004
          4812.11     -1.3290821E-004
          4823.40     -1.4368239E-004
          4834.69     -1.5518622E-004
          4845.98     -1.6744992E-004
          4857.27     -1.8050615E-004
          4868.55     -1.9439010E-004
          4879.84     -2.0939266E-004
          4891.13     -2.2579392E-004
          4902.42     -2.4361841E-004
          4913.71     -2.6289558E-004
          4925.00     -2.8365989E-004
          4936.29     -3.0595076E-004
          4947.58     -3.2981258E-004
          4958.87     -3.5529481E-004
          4970.16     -3.8245195E-004
          4981.45     -4.1134371E-004
          4992.73     -4.4203504E-004
          5004.02     -4.7459616E-004
          5015.31     -5.0977521E-004
          5026.60     -5.4828901E-004
          5037.89     -5.9017343E-004
          5049.18     -6.3547564E-004
          5060.47     -6.8425378E-004
          5071.76     -7.3657722E-004
          5083.05     -7.9252636E-004
          5094.34     -8.5219255E-004
          5105.62     -9.1567832E-004
          5116.91     -9.8309738E-004
          5128.20     -1.0545746E-003
          5139.49     -1.1302465E-003
          5150.78     -1.2118833E-003
          5162.07     -1.3011747E-003
          5173.36     -1.3981626E-003
          5184.65     -1.5029132E-003
          5195.94     -1.6155170E-003
          5207.23     -1.7360881E-003
          5218.52     -1.8647642E-003
          5229.80     -2.0017067E-003
          5241.09     -2.1470998E-003
          5252.38     -2.3011514E-003
          5263.67     -2.4640931E-003
          5274.96     -2.6361793E-003
          5286.25     -2.8176886E-003
          5297.54     -3.0128834E-003
          5308.83     -3.2258147E-003
          5320.12     -3.4565019E-003
          5331.41     -3.7050170E-003
          5342.70     -3.9714844E-003
          5353.98     -4.2560799E-003
          5365.27     -4.5590287E-003
          5376.56     -4.8806067E-003
          5387.85     -5.2211388E-003
          5399.14     -5.5809988E-003
          5410.43     -5.9606097E-003
          5421.72     -6.3604423E-003
          5433.01     -6.7904044E-003
          5444.30     -7.2598611E-003
          5455.59     -7.7685913E-003
          5466.88     -8.3164874E-003
          5478.16     -8.9035510E-003
          5489.45     -9.5298905E-003
          5500.74     -1.0195719E-002
          5512.03     -1.0901352E-002
          5523.32     -1.1647204E-002
          5534.61     -1.2433791E-002
          5545.90     -1.3261723E-002
          5557.19     -1.4131711E-002
          5568.48     -1.5044557E-002
          5579.77     -1.6024748E-002
          5591.05     -1.7095258E-002
          5602.34     -1.8254883E-002
          5613.63     -1.9502665E-002
          5624.92     -2.0837884E-002
          5636.21     -2.2260045E-002
          5647.50     -2.3768877E-002
          5658.79     -2.5364324E-002
          5670.08     -2.7046534E-002
          5681.37     -2.8815810E-002
          5692.66     -3.0672597E-002
          5703.95     -3.2617540E-002
          5715.23     -3.5274750E-002
          5726.52     -3.9221421E-002
          5737.81     -4.4391432E-002
          5749.10     -5.0723060E-002
          5760.39     -5.8158732E-002
          5771.68     -6.6644809E-002
          5782.97     -7.6131351E-002
          5794.26     -8.6572203E-002
          5805.55     -9.7924612E-002
          5816.84     -1.1014859E-001
          5828.12     -1.2320678E-001
          5839.41     -1.3706423E-001
          5850.70     -1.5192438E-001
          5861.99     -1.6796035E-001
          5873.28     -1.8509602E-001
          5884.57     -2.0325853E-001
          5895.86     -2.2237794E-001
          5907.15     -2.4238693E-001
          5918.44     -2.6322039E-001
          5929.73     -2.8481524E-001
          5941.02     -3.0711047E-001
          5952.30     -3.3004697E-001
          5963.59     -3.5356721E-001
          5974.88     -3.7761509E-001
          5986.17     -4.0213561E-001
          5997.46     -4.2707468E-001
          6008.75     -4.5237920E-001
          6020.04     -4.7799668E-001
          6031.33     -5.0409239E-001
          6042.62     -5.3077965E-001
          6053.91     -5.5792949E-001
          6065.20     -5.8541395E-001
          6076.48     -6.1310563E-001
          6087.77     -6.4087718E-001
          6099.06     -6.6860078E-001
          6110.35     -6.9614742E-001
          6121.64     -7.2338646E-001
          6132.93     -7.5018501E-001
          6144.22     -7.7640787E-001
          6155.51     -8.0194125E-001
          6166.80     -8.2664263E-001
          6178.09     -8.5033060E-001
          6189.38     -8.7282051E-001
          6200.66     -8.9392304E-001
          6211.95     -9.1344326E-001
          6223.24     -9.3118018E-001
          6234.53     -9.4692607E-001
          6245.82     -9.6046602E-001
          6257.11     -9.7157731E-001
          6268.40     -9.8059688E-001
          6279.69     -9.8812414E-001
          6290.98     -9.9428766E-001
          6302.27     -9.9910082E-001
          6313.55     -1.0025714E+000
          6324.84     -1.0047017E+000
          6336.13     -1.0054883E+000
          6347.42     -1.0049227E+000
          6358.71     -1.0029906E+000
          6370.00     -9.9967245E-001
