          3480.00     -4.3584719E-025
          3491.29      1.3272154E-010
          3502.58      2.6730055E-010
          3513.87      4.0238541E-010
          3525.16      5.3660834E-010
          3536.45      6.6854748E-010
          3547.73      7.9668787E-010
          3559.02      9.1938180E-010
          3570.31      1.0348089E-009
          3581.60      1.1409336E-009
          3592.89      1.2354603E-009
          3604.18      1.3157857E-009
          3615.47      1.3859244E-009
          3626.76      1.4522965E-009
          3638.05      1.5155042E-009
          3649.34      1.5759666E-009
          3660.62      1.6339261E-009
          3671.91      1.6894501E-009
          3683.20      1.7424313E-009
          3694.49      1.7925844E-009
          3705.78      1.8394400E-009
          3717.07      1.8823358E-009
          3728.36      1.9204051E-009
          3739.65      1.9525618E-009
          3750.94      1.9839439E-009
          3762.23      2.0194541E-009
          3773.52      2.0574262E-009
          3784.80      2.0961002E-009
          3796.09      2.1335923E-009
          3807.38      2.1678628E-009
          3818.67      2.1966819E-009
          3829.96      2.2175941E-009
          3841.25      2.2278793E-009
          3852.54      2.2245116E-009
          3863.83      2.2041144E-009
          3875.12      2.1629115E-009
          3886.41      2.0966741E-009
          3897.70      2.0277042E-009
          3908.98      1.9766793E-009
          3920.27      1.9366876E-009
          3931.56      1.9009017E-009
          3942.85      1.8624745E-009
          3954.14      1.8144354E-009
          3965.43      1.7495866E-009
          3976.72      1.6603991E-009
          3988.01      1.5389069E-009
          3999.30      1.3765971E-009
          4010.59      1.1642976E-009
          4021.88      8.9205645E-010
          4033.16      5.7559978E-010
          4044.45      2.2830509E-010
          4055.74     -1.6430308E-010
          4067.03     -6.1730461E-010
          4078.32     -1.1465764E-009
          4089.61     -1.7689870E-009
          4100.90     -2.5025976E-009
          4112.19     -3.3668762E-009
          4123.48     -4.3829178E-009
          4134.77     -5.5736799E-009
          4146.05     -6.9642327E-009
          4157.34     -8.5820211E-009
          4168.63     -1.0457157E-008
          4179.92     -1.2622724E-008
          4191.21     -1.5115099E-008
          4202.50     -1.7974324E-008
          4213.79     -2.1244482E-008
          4225.08     -2.4974117E-008
          4236.37     -2.9216692E-008
          4247.66     -3.4031059E-008
          4258.95     -3.9482023E-008
          4270.23     -4.5640899E-008
          4281.52     -5.2586132E-008
          4292.81     -6.0404003E-008
          4304.10     -6.9189353E-008
          4315.39     -7.9183782E-008
          4326.68     -9.0629520E-008
          4337.97     -1.0364027E-007
          4349.26     -1.1834518E-007
          4360.55     -1.3488977E-007
          4371.84     -1.5343700E-007
          4383.12     -1.7416850E-007
          4394.41     -1.9728583E-007
          4405.70     -2.2301200E-007
          4416.99     -2.5159314E-007
          4428.28     -2.8330016E-007
          4439.57     -3.1843094E-007
          4450.86     -3.5809048E-007
          4462.15     -4.0335769E-007
          4473.44     -4.5455217E-007
          4484.73     -5.1204717E-007
          4496.02     -5.7627170E-007
          4507.30     -6.4771307E-007
          4518.59     -7.2691953E-007
          4529.88     -8.1450395E-007
          4541.17     -9.1114747E-007
          4552.46     -1.0176035E-006
          4563.75     -1.1347028E-006
          4575.04     -1.2633585E-006
          4586.33     -1.4045722E-006
          4597.62     -1.5621826E-006
          4608.91     -1.7399219E-006
          4620.20     -1.9388289E-006
          4631.48     -2.1601153E-006
          4642.77     -2.4051711E-006
          4654.06     -2.6755719E-006
          4665.35     -2.9730868E-006
          4676.64     -3.2996875E-006
          4687.93     -3.6575594E-006
          4699.22     -4.0491123E-006
          4710.51     -4.4769956E-006
          4721.80     -4.9441123E-006
          4733.09     -5.4652814E-006
          4744.38     -6.0547170E-006
          4755.66     -6.7150232E-006
          4766.95     -7.4493553E-006
          4778.24     -8.2614309E-006
          4789.53     -9.1555396E-006
          4800.82     -1.0136565E-005
          4812.11     -1.1210002E-005
          4823.40     -1.2381981E-005
          4834.69     -1.3659300E-005
          4845.98     -1.5049454E-005
          4857.27     -1.6560672E-005
          4868.55     -1.8201959E-005
          4879.84     -2.0023151E-005
          4891.13     -2.2071845E-005
          4902.42     -2.4355557E-005
          4913.71     -2.6883503E-005
          4925.00     -2.9666620E-005
          4936.29     -3.2717598E-005
          4947.58     -3.6050918E-005
          4958.87     -3.9682906E-005
          4970.16     -4.3631787E-005
          4981.45     -4.7917771E-005
          4992.73     -5.2563138E-005
          5004.02     -5.7592312E-005
          5015.31     -6.3174088E-005
          5026.60     -6.9468404E-005
          5037.89     -7.6491916E-005
          5049.18     -8.4266359E-005
          5060.47     -9.2818522E-005
          5071.76     -1.0218032E-004
          5083.05     -1.1238887E-004
          5094.34     -1.2348648E-004
          5105.62     -1.3552094E-004
          5116.91     -1.4854553E-004
          5128.20     -1.6261931E-004
          5139.49     -1.7780728E-004
          5150.78     -1.9463443E-004
          5162.07     -2.1359540E-004
          5173.36     -2.3472512E-004
          5184.65     -2.5807285E-004
          5195.94     -2.8370222E-004
          5207.23     -3.1169110E-004
          5218.52     -3.4213169E-004
          5229.80     -3.7513072E-004
          5241.09     -4.1080949E-004
          5252.38     -4.4930444E-004
          5263.67     -4.9076734E-004
          5274.96     -5.3536572E-004
          5286.25     -5.8328358E-004
          5297.54     -6.3621509E-004
          5308.83     -6.9574867E-004
          5320.12     -7.6195423E-004
          5331.41     -8.3494343E-004
          5342.70     -9.1486939E-004
          5353.98     -1.0019262E-003
          5365.27     -1.0963486E-003
          5376.56     -1.1984124E-003
          5387.85     -1.3084345E-003
          5399.14     -1.4267738E-003
          5410.43     -1.5538315E-003
          5421.72     -1.6900522E-003
          5433.01     -1.8405344E-003
          5444.30     -2.0100269E-003
          5455.59     -2.1985706E-003
          5466.88     -2.4063222E-003
          5478.16     -2.6335506E-003
          5489.45     -2.8806351E-003
          5500.74     -3.1480642E-003
          5512.03     -3.4364339E-003
          5523.32     -3.7464483E-003
          5534.61     -4.0789195E-003
          5545.90     -4.4347672E-003
          5557.19     -4.8150220E-003
          5568.48     -5.2208254E-003
          5579.77     -5.6688401E-003
          5591.05     -6.1744672E-003
          5602.34     -6.7372959E-003
          5613.63     -7.3572498E-003
          5624.92     -8.0345744E-003
          5636.21     -8.7698250E-003
          5647.50     -9.5638630E-003
          5658.79     -1.0417846E-002
          5670.08     -1.1333226E-002
          5681.37     -1.2311714E-002
          5692.66     -1.3355279E-002
          5703.95     -1.4466181E-002
          5715.23     -1.6172218E-002
          5726.52     -1.8950865E-002
          5737.81     -2.2735144E-002
          5749.10     -2.7465646E-002
          5760.39     -3.3089990E-002
          5771.68     -3.9562324E-002
          5782.97     -4.6842859E-002
          5794.26     -5.4897662E-002
          5805.55     -6.3698095E-002
          5816.84     -7.3220078E-002
          5828.12     -8.3443804E-002
          5839.41     -9.4353415E-002
          5850.70     -1.0617671E-001
          5861.99     -1.1910390E-001
          5873.28     -1.3307027E-001
          5884.57     -1.4801698E-001
          5895.86     -1.6389040E-001
          5907.15     -1.8064151E-001
          5918.44     -1.9822521E-001
          5929.73     -2.1659993E-001
          5941.02     -2.3572737E-001
          5952.30     -2.5557209E-001
          5963.59     -2.7610095E-001
          5974.88     -2.9728278E-001
          5986.17     -3.1908779E-001
          5997.46     -3.4148728E-001
          6008.75     -3.6445336E-001
          6020.04     -3.8795852E-001
          6031.33     -4.1238893E-001
          6042.62     -4.3805017E-001
          6053.91     -4.6479701E-001
          6065.20     -4.9248741E-001
          6076.48     -5.2098138E-001
          6087.77     -5.5013961E-001
          6099.06     -5.7982218E-001
          6110.35     -6.0988703E-001
          6121.64     -6.4018875E-001
          6132.93     -6.7057717E-001
          6144.22     -7.0089673E-001
          6155.51     -7.3113548E-001
          6166.80     -7.6122777E-001
          6178.09     -7.9092881E-001
          6189.38     -8.1998555E-001
          6200.66     -8.4813357E-001
          6211.95     -8.7509478E-001
          6223.24     -9.0057557E-001
          6234.53     -9.2426478E-001
          6245.82     -9.4583180E-001
          6257.11     -9.6492442E-001
          6268.40     -9.8120148E-001
          6279.69     -9.9455300E-001
          6290.98     -1.0050124E+000
          6302.27     -1.0126476E+000
          6313.55     -1.0175001E+000
          6324.84     -1.0195855E+000
          6336.13     -1.0188938E+000
          6347.42     -1.0153894E+000
          6358.71     -1.0090112E+000
          6370.00     -9.9967245E-001
