          3480.00      0.0000000E+000
          3491.29      2.0848562E-002
          3502.58      2.0666126E-002
          3513.87      2.0484539E-002
          3525.16      2.0303769E-002
          3536.45      2.0123799E-002
          3547.73      1.9944627E-002
          3559.02      1.9766245E-002
          3570.31      1.9588643E-002
          3581.60      1.9411808E-002
          3592.89      1.9235729E-002
          3604.18      1.9060390E-002
          3615.47      1.8885801E-002
          3626.76      1.8711960E-002
          3638.05      1.8538837E-002
          3649.34      1.8366406E-002
          3660.62      1.8194642E-002
          3671.91      1.8023525E-002
          3683.20      1.7853034E-002
          3694.49      1.7683153E-002
          3705.78      1.7513863E-002
          3717.07      1.7345148E-002
          3728.36      1.7176992E-002
          3739.65      1.7009525E-002
          3750.94      1.6842853E-002
          3762.23      1.6676926E-002
          3773.52      1.6511702E-002
          3784.80      1.6347142E-002
          3796.09      1.6183209E-002
          3807.38      1.6019872E-002
          3818.67      1.5857101E-002
          3829.96      1.5694868E-002
          3841.25      1.5533147E-002
          3852.54      1.5371915E-002
          3863.83      1.5211466E-002
          3875.12      1.5052058E-002
          3886.41      1.4893617E-002
          3897.70      1.4736073E-002
          3908.98      1.4579364E-002
          3920.27      1.4423430E-002
          3931.56      1.4268218E-002
          3942.85      1.4113676E-002
          3954.14      1.3959797E-002
          3965.43      1.3806572E-002
          3976.72      1.3653955E-002
          3988.01      1.3501900E-002
          3999.30      1.3350365E-002
          4010.59      1.3199310E-002
          4021.88      1.3048697E-002
          4033.16      1.2898600E-002
          4044.45      1.2749085E-002
          4055.74      1.2600105E-002
          4067.03      1.2451616E-002
          4078.32      1.2303574E-002
          4089.61      1.2155939E-002
          4100.90      1.2008741E-002
          4112.19      1.1862007E-002
          4123.48      1.1715694E-002
          4134.77      1.1569759E-002
          4146.05      1.1424500E-002
          4157.34      1.1280190E-002
          4168.63      1.1136910E-002
          4179.92      1.0994729E-002
          4191.21      1.0853689E-002
          4202.50      1.0714074E-002
          4213.79      1.0576026E-002
          4225.08      1.0439494E-002
          4236.37      1.0304425E-002
          4247.66      1.0170706E-002
          4258.95      1.0038307E-002
          4270.23      9.9071965E-003
          4281.52      9.7772664E-003
          4292.81      9.6485173E-003
          4304.10      9.5209464E-003
          4315.39      9.3944482E-003
          4326.68      9.2689217E-003
          4337.97      9.1443861E-003
          4349.26      9.0208558E-003
          4360.55      8.8982367E-003
          4371.84      8.7764394E-003
          4383.12      8.6552050E-003
          4394.41      8.5342911E-003
          4405.70      8.4136295E-003
          4416.99      8.2931335E-003
          4428.28      8.1727211E-003
          4439.57      8.0523338E-003
          4450.86      7.9318947E-003
          4462.15      7.8113308E-003
          4473.44      7.6904915E-003
          4484.73      7.5692352E-003
          4496.02      7.4473287E-003
          4507.30      7.3244228E-003
          4518.59      7.2003822E-003
          4529.88      7.0751157E-003
          4541.17      6.9485106E-003
          4552.46      6.8205743E-003
          4563.75      6.6913446E-003
          4575.04      6.5608229E-003
          4586.33      6.4289975E-003
          4597.62      6.2958593E-003
          4608.91      6.1613839E-003
          4620.20      6.0255634E-003
          4631.48      5.8884284E-003
          4642.77      5.7499703E-003
          4654.06      5.6101604E-003
          4665.35      5.4690103E-003
          4676.64      5.3265617E-003
          4687.93      5.1828392E-003
          4699.22      5.0378337E-003
          4710.51      4.8915292E-003
          4721.80      4.7439083E-003
          4733.09      4.5949219E-003
          4744.38      4.4444891E-003
          4755.66      4.2925466E-003
          4766.95      4.1390699E-003
          4778.24      3.9840356E-003
          4789.53      3.8273959E-003
          4800.82      3.6691238E-003
          4812.11      3.5092029E-003
          4823.40      3.3476170E-003
          4834.69      3.1843469E-003
          4845.98      3.0193738E-003
          4857.27      2.8526705E-003
          4868.55      2.6842099E-003
          4879.84      2.5139890E-003
          4891.13      2.3419879E-003
          4902.42      2.1681862E-003
          4913.71      1.9925435E-003
          4925.00      1.8149931E-003
          4936.29      1.6355051E-003
          4947.58      1.4540694E-003
          4958.87      1.2706748E-003
          4970.16      1.0853160E-003
          4981.45      8.9797666E-004
          4992.73      7.0863971E-004
          5004.02      5.1729751E-004
          5015.31      3.2393972E-004
          5026.60      1.2855530E-004
          5037.89     -6.8865261E-005
          5049.18     -2.6829213E-004
          5060.47     -4.6969598E-004
          5071.76     -6.7309914E-004
          5083.05     -8.7852705E-004
          5094.34     -1.0859951E-003
          5105.62     -1.2954951E-003
          5116.91     -1.5070061E-003
          5128.20     -1.7205650E-003
          5139.49     -1.9362246E-003
          5150.78     -2.1540287E-003
          5162.07     -2.3740295E-003
          5173.36     -2.5962568E-003
          5184.65     -2.8207065E-003
          5195.94     -3.0473770E-003
          5207.23     -3.2762270E-003
          5218.52     -3.5072182E-003
          5229.80     -3.7403294E-003
          5241.09     -3.9755414E-003
          5252.38     -4.2127723E-003
          5263.67     -4.4517658E-003
          5274.96     -4.6923881E-003
          5286.25     -4.9344994E-003
          5297.54     -5.1779656E-003
          5308.83     -5.4225165E-003
          5320.12     -5.6678919E-003
          5331.41     -5.9135274E-003
          5342.70     -6.1582034E-003
          5353.98     -6.4009210E-003
          5365.27     -6.6402562E-003
          5376.56     -6.8752779E-003
          5387.85     -7.1026738E-003
          5399.14     -7.3192717E-003
          5410.43     -7.5206370E-003
          5421.72     -7.6969788E-003
          5433.01     -7.8438483E-003
          5444.30     -7.9595635E-003
          5455.59     -8.0399807E-003
          5466.88     -8.0810610E-003
          5478.16     -8.0800619E-003
          5489.45     -8.0363868E-003
          5500.74     -7.9513432E-003
          5512.03     -7.8282377E-003
          5523.32     -7.6686741E-003
          5534.61     -7.4744823E-003
          5545.90     -7.2512492E-003
          5557.19     -7.0045494E-003
          5568.48     -6.7381576E-003
          5579.77     -6.4558165E-003
          5591.05     -6.1615975E-003
          5602.34     -5.8603417E-003
          5613.63     -5.5564044E-003
          5624.92     -5.2519895E-003
          5636.21     -4.9495691E-003
          5647.50     -4.6514551E-003
          5658.79     -4.3590060E-003
          5670.08     -4.0731752E-003
          5681.37     -3.7948928E-003
          5692.66     -3.5252193E-003
          5703.95     -3.2646249E-003
          5715.23     -3.0133555E-003
          5726.52     -2.7715932E-003
          5737.81     -2.5394322E-003
          5749.10     -2.3167861E-003
          5760.39     -2.1035671E-003
          5771.68     -1.8997160E-003
          5782.97     -1.7051962E-003
          5794.26     -1.5198752E-003
          5805.55     -1.3435388E-003
          5816.84     -1.1760141E-003
          5828.12     -1.0170335E-003
          5839.41     -8.6632082E-004
          5850.70     -7.2361234E-004
          5861.99     -5.8869181E-004
          5873.28     -4.6134685E-004
          5884.57     -3.4138478E-004
          5895.86     -2.2861361E-004
          5907.15     -1.2278266E-004
          5918.44     -2.3663036E-005
          5929.73      6.8957592E-005
          5941.02      1.5528650E-004
          5952.30      2.3551892E-004
          5963.59      3.0985615E-004
          5974.88      3.7848457E-004
          5986.17      4.4156759E-004
          5997.46      4.9925720E-004
          6008.75      5.5168673E-004
          6020.04      5.9899608E-004
          6031.33      6.4131950E-004
          6042.62      6.7877376E-004
          6053.91      7.1147598E-004
          6065.20      7.3953562E-004
          6076.48      7.6304424E-004
          6087.77      7.8208414E-004
          6099.06      7.9674144E-004
          6110.35      8.0709777E-004
          6121.64      8.1323086E-004
          6132.93      8.1521340E-004
          6144.22      8.1311131E-004
          6155.51      8.0699258E-004
          6166.80      7.9692180E-004
          6178.09      7.8296313E-004
          6189.38      7.6518186E-004
          6200.66      7.4363997E-004
          6211.95      7.1839525E-004
          6223.24      6.8950198E-004
          6234.53      6.5701045E-004
          6245.82      6.2096674E-004
          6257.11      5.8141326E-004
          6268.40      5.3838822E-004
          6279.69      4.9192449E-004
          6290.98      4.4205309E-004
          6302.27      3.8880635E-004
          6313.55      3.3221584E-004
          6324.84      2.7231022E-004
          6336.13      2.0911484E-004
          6347.42      1.4265209E-004
          6358.71      7.2941631E-005
          6370.00      0.0000000E+000
