          3480.00     -2.3059593E-004
          3491.29     -2.3093736E-004
          3502.58     -2.2936924E-004
          3513.87     -2.2625705E-004
          3525.16     -2.2190843E-004
          3536.45     -2.1658253E-004
          3547.73     -2.1050159E-004
          3559.02     -2.0385311E-004
          3570.31     -1.9679451E-004
          3581.60     -1.8945721E-004
          3592.89     -1.8195019E-004
          3604.18     -1.7436298E-004
          3615.47     -1.6677680E-004
          3626.76     -1.5926026E-004
          3638.05     -1.5186213E-004
          3649.34     -1.4462048E-004
          3660.62     -1.3756418E-004
          3671.91     -1.3071418E-004
          3683.20     -1.2408456E-004
          3694.49     -1.1768350E-004
          3705.78     -1.1151402E-004
          3717.07     -1.0557462E-004
          3728.36     -9.9859818E-005
          3739.65     -9.4387915E-005
          3750.94     -8.9179001E-005
          3762.23     -8.4226159E-005
          3773.52     -7.9520789E-005
          3784.80     -7.5052855E-005
          3796.09     -7.0811092E-005
          3807.38     -6.6783136E-005
          3818.67     -6.2955654E-005
          3829.96     -5.9314437E-005
          3841.25     -5.5844430E-005
          3852.54     -5.2529758E-005
          3863.83     -4.9385146E-005
          3875.12     -4.6429581E-005
          3886.41     -4.3653074E-005
          3897.70     -4.1045778E-005
          3908.98     -3.8598021E-005
          3920.27     -3.6300320E-005
          3931.56     -3.4143379E-005
          3942.85     -3.2118086E-005
          3954.14     -3.0218029E-005
          3965.43     -2.8437329E-005
          3976.72     -2.6767974E-005
          3988.01     -2.5202147E-005
          3999.30     -2.3732205E-005
          4010.59     -2.2350665E-005
          4021.88     -2.1050158E-005
          4033.16     -1.9827861E-005
          4044.45     -1.8681626E-005
          4055.74     -1.7605275E-005
          4067.03     -1.6592753E-005
          4078.32     -1.5638092E-005
          4089.61     -1.4735381E-005
          4100.90     -1.3880596E-005
          4112.19     -1.3069941E-005
          4123.48     -1.2297870E-005
          4134.77     -1.1558800E-005
          4146.05     -1.0853673E-005
          4157.34     -1.0184212E-005
          4168.63     -9.5485731E-006
          4179.92     -8.9452717E-006
          4191.21     -8.3722478E-006
          4202.50     -7.8311180E-006
          4213.79     -7.3223115E-006
          4225.08     -6.8439637E-006
          4236.37     -6.3944239E-006
          4247.66     -5.9714306E-006
          4258.95     -5.5735952E-006
          4270.23     -5.1997295E-006
          4281.52     -4.8480272E-006
          4292.81     -4.5176258E-006
          4304.10     -4.2078705E-006
          4315.39     -3.9174099E-006
          4326.68     -3.6449872E-006
          4337.97     -3.3901914E-006
          4349.26     -3.1528048E-006
          4360.55     -2.9320475E-006
          4371.84     -2.7272446E-006
          4383.12     -2.5368887E-006
          4394.41     -2.3594442E-006
          4405.70     -2.1942820E-006
          4416.99     -2.0407479E-006
          4428.28     -1.8982453E-006
          4439.57     -1.7663363E-006
          4450.86     -1.6445669E-006
          4462.15     -1.5325382E-006
          4473.44     -1.4296251E-006
          4484.73     -1.3352174E-006
          4496.02     -1.2484429E-006
          4507.30     -1.1679798E-006
          4518.59     -1.0931181E-006
          4529.88     -1.0233149E-006
          4541.17     -9.5795172E-007
          4552.46     -8.9673035E-007
          4563.75     -8.3946103E-007
          4575.04     -7.8589620E-007
          4586.33     -7.3577726E-007
          4597.62     -6.8886825E-007
          4608.91     -6.4492089E-007
          4620.20     -6.0372477E-007
          4631.48     -5.6515044E-007
          4642.77     -5.2902747E-007
          4654.06     -4.9516333E-007
          4665.35     -4.6343096E-007
          4676.64     -4.3375580E-007
          4687.93     -4.0605989E-007
          4699.22     -3.8023789E-007
          4710.51     -3.5618767E-007
          4721.80     -3.3381462E-007
          4733.09     -3.1300350E-007
          4744.38     -2.9361465E-007
          4755.66     -2.7552672E-007
          4766.95     -2.5865372E-007
          4778.24     -2.4291808E-007
          4789.53     -2.2822879E-007
          4800.82     -2.1451238E-007
          4812.11     -2.0170761E-007
          4823.40     -1.8975671E-007
          4834.69     -1.7860554E-007
          4845.98     -1.6820286E-007
          4857.27     -1.5849790E-007
          4868.55     -1.4944197E-007
          4879.84     -1.4100028E-007
          4891.13     -1.3313463E-007
          4902.42     -1.2580880E-007
          4913.71     -1.1898221E-007
          4925.00     -1.1260633E-007
          4936.29     -1.0664584E-007
          4947.58     -1.0107369E-007
          4958.87     -9.5864191E-008
          4970.16     -9.0994808E-008
          4981.45     -8.6441895E-008
          4992.73     -8.2182750E-008
          5004.02     -7.8198014E-008
          5015.31     -7.4469010E-008
          5026.60     -7.0977892E-008
          5037.89     -6.7708032E-008
          5049.18     -6.4650426E-008
          5060.47     -6.1797486E-008
          5071.76     -5.9134252E-008
          5083.05     -5.6645805E-008
          5094.34     -5.4319189E-008
          5105.62     -5.2145019E-008
          5116.91     -5.0116232E-008
          5128.20     -4.8219578E-008
          5139.49     -4.6440003E-008
          5150.78     -4.4763793E-008
          5162.07     -4.3176413E-008
          5173.36     -4.1665497E-008
          5184.65     -4.0221390E-008
          5195.94     -3.8834386E-008
          5207.23     -3.7497141E-008
          5218.52     -3.6202283E-008
          5229.80     -3.4940624E-008
          5241.09     -3.3702770E-008
          5252.38     -3.2481545E-008
          5263.67     -3.1277203E-008
          5274.96     -3.0084498E-008
          5286.25     -2.8896613E-008
          5297.54     -2.7706511E-008
          5308.83     -2.6508714E-008
          5320.12     -2.5297521E-008
          5331.41     -2.4069786E-008
          5342.70     -2.2832054E-008
          5353.98     -2.1585120E-008
          5365.27     -2.0330878E-008
          5376.56     -1.9065992E-008
          5387.85     -1.7797546E-008
          5399.14     -1.6533328E-008
          5410.43     -1.5279643E-008
          5421.72     -1.4063332E-008
          5433.01     -1.2893303E-008
          5444.30     -1.1768437E-008
          5455.59     -1.0695553E-008
          5466.88     -9.6819720E-009
          5478.16     -8.7335945E-009
          5489.45     -7.8529854E-009
          5500.74     -7.0401084E-009
          5512.03     -6.2917468E-009
          5523.32     -5.6085894E-009
          5534.61     -4.9921779E-009
          5545.90     -4.4372557E-009
          5557.19     -3.9380532E-009
          5568.48     -3.4919495E-009
          5579.77     -3.0962471E-009
          5591.05     -2.7471783E-009
          5602.34     -2.4386425E-009
          5613.63     -2.1642875E-009
          5624.92     -1.9214222E-009
          5636.21     -1.7063582E-009
          5647.50     -1.5149582E-009
          5658.79     -1.3446910E-009
          5670.08     -1.1935544E-009
          5681.37     -1.0594393E-009
          5692.66     -9.3959608E-010
          5703.95     -8.3233463E-010
          5715.23     -7.3635042E-010
          5726.52     -6.5039714E-010
          5737.81     -5.7335314E-010
          5749.10     -5.0447286E-010
          5760.39     -4.4303892E-010
          5771.68     -3.8825249E-010
          5782.97     -3.3926122E-010
          5794.26     -2.9535294E-010
          5805.55     -2.5600586E-010
          5816.84     -2.2062658E-010
          5828.12     -1.8884706E-010
          5839.41     -1.6037084E-010
          5850.70     -1.3492230E-010
          5861.99     -1.1218616E-010
          5873.28     -9.1863145E-011
          5884.57     -7.3660931E-011
          5895.86     -5.7299739E-011
          5907.15     -4.2624979E-011
          5918.44     -2.9489242E-011
          5929.73     -1.7756031E-011
          5941.02     -7.3074980E-012
          5952.30      1.9649647E-012
          5963.59      1.0144324E-011
          5974.88      1.7305796E-011
          5986.17      2.3529215E-011
          5997.46      2.8887549E-011
          6008.75      3.3456408E-011
          6020.04      3.7295954E-011
          6031.33      4.0461187E-011
          6042.62      4.3011482E-011
          6053.91      4.4997755E-011
          6065.20      4.6466843E-011
          6076.48      4.7467914E-011
          6087.77      4.8049010E-011
          6099.06      4.8251585E-011
          6110.35      4.8113176E-011
          6121.64      4.7667986E-011
          6132.93      4.6946067E-011
          6144.22      4.5974748E-011
          6155.51      4.4777960E-011
          6166.80      4.3377712E-011
          6178.09      4.1794054E-011
          6189.38      4.0045179E-011
          6200.66      3.8147829E-011
          6211.95      3.6117423E-011
          6223.24      3.3968184E-011
          6234.53      3.1713346E-011
          6245.82      2.9365223E-011
          6257.11      2.6935311E-011
          6268.40      2.4434288E-011
          6279.69      2.1871656E-011
          6290.98      1.9255450E-011
          6302.27      1.6592774E-011
          6313.55      1.3890352E-011
          6324.84      1.1154660E-011
          6336.13      8.3918873E-012
          6347.42      5.6080092E-012
          6358.71      2.8088194E-012
          6370.00     -2.0505649E-047
