          3480.00     -2.3059593E-004
          3491.29     -2.3223107E-004
          3502.58     -2.3381954E-004
          3513.87     -2.3536257E-004
          3525.16     -2.3686132E-004
          3536.45     -2.3831692E-004
          3547.73     -2.3973046E-004
          3559.02     -2.4110297E-004
          3570.31     -2.4243547E-004
          3581.60     -2.4372892E-004
          3592.89     -2.4498424E-004
          3604.18     -2.4620232E-004
          3615.47     -2.4738406E-004
          3626.76     -2.4853037E-004
          3638.05     -2.4964202E-004
          3649.34     -2.5071978E-004
          3660.62     -2.5176438E-004
          3671.91     -2.5277651E-004
          3683.20     -2.5375685E-004
          3694.49     -2.5470604E-004
          3705.78     -2.5562467E-004
          3717.07     -2.5651334E-004
          3728.36     -2.5737259E-004
          3739.65     -2.5820338E-004
          3750.94     -2.5900668E-004
          3762.23     -2.5978300E-004
          3773.52     -2.6053281E-004
          3784.80     -2.6125660E-004
          3796.09     -2.6195478E-004
          3807.38     -2.6262777E-004
          3818.67     -2.6327596E-004
          3829.96     -2.6389973E-004
          3841.25     -2.6449942E-004
          3852.54     -2.6507534E-004
          3863.83     -2.6562900E-004
          3875.12     -2.6616192E-004
          3886.41     -2.6667443E-004
          3897.70     -2.6716685E-004
          3908.98     -2.6763949E-004
          3920.27     -2.6809264E-004
          3931.56     -2.6852656E-004
          3942.85     -2.6894149E-004
          3954.14     -2.6933785E-004
          3965.43     -2.6971602E-004
          3976.72     -2.7007622E-004
          3988.01     -2.7041863E-004
          3999.30     -2.7074343E-004
          4010.59     -2.7105079E-004
          4021.88     -2.7134086E-004
          4033.16     -2.7161425E-004
          4044.45     -2.7187160E-004
          4055.74     -2.7211303E-004
          4067.03     -2.7233868E-004
          4078.32     -2.7254863E-004
          4089.61     -2.7274299E-004
          4100.90     -2.7292214E-004
          4112.19     -2.7308649E-004
          4123.48     -2.7323611E-004
          4134.77     -2.7337105E-004
          4146.05     -2.7349296E-004
          4157.34     -2.7360353E-004
          4168.63     -2.7370360E-004
          4179.92     -2.7379403E-004
          4191.21     -2.7387555E-004
          4202.50     -2.7395016E-004
          4213.79     -2.7401927E-004
          4225.08     -2.7408338E-004
          4236.37     -2.7414300E-004
          4247.66     -2.7419830E-004
          4258.95     -2.7424984E-004
          4270.23     -2.7429821E-004
          4281.52     -2.7434357E-004
          4292.81     -2.7438665E-004
          4304.10     -2.7442820E-004
          4315.39     -2.7446839E-004
          4326.68     -2.7450737E-004
          4337.97     -2.7454599E-004
          4349.26     -2.7458509E-004
          4360.55     -2.7462489E-004
          4371.84     -2.7466561E-004
          4383.12     -2.7470637E-004
          4394.41     -2.7474628E-004
          4405.70     -2.7478547E-004
          4416.99     -2.7482390E-004
          4428.28     -2.7486155E-004
          4439.57     -2.7489852E-004
          4450.86     -2.7493476E-004
          4462.15     -2.7497022E-004
          4473.44     -2.7500430E-004
          4484.73     -2.7503639E-004
          4496.02     -2.7506516E-004
          4507.30     -2.7508839E-004
          4518.59     -2.7510513E-004
          4529.88     -2.7511473E-004
          4541.17     -2.7511632E-004
          4552.46     -2.7510980E-004
          4563.75     -2.7509531E-004
          4575.04     -2.7507275E-004
          4586.33     -2.7504191E-004
          4597.62     -2.7500262E-004
          4608.91     -2.7495459E-004
          4620.20     -2.7489763E-004
          4631.48     -2.7483180E-004
          4642.77     -2.7475693E-004
          4654.06     -2.7467269E-004
          4665.35     -2.7457903E-004
          4676.64     -2.7447608E-004
          4687.93     -2.7436388E-004
          4699.22     -2.7424227E-004
          4710.51     -2.7411104E-004
          4721.80     -2.7396995E-004
          4733.09     -2.7381859E-004
          4744.38     -2.7365629E-004
          4755.66     -2.7348251E-004
          4766.95     -2.7329691E-004
          4778.24     -2.7309914E-004
          4789.53     -2.7288873E-004
          4800.82     -2.7266528E-004
          4812.11     -2.7242849E-004
          4823.40     -2.7217802E-004
          4834.69     -2.7191353E-004
          4845.98     -2.7163469E-004
          4857.27     -2.7134108E-004
          4868.55     -2.7103232E-004
          4879.84     -2.7070813E-004
          4891.13     -2.7036814E-004
          4902.42     -2.7001198E-004
          4913.71     -2.6963918E-004
          4925.00     -2.6924914E-004
          4936.29     -2.6884141E-004
          4947.58     -2.6841565E-004
          4958.87     -2.6797149E-004
          4970.16     -2.6750858E-004
          4981.45     -2.6702656E-004
          4992.73     -2.6652501E-004
          5004.02     -2.6600359E-004
          5015.31     -2.6546192E-004
          5026.60     -2.6489963E-004
          5037.89     -2.6431635E-004
          5049.18     -2.6371182E-004
          5060.47     -2.6308579E-004
          5071.76     -2.6243786E-004
          5083.05     -2.6176760E-004
          5094.34     -2.6107462E-004
          5105.62     -2.6035857E-004
          5116.91     -2.5961912E-004
          5128.20     -2.5885584E-004
          5139.49     -2.5806823E-004
          5150.78     -2.5725581E-004
          5162.07     -2.5641808E-004
          5173.36     -2.5555459E-004
          5184.65     -2.5466492E-004
          5195.94     -2.5374864E-004
          5207.23     -2.5280536E-004
          5218.52     -2.5183468E-004
          5229.80     -2.5083618E-004
          5241.09     -2.4980941E-004
          5252.38     -2.4875395E-004
          5263.67     -2.4766944E-004
          5274.96     -2.4655546E-004
          5286.25     -2.4541155E-004
          5297.54     -2.4423725E-004
          5308.83     -2.4303205E-004
          5320.12     -2.4179543E-004
          5331.41     -2.4052670E-004
          5342.70     -2.3922485E-004
          5353.98     -2.3788896E-004
          5365.27     -2.3651781E-004
          5376.56     -2.3511051E-004
          5387.85     -2.3366449E-004
          5399.14     -2.3217745E-004
          5410.43     -2.3064620E-004
          5421.72     -2.2906406E-004
          5433.01     -2.2742837E-004
          5444.30     -2.2573845E-004
          5455.59     -2.2399217E-004
          5466.88     -2.2218765E-004
          5478.16     -2.2032402E-004
          5489.45     -2.1840186E-004
          5500.74     -2.1642290E-004
          5512.03     -2.1438999E-004
          5523.32     -2.1230525E-004
          5534.61     -2.1017104E-004
          5545.90     -2.0799132E-004
          5557.19     -2.0576994E-004
          5568.48     -2.0351013E-004
          5579.77     -2.0121504E-004
          5591.05     -1.9888781E-004
          5602.34     -1.9653126E-004
          5613.63     -1.9414771E-004
          5624.92     -1.9173925E-004
          5636.21     -1.8930752E-004
          5647.50     -1.8685379E-004
          5658.79     -1.8437924E-004
          5670.08     -1.8188502E-004
          5681.37     -1.7937204E-004
          5692.66     -1.7684081E-004
          5703.95     -1.7429201E-004
          5715.23     -1.7172635E-004
          5726.52     -1.6914438E-004
          5737.81     -1.6654657E-004
          5749.10     -1.6393358E-004
          5760.39     -1.6130595E-004
          5771.68     -1.5866399E-004
          5782.97     -1.5600780E-004
          5794.26     -1.5333740E-004
          5805.55     -1.5065284E-004
          5816.84     -1.4795395E-004
          5828.12     -1.4524083E-004
          5839.41     -1.4251364E-004
          5850.70     -1.3977253E-004
          5861.99     -1.3701745E-004
          5873.28     -1.3424833E-004
          5884.57     -1.3146499E-004
          5895.86     -1.2866721E-004
          5907.15     -1.2585507E-004
          5918.44     -1.2302867E-004
          5929.73     -1.2018814E-004
          5941.02     -1.1733365E-004
          5952.30     -1.1446536E-004
          5963.59     -1.1158352E-004
          5974.88     -1.0868844E-004
          5986.17     -1.0578034E-004
          5997.46     -1.0285951E-004
          6008.75     -9.9926159E-005
          6020.04     -9.6980572E-005
          6031.33     -9.4023011E-005
          6042.62     -9.1053606E-005
          6053.91     -8.8072540E-005
          6065.20     -8.5079998E-005
          6076.48     -8.2076057E-005
          6087.77     -7.9060711E-005
          6099.06     -7.6033961E-005
          6110.35     -7.2995801E-005
          6121.64     -6.9946219E-005
          6132.93     -6.6885275E-005
          6144.22     -6.3813075E-005
          6155.51     -6.0729725E-005
          6166.80     -5.7635304E-005
          6178.09     -5.4529845E-005
          6189.38     -5.1413320E-005
          6200.66     -4.8285685E-005
          6211.95     -4.5146893E-005
          6223.24     -4.1996900E-005
          6234.53     -3.8835676E-005
          6245.82     -3.5663175E-005
          6257.11     -3.2479355E-005
          6268.40     -2.9284173E-005
          6279.69     -2.6077535E-005
          6290.98     -2.2859321E-005
          6302.27     -1.9629427E-005
          6313.55     -1.6387761E-005
          6324.84     -1.3134248E-005
          6336.13     -9.8687988E-006
          6347.42     -6.5913247E-006
          6358.71     -3.3017506E-006
          6370.00     -8.6357679E-040
