          3480.00     -2.3059593E-004
          3491.29     -2.3142751E-004
          3502.58     -2.3096917E-004
          3513.87     -2.2941930E-004
          3525.16     -2.2695003E-004
          3536.45     -2.2371113E-004
          3547.73     -2.1983525E-004
          3559.02     -2.1543821E-004
          3570.31     -2.1062082E-004
          3581.60     -2.0547058E-004
          3592.89     -2.0006308E-004
          3604.18     -1.9446336E-004
          3615.47     -1.8873244E-004
          3626.76     -1.8292401E-004
          3638.05     -1.7707945E-004
          3649.34     -1.7123352E-004
          3660.62     -1.6541499E-004
          3671.91     -1.5964738E-004
          3683.20     -1.5394943E-004
          3694.49     -1.4833565E-004
          3705.78     -1.4281675E-004
          3717.07     -1.3739994E-004
          3728.36     -1.3208934E-004
          3739.65     -1.2690757E-004
          3750.94     -1.2187791E-004
          3762.23     -1.1700182E-004
          3773.52     -1.1227902E-004
          3784.80     -1.0770767E-004
          3796.09     -1.0328449E-004
          3807.38     -9.9004878E-005
          3818.67     -9.4863061E-005
          3829.96     -9.0852151E-005
          3841.25     -8.6964208E-005
          3852.54     -8.3190303E-005
          3863.83     -7.9550556E-005
          3875.12     -7.6068150E-005
          3886.41     -7.2737814E-005
          3897.70     -6.9553999E-005
          3908.98     -6.6510933E-005
          3920.27     -6.3602651E-005
          3931.56     -6.0823010E-005
          3942.85     -5.8165713E-005
          3954.14     -5.5627077E-005
          3965.43     -5.3203614E-005
          3976.72     -5.0889152E-005
          3988.01     -4.8677433E-005
          3999.30     -4.6562119E-005
          4010.59     -4.4536791E-005
          4021.88     -4.2594926E-005
          4033.16     -4.0735336E-005
          4044.45     -3.8957325E-005
          4055.74     -3.7254995E-005
          4067.03     -3.5622399E-005
          4078.32     -3.4053512E-005
          4089.61     -3.2542225E-005
          4100.90     -3.1084805E-005
          4112.19     -2.9677659E-005
          4123.48     -2.8314723E-005
          4134.77     -2.6989800E-005
          4146.05     -2.5705932E-005
          4157.34     -2.4467043E-005
          4168.63     -2.3271938E-005
          4179.92     -2.2119798E-005
          4191.21     -2.1008939E-005
          4202.50     -1.9943253E-005
          4213.79     -1.8924622E-005
          4225.08     -1.7951261E-005
          4236.37     -1.7021608E-005
          4247.66     -1.6133012E-005
          4258.95     -1.5284206E-005
          4270.23     -1.4474151E-005
          4281.52     -1.3700675E-005
          4292.81     -1.2963203E-005
          4304.10     -1.2261425E-005
          4315.39     -1.1593707E-005
          4326.68     -1.0958515E-005
          4337.97     -1.0355856E-005
          4349.26     -9.7860044E-006
          4360.55     -9.2480823E-006
          4371.84     -8.7413421E-006
          4383.12     -8.2632677E-006
          4394.41     -7.8112542E-006
          4405.70     -7.3845021E-006
          4416.99     -6.9820977E-006
          4428.28     -6.6031993E-006
          4439.57     -6.2472536E-006
          4450.86     -5.9136134E-006
          4462.15     -5.6017051E-006
          4473.44     -5.3103708E-006
          4484.73     -5.0384521E-006
          4496.02     -4.7841027E-006
          4507.30     -4.5443813E-006
          4518.59     -4.3177973E-006
          4529.88     -4.1032234E-006
          4541.17     -3.8993273E-006
          4552.46     -3.7055626E-006
          4563.75     -3.5216354E-006
          4575.04     -3.3470802E-006
          4586.33     -3.1813830E-006
          4597.62     -3.0240719E-006
          4608.91     -2.8746228E-006
          4620.20     -2.7326026E-006
          4631.48     -2.5977904E-006
          4642.77     -2.4698305E-006
          4654.06     -2.3482918E-006
          4665.35     -2.2329236E-006
          4676.64     -2.1236206E-006
          4687.93     -2.0202530E-006
          4699.22     -1.9225942E-006
          4710.51     -1.8304156E-006
          4721.80     -1.7435008E-006
          4733.09     -1.6615538E-006
          4744.38     -1.5841884E-006
          4755.66     -1.5110703E-006
          4766.95     -1.4419769E-006
          4778.24     -1.3767048E-006
          4789.53     -1.3149959E-006
          4800.82     -1.2566478E-006
          4812.11     -1.2014943E-006
          4823.40     -1.1493757E-006
          4834.69     -1.1001391E-006
          4845.98     -1.0536368E-006
          4857.27     -1.0097163E-006
          4868.55     -9.6822866E-007
          4879.84     -9.2907452E-007
          4891.13     -8.9213524E-007
          4902.42     -8.5729610E-007
          4913.71     -8.2441878E-007
          4925.00     -7.9332809E-007
          4936.29     -7.6390172E-007
          4947.58     -7.3604912E-007
          4958.87     -7.0968240E-007
          4970.16     -6.8472450E-007
          4981.45     -6.6109004E-007
          4992.73     -6.3869532E-007
          5004.02     -6.1746931E-007
          5015.31     -5.9734163E-007
          5026.60     -5.7824340E-007
          5037.89     -5.6010936E-007
          5049.18     -5.4290977E-007
          5060.47     -5.2661911E-007
          5071.76     -5.1117259E-007
          5083.05     -4.9650383E-007
          5094.34     -4.8255465E-007
          5105.62     -4.6928383E-007
          5116.91     -4.5666042E-007
          5128.20     -4.4461870E-007
          5139.49     -4.3308219E-007
          5150.78     -4.2198021E-007
          5162.07     -4.1123670E-007
          5173.36     -4.0078652E-007
          5184.65     -3.9057879E-007
          5195.94     -3.8056146E-007
          5207.23     -3.7069522E-007
          5218.52     -3.6093980E-007
          5229.80     -3.5124427E-007
          5241.09     -3.4155609E-007
          5252.38     -3.3183532E-007
          5263.67     -3.2208445E-007
          5274.96     -3.1227370E-007
          5286.25     -3.0236428E-007
          5297.54     -2.9231580E-007
          5308.83     -2.8209736E-007
          5320.12     -2.7167656E-007
          5331.41     -2.6103693E-007
          5342.70     -2.5021990E-007
          5353.98     -2.3923308E-007
          5365.27     -2.2809188E-007
          5376.56     -2.1678002E-007
          5387.85     -2.0534937E-007
          5399.14     -1.9385632E-007
          5410.43     -1.8235391E-007
          5421.72     -1.7103474E-007
          5433.01     -1.5997290E-007
          5444.30     -1.4917687E-007
          5455.59     -1.3871295E-007
          5466.88     -1.2865418E-007
          5478.16     -1.1906471E-007
          5489.45     -1.0998428E-007
          5500.74     -1.0143179E-007
          5512.03     -9.3399280E-008
          5523.32     -8.5912089E-008
          5534.61     -7.9001732E-008
          5545.90     -7.2637155E-008
          5557.19     -6.6780637E-008
          5568.48     -6.1422215E-008
          5579.77     -5.6549256E-008
          5591.05     -5.2136534E-008
          5602.34     -4.8131984E-008
          5613.63     -4.4478577E-008
          5624.92     -4.1156840E-008
          5636.21     -3.8133843E-008
          5647.50     -3.5370196E-008
          5658.79     -3.2843255E-008
          5670.08     -3.0535751E-008
          5681.37     -2.8427466E-008
          5692.66     -2.6488908E-008
          5703.95     -2.4703135E-008
          5715.23     -2.3057394E-008
          5726.52     -2.1538868E-008
          5737.81     -2.0135710E-008
          5749.10     -1.8840983E-008
          5760.39     -1.7647472E-008
          5771.68     -1.6546143E-008
          5782.97     -1.5526316E-008
          5794.26     -1.4579134E-008
          5805.55     -1.3698348E-008
          5816.84     -1.2875998E-008
          5828.12     -1.2107844E-008
          5839.41     -1.1390644E-008
          5850.70     -1.0721294E-008
          5861.99     -1.0095495E-008
          5873.28     -9.5089942E-009
          5884.57     -8.9572482E-009
          5895.86     -8.4357103E-009
          5907.15     -7.9425076E-009
          5918.44     -7.4757466E-009
          5929.73     -7.0336220E-009
          5941.02     -6.6146486E-009
          5952.30     -6.2174236E-009
          5963.59     -5.8411829E-009
          5974.88     -5.4852641E-009
          5986.17     -5.1487375E-009
          5997.46     -4.8307567E-009
          6008.75     -4.5302172E-009
          6020.04     -4.2464805E-009
          6031.33     -3.9789800E-009
          6042.62     -3.7268045E-009
          6053.91     -3.4892952E-009
          6065.20     -3.2658520E-009
          6076.48     -3.0555608E-009
          6087.77     -2.8573351E-009
          6099.06     -2.6702823E-009
          6110.35     -2.4935481E-009
          6121.64     -2.3263052E-009
          6132.93     -2.1678490E-009
          6144.22     -2.0175030E-009
          6155.51     -1.8747263E-009
          6166.80     -1.7389791E-009
          6178.09     -1.6097431E-009
          6189.38     -1.4865428E-009
          6200.66     -1.3689183E-009
          6211.95     -1.2564283E-009
          6223.24     -1.1486635E-009
          6234.53     -1.0452318E-009
          6245.82     -9.4574748E-010
          6257.11     -8.4983866E-010
          6268.40     -7.5712202E-010
          6279.69     -6.6715221E-010
          6290.98     -5.7946474E-010
          6302.27     -4.9366639E-010
          6313.55     -4.0941975E-010
          6324.84     -3.2639687E-010
          6336.13     -2.4426894E-010
          6347.42     -1.6270935E-010
          6358.71     -8.1393682E-011
          6370.00     -6.1571002E-045
