          3480.00      2.6204134E-031
          3491.29     -6.0360032E-006
          3502.58     -1.1905279E-005
          3513.87     -1.7627455E-005
          3525.16     -2.3220655E-005
          3536.45     -2.8702231E-005
          3547.73     -3.4089184E-005
          3559.02     -3.9397678E-005
          3570.31     -4.4643126E-005
          3581.60     -4.9840234E-005
          3592.89     -5.5003056E-005
          3604.18     -6.0145031E-005
          3615.47     -6.5281107E-005
          3626.76     -7.0425457E-005
          3638.05     -7.5589550E-005
          3649.34     -8.0784416E-005
          3660.62     -8.6020715E-005
          3671.91     -9.1308745E-005
          3683.20     -9.6658472E-005
          3694.49     -1.0207957E-004
          3705.78     -1.0758140E-004
          3717.07     -1.1317310E-004
          3728.36     -1.1886355E-004
          3739.65     -1.2468254E-004
          3750.94     -1.3065810E-004
          3762.23     -1.3679635E-004
          3773.52     -1.4310337E-004
          3784.80     -1.4958530E-004
          3796.09     -1.5624825E-004
          3807.38     -1.6309834E-004
          3818.67     -1.7014176E-004
          3829.96     -1.7738466E-004
          3841.25     -1.8483319E-004
          3852.54     -1.9249353E-004
          3863.83     -2.0044884E-004
          3875.12     -2.0877721E-004
          3886.41     -2.1747768E-004
          3897.70     -2.2654987E-004
          3908.98     -2.3599401E-004
          3920.27     -2.4581078E-004
          3931.56     -2.5600137E-004
          3942.85     -2.6656742E-004
          3954.14     -2.7752453E-004
          3965.43     -2.8888783E-004
          3976.72     -3.0065883E-004
          3988.01     -3.1283949E-004
          3999.30     -3.2543212E-004
          4010.59     -3.3843933E-004
          4021.88     -3.5186406E-004
          4033.16     -3.6575918E-004
          4044.45     -3.8017457E-004
          4055.74     -3.9510939E-004
          4067.03     -4.1056324E-004
          4078.32     -4.2653623E-004
          4089.61     -4.4302888E-004
          4100.90     -4.6008168E-004
          4112.19     -4.7773297E-004
          4123.48     -4.9598063E-004
          4134.77     -5.1482302E-004
          4146.05     -5.3448671E-004
          4157.34     -5.5518438E-004
          4168.63     -5.7700749E-004
          4179.92     -6.0004223E-004
          4191.21     -6.2435894E-004
          4202.50     -6.5022688E-004
          4213.79     -6.7780403E-004
          4225.08     -7.0709846E-004
          4236.37     -7.3811831E-004
          4247.66     -7.7081764E-004
          4258.95     -8.0522847E-004
          4270.23     -8.4138111E-004
          4281.52     -8.7923224E-004
          4292.81     -9.1885236E-004
          4304.10     -9.6030743E-004
          4315.39     -1.0035524E-003
          4326.68     -1.0485452E-003
          4337.97     -1.0953912E-003
          4349.26     -1.1441883E-003
          4360.55     -1.1948982E-003
          4371.84     -1.2474849E-003
          4383.12     -1.3016626E-003
          4394.41     -1.3571638E-003
          4405.70     -1.4139728E-003
          4416.99     -1.4720384E-003
          4428.28     -1.5313118E-003
          4439.57     -1.5917808E-003
          4450.86     -1.6533930E-003
          4462.15     -1.7160976E-003
          4473.44     -1.7796737E-003
          4484.73     -1.8439125E-003
          4496.02     -1.9083680E-003
          4507.30     -1.9723044E-003
          4518.59     -2.0354663E-003
          4529.88     -2.0976752E-003
          4541.17     -2.1586844E-003
          4552.46     -2.2185662E-003
          4563.75     -2.2774754E-003
          4575.04     -2.3354532E-003
          4586.33     -2.3924922E-003
          4597.62     -2.4485883E-003
          4608.91     -2.5036723E-003
          4620.20     -2.5577327E-003
          4631.48     -2.6108991E-003
          4642.77     -2.6631380E-003
          4654.06     -2.7143324E-003
          4665.35     -2.7645294E-003
          4676.64     -2.8139122E-003
          4687.93     -2.8625829E-003
          4699.22     -2.9104814E-003
          4710.51     -2.9575096E-003
          4721.80     -3.0035554E-003
          4733.09     -3.0483231E-003
          4744.38     -3.0913294E-003
          4755.66     -3.1321725E-003
          4766.95     -3.1706635E-003
          4778.24     -3.2066067E-003
          4789.53     -3.2396348E-003
          4800.82     -3.2695099E-003
          4812.11     -3.2960471E-003
          4823.40     -3.3190521E-003
          4834.69     -3.3382986E-003
          4845.98     -3.3535513E-003
          4857.27     -3.3644947E-003
          4868.55     -3.3708060E-003
          4879.84     -3.3723408E-003
          4891.13     -3.3688014E-003
          4902.42     -3.3598790E-003
          4913.71     -3.3450535E-003
          4925.00     -3.3235504E-003
          4936.29     -3.2949258E-003
          4947.58     -3.2589083E-003
          4958.87     -3.2152071E-003
          4970.16     -3.1635725E-003
          4981.45     -3.1036245E-003
          4992.73     -3.0349640E-003
          5004.02     -2.9572770E-003
          5015.31     -2.8702094E-003
          5026.60     -2.7733823E-003
          5037.89     -2.6664212E-003
          5049.18     -2.5494516E-003
          5060.47     -2.4225660E-003
          5071.76     -2.2851654E-003
          5083.05     -2.1365945E-003
          5094.34     -1.9763146E-003
          5105.62     -1.8041239E-003
          5116.91     -1.6199946E-003
          5128.20     -1.4229940E-003
          5139.49     -1.2119415E-003
          5150.78     -9.8575484E-004
          5162.07     -7.4320443E-004
          5173.36     -4.8341347E-004
          5184.65     -2.0605376E-004
          5195.94      8.9263294E-005
          5207.23      4.0220749E-004
          5218.52      7.3254569E-004
          5229.80      1.0803537E-003
          5241.09      1.4457896E-003
          5252.38      1.8277327E-003
          5263.67      2.2215707E-003
          5274.96      2.6252682E-003
          5286.25      3.0365742E-003
          5297.54      3.4534557E-003
          5308.83      3.8708200E-003
          5320.12      4.2839555E-003
          5331.41      4.6812082E-003
          5342.70      5.0364190E-003
          5353.98      5.3287443E-003
          5365.27      5.5278637E-003
          5376.56      5.6152763E-003
          5387.85      5.5180476E-003
          5399.14      5.1682871E-003
          5410.43      4.4708235E-003
          5421.72      3.2126776E-003
          5433.01      1.3037822E-003
          5444.30     -1.2843696E-003
          5455.59     -4.6355098E-003
          5466.88     -8.8317909E-003
          5478.16     -1.3929377E-002
          5489.45     -1.9941486E-002
          5500.74     -2.6844617E-002
          5512.03     -3.4576577E-002
          5523.32     -4.3111316E-002
          5534.61     -5.2418556E-002
          5545.90     -6.2392083E-002
          5557.19     -7.2924960E-002
          5568.48     -8.3943823E-002
          5579.77     -9.5373105E-002
          5591.05     -1.0712797E-001
          5602.34     -1.1910618E-001
          5613.63     -1.3121378E-001
          5624.92     -1.4339724E-001
          5636.21     -1.5559455E-001
          5647.50     -1.6774650E-001
          5658.79     -1.7981166E-001
          5670.08     -1.9175677E-001
          5681.37     -2.0354589E-001
          5692.66     -2.1513882E-001
          5703.95     -2.2651009E-001
          5715.23     -2.3763927E-001
          5726.52     -2.4850632E-001
          5737.81     -2.5909292E-001
          5749.10     -2.6938777E-001
          5760.39     -2.7937742E-001
          5771.68     -2.8904582E-001
          5782.97     -2.9837249E-001
          5794.26     -3.0734273E-001
          5805.55     -3.1594556E-001
          5816.84     -3.2416548E-001
          5828.12     -3.3199694E-001
          5839.41     -3.3943549E-001
          5850.70     -3.4647611E-001
          5861.99     -3.5310622E-001
          5873.28     -3.5931341E-001
          5884.57     -3.6508038E-001
          5895.86     -3.7039036E-001
          5907.15     -3.7524098E-001
          5918.44     -3.7962773E-001
          5929.73     -3.8354497E-001
          5941.02     -3.8698816E-001
          5952.30     -3.8995157E-001
          5963.59     -3.9243515E-001
          5974.88     -3.9443709E-001
          5986.17     -3.9595074E-001
          5997.46     -3.9696804E-001
          6008.75     -3.9747520E-001
          6020.04     -3.9746447E-001
          6031.33     -3.9692659E-001
          6042.62     -3.9584411E-001
          6053.91     -3.9420267E-001
          6065.20     -3.9198647E-001
          6076.48     -3.8917031E-001
          6087.77     -3.8572306E-001
          6099.06     -3.8161697E-001
          6110.35     -3.7682276E-001
          6121.64     -3.7131035E-001
          6132.93     -3.6505071E-001
          6144.22     -3.5801378E-001
          6155.51     -3.5017189E-001
          6166.80     -3.4149526E-001
          6178.09     -3.3195293E-001
          6189.38     -3.2151351E-001
          6200.66     -3.1014392E-001
          6211.95     -2.9780949E-001
          6223.24     -2.8447458E-001
          6234.53     -2.7010187E-001
          6245.82     -2.5465186E-001
          6257.11     -2.3808326E-001
          6268.40     -2.2035173E-001
          6279.69     -2.0140717E-001
          6290.98     -1.8119689E-001
          6302.27     -1.5967086E-001
          6313.55     -1.3678028E-001
          6324.84     -1.1247448E-001
          6336.13     -8.6700183E-002
          6347.42     -5.9401853E-002
          6358.71     -3.0521780E-002
          6370.00      0.0000000E+000
