          3480.00     -7.4130407E-030
          3491.29     -9.2116761E-007
          3502.58     -1.8034452E-006
          3513.87     -2.6517416E-006
          3525.16     -3.4705332E-006
          3536.45     -4.2640460E-006
          3547.73     -5.0363726E-006
          3559.02     -5.7913623E-006
          3570.31     -6.5326466E-006
          3581.60     -7.2636574E-006
          3592.89     -7.9876455E-006
          3604.18     -8.7076959E-006
          3615.47     -9.4272593E-006
          3626.76     -1.0149594E-005
          3638.05     -1.0877290E-005
          3649.34     -1.1612833E-005
          3660.62     -1.2358617E-005
          3671.91     -1.3116955E-005
          3683.20     -1.3890085E-005
          3694.49     -1.4680182E-005
          3705.78     -1.5489364E-005
          3717.07     -1.6319697E-005
          3728.36     -1.7173208E-005
          3739.65     -1.8057317E-005
          3750.94     -1.8979003E-005
          3762.23     -1.9939628E-005
          3773.52     -2.0940595E-005
          3784.80     -2.1983351E-005
          3796.09     -2.3069384E-005
          3807.38     -2.4200225E-005
          3818.67     -2.5377455E-005
          3829.96     -2.6602688E-005
          3841.25     -2.7877584E-005
          3852.54     -2.9203844E-005
          3863.83     -3.0604663E-005
          3875.12     -3.2101729E-005
          3886.41     -3.3694724E-005
          3897.70     -3.5383608E-005
          3908.98     -3.7168603E-005
          3920.27     -3.9050168E-005
          3931.56     -4.1028999E-005
          3942.85     -4.3106007E-005
          3954.14     -4.5286362E-005
          3965.43     -4.7575137E-005
          3976.72     -4.9973424E-005
          3988.01     -5.2482536E-005
          3999.30     -5.5103990E-005
          4010.59     -5.7839489E-005
          4021.88     -6.0690920E-005
          4033.16     -6.3676207E-005
          4044.45     -6.6812301E-005
          4055.74     -7.0100000E-005
          4067.03     -7.3540395E-005
          4078.32     -7.7134868E-005
          4089.61     -8.0885064E-005
          4100.90     -8.4806298E-005
          4112.19     -8.8913178E-005
          4123.48     -9.3206724E-005
          4134.77     -9.7688284E-005
          4146.05     -1.0243972E-004
          4157.34     -1.0753758E-004
          4168.63     -1.1301647E-004
          4179.92     -1.1890918E-004
          4191.21     -1.2524372E-004
          4202.50     -1.3212146E-004
          4213.79     -1.3960293E-004
          4225.08     -1.4769426E-004
          4236.37     -1.5640208E-004
          4247.66     -1.6571338E-004
          4258.95     -1.7564575E-004
          4270.23     -1.8621650E-004
          4281.52     -1.9741511E-004
          4292.81     -2.0927681E-004
          4304.10     -2.2183525E-004
          4315.39     -2.3508052E-004
          4326.68     -2.4900463E-004
          4337.97     -2.6366103E-004
          4349.26     -2.7910038E-004
          4360.55     -2.9531754E-004
          4371.84     -3.1230897E-004
          4383.12     -3.2996423E-004
          4394.41     -3.4818220E-004
          4405.70     -3.6697093E-004
          4416.99     -3.8632324E-004
          4428.28     -4.0623355E-004
          4439.57     -4.2671304E-004
          4450.86     -4.4775478E-004
          4462.15     -4.6935328E-004
          4473.44     -4.9142314E-004
          4484.73     -5.1388564E-004
          4496.02     -5.3654647E-004
          4507.30     -5.5907174E-004
          4518.59     -5.8135967E-004
          4529.88     -6.0334342E-004
          4541.17     -6.2492200E-004
          4552.46     -6.4615420E-004
          4563.75     -6.6714005E-004
          4575.04     -6.8792141E-004
          4586.33     -7.0851523E-004
          4597.62     -7.2894024E-004
          4608.91     -7.4918087E-004
          4620.20     -7.6925299E-004
          4631.48     -7.8924861E-004
          4642.77     -8.0917170E-004
          4654.06     -8.2898176E-004
          4665.35     -8.4872951E-004
          4676.64     -8.6854258E-004
          4687.93     -8.8850423E-004
          4699.22     -9.0860768E-004
          4710.51     -9.2882602E-004
          4721.80     -9.4912558E-004
          4733.09     -9.6936676E-004
          4744.38     -9.8930149E-004
          4755.66     -1.0087302E-003
          4766.95     -1.0275807E-003
          4778.24     -1.0457767E-003
          4789.53     -1.0631389E-003
          4800.82     -1.0795684E-003
          4812.11     -1.0949988E-003
          4823.40     -1.1093597E-003
          4834.69     -1.1225611E-003
          4845.98     -1.1345090E-003
          4857.27     -1.1450583E-003
          4868.55     -1.1540617E-003
          4879.84     -1.1614889E-003
          4891.13     -1.1672100E-003
          4902.42     -1.1710903E-003
          4913.71     -1.1728532E-003
          4925.00     -1.1720512E-003
          4936.29     -1.1684647E-003
          4947.58     -1.1619930E-003
          4958.87     -1.1525245E-003
          4970.16     -1.1399789E-003
          4981.45     -1.1241852E-003
          4992.73     -1.1049624E-003
          5004.02     -1.0821931E-003
          5015.31     -1.0557347E-003
          5026.60     -1.0254295E-003
          5037.89     -9.9112741E-004
          5049.18     -9.5306138E-004
          5060.47     -9.1144251E-004
          5071.76     -8.6596033E-004
          5083.05     -8.1626761E-004
          5094.34     -7.6211309E-004
          5105.62     -7.0351965E-004
          5116.91     -6.4065525E-004
          5128.20     -5.7296757E-004
          5139.49     -4.9971474E-004
          5150.78     -4.2023649E-004
          5162.07     -3.3375945E-004
          5173.36     -2.3981002E-004
          5184.65     -1.3838718E-004
          5195.94     -2.9445739E-005
          5207.23      8.6418686E-005
          5218.52      2.0868880E-004
          5229.80      3.3708914E-004
          5241.09      4.7140812E-004
          5252.38      6.1024899E-004
          5263.67      7.4902520E-004
          5274.96      8.8547676E-004
          5286.25      1.0170657E-003
          5297.54      1.1414455E-003
          5308.83      1.2532940E-003
          5320.12      1.3476437E-003
          5331.41      1.4127280E-003
          5342.70      1.4227796E-003
          5353.98      1.3570449E-003
          5365.27      1.1853323E-003
          5376.56      8.8898254E-004
          5387.85      3.9528445E-004
          5399.14     -3.6319765E-004
          5410.43     -1.4814779E-003
          5421.72     -3.1711983E-003
          5433.01     -5.5210689E-003
          5444.30     -8.5587691E-003
          5455.59     -1.2366913E-002
          5466.88     -1.7026356E-002
          5478.16     -2.2591651E-002
          5489.45     -2.9074360E-002
          5500.74     -3.6449372E-002
          5512.03     -4.4653207E-002
          5523.32     -5.3659422E-002
          5534.61     -6.3437083E-002
          5545.90     -7.3878627E-002
          5557.19     -8.4876705E-002
          5568.48     -9.6358884E-002
          5579.77     -1.0825051E-001
          5591.05     -1.2046733E-001
          5602.34     -1.3290583E-001
          5613.63     -1.4547132E-001
          5624.92     -1.5811368E-001
          5636.21     -1.7077112E-001
          5647.50     -1.8338447E-001
          5658.79     -1.9591438E-001
          5670.08     -2.0833116E-001
          5681.37     -2.2059964E-001
          5692.66     -2.3267697E-001
          5703.95     -2.4453936E-001
          5715.23     -2.5616895E-001
          5726.52     -2.6754719E-001
          5737.81     -2.7865691E-001
          5749.10     -2.8949112E-001
          5760.39     -3.0003876E-001
          5771.68     -3.1028365E-001
          5782.97     -3.2020125E-001
          5794.26     -3.2977516E-001
          5805.55     -3.3899433E-001
          5816.84     -3.4783956E-001
          5828.12     -3.5630769E-001
          5839.41     -3.6439729E-001
          5850.70     -3.7210592E-001
          5861.99     -3.7941837E-001
          5873.28     -3.8631940E-001
          5884.57     -3.9278542E-001
          5895.86     -3.9879322E-001
          5907.15     -4.0434328E-001
          5918.44     -4.0943265E-001
          5929.73     -4.1405656E-001
          5941.02     -4.1821203E-001
          5952.30     -4.2189417E-001
          5963.59     -4.2510742E-001
          5974.88     -4.2785352E-001
          5986.17     -4.3012637E-001
          5997.46     -4.3191764E-001
          6008.75     -4.3320966E-001
          6020.04     -4.3399464E-001
          6031.33     -4.3426241E-001
          6042.62     -4.3398925E-001
          6053.91     -4.3315662E-001
          6065.20     -4.3174360E-001
          6076.48     -4.2971383E-001
          6087.77     -4.2702097E-001
          6099.06     -4.2362417E-001
          6110.35     -4.1947997E-001
          6121.64     -4.1454348E-001
          6132.93     -4.0877150E-001
          6144.22     -4.0211900E-001
          6155.51     -3.9454484E-001
          6166.80     -3.8600413E-001
          6178.09     -3.7644983E-001
          6189.38     -3.6583398E-001
          6200.66     -3.5410561E-001
          6211.95     -3.4121088E-001
          6223.24     -3.2709419E-001
          6234.53     -3.1169683E-001
          6245.82     -2.9495624E-001
          6257.11     -2.7680657E-001
          6268.40     -2.5717642E-001
          6279.69     -2.3598419E-001
          6290.98     -2.1314340E-001
          6302.27     -1.8857183E-001
          6313.55     -1.6218907E-001
          6324.84     -1.3391100E-001
          6336.13     -1.0364864E-001
          6347.42     -7.1308572E-002
          6358.71     -3.6793080E-002
          6370.00     -2.9374543E-045
