          3480.00     -1.2400786E-037
          3491.29     -1.8991595E-008
          3502.58     -3.7641751E-008
          3513.87     -5.5958488E-008
          3525.16     -7.3949259E-008
          3536.45     -9.1621330E-008
          3547.73     -1.0898188E-007
          3559.02     -1.2603773E-007
          3570.31     -1.4279548E-007
          3581.60     -1.5926137E-007
          3592.89     -1.7544143E-007
          3604.18     -1.9134130E-007
          3615.47     -2.0696705E-007
          3626.76     -2.2232431E-007
          3638.05     -2.3741753E-007
          3649.34     -2.5225087E-007
          3660.62     -2.6682830E-007
          3671.91     -2.8115355E-007
          3683.20     -2.9523011E-007
          3694.49     -3.0906127E-007
          3705.78     -3.2265008E-007
          3717.07     -3.3599940E-007
          3728.36     -3.4911189E-007
          3739.65     -3.6199803E-007
          3750.94     -3.7466764E-007
          3762.23     -3.8712205E-007
          3773.52     -3.9936238E-007
          3784.80     -4.1138962E-007
          3796.09     -4.2320454E-007
          3807.38     -4.3480780E-007
          3818.67     -4.4619992E-007
          3829.96     -4.5738123E-007
          3841.25     -4.6835190E-007
          3852.54     -4.7911197E-007
          3863.83     -4.8968629E-007
          3875.12     -5.0009848E-007
          3886.41     -5.1034639E-007
          3897.70     -5.2042778E-007
          3908.98     -5.3034028E-007
          3920.27     -5.4008141E-007
          3931.56     -5.4964855E-007
          3942.85     -5.5903898E-007
          3954.14     -5.6825369E-007
          3965.43     -5.7729342E-007
          3976.72     -5.8615490E-007
          3988.01     -5.9483475E-007
          3999.30     -6.0332949E-007
          4010.59     -6.1163549E-007
          4021.88     -6.1974902E-007
          4033.16     -6.2767817E-007
          4044.45     -6.3543049E-007
          4055.74     -6.4300123E-007
          4067.03     -6.5038551E-007
          4078.32     -6.5757840E-007
          4089.61     -6.6457481E-007
          4100.90     -6.7137786E-007
          4112.19     -6.7799024E-007
          4123.48     -6.8440614E-007
          4134.77     -6.9061959E-007
          4146.05     -6.9666778E-007
          4157.34     -7.0258626E-007
          4168.63     -7.0838695E-007
          4179.92     -7.1408104E-007
          4191.21     -7.1967592E-007
          4202.50     -7.2521301E-007
          4213.79     -7.3071517E-007
          4225.08     -7.3617919E-007
          4236.37     -7.4160150E-007
          4247.66     -7.4696923E-007
          4258.95     -7.5228090E-007
          4270.23     -7.5753465E-007
          4281.52     -7.6271696E-007
          4292.81     -7.6783007E-007
          4304.10     -7.7287570E-007
          4315.39     -7.7783942E-007
          4326.68     -7.8270684E-007
          4337.97     -7.8748212E-007
          4349.26     -7.9216872E-007
          4360.55     -7.9675238E-007
          4371.84     -8.0121880E-007
          4383.12     -8.0552446E-007
          4394.41     -8.0962673E-007
          4405.70     -8.1351145E-007
          4416.99     -8.1716064E-007
          4428.28     -8.2055634E-007
          4439.57     -8.2368435E-007
          4450.86     -8.2652653E-007
          4462.15     -8.2906480E-007
          4473.44     -8.3126594E-007
          4484.73     -8.3309733E-007
          4496.02     -8.3450751E-007
          4507.30     -8.3542074E-007
          4518.59     -8.3580069E-007
          4529.88     -8.3561876E-007
          4541.17     -8.3484133E-007
          4552.46     -8.3345843E-007
          4563.75     -8.3146641E-007
          4575.04     -8.2885427E-007
          4586.33     -8.2560814E-007
          4597.62     -8.2171463E-007
          4608.91     -8.1715686E-007
          4620.20     -8.1192144E-007
          4631.48     -8.0600339E-007
          4642.77     -7.9938903E-007
          4654.06     -7.9206016E-007
          4665.35     -7.8400747E-007
          4676.64     -7.7522874E-007
          4687.93     -7.6571791E-007
          4699.22     -7.5546105E-007
          4710.51     -7.4444253E-007
          4721.80     -7.3264623E-007
          4733.09     -7.2004806E-007
          4744.38     -7.0661587E-007
          4755.66     -6.9232130E-007
          4766.95     -6.7714518E-007
          4778.24     -6.6106849E-007
          4789.53     -6.4406571E-007
          4800.82     -6.2611649E-007
          4812.11     -6.0720290E-007
          4823.40     -5.8730690E-007
          4834.69     -5.6640966E-007
          4845.98     -5.4449217E-007
          4857.27     -5.2153316E-007
          4868.55     -4.9751121E-007
          4879.84     -4.7241110E-007
          4891.13     -4.4621304E-007
          4902.42     -4.1889703E-007
          4913.71     -3.9043731E-007
          4925.00     -3.6080076E-007
          4936.29     -3.2996414E-007
          4947.58     -2.9790948E-007
          4958.87     -2.6461851E-007
          4970.16     -2.3007446E-007
          4981.45     -1.9425740E-007
          4992.73     -1.5714712E-007
          5004.02     -1.1872597E-007
          5015.31     -7.8975467E-008
          5026.60     -3.7876839E-008
          5037.89      4.5883257E-009
          5049.18      4.8427095E-008
          5060.47      9.3646719E-008
          5071.76      1.4026948E-007
          5083.05      1.8831871E-007
          5094.34      2.3781495E-007
          5105.62      2.8877191E-007
          5116.91      3.4119953E-007
          5128.20      3.9512504E-007
          5139.49      4.5058046E-007
          5150.78      5.0759537E-007
          5162.07      5.6620200E-007
          5173.36      6.2642597E-007
          5184.65      6.8828306E-007
          5195.94      7.5178977E-007
          5207.23      8.1695088E-007
          5218.52      8.8377212E-007
          5229.80      9.5226456E-007
          5241.09      1.0224399E-006
          5252.38      1.0942912E-006
          5263.67      1.1677594E-006
          5274.96      1.2428223E-006
          5286.25      1.3194563E-006
          5297.54      1.3976397E-006
          5308.83      1.4773104E-006
          5320.12      1.5584096E-006
          5331.41      1.6407879E-006
          5342.70      1.7241003E-006
          5353.98      1.8080689E-006
          5365.27      1.8922896E-006
          5376.56      1.9765052E-006
          5387.85      2.0597485E-006
          5399.14      2.1410897E-006
          5410.43      2.2192170E-006
          5421.72      2.2912005E-006
          5433.01      2.3556550E-006
          5444.30      2.4119718E-006
          5455.59      2.4587410E-006
          5466.88      2.4944935E-006
          5478.16      2.5180436E-006
          5489.45      2.5287519E-006
          5500.74      2.5264764E-006
          5512.03      2.5116459E-006
          5523.32      2.4841182E-006
          5534.61      2.4437763E-006
          5545.90      2.3917395E-006
          5557.19      2.3292150E-006
          5568.48      2.2568927E-006
          5579.77      2.1755316E-006
          5591.05      2.0861087E-006
          5602.34      1.9900148E-006
          5613.63      1.8886238E-006
          5624.92      1.7826234E-006
          5636.21      1.6728964E-006
          5647.50      1.5603647E-006
          5658.79      1.4456473E-006
          5670.08      1.3292532E-006
          5681.37      1.2117296E-006
          5692.66      1.0937307E-006
          5703.95      9.7569113E-007
          5715.23      8.5796856E-007
          5726.52      7.4090796E-007
          5737.81      6.2482609E-007
          5749.10      5.0995981E-007
          5760.39      3.9654833E-007
          5771.68      2.8484706E-007
          5782.97      1.7512532E-007
          5794.26      6.7600885E-008
          5805.55     -3.7556548E-008
          5816.84     -1.4016017E-007
          5828.12     -2.4008357E-007
          5839.41     -3.3721359E-007
          5850.70     -4.3143927E-007
          5861.99     -5.2262867E-007
          5873.28     -6.1065599E-007
          5884.57     -6.9538974E-007
          5895.86     -7.7670664E-007
          5907.15     -8.5453154E-007
          5918.44     -9.2878364E-007
          5929.73     -9.9937925E-007
          5941.02     -1.0662398E-006
          5952.30     -1.1292859E-006
          5963.59     -1.1884518E-006
          5974.88     -1.2436678E-006
          5986.17     -1.2948531E-006
          5997.46     -1.3419242E-006
          6008.75     -1.3847882E-006
          6020.04     -1.4233643E-006
          6031.33     -1.4575727E-006
          6042.62     -1.4873230E-006
          6053.91     -1.5125313E-006
          6065.20     -1.5331114E-006
          6076.48     -1.5489649E-006
          6087.77     -1.5599884E-006
          6099.06     -1.5660875E-006
          6110.35     -1.5671676E-006
          6121.64     -1.5631348E-006
          6132.93     -1.5538950E-006
          6144.22     -1.5393515E-006
          6155.51     -1.5194139E-006
          6166.80     -1.4939916E-006
          6178.09     -1.4629974E-006
          6189.38     -1.4263487E-006
          6200.66     -1.3839625E-006
          6211.95     -1.3357551E-006
          6223.24     -1.2816420E-006
          6234.53     -1.2215376E-006
          6245.82     -1.1553542E-006
          6257.11     -1.0830029E-006
          6268.40     -1.0043925E-006
          6279.69     -9.1942767E-007
          6290.98     -8.2801348E-007
          6302.27     -7.3006014E-007
          6313.55     -6.2547985E-007
          6324.84     -5.1418369E-007
          6336.13     -3.9608075E-007
          6347.42     -2.7107857E-007
          6358.71     -1.3908351E-007
          6370.00      4.8745578E-039
