          3480.00     -2.7129641E-029
          3491.29     -6.5289156E-007
          3502.58     -1.3080380E-006
          3513.87     -1.9678741E-006
          3525.16     -2.6347671E-006
          3536.45     -3.3111070E-006
          3547.73     -3.9993507E-006
          3559.02     -4.7019643E-006
          3570.31     -5.4214361E-006
          3581.60     -6.1602832E-006
          3592.89     -6.9210600E-006
          3604.18     -7.7063664E-006
          3615.47     -8.5191154E-006
          3626.76     -9.3622435E-006
          3638.05     -1.0238476E-005
          3649.34     -1.1150619E-005
          3660.62     -1.2101573E-005
          3671.91     -1.3094335E-005
          3683.20     -1.4132011E-005
          3694.49     -1.5217823E-005
          3705.78     -1.6355115E-005
          3717.07     -1.7547367E-005
          3728.36     -1.8798204E-005
          3739.65     -2.0114436E-005
          3750.94     -2.1502769E-005
          3762.23     -2.2966931E-005
          3773.52     -2.4510869E-005
          3784.80     -2.6138763E-005
          3796.09     -2.7855023E-005
          3807.38     -2.9664311E-005
          3818.67     -3.1571544E-005
          3829.96     -3.3581901E-005
          3841.25     -3.5700839E-005
          3852.54     -3.7934100E-005
          3863.83     -4.0300583E-005
          3875.12     -4.2818485E-005
          3886.41     -4.5493083E-005
          3897.70     -4.8330156E-005
          3908.98     -5.1335979E-005
          3920.27     -5.4517328E-005
          3931.56     -5.7881493E-005
          3942.85     -6.1436286E-005
          3954.14     -6.5192568E-005
          3965.43     -6.9161555E-005
          3976.72     -7.3352413E-005
          3988.01     -7.7774921E-005
          3999.30     -8.2439471E-005
          4010.59     -8.7357072E-005
          4021.88     -9.2539392E-005
          4033.16     -9.8008943E-005
          4044.45     -1.0378816E-004
          4055.74     -1.0988973E-004
          4067.03     -1.1632715E-004
          4078.32     -1.2311481E-004
          4089.61     -1.3026798E-004
          4100.90     -1.3781165E-004
          4112.19     -1.4577111E-004
          4123.48     -1.5416353E-004
          4134.77     -1.6300714E-004
          4146.05     -1.7237485E-004
          4157.34     -1.8233681E-004
          4168.63     -1.9293633E-004
          4179.92     -2.0421649E-004
          4191.21     -2.1621846E-004
          4202.50     -2.2903432E-004
          4213.79     -2.4272965E-004
          4225.08     -2.5733445E-004
          4236.37     -2.7288046E-004
          4247.66     -2.8938740E-004
          4258.95     -3.0689770E-004
          4270.23     -3.2545509E-004
          4281.52     -3.4508572E-004
          4292.81     -3.6584939E-004
          4304.10     -3.8780654E-004
          4315.39     -4.1098902E-004
          4326.68     -4.3543198E-004
          4337.97     -4.6121615E-004
          4349.26     -4.8842234E-004
          4360.55     -5.1709402E-004
          4371.84     -5.4727808E-004
          4383.12     -5.7894695E-004
          4394.41     -6.1208242E-004
          4405.70     -6.4674751E-004
          4416.99     -6.8299685E-004
          4428.28     -7.2088898E-004
          4439.57     -7.6049767E-004
          4450.86     -8.0188640E-004
          4462.15     -8.4512288E-004
          4473.44     -8.9021885E-004
          4484.73     -9.3719454E-004
          4496.02     -9.8598692E-004
          4507.30     -1.0364321E-003
          4518.59     -1.0885438E-003
          4529.88     -1.1423653E-003
          4541.17     -1.1979181E-003
          4552.46     -1.2553491E-003
          4563.75     -1.3148411E-003
          4575.04     -1.3765372E-003
          4586.33     -1.4405663E-003
          4597.62     -1.5070640E-003
          4608.91     -1.5761446E-003
          4620.20     -1.6479528E-003
          4631.48     -1.7226984E-003
          4642.77     -1.8005284E-003
          4654.06     -1.8815622E-003
          4665.35     -1.9659973E-003
          4676.64     -2.0540991E-003
          4687.93     -2.1461053E-003
          4699.22     -2.2421905E-003
          4710.51     -2.3425216E-003
          4721.80     -2.4472688E-003
          4733.09     -2.5565258E-003
          4744.38     -2.6703093E-003
          4755.66     -2.7886838E-003
          4766.95     -2.9118264E-003
          4778.24     -3.0399208E-003
          4789.53     -3.1730777E-003
          4800.82     -3.3114844E-003
          4812.11     -3.4553662E-003
          4823.40     -3.6049569E-003
          4834.69     -3.7604870E-003
          4845.98     -3.9221968E-003
          4857.27     -4.0902974E-003
          4868.55     -4.2650129E-003
          4879.84     -4.4466790E-003
          4891.13     -4.6355638E-003
          4902.42     -4.8319476E-003
          4913.71     -5.0360070E-003
          4925.00     -5.2477922E-003
          4936.29     -5.4675637E-003
          4947.58     -5.6957019E-003
          4958.87     -5.9325970E-003
          4970.16     -6.1786862E-003
          4981.45     -6.4343504E-003
          4992.73     -6.6999841E-003
          5004.02     -6.9760590E-003
          5015.31     -7.2630496E-003
          5026.60     -7.5614421E-003
          5037.89     -7.8717552E-003
          5049.18     -8.1948718E-003
          5060.47     -8.5316823E-003
          5071.76     -8.8826485E-003
          5083.05     -9.2482310E-003
          5094.34     -9.6290058E-003
          5105.62     -1.0025828E-002
          5116.91     -1.0439717E-002
          5128.20     -1.0871083E-002
          5139.49     -1.1320201E-002
          5150.78     -1.1787460E-002
          5162.07     -1.2273184E-002
          5173.36     -1.2778013E-002
          5184.65     -1.3303059E-002
          5195.94     -1.3849440E-002
          5207.23     -1.4418912E-002
          5218.52     -1.5013207E-002
          5229.80     -1.5633891E-002
          5241.09     -1.6282521E-002
          5252.38     -1.6961822E-002
          5263.67     -1.7677562E-002
          5274.96     -1.8433393E-002
          5286.25     -1.9233309E-002
          5297.54     -2.0081191E-002
          5308.83     -2.0983826E-002
          5320.12     -2.1947736E-002
          5331.41     -2.2986032E-002
          5342.70     -2.4125275E-002
          5353.98     -2.5387354E-002
          5365.27     -2.6803348E-002
          5376.56     -2.8393360E-002
          5387.85     -3.0229758E-002
          5399.14     -3.2379827E-002
          5410.43     -3.4937771E-002
          5421.72     -3.8110433E-002
          5433.01     -4.1985803E-002
          5444.30     -4.6593116E-002
          5455.59     -5.2014870E-002
          5466.88     -5.8331993E-002
          5478.16     -6.5600006E-002
          5489.45     -7.3832923E-002
          5500.74     -8.3009367E-002
          5512.03     -9.3070977E-002
          5523.32     -1.0399584E-001
          5534.61     -1.1575778E-001
          5545.90     -1.2825594E-001
          5557.19     -1.4139011E-001
          5568.48     -1.5509464E-001
          5579.77     -1.6930181E-001
          5591.05     -1.8393447E-001
          5602.34     -1.9889607E-001
          5613.63     -2.1409877E-001
          5624.92     -2.2949993E-001
          5636.21     -2.4504440E-001
          5647.50     -2.6067956E-001
          5658.79     -2.7637305E-001
          5670.08     -2.9210266E-001
          5681.37     -3.0783994E-001
          5692.66     -3.2354774E-001
          5703.95     -3.3920936E-001
          5715.23     -3.5481442E-001
          5726.52     -3.7035166E-001
          5737.81     -3.8581124E-001
          5749.10     -4.0119470E-001
          5760.39     -4.1649912E-001
          5771.68     -4.3171586E-001
          5782.97     -4.4682694E-001
          5794.26     -4.6182340E-001
          5805.55     -4.7670246E-001
          5816.84     -4.9145228E-001
          5828.12     -5.0607922E-001
          5839.41     -5.2059192E-001
          5850.70     -5.3499812E-001
          5861.99     -5.4929155E-001
          5873.28     -5.6346612E-001
          5884.57     -5.7750664E-001
          5895.86     -5.9139864E-001
          5907.15     -6.0515457E-001
          5918.44     -6.1878343E-001
          5929.73     -6.3229261E-001
          5941.02     -6.4569186E-001
          5952.30     -6.5898926E-001
          5963.59     -6.7220375E-001
          5974.88     -6.8535176E-001
          5986.17     -6.9844138E-001
          5997.46     -7.1147868E-001
          6008.75     -7.2445974E-001
          6020.04     -7.3739229E-001
          6031.33     -7.5028186E-001
          6042.62     -7.6311932E-001
          6053.91     -7.7590188E-001
          6065.20     -7.8862472E-001
          6076.48     -8.0126617E-001
          6087.77     -8.1379388E-001
          6099.06     -8.2618234E-001
          6110.35     -8.3840369E-001
          6121.64     -8.5042912E-001
          6132.93     -8.6223240E-001
          6144.22     -8.7378585E-001
          6155.51     -8.8506696E-001
          6166.80     -8.9604965E-001
          6178.09     -9.0670604E-001
          6189.38     -9.1700805E-001
          6200.66     -9.2692488E-001
          6211.95     -9.3642327E-001
          6223.24     -9.4546879E-001
          6234.53     -9.5402423E-001
          6245.82     -9.6204887E-001
          6257.11     -9.6949916E-001
          6268.40     -9.7632597E-001
          6279.69     -9.8246946E-001
          6290.98     -9.8786507E-001
          6302.27     -9.9245418E-001
          6313.55     -9.9618119E-001
          6324.84     -9.9898719E-001
          6336.13     -1.0008088E+000
          6347.42     -1.0015785E+000
          6358.71     -1.0012248E+000
          6370.00     -9.9967245E-001
