          3480.00     -5.5078926E-029
          3491.29     -1.6078624E-007
          3502.58     -3.2209518E-007
          3513.87     -4.8471187E-007
          3525.16     -6.4940015E-007
          3536.45     -8.1693133E-007
          3547.73     -9.8809937E-007
          3559.02     -1.1637042E-006
          3570.31     -1.3445565E-006
          3581.60     -1.5314806E-006
          3592.89     -1.7253185E-006
          3604.18     -1.9269331E-006
          3615.47     -2.1372949E-006
          3626.76     -2.3573912E-006
          3638.05     -2.5881514E-006
          3649.34     -2.8305417E-006
          3660.62     -3.0855694E-006
          3671.91     -3.3542862E-006
          3683.20     -3.6377920E-006
          3694.49     -3.9372391E-006
          3705.78     -4.2538357E-006
          3717.07     -4.5888509E-006
          3728.36     -4.9436193E-006
          3739.65     -5.3205630E-006
          3750.94     -5.7220876E-006
          3762.23     -6.1496253E-006
          3773.52     -6.6047086E-006
          3784.80     -7.0889749E-006
          3796.09     -7.6041696E-006
          3807.38     -8.1521540E-006
          3818.67     -8.7349096E-006
          3829.96     -9.3545414E-006
          3841.25     -1.0013287E-005
          3852.54     -1.0713523E-005
          3863.83     -1.1462394E-005
          3875.12     -1.2266824E-005
          3886.41     -1.3129134E-005
          3897.70     -1.4051883E-005
          3908.98     -1.5037871E-005
          3920.27     -1.6090140E-005
          3931.56     -1.7211986E-005
          3942.85     -1.8406964E-005
          3954.14     -1.9679855E-005
          3965.43     -2.1035637E-005
          3976.72     -2.2478587E-005
          3988.01     -2.4013292E-005
          3999.30     -2.5644659E-005
          4010.59     -2.7377924E-005
          4021.88     -2.9218671E-005
          4033.16     -3.1176933E-005
          4044.45     -3.3262800E-005
          4055.74     -3.5482543E-005
          4067.03     -3.7842893E-005
          4078.32     -4.0351059E-005
          4089.61     -4.3014748E-005
          4100.90     -4.5845880E-005
          4112.19     -4.8856633E-005
          4123.48     -5.2055916E-005
          4134.77     -5.5453260E-005
          4146.05     -5.9082048E-005
          4157.34     -6.2974576E-005
          4168.63     -6.7151858E-005
          4179.92     -7.1635022E-005
          4191.21     -7.6444741E-005
          4202.50     -8.1624781E-005
          4213.79     -8.7207290E-005
          4225.08     -9.3208864E-005
          4236.37     -9.9647219E-005
          4247.66     -1.0653498E-004
          4258.95     -1.1389569E-004
          4270.23     -1.2175386E-004
          4281.52     -1.3012621E-004
          4292.81     -1.3904589E-004
          4304.10     -1.4854675E-004
          4315.39     -1.5864944E-004
          4326.68     -1.6937669E-004
          4337.97     -1.8077414E-004
          4349.26     -1.9288790E-004
          4360.55     -2.0574627E-004
          4371.84     -2.1937984E-004
          4383.12     -2.3378198E-004
          4394.41     -2.4895151E-004
          4405.70     -2.6492917E-004
          4416.99     -2.8175185E-004
          4428.28     -2.9945916E-004
          4439.57     -3.1809931E-004
          4450.86     -3.3771568E-004
          4462.15     -3.5835467E-004
          4473.44     -3.8003303E-004
          4484.73     -4.0277298E-004
          4496.02     -4.2655117E-004
          4507.30     -4.5128929E-004
          4518.59     -4.7700758E-004
          4529.88     -5.0374261E-004
          4541.17     -5.3151946E-004
          4552.46     -5.6043483E-004
          4563.75     -5.9060670E-004
          4575.04     -6.2213116E-004
          4586.33     -6.5509720E-004
          4597.62     -6.8959873E-004
          4608.91     -7.2571826E-004
          4620.20     -7.6355753E-004
          4631.48     -8.0325836E-004
          4642.77     -8.4492645E-004
          4654.06     -8.8865235E-004
          4665.35     -9.3457572E-004
          4676.64     -9.8287948E-004
          4687.93     -1.0337315E-003
          4699.22     -1.0872628E-003
          4710.51     -1.1436016E-003
          4721.80     -1.2028804E-003
          4733.09     -1.2651853E-003
          4744.38     -1.3305556E-003
          4755.66     -1.3990632E-003
          4766.95     -1.4708544E-003
          4778.24     -1.5460822E-003
          4789.53     -1.6248538E-003
          4800.82     -1.7073298E-003
          4812.11     -1.7936981E-003
          4823.40     -1.8841554E-003
          4834.69     -1.9788985E-003
          4845.98     -2.0781347E-003
          4857.27     -2.1820538E-003
          4868.55     -2.2908584E-003
          4879.84     -2.4048315E-003
          4891.13     -2.5242125E-003
          4902.42     -2.6492539E-003
          4913.71     -2.7801378E-003
          4925.00     -2.9169607E-003
          4936.29     -3.0599739E-003
          4947.58     -3.2095184E-003
          4958.87     -3.3659478E-003
          4970.16     -3.5296550E-003
          4981.45     -3.7009965E-003
          4992.73     -3.8803449E-003
          5004.02     -4.0681361E-003
          5015.31     -4.2648146E-003
          5026.60     -4.4708404E-003
          5037.89     -4.6867052E-003
          5049.18     -4.9131896E-003
          5060.47     -5.1510873E-003
          5071.76     -5.4008680E-003
          5083.05     -5.6630097E-003
          5094.34     -5.9380903E-003
          5105.62     -6.2269205E-003
          5116.91     -6.5304525E-003
          5128.20     -6.8491570E-003
          5139.49     -7.1834105E-003
          5150.78     -7.5336869E-003
          5162.07     -7.9004215E-003
          5173.36     -8.2843199E-003
          5184.65     -8.6864968E-003
          5195.94     -9.1080839E-003
          5207.23     -9.5507752E-003
          5218.52     -1.0016257E-002
          5229.80     -1.0506098E-002
          5241.09     -1.1021877E-002
          5252.38     -1.1566220E-002
          5263.67     -1.2144457E-002
          5274.96     -1.2760074E-002
          5286.25     -1.3416922E-002
          5297.54     -1.4118770E-002
          5308.83     -1.4872082E-002
          5320.12     -1.5683099E-002
          5331.41     -1.6564192E-002
          5342.70     -1.7540111E-002
          5353.98     -1.8631412E-002
          5365.27     -1.9867323E-002
          5376.56     -2.1266944E-002
          5387.85     -2.2898470E-002
          5399.14     -2.4825231E-002
          5410.43     -2.7136306E-002
          5421.72     -3.0026580E-002
          5433.01     -3.3578853E-002
          5444.30     -3.7820946E-002
          5455.59     -4.2831092E-002
          5466.88     -4.8686221E-002
          5478.16     -5.5439250E-002
          5489.45     -6.3103931E-002
          5500.74     -7.1660595E-002
          5512.03     -8.1054677E-002
          5523.32     -9.1267212E-002
          5534.61     -1.0227512E-001
          5545.90     -1.1398332E-001
          5557.19     -1.2629782E-001
          5568.48     -1.3915875E-001
          5579.77     -1.5250417E-001
          5591.05     -1.6626257E-001
          5602.34     -1.8034186E-001
          5613.63     -1.9465828E-001
          5624.92     -2.0917501E-001
          5636.21     -2.2384032E-001
          5647.50     -2.3860449E-001
          5658.79     -2.5343902E-001
          5670.08     -2.6832629E-001
          5681.37     -2.8324045E-001
          5692.66     -2.9814429E-001
          5703.95     -3.1302381E-001
          5715.23     -3.2787189E-001
          5726.52     -3.4267973E-001
          5737.81     -3.5743959E-001
          5749.10     -3.7215738E-001
          5760.39     -3.8683317E-001
          5771.68     -4.0145960E-001
          5782.97     -4.1601721E-001
          5794.26     -4.3049721E-001
          5805.55     -4.4489813E-001
          5816.84     -4.5920695E-001
          5828.12     -4.7343314E-001
          5839.41     -4.8758898E-001
          5850.70     -5.0168555E-001
          5861.99     -5.1571648E-001
          5873.28     -5.2967540E-001
          5884.57     -5.4354457E-001
          5895.86     -5.5730691E-001
          5907.15     -5.7097892E-001
          5918.44     -5.8457279E-001
          5929.73     -5.9809870E-001
          5941.02     -6.1156982E-001
          5952.30     -6.2499719E-001
          5963.59     -6.3840549E-001
          5974.88     -6.5181627E-001
          5986.17     -6.6524076E-001
          5997.46     -6.7868766E-001
          6008.75     -6.9215328E-001
          6020.04     -7.0564850E-001
          6031.33     -7.1918149E-001
          6042.62     -7.3274205E-001
          6053.91     -7.4632798E-001
          6065.20     -7.5993455E-001
          6076.48     -7.7353585E-001
          6087.77     -7.8709246E-001
          6099.06     -8.0057361E-001
          6110.35     -8.1394552E-001
          6121.64     -8.2717321E-001
          6132.93     -8.4022489E-001
          6144.22     -8.5306694E-001
          6155.51     -8.6567222E-001
          6166.80     -8.7800889E-001
          6178.09     -8.9004273E-001
          6189.38     -9.0173909E-001
          6200.66     -9.1305970E-001
          6211.95     -9.2396300E-001
          6223.24     -9.3440575E-001
          6234.53     -9.4434090E-001
          6245.82     -9.5371670E-001
          6257.11     -9.6247746E-001
          6268.40     -9.7055996E-001
          6279.69     -9.7788665E-001
          6290.98     -9.8437356E-001
          6302.27     -9.8994423E-001
          6313.55     -9.9452592E-001
          6324.84     -9.9804113E-001
          6336.13     -1.0004060E+000
          6347.42     -1.0015308E+000
          6358.71     -1.0013200E+000
          6370.00     -9.9967245E-001
