          3480.00     -9.8934103E-028
          3491.29      1.5072999E+003
          3502.58      3.0180563E+003
          3513.87      4.5323559E+003
          3525.16      6.0502801E+003
          3536.45      7.5719150E+003
          3547.73      9.0973470E+003
          3559.02      1.0626657E+004
          3570.31      1.2159931E+004
          3581.60      1.3697249E+004
          3592.89      1.5238695E+004
          3604.18      1.6784346E+004
          3615.47      1.8334266E+004
          3626.76      1.9888517E+004
          3638.05      2.1447154E+004
          3649.34      2.3010228E+004
          3660.62      2.4577794E+004
          3671.91      2.6149904E+004
          3683.20      2.7726610E+004
          3694.49      2.9307964E+004
          3705.78      3.0894016E+004
          3717.07      3.2484815E+004
          3728.36      3.4080414E+004
          3739.65      3.5680886E+004
          3750.94      3.7286298E+004
          3762.23      3.8896687E+004
          3773.52      4.0512086E+004
          3784.80      4.2132533E+004
          3796.09      4.3758058E+004
          3807.38      4.5388698E+004
          3818.67      4.7024489E+004
          3829.96      4.8665466E+004
          3841.25      5.0311664E+004
          3852.54      5.1963118E+004
          3863.83      5.3619944E+004
          3875.12      5.5282241E+004
          3886.41      5.6950013E+004
          3897.70      5.8623266E+004
          3908.98      6.0302008E+004
          3920.27      6.1986240E+004
          3931.56      6.3675968E+004
          3942.85      6.5371196E+004
          3954.14      6.7071941E+004
          3965.43      6.8778219E+004
          3976.72      7.0490029E+004
          3988.01      7.2207374E+004
          3999.30      7.3930257E+004
          4010.59      7.5658677E+004
          4021.88      7.7392634E+004
          4033.16      7.9132162E+004
          4044.45      8.0877286E+004
          4055.74      8.2627997E+004
          4067.03      8.4384281E+004
          4078.32      8.6146127E+004
          4089.61      8.7913526E+004
          4100.90      8.9686482E+004
          4112.19      9.1465001E+004
          4123.48      9.3249063E+004
          4134.77      9.5038648E+004
          4146.05      9.6833837E+004
          4157.34      9.8634685E+004
          4168.63      1.0044119E+005
          4179.92      1.0225332E+005
          4191.21      1.0407106E+005
          4202.50      1.0589443E+005
          4213.79      1.0772340E+005
          4225.08      1.0955789E+005
          4236.37      1.1139780E+005
          4247.66      1.1324301E+005
          4258.95      1.1509345E+005
          4270.23      1.1694901E+005
          4281.52      1.1880956E+005
          4292.81      1.2067502E+005
          4304.10      1.2254526E+005
          4315.39      1.2442017E+005
          4326.68      1.2629960E+005
          4337.97      1.2818344E+005
          4349.26      1.3007156E+005
          4360.55      1.3196383E+005
          4371.84      1.3386009E+005
          4383.12      1.3576019E+005
          4394.41      1.3766401E+005
          4405.70      1.3957140E+005
          4416.99      1.4148225E+005
          4428.28      1.4339642E+005
          4439.57      1.4531379E+005
          4450.86      1.4723423E+005
          4462.15      1.4915761E+005
          4473.44      1.5108382E+005
          4484.73      1.5301276E+005
          4496.02      1.5494433E+005
          4507.30      1.5687850E+005
          4518.59      1.5881521E+005
          4529.88      1.6075440E+005
          4541.17      1.6269602E+005
          4552.46      1.6464000E+005
          4563.75      1.6658627E+005
          4575.04      1.6853476E+005
          4586.33      1.7048539E+005
          4597.62      1.7243809E+005
          4608.91      1.7439281E+005
          4620.20      1.7634947E+005
          4631.48      1.7830799E+005
          4642.77      1.8026829E+005
          4654.06      1.8223032E+005
          4665.35      1.8419399E+005
          4676.64      1.8615921E+005
          4687.93      1.8812590E+005
          4699.22      1.9009395E+005
          4710.51      1.9206331E+005
          4721.80      1.9403388E+005
          4733.09      1.9600561E+005
          4744.38      1.9797844E+005
          4755.66      1.9995234E+005
          4766.95      2.0192723E+005
          4778.24      2.0390305E+005
          4789.53      2.0587976E+005
          4800.82      2.0785728E+005
          4812.11      2.0983557E+005
          4823.40      2.1181455E+005
          4834.69      2.1379416E+005
          4845.98      2.1577433E+005
          4857.27      2.1775502E+005
          4868.55      2.1973617E+005
          4879.84      2.2171769E+005
          4891.13      2.2369954E+005
          4902.42      2.2568164E+005
          4913.71      2.2766395E+005
          4925.00      2.2964644E+005
          4936.29      2.3162906E+005
          4947.58      2.3361174E+005
          4958.87      2.3559443E+005
          4970.16      2.3757705E+005
          4981.45      2.3955954E+005
          4992.73      2.4154184E+005
          5004.02      2.4352387E+005
          5015.31      2.4550557E+005
          5026.60      2.4748686E+005
          5037.89      2.4946767E+005
          5049.18      2.5144789E+005
          5060.47      2.5342740E+005
          5071.76      2.5540614E+005
          5083.05      2.5738402E+005
          5094.34      2.5936097E+005
          5105.62      2.6133688E+005
          5116.91      2.6331162E+005
          5128.20      2.6528513E+005
          5139.49      2.6725734E+005
          5150.78      2.6922818E+005
          5162.07      2.7119761E+005
          5173.36      2.7316554E+005
          5184.65      2.7513185E+005
          5195.94      2.7709643E+005
          5207.23      2.7905913E+005
          5218.52      2.8101977E+005
          5229.80      2.8297822E+005
          5241.09      2.8493430E+005
          5252.38      2.8688778E+005
          5263.67      2.8883823E+005
          5274.96      2.9078530E+005
          5286.25      2.9272863E+005
          5297.54      2.9466785E+005
          5308.83      2.9660239E+005
          5320.12      2.9853163E+005
          5331.41      3.0045454E+005
          5342.70      3.0236905E+005
          5353.98      3.0427327E+005
          5365.27      3.0616443E+005
          5376.56      3.0804031E+005
          5387.85      3.0989446E+005
          5399.14      3.1172010E+005
          5410.43      3.1350712E+005
          5421.72      3.1523384E+005
          5433.01      3.1688698E+005
          5444.30      3.1845724E+005
          5455.59      3.1992830E+005
          5466.88      3.2128164E+005
          5478.16      3.2249932E+005
          5489.45      3.2356665E+005
          5500.74      3.2447253E+005
          5512.03      3.2521102E+005
          5523.32      3.2576937E+005
          5534.61      3.2613441E+005
          5545.90      3.2630757E+005
          5557.19      3.2629221E+005
          5568.48      3.2608542E+005
          5579.77      3.2568575E+005
          5591.05      3.2509582E+005
          5602.34      3.2432685E+005
          5613.63      3.2339192E+005
          5624.92      3.2229286E+005
          5636.21      3.2103699E+005
          5647.50      3.1963397E+005
          5658.79      3.1808826E+005
          5670.08      3.1640252E+005
          5681.37      3.1458160E+005
          5692.66      3.1263464E+005
          5703.95      3.1056574E+005
          5715.23      3.0837757E+005
          5726.52      3.0607323E+005
          5737.81      3.0365575E+005
          5749.10      3.0112567E+005
          5760.39      2.9848425E+005
          5771.68      2.9573410E+005
          5782.97      2.9287946E+005
          5794.26      2.8992332E+005
          5805.55      2.8686715E+005
          5816.84      2.8371399E+005
          5828.12      2.8046401E+005
          5839.41      2.7711678E+005
          5850.70      2.7367188E+005
          5861.99      2.7013050E+005
          5873.28      2.6649390E+005
          5884.57      2.6276418E+005
          5895.86      2.5894350E+005
          5907.15      2.5503073E+005
          5918.44      2.5102496E+005
          5929.73      2.4692536E+005
          5941.02      2.4273070E+005
          5952.30      2.3843974E+005
          5963.59      2.3405003E+005
          5974.88      2.2955906E+005
          5986.17      2.2496505E+005
          5997.46      2.2026623E+005
          6008.75      2.1546164E+005
          6020.04      2.1054908E+005
          6031.33      2.0552626E+005
          6042.62      2.0039210E+005
          6053.91      1.9514476E+005
          6065.20      1.8978237E+005
          6076.48      1.8430457E+005
          6087.77      1.7871200E+005
          6099.06      1.7300452E+005
          6110.35      1.6718212E+005
          6121.64      1.6124484E+005
          6132.93      1.5519238E+005
          6144.22      1.4902460E+005
          6155.51      1.4274056E+005
          6166.80      1.3633950E+005
          6178.09      1.2982061E+005
          6189.38      1.2318271E+005
          6200.66      1.1642465E+005
          6211.95      1.0954525E+005
          6223.24      1.0254316E+005
          6234.53      9.5417032E+004
          6245.82      8.8165572E+004
          6257.11      8.0787493E+004
          6268.40      7.3281963E+004
          6279.69      6.5649658E+004
          6290.98      5.7891958E+004
          6302.27      5.0008807E+004
          6313.55      4.1998838E+004
          6324.84      3.3860601E+004
          6336.13      2.5592787E+004
          6347.42      1.7194187E+004
          6358.71      8.6636452E+003
          6370.00     -8.7211508E-030
