          3480.00      0.0000000E+000
          3491.29      2.9237042E-002
          3502.58      2.8974160E-002
          3513.87      2.8716221E-002
          3525.16      2.8463096E-002
          3536.45      2.8214652E-002
          3547.73      2.7970759E-002
          3559.02      2.7731290E-002
          3570.31      2.7496117E-002
          3581.60      2.7265115E-002
          3592.89      2.7038159E-002
          3604.18      2.6815125E-002
          3615.47      2.6595886E-002
          3626.76      2.6380315E-002
          3638.05      2.6168286E-002
          3649.34      2.5959677E-002
          3660.62      2.5754368E-002
          3671.91      2.5552240E-002
          3683.20      2.5353178E-002
          3694.49      2.5157068E-002
          3705.78      2.4963797E-002
          3717.07      2.4773257E-002
          3728.36      2.4585338E-002
          3739.65      2.4399935E-002
          3750.94      2.4216523E-002
          3762.23      2.4034658E-002
          3773.52      2.3854342E-002
          3784.80      2.3675567E-002
          3796.09      2.3498315E-002
          3807.38      2.3322560E-002
          3818.67      2.3148270E-002
          3829.96      2.2975410E-002
          3841.25      2.2803939E-002
          3852.54      2.2633812E-002
          3863.83      2.2464983E-002
          3875.12      2.2297403E-002
          3886.41      2.2131022E-002
          3897.70      2.1965787E-002
          3908.98      2.1801647E-002
          3920.27      2.1638546E-002
          3931.56      2.1476433E-002
          3942.85      2.1315251E-002
          3954.14      2.1154948E-002
          3965.43      2.0995470E-002
          3976.72      2.0836763E-002
          3988.01      2.0678774E-002
          3999.30      2.0521451E-002
          4010.59      2.0364742E-002
          4021.88      2.0208593E-002
          4033.16      2.0052954E-002
          4044.45      1.9897775E-002
          4055.74      1.9743003E-002
          4067.03      1.9588591E-002
          4078.32      1.9434489E-002
          4089.61      1.9280648E-002
          4100.90      1.9127021E-002
          4112.19      1.8973561E-002
          4123.48      1.8820221E-002
          4134.77      1.8666956E-002
          4146.05      1.8513721E-002
          4157.34      1.8360472E-002
          4168.63      1.8207164E-002
          4179.92      1.8053754E-002
          4191.21      1.7900202E-002
          4202.50      1.7746463E-002
          4213.79      1.7592498E-002
          4225.08      1.7438265E-002
          4236.37      1.7283725E-002
          4247.66      1.7128837E-002
          4258.95      1.6973563E-002
          4270.23      1.6817864E-002
          4281.52      1.6661702E-002
          4292.81      1.6505040E-002
          4304.10      1.6347839E-002
          4315.39      1.6190063E-002
          4326.68      1.6031676E-002
          4337.97      1.5872640E-002
          4349.26      1.5712922E-002
          4360.55      1.5552484E-002
          4371.84      1.5391292E-002
          4383.12      1.5229313E-002
          4394.41      1.5066510E-002
          4405.70      1.4902850E-002
          4416.99      1.4738297E-002
          4428.28      1.4572818E-002
          4439.57      1.4406378E-002
          4450.86      1.4238942E-002
          4462.15      1.4070476E-002
          4473.44      1.3900948E-002
          4484.73      1.3730321E-002
          4496.02      1.3558563E-002
          4507.30      1.3385640E-002
          4518.59      1.3211517E-002
          4529.88      1.3036160E-002
          4541.17      1.2859535E-002
          4552.46      1.2682060E-002
          4563.75      1.2504109E-002
          4575.04      1.2325582E-002
          4586.33      1.2146382E-002
          4597.62      1.1966416E-002
          4608.91      1.1785597E-002
          4620.20      1.1603839E-002
          4631.48      1.1421061E-002
          4642.77      1.1237182E-002
          4654.06      1.1052126E-002
          4665.35      1.0865819E-002
          4676.64      1.0678190E-002
          4687.93      1.0489168E-002
          4699.22      1.0298685E-002
          4710.51      1.0106675E-002
          4721.80      9.9130729E-003
          4733.09      9.7178160E-003
          4744.38      9.5208415E-003
          4755.66      9.3220885E-003
          4766.95      9.1214965E-003
          4778.24      8.9190060E-003
          4789.53      8.7145586E-003
          4800.82      8.5080958E-003
          4812.11      8.3006377E-003
          4823.40      8.0931035E-003
          4834.69      7.8852902E-003
          4845.98      7.6770040E-003
          4857.27      7.4680594E-003
          4868.55      7.2582788E-003
          4879.84      7.0474925E-003
          4891.13      6.8355375E-003
          4902.42      6.6222573E-003
          4913.71      6.4075022E-003
          4925.00      6.1911275E-003
          4936.29      5.9729943E-003
          4947.58      5.7529682E-003
          4958.87      5.5309192E-003
          4970.16      5.3067223E-003
          4981.45      5.0802552E-003
          4992.73      4.8513992E-003
          5004.02      4.6200392E-003
          5015.31      4.3860620E-003
          5026.60      4.1493570E-003
          5037.89      3.9098159E-003
          5049.18      3.6673317E-003
          5060.47      3.4217999E-003
          5071.76      3.1731165E-003
          5083.05      2.9211785E-003
          5094.34      2.6677169E-003
          5105.62      2.4143010E-003
          5116.91      2.1605975E-003
          5128.20      1.9062865E-003
          5139.49      1.6510607E-003
          5150.78      1.3946251E-003
          5162.07      1.1366957E-003
          5173.36      8.7699883E-004
          5184.65      6.1527166E-004
          5195.94      3.5125998E-004
          5207.23      8.4718461E-005
          5218.52     -1.8459023E-004
          5229.80     -4.5689636E-004
          5241.09     -7.3242281E-004
          5252.38     -1.0113872E-003
          5263.67     -1.2940015E-003
          5274.96     -1.5804726E-003
          5286.25     -1.8710034E-003
          5297.54     -2.1657934E-003
          5308.83     -2.4650386E-003
          5320.12     -2.7689333E-003
          5331.41     -3.0776687E-003
          5342.70     -3.3914351E-003
          5353.98     -3.6669937E-003
          5365.27     -3.8652514E-003
          5376.56     -3.9929905E-003
          5387.85     -4.0572954E-003
          5399.14     -4.0653392E-003
          5410.43     -4.0242036E-003
          5421.72     -3.9407371E-003
          5433.01     -3.8214476E-003
          5444.30     -3.6724271E-003
          5455.59     -3.4993050E-003
          5466.88     -3.3072230E-003
          5478.16     -3.1008300E-003
          5489.45     -2.8842903E-003
          5500.74     -2.6613035E-003
          5512.03     -2.4351315E-003
          5523.32     -2.2086294E-003
          5534.61     -1.9842795E-003
          5545.90     -1.7642271E-003
          5557.19     -1.5503139E-003
          5568.48     -1.3441120E-003
          5579.77     -1.1469591E-003
          5591.05     -9.5998784E-004
          5602.34     -7.8414736E-004
          5613.63     -6.2022659E-004
          5624.92     -4.6887713E-004
          5636.21     -3.3063373E-004
          5647.50     -2.0593140E-004
          5658.79     -9.5121823E-005
          5670.08      1.5126601E-006
          5681.37      8.3722192E-005
          5692.66      1.5128554E-004
          5703.95      4.1082794E-004
          5715.23      1.0125695E-003
          5726.52      1.8680233E-003
          5737.81      2.8927072E-003
          5749.10      4.0134242E-003
          5760.39      5.1713465E-003
          5771.68      6.3220899E-003
          5782.97      7.4340661E-003
          5794.26      8.4861637E-003
          5805.55      9.4652536E-003
          5816.84      1.0363964E-002
          5828.12      1.1178953E-002
          5839.41      1.1909563E-002
          5850.70      1.2556807E-002
          5861.99      1.3122638E-002
          5873.28      1.3609410E-002
          5884.57      1.4019513E-002
          5895.86      1.4355097E-002
          5907.15      1.4617883E-002
          5918.44      1.4809005E-002
          5929.73      1.4928901E-002
          5941.02      1.4977213E-002
          5952.30      1.4952657E-002
          5963.59      1.4852881E-002
          5974.88      1.4706591E-002
          5986.17      1.4544986E-002
          5997.46      1.4368485E-002
          6008.75      1.4177434E-002
          6020.04      1.3972116E-002
          6031.33      1.3752756E-002
          6042.62      1.3519527E-002
          6053.91      1.3272554E-002
          6065.20      1.3011913E-002
          6076.48      1.2737636E-002
          6087.77      1.2449716E-002
          6099.06      1.2148106E-002
          6110.35      1.1832718E-002
          6121.64      1.1503430E-002
          6132.93      1.1160076E-002
          6144.22      1.0802458E-002
          6155.51      1.0430338E-002
          6166.80      1.0043383E-002
          6178.09      9.6412343E-003
          6189.38      9.2235701E-003
          6200.66      8.7900296E-003
          6211.95      8.3402132E-003
          6223.24      7.8736801E-003
          6234.53      7.3899485E-003
          6245.82      6.8884913E-003
          6257.11      6.3687357E-003
          6268.40      5.8300615E-003
          6279.69      5.2717961E-003
          6290.98      4.6932133E-003
          6302.27      4.0935286E-003
          6313.55      3.4718958E-003
          6324.84      2.8274040E-003
          6336.13      2.1590696E-003
          6347.42      1.4658328E-003
          6358.71      7.4655332E-004
          6370.00      0.0000000E+000
