          3480.00      0.0000000E+000
          3491.29      2.7825183E-002
          3502.58      2.7636932E-002
          3513.87      2.7451024E-002
          3525.16      2.7267393E-002
          3536.45      2.7085978E-002
          3547.73      2.6906717E-002
          3559.02      2.6729549E-002
          3570.31      2.6554414E-002
          3581.60      2.6381255E-002
          3592.89      2.6210012E-002
          3604.18      2.6040627E-002
          3615.47      2.5873040E-002
          3626.76      2.5707189E-002
          3638.05      2.5543013E-002
          3649.34      2.5380455E-002
          3660.62      2.5219459E-002
          3671.91      2.5059970E-002
          3683.20      2.4901933E-002
          3694.49      2.4745295E-002
          3705.78      2.4590006E-002
          3717.07      2.4436014E-002
          3728.36      2.4283268E-002
          3739.65      2.4131721E-002
          3750.94      2.3981127E-002
          3762.23      2.3831276E-002
          3773.52      2.3682166E-002
          3784.80      2.3533792E-002
          3796.09      2.3386143E-002
          3807.38      2.3239204E-002
          3818.67      2.3092960E-002
          3829.96      2.2947392E-002
          3841.25      2.2802480E-002
          3852.54      2.2658201E-002
          3863.83      2.2514532E-002
          3875.12      2.2371450E-002
          3886.41      2.2228928E-002
          3897.70      2.2086943E-002
          3908.98      2.1945466E-002
          3920.27      2.1804472E-002
          3931.56      2.1663934E-002
          3942.85      2.1523824E-002
          3954.14      2.1384116E-002
          3965.43      2.1244782E-002
          3976.72      2.1105795E-002
          3988.01      2.0967130E-002
          3999.30      2.0828757E-002
          4010.59      2.0690651E-002
          4021.88      2.0552784E-002
          4033.16      2.0415130E-002
          4044.45      2.0277661E-002
          4055.74      2.0140351E-002
          4067.03      2.0003174E-002
          4078.32      1.9866102E-002
          4089.61      1.9729109E-002
          4100.90      1.9592170E-002
          4112.19      1.9455258E-002
          4123.48      1.9318347E-002
          4134.77      1.9181411E-002
          4146.05      1.9044424E-002
          4157.34      1.8907362E-002
          4168.63      1.8770198E-002
          4179.92      1.8632908E-002
          4191.21      1.8495466E-002
          4202.50      1.8357848E-002
          4213.79      1.8220028E-002
          4225.08      1.8081981E-002
          4236.37      1.7943684E-002
          4247.66      1.7805111E-002
          4258.95      1.7666237E-002
          4270.23      1.7527040E-002
          4281.52      1.7387494E-002
          4292.81      1.7247574E-002
          4304.10      1.7107258E-002
          4315.39      1.6966521E-002
          4326.68      1.6825338E-002
          4337.97      1.6683685E-002
          4349.26      1.6541540E-002
          4360.55      1.6398877E-002
          4371.84      1.6255674E-002
          4383.12      1.6111906E-002
          4394.41      1.5967551E-002
          4405.70      1.5822583E-002
          4416.99      1.5676978E-002
          4428.28      1.5530714E-002
          4439.57      1.5383765E-002
          4450.86      1.5236107E-002
          4462.15      1.5087717E-002
          4473.44      1.4938569E-002
          4484.73      1.4788640E-002
          4496.02      1.4637905E-002
          4507.30      1.4486340E-002
          4518.59      1.4333920E-002
          4529.88      1.4180620E-002
          4541.17      1.4026415E-002
          4552.46      1.3871471E-002
          4563.75      1.3715942E-002
          4575.04      1.3559781E-002
          4586.33      1.3402946E-002
          4597.62      1.3245394E-002
          4608.91      1.3087082E-002
          4620.20      1.2927969E-002
          4631.48      1.2768014E-002
          4642.77      1.2607176E-002
          4654.06      1.2445414E-002
          4665.35      1.2282690E-002
          4676.64      1.2118964E-002
          4687.93      1.1954196E-002
          4699.22      1.1788348E-002
          4710.51      1.1621381E-002
          4721.80      1.1453257E-002
          4733.09      1.1283938E-002
          4744.38      1.1113385E-002
          4755.66      1.0941560E-002
          4766.95      1.0768426E-002
          4778.24      1.0593943E-002
          4789.53      1.0418075E-002
          4800.82      1.0240782E-002
          4812.11      1.0062469E-002
          4823.40      9.8835117E-003
          4834.69      9.7038325E-003
          4845.98      9.5233537E-003
          4857.27      9.3419999E-003
          4868.55      9.1596966E-003
          4879.84      8.9763712E-003
          4891.13      8.7919517E-003
          4902.42      8.6063673E-003
          4913.71      8.4195487E-003
          4925.00      8.2314270E-003
          4936.29      8.0419344E-003
          4947.58      7.8510036E-003
          4958.87      7.6585683E-003
          4970.16      7.4645627E-003
          4981.45      7.2689215E-003
          4992.73      7.0715796E-003
          5004.02      6.8724727E-003
          5015.31      6.6715363E-003
          5026.60      6.4687062E-003
          5037.89      6.2639183E-003
          5049.18      6.0571084E-003
          5060.47      5.8482127E-003
          5071.76      5.6371669E-003
          5083.05      5.4239065E-003
          5094.34      5.2091002E-003
          5105.62      4.9933737E-003
          5116.91      4.7766004E-003
          5128.20      4.5586559E-003
          5139.49      4.3394174E-003
          5150.78      4.1187644E-003
          5162.07      3.8965777E-003
          5173.36      3.6727391E-003
          5184.65      3.4471330E-003
          5195.94      3.2196440E-003
          5207.23      2.9901583E-003
          5218.52      2.7585630E-003
          5229.80      2.5247459E-003
          5241.09      2.2885961E-003
          5252.38      2.0500026E-003
          5263.67      1.8088548E-003
          5274.96      1.5650432E-003
          5286.25      1.3184577E-003
          5297.54      1.0689883E-003
          5308.83      8.1652484E-004
          5320.12      5.6095669E-004
          5331.41      3.0217338E-004
          5342.70      4.0063189E-005
          5353.98     -2.0858475E-004
          5365.27     -4.2800670E-004
          5376.56     -6.1992881E-004
          5387.85     -7.8615208E-004
          5399.14     -9.2852403E-004
          5410.43     -1.0489130E-003
          5421.72     -1.1491851E-003
          5433.01     -1.2311854E-003
          5444.30     -1.2967210E-003
          5455.59     -1.3475479E-003
          5466.88     -1.3853603E-003
          5478.16     -1.4117824E-003
          5489.45     -1.4283619E-003
          5500.74     -1.4365670E-003
          5512.03     -1.4377833E-003
          5523.32     -1.4333138E-003
          5534.61     -1.4243791E-003
          5545.90     -1.4121190E-003
          5557.19     -1.3975948E-003
          5568.48     -1.3817924E-003
          5579.77     -1.3656281E-003
          5591.05     -1.3499525E-003
          5602.34     -1.3355510E-003
          5613.63     -1.3231482E-003
          5624.92     -1.3134113E-003
          5636.21     -1.3069554E-003
          5647.50     -1.3043466E-003
          5658.79     -1.3061068E-003
          5670.08     -1.3127173E-003
          5681.37     -1.3246386E-003
          5692.66     -1.3423100E-003
          5703.95     -1.2636959E-003
          5715.23     -1.0075694E-003
          5726.52     -6.0690379E-004
          5737.81     -9.4502245E-005
          5749.10      4.9888190E-004
          5760.39      1.1457345E-003
          5771.68      1.8223675E-003
          5782.97      2.5090418E-003
          5794.26      3.1898008E-003
          5805.55      3.8520440E-003
          5816.84      4.4860026E-003
          5828.12      5.0842680E-003
          5839.41      5.6413359E-003
          5850.70      6.1531943E-003
          5861.99      6.6169632E-003
          5873.28      7.0305846E-003
          5884.57      7.3925658E-003
          5895.86      7.7017613E-003
          5907.15      7.9571905E-003
          5918.44      8.1578808E-003
          5929.73      8.3027424E-003
          5941.02      8.3904617E-003
          5952.30      8.4193854E-003
          5963.59      8.3874052E-003
          5974.88      8.3185586E-003
          5986.17      8.2388026E-003
          5997.46      8.1484654E-003
          6008.75      8.0478392E-003
          6020.04      7.9372223E-003
          6031.33      7.8167709E-003
          6042.62      7.6867317E-003
          6053.91      7.5472872E-003
          6065.20      7.3985952E-003
          6076.48      7.2407919E-003
          6087.77      7.0739940E-003
          6099.06      6.8982986E-003
          6110.35      6.7137837E-003
          6121.64      6.5205087E-003
          6132.93      6.3185126E-003
          6144.22      6.1078162E-003
          6155.51      5.8884259E-003
          6166.80      5.6603433E-003
          6178.09      5.4235677E-003
          6189.38      5.1780826E-003
          6200.66      4.9238583E-003
          6211.95      4.6608510E-003
          6223.24      4.3890033E-003
          6234.53      4.1082446E-003
          6245.82      3.8184905E-003
          6257.11      3.5196431E-003
          6268.40      3.2115922E-003
          6279.69      2.8942136E-003
          6290.98      2.5673700E-003
          6302.27      2.2309105E-003
          6313.55      1.8846703E-003
          6324.84      1.5284712E-003
          6336.13      1.1621201E-003
          6347.42      7.8540877E-004
          6358.71      3.9811506E-004
          6370.00      0.0000000E+000
