          3480.00     -2.3059593E-004
          3491.29     -2.3093796E-004
          3502.58     -2.3008224E-004
          3513.87     -2.2820537E-004
          3525.16     -2.2546352E-004
          3536.45     -2.2199465E-004
          3547.73     -2.1792043E-004
          3559.02     -2.1334813E-004
          3570.31     -2.0837210E-004
          3581.60     -2.0307524E-004
          3592.89     -1.9753028E-004
          3604.18     -1.9180094E-004
          3615.47     -1.8594296E-004
          3626.76     -1.8000493E-004
          3638.05     -1.7402909E-004
          3649.34     -1.6805205E-004
          3660.62     -1.6210543E-004
          3671.91     -1.5621652E-004
          3683.20     -1.5040873E-004
          3694.49     -1.4470217E-004
          3705.78     -1.3911399E-004
          3717.07     -1.3365884E-004
          3728.36     -1.2834916E-004
          3739.65     -1.2319553E-004
          3750.94     -1.1819353E-004
          3762.23     -1.1333532E-004
          3773.52     -1.0862410E-004
          3784.80     -1.0406189E-004
          3796.09     -9.9649674E-005
          3807.38     -9.5387556E-005
          3818.67     -9.1274865E-005
          3829.96     -8.7310301E-005
          3841.25     -8.3492014E-005
          3852.54     -7.9817700E-005
          3863.83     -7.6284675E-005
          3875.12     -7.2889945E-005
          3886.41     -6.9630272E-005
          3897.70     -6.6502209E-005
          3908.98     -6.3502157E-005
          3920.27     -6.0626412E-005
          3931.56     -5.7871181E-005
          3942.85     -5.5232627E-005
          3954.14     -5.2706887E-005
          3965.43     -5.0290092E-005
          3976.72     -4.7978400E-005
          3988.01     -4.5767999E-005
          3999.30     -4.3655128E-005
          4010.59     -4.1636093E-005
          4021.88     -3.9707263E-005
          4033.16     -3.7865090E-005
          4044.45     -3.6106110E-005
          4055.74     -3.4426948E-005
          4067.03     -3.2824327E-005
          4078.32     -3.1295060E-005
          4089.61     -2.9836059E-005
          4100.90     -2.8444342E-005
          4112.19     -2.7117019E-005
          4123.48     -2.5851302E-005
          4134.77     -2.4644503E-005
          4146.05     -2.3494031E-005
          4157.34     -2.2397392E-005
          4168.63     -2.1352188E-005
          4179.92     -2.0356111E-005
          4191.21     -1.9406948E-005
          4202.50     -1.8502572E-005
          4213.79     -1.7640943E-005
          4225.08     -1.6820106E-005
          4236.37     -1.6038184E-005
          4247.66     -1.5293384E-005
          4258.95     -1.4583985E-005
          4270.23     -1.3908340E-005
          4281.52     -1.3264875E-005
          4292.81     -1.2652081E-005
          4304.10     -1.2068517E-005
          4315.39     -1.1512803E-005
          4326.68     -1.0983619E-005
          4337.97     -1.0479706E-005
          4349.26     -9.9998575E-006
          4360.55     -9.5429194E-006
          4371.84     -9.1077896E-006
          4383.12     -8.6934125E-006
          4394.41     -8.2987801E-006
          4405.70     -7.9229276E-006
          4416.99     -7.5649318E-006
          4428.28     -7.2239096E-006
          4439.57     -6.8990144E-006
          4450.86     -6.5894349E-006
          4462.15     -6.2943938E-006
          4473.44     -6.0131447E-006
          4484.73     -5.7449708E-006
          4496.02     -5.4891833E-006
          4507.30     -5.2451190E-006
          4518.59     -5.0121396E-006
          4529.88     -4.7896289E-006
          4541.17     -4.5769914E-006
          4552.46     -4.3741189E-006
          4563.75     -4.1809655E-006
          4575.04     -3.9970614E-006
          4586.33     -3.8219582E-006
          4597.62     -3.6552278E-006
          4608.91     -3.4964614E-006
          4620.20     -3.3452683E-006
          4631.48     -3.2012744E-006
          4642.77     -3.0641227E-006
          4654.06     -2.9334707E-006
          4665.35     -2.8089904E-006
          4676.64     -2.6903671E-006
          4687.93     -2.5772989E-006
          4699.22     -2.4694955E-006
          4710.51     -2.3666777E-006
          4721.80     -2.2685761E-006
          4733.09     -2.1749311E-006
          4744.38     -2.0854915E-006
          4755.66     -2.0000142E-006
          4766.95     -1.9182630E-006
          4778.24     -1.8400084E-006
          4789.53     -1.7650269E-006
          4800.82     -1.6930998E-006
          4812.11     -1.6243610E-006
          4823.40     -1.5589783E-006
          4834.69     -1.4967923E-006
          4845.98     -1.4376508E-006
          4857.27     -1.3814079E-006
          4868.55     -1.3279244E-006
          4879.84     -1.2770665E-006
          4891.13     -1.2287061E-006
          4902.42     -1.1827201E-006
          4913.71     -1.1389900E-006
          4925.00     -1.0974020E-006
          4936.29     -1.0578461E-006
          4947.58     -1.0202160E-006
          4958.87     -9.8440912E-007
          4970.16     -9.5032572E-007
          4981.45     -9.1786897E-007
          4992.73     -8.8694451E-007
          5004.02     -8.5746029E-007
          5015.31     -8.2932609E-007
          5026.60     -8.0245338E-007
          5037.89     -7.7675494E-007
          5049.18     -7.5214460E-007
          5060.47     -7.2853703E-007
          5071.76     -7.0584731E-007
          5083.05     -6.8399069E-007
          5094.34     -6.6306904E-007
          5105.62     -6.4319534E-007
          5116.91     -6.2430259E-007
          5128.20     -6.0632492E-007
          5139.49     -5.8919736E-007
          5150.78     -5.7285568E-007
          5162.07     -5.5723606E-007
          5173.36     -5.4227490E-007
          5184.65     -5.2790867E-007
          5195.94     -5.1407357E-007
          5207.23     -5.0070535E-007
          5218.52     -4.8773905E-007
          5229.80     -4.7510879E-007
          5241.09     -4.6274755E-007
          5252.38     -4.5058683E-007
          5263.67     -4.3855645E-007
          5274.96     -4.2658432E-007
          5286.25     -4.1459610E-007
          5297.54     -4.0251498E-007
          5308.83     -3.9026134E-007
          5320.12     -3.7775250E-007
          5331.41     -3.6490240E-007
          5342.70     -3.5162125E-007
          5353.98     -3.3846925E-007
          5365.27     -3.2603973E-007
          5376.56     -3.1429089E-007
          5387.85     -3.0318262E-007
          5399.14     -2.9267630E-007
          5410.43     -2.8273474E-007
          5421.72     -2.7332199E-007
          5433.01     -2.6440324E-007
          5444.30     -2.5594465E-007
          5455.59     -2.4791333E-007
          5466.88     -2.4027714E-007
          5478.16     -2.3300460E-007
          5489.45     -2.2606478E-007
          5500.74     -2.1942720E-007
          5512.03     -2.1306171E-007
          5523.32     -2.0693839E-007
          5534.61     -2.0102742E-007
          5545.90     -1.9529904E-007
          5557.19     -1.8972336E-007
          5568.48     -1.8427030E-007
          5579.77     -1.7890953E-007
          5591.05     -1.7361031E-007
          5602.34     -1.6834146E-007
          5613.63     -1.6307116E-007
          5624.92     -1.5776688E-007
          5636.21     -1.5239529E-007
          5647.50     -1.4692212E-007
          5658.79     -1.4131205E-007
          5670.08     -1.3552859E-007
          5681.37     -1.2953418E-007
          5692.66     -1.2329015E-007
          5703.95     -1.1684796E-007
          5715.23     -1.1030876E-007
          5726.52     -1.0370657E-007
          5737.81     -9.7074223E-008
          5749.10     -9.0443587E-008
          5760.39     -8.3845699E-008
          5771.68     -7.7310933E-008
          5782.97     -7.0869156E-008
          5794.26     -6.4549691E-008
          5805.55     -5.8381665E-008
          5816.84     -5.2394488E-008
          5828.12     -4.6617982E-008
          5839.41     -4.1082547E-008
          5850.70     -3.5819292E-008
          5861.99     -3.0860183E-008
          5873.28     -2.6238195E-008
          5884.57     -2.1987432E-008
          5895.86     -1.8143287E-008
          5907.15     -1.4742597E-008
          5918.44     -1.1823794E-008
          5929.73     -9.4269881E-009
          5941.02     -7.5940080E-009
          5952.30     -6.3685423E-009
          5963.59     -5.7962933E-009
          5974.88     -5.5692993E-009
          5986.17     -5.3479691E-009
          5997.46     -5.1321586E-009
          6008.75     -4.9217240E-009
          6020.04     -4.7165230E-009
          6031.33     -4.5164122E-009
          6042.62     -4.3212474E-009
          6053.91     -4.1308885E-009
          6065.20     -3.9451985E-009
          6076.48     -3.7640436E-009
          6087.77     -3.5872932E-009
          6099.06     -3.4148203E-009
          6110.35     -3.2465031E-009
          6121.64     -3.0822257E-009
          6132.93     -2.9218801E-009
          6144.22     -2.7653658E-009
          6155.51     -2.6125855E-009
          6166.80     -2.4628883E-009
          6178.09     -2.3155638E-009
          6189.38     -2.1704266E-009
          6200.66     -2.0272927E-009
          6211.95     -1.8859800E-009
          6223.24     -1.7463085E-009
          6234.53     -1.6080997E-009
          6245.82     -1.4711764E-009
          6257.11     -1.3353627E-009
          6268.40     -1.2004840E-009
          6279.69     -1.0663659E-009
          6290.98     -9.3283466E-010
          6302.27     -7.9971704E-010
          6313.55     -6.6683988E-010
          6324.84     -5.3403045E-010
          6336.13     -4.0111545E-010
          6347.42     -2.6792128E-010
          6358.71     -1.3427428E-010
          6370.00      1.5206295E-044
