          3480.00     -2.3059593E-004
          3491.29     -2.3055175E-004
          3502.58     -2.2859499E-004
          3513.87     -2.2508936E-004
          3525.16     -2.2034509E-004
          3536.45     -2.1462615E-004
          3547.73     -2.0815652E-004
          3559.02     -2.0112571E-004
          3570.31     -1.9369352E-004
          3581.60     -1.8599413E-004
          3592.89     -1.7813978E-004
          3604.18     -1.7022387E-004
          3615.47     -1.6232372E-004
          3626.76     -1.5450279E-004
          3638.05     -1.4681267E-004
          3649.34     -1.3929488E-004
          3660.62     -1.3198240E-004
          3671.91     -1.2490107E-004
          3683.20     -1.1807071E-004
          3694.49     -1.1150621E-004
          3705.78     -1.0521837E-004
          3717.07     -9.9214706E-005
          3728.36     -9.3500083E-005
          3739.65     -8.8077365E-005
          3750.94     -8.2930159E-005
          3762.23     -7.8037668E-005
          3773.52     -7.3394009E-005
          3784.80     -6.8992302E-005
          3796.09     -6.4824914E-005
          3807.38     -6.0883641E-005
          3818.67     -5.7159892E-005
          3829.96     -5.3644843E-005
          3841.25     -5.0329537E-005
          3852.54     -4.7204992E-005
          3863.83     -4.4262283E-005
          3875.12     -4.1492596E-005
          3886.41     -3.8887296E-005
          3897.70     -3.6437949E-005
          3908.98     -3.4136366E-005
          3920.27     -3.1974626E-005
          3931.56     -2.9945088E-005
          3942.85     -2.8040408E-005
          3954.14     -2.6253542E-005
          3965.43     -2.4577750E-005
          3976.72     -2.3006601E-005
          3988.01     -2.1533967E-005
          3999.30     -2.0154021E-005
          4010.59     -1.8861234E-005
          4021.88     -1.7650357E-005
          4033.16     -1.6516425E-005
          4044.45     -1.5454737E-005
          4055.74     -1.4460853E-005
          4067.03     -1.3530583E-005
          4078.32     -1.2659974E-005
          4089.61     -1.1845297E-005
          4100.90     -1.1083047E-005
          4112.19     -1.0369919E-005
          4123.48     -9.7028088E-006
          4134.77     -9.0787963E-006
          4146.05     -8.4951385E-006
          4157.34     -7.9492611E-006
          4168.63     -7.4387461E-006
          4179.92     -6.9613252E-006
          4191.21     -6.5148722E-006
          4202.50     -6.0973926E-006
          4213.79     -5.7070173E-006
          4225.08     -5.3419950E-006
          4236.37     -5.0006851E-006
          4247.66     -4.6815517E-006
          4258.95     -4.3831563E-006
          4270.23     -4.1041519E-006
          4281.52     -3.8432786E-006
          4292.81     -3.5993564E-006
          4304.10     -3.3712816E-006
          4315.39     -3.1580209E-006
          4326.68     -2.9586078E-006
          4337.97     -2.7721380E-006
          4349.26     -2.5977652E-006
          4360.55     -2.4346972E-006
          4371.84     -2.2821930E-006
          4383.12     -2.1395583E-006
          4394.41     -2.0061439E-006
          4405.70     -1.8813417E-006
          4416.99     -1.7645817E-006
          4428.28     -1.6553305E-006
          4439.57     -1.5530872E-006
          4450.86     -1.4573819E-006
          4462.15     -1.3677740E-006
          4473.44     -1.2838486E-006
          4484.73     -1.2052160E-006
          4496.02     -1.1315088E-006
          4507.30     -1.0623806E-006
          4518.59     -9.9750430E-007
          4529.88     -9.3657000E-007
          4541.17     -8.7928387E-007
          4552.46     -8.2552422E-007
          4563.75     -7.7520178E-007
          4575.04     -7.2809401E-007
          4586.33     -6.8399269E-007
          4597.62     -6.4270292E-007
          4608.91     -6.0404233E-007
          4620.20     -5.6784000E-007
          4631.48     -5.3393578E-007
          4642.77     -5.0217957E-007
          4654.06     -4.7243051E-007
          4665.35     -4.4455633E-007
          4676.64     -4.1843275E-007
          4687.93     -3.9394286E-007
          4699.22     -3.7097659E-007
          4710.51     -3.4943008E-007
          4721.80     -3.2920525E-007
          4733.09     -3.1020932E-007
          4744.38     -2.9235430E-007
          4755.66     -2.7555657E-007
          4766.95     -2.5973645E-007
          4778.24     -2.4481781E-007
          4789.53     -2.3072769E-007
          4800.82     -2.1739583E-007
          4812.11     -2.0483283E-007
          4823.40     -1.9306027E-007
          4834.69     -1.8202866E-007
          4845.98     -1.7169165E-007
          4857.27     -1.6200576E-007
          4868.55     -1.5293022E-007
          4879.84     -1.4442679E-007
          4891.13     -1.3645951E-007
          4902.42     -1.2899461E-007
          4913.71     -1.2200031E-007
          4925.00     -1.1544670E-007
          4936.29     -1.0930555E-007
          4947.58     -1.0355024E-007
          4958.87     -9.8155557E-008
          4970.16     -9.3097660E-008
          4981.45     -8.8353891E-008
          4992.73     -8.3902693E-008
          5004.02     -7.9723517E-008
          5015.31     -7.5796687E-008
          5026.60     -7.2103326E-008
          5037.89     -6.8625242E-008
          5049.18     -6.5344840E-008
          5060.47     -6.2245036E-008
          5071.76     -5.9309147E-008
          5083.05     -5.6520811E-008
          5094.34     -5.3891814E-008
          5105.62     -5.1436591E-008
          5116.91     -4.9143372E-008
          5128.20     -4.7000903E-008
          5139.49     -4.4998378E-008
          5150.78     -4.3125399E-008
          5162.07     -4.1371898E-008
          5173.36     -3.9728097E-008
          5184.65     -3.8184450E-008
          5195.94     -3.6731584E-008
          5207.23     -3.5360250E-008
          5218.52     -3.4061268E-008
          5229.80     -3.2825471E-008
          5241.09     -3.1643653E-008
          5252.38     -3.0506511E-008
          5263.67     -2.9404584E-008
          5274.96     -2.8328206E-008
          5286.25     -2.7267430E-008
          5297.54     -2.6211980E-008
          5308.83     -2.5151175E-008
          5320.12     -2.4073868E-008
          5331.41     -2.2968376E-008
          5342.70     -2.1822401E-008
          5353.98     -2.0691978E-008
          5365.27     -1.9638200E-008
          5376.56     -1.8656076E-008
          5387.85     -1.7740912E-008
          5399.14     -1.6888286E-008
          5410.43     -1.6094023E-008
          5421.72     -1.5354175E-008
          5433.01     -1.4664998E-008
          5444.30     -1.4022933E-008
          5455.59     -1.3424590E-008
          5466.88     -1.2866724E-008
          5478.16     -1.2346224E-008
          5489.45     -1.1860091E-008
          5500.74     -1.1405421E-008
          5512.03     -1.0979396E-008
          5523.32     -1.0579260E-008
          5534.61     -1.0202308E-008
          5545.90     -9.8458693E-009
          5557.19     -9.5072934E-009
          5568.48     -9.1839332E-009
          5579.77     -8.8731323E-009
          5591.05     -8.5722102E-009
          5602.34     -8.2784462E-009
          5613.63     -7.9890631E-009
          5624.92     -7.7012111E-009
          5636.21     -7.4119529E-009
          5647.50     -7.1182445E-009
          5658.79     -6.8169194E-009
          5670.08     -6.5046703E-009
          5681.37     -6.1780407E-009
          5692.66     -5.8334163E-009
          5703.95     -5.4798494E-009
          5715.23     -5.1295658E-009
          5726.52     -4.7835349E-009
          5737.81     -4.4426749E-009
          5749.10     -4.1078655E-009
          5760.39     -3.7799584E-009
          5771.68     -3.4597877E-009
          5782.97     -3.1481796E-009
          5794.26     -2.8459538E-009
          5805.55     -2.5539421E-009
          5816.84     -2.2730135E-009
          5828.12     -2.0040828E-009
          5839.41     -1.7481207E-009
          5850.70     -1.5061633E-009
          5861.99     -1.2793213E-009
          5873.28     -1.0687905E-009
          5884.57     -8.7586082E-010
          5895.86     -7.0192719E-010
          5907.15     -5.4850058E-010
          5918.44     -4.1721934E-010
          5929.73     -3.0985739E-010
          5941.02     -2.2833089E-010
          5952.30     -1.7471002E-010
          5963.59     -1.5123168E-010
          5974.88     -1.4377055E-010
          5986.17     -1.3661310E-010
          5997.46     -1.2974701E-010
          6008.75     -1.2316038E-010
          6020.04     -1.1684181E-010
          6031.33     -1.1078027E-010
          6042.62     -1.0496513E-010
          6053.91     -9.9386282E-011
          6065.20     -9.4034115E-011
          6076.48     -8.8899496E-011
          6087.77     -8.3973767E-011
          6099.06     -7.9248755E-011
          6110.35     -7.4716804E-011
          6121.64     -7.0370782E-011
          6132.93     -6.6204133E-011
          6144.22     -6.2210856E-011
          6155.51     -5.8385368E-011
          6166.80     -5.4700627E-011
          6178.09     -5.1127438E-011
          6189.38     -4.7657422E-011
          6200.66     -4.4282413E-011
          6211.95     -4.0994452E-011
          6223.24     -3.7785776E-011
          6234.53     -3.4648802E-011
          6245.82     -3.1576100E-011
          6257.11     -2.8560379E-011
          6268.40     -2.5594478E-011
          6279.69     -2.2671332E-011
          6290.98     -1.9783967E-011
          6302.27     -1.6925480E-011
          6313.55     -1.4089028E-011
          6324.84     -1.1267817E-011
          6336.13     -8.4550723E-012
          6347.42     -5.6440292E-012
          6358.71     -2.8279312E-012
          6370.00     -2.0502436E-047
