          3480.00     -2.3059593E-004
          3491.29     -2.3107801E-004
          3502.58     -2.3062666E-004
          3513.87     -2.2936241E-004
          3525.16     -2.2739346E-004
          3536.45     -2.2481694E-004
          3547.73     -2.2171990E-004
          3559.02     -2.1818035E-004
          3570.31     -2.1426813E-004
          3581.60     -2.1004569E-004
          3592.89     -2.0556885E-004
          3604.18     -2.0088746E-004
          3615.47     -1.9604603E-004
          3626.76     -1.9108419E-004
          3638.05     -1.8603717E-004
          3649.34     -1.8093624E-004
          3660.62     -1.7580910E-004
          3671.91     -1.7068027E-004
          3683.20     -1.6557144E-004
          3694.49     -1.6050175E-004
          3705.78     -1.5548811E-004
          3717.07     -1.5054542E-004
          3728.36     -1.4568679E-004
          3739.65     -1.4092380E-004
          3750.94     -1.3625560E-004
          3762.23     -1.3167857E-004
          3773.52     -1.2719819E-004
          3784.80     -1.2281890E-004
          3796.09     -1.1854419E-004
          3807.38     -1.1437671E-004
          3818.67     -1.1031836E-004
          3829.96     -1.0637038E-004
          3841.25     -1.0253347E-004
          3852.54     -9.8807800E-005
          3863.83     -9.5193110E-005
          3875.12     -9.1688757E-005
          3886.41     -8.8293775E-005
          3897.70     -8.5006906E-005
          3908.98     -8.1826646E-005
          3920.27     -7.8751291E-005
          3931.56     -7.5778956E-005
          3942.85     -7.2907611E-005
          3954.14     -7.0135106E-005
          3965.43     -6.7459189E-005
          3976.72     -6.4877539E-005
          3988.01     -6.2387774E-005
          3999.30     -5.9987471E-005
          4010.59     -5.7674189E-005
          4021.88     -5.5445466E-005
          4033.16     -5.3298841E-005
          4044.45     -5.1231859E-005
          4055.74     -4.9242079E-005
          4067.03     -4.7327088E-005
          4078.32     -4.5484497E-005
          4089.61     -4.3711949E-005
          4100.90     -4.2007134E-005
          4112.19     -4.0367774E-005
          4123.48     -3.8791643E-005
          4134.77     -3.7276560E-005
          4146.05     -3.5820392E-005
          4157.34     -3.4421064E-005
          4168.63     -3.3076546E-005
          4179.92     -3.1784865E-005
          4191.21     -3.0544102E-005
          4202.50     -2.9352392E-005
          4213.79     -2.8207921E-005
          4225.08     -2.7108934E-005
          4236.37     -2.6053722E-005
          4247.66     -2.5040637E-005
          4258.95     -2.4068077E-005
          4270.23     -2.3134492E-005
          4281.52     -2.2238386E-005
          4292.81     -2.1378306E-005
          4304.10     -2.0552852E-005
          4315.39     -1.9760666E-005
          4326.68     -1.9000438E-005
          4337.97     -1.8270903E-005
          4349.26     -1.7570837E-005
          4360.55     -1.6899056E-005
          4371.84     -1.6254419E-005
          4383.12     -1.5635819E-005
          4394.41     -1.5042191E-005
          4405.70     -1.4472503E-005
          4416.99     -1.3925759E-005
          4428.28     -1.3400996E-005
          4439.57     -1.2897282E-005
          4450.86     -1.2413713E-005
          4462.15     -1.1949416E-005
          4473.44     -1.1503545E-005
          4484.73     -1.1075277E-005
          4496.02     -1.0663817E-005
          4507.30     -1.0268389E-005
          4518.59     -9.8882417E-006
          4529.88     -9.5226422E-006
          4541.17     -9.1708761E-006
          4552.46     -8.8329428E-006
          4563.75     -8.5089148E-006
          4575.04     -8.1982196E-006
          4586.33     -7.9003052E-006
          4597.62     -7.6146396E-006
          4608.91     -7.3407104E-006
          4620.20     -7.0780224E-006
          4631.48     -6.8260976E-006
          4642.77     -6.5844750E-006
          4654.06     -6.3527080E-006
          4665.35     -6.1303650E-006
          4676.64     -5.9170280E-006
          4687.93     -5.7122916E-006
          4699.22     -5.5157629E-006
          4710.51     -5.3270597E-006
          4721.80     -5.1458102E-006
          4733.09     -4.9716529E-006
          4744.38     -4.8042343E-006
          4755.66     -4.6432095E-006
          4766.95     -4.4882406E-006
          4778.24     -4.3389965E-006
          4789.53     -4.1951519E-006
          4800.82     -4.0563864E-006
          4812.11     -3.9230016E-006
          4823.40     -3.7953479E-006
          4834.69     -3.6731874E-006
          4845.98     -3.5562903E-006
          4857.27     -3.4444346E-006
          4868.55     -3.3374053E-006
          4879.84     -3.2349946E-006
          4891.13     -3.1370004E-006
          4902.42     -3.0432268E-006
          4913.71     -2.9534832E-006
          4925.00     -2.8675838E-006
          4936.29     -2.7853476E-006
          4947.58     -2.7065975E-006
          4958.87     -2.6311600E-006
          4970.16     -2.5588653E-006
          4981.45     -2.4895461E-006
          4992.73     -2.4230377E-006
          5004.02     -2.3591774E-006
          5015.31     -2.2978043E-006
          5026.60     -2.2387587E-006
          5037.89     -2.1818815E-006
          5049.18     -2.1270142E-006
          5060.47     -2.0739985E-006
          5071.76     -2.0226753E-006
          5083.05     -1.9728848E-006
          5094.34     -1.9248570E-006
          5105.62     -1.8788400E-006
          5116.91     -1.8347010E-006
          5128.20     -1.7923080E-006
          5139.49     -1.7515294E-006
          5150.78     -1.7122337E-006
          5162.07     -1.6742890E-006
          5173.36     -1.6375626E-006
          5184.65     -1.6019209E-006
          5195.94     -1.5672289E-006
          5207.23     -1.5333495E-006
          5218.52     -1.5001437E-006
          5229.80     -1.4674695E-006
          5241.09     -1.4351823E-006
          5252.38     -1.4031339E-006
          5263.67     -1.3711720E-006
          5274.96     -1.3391403E-006
          5286.25     -1.3068778E-006
          5297.54     -1.2742181E-006
          5308.83     -1.2409892E-006
          5320.12     -1.2070130E-006
          5331.41     -1.1721048E-006
          5342.70     -1.1360726E-006
          5353.98     -1.1002970E-006
          5365.27     -1.0662255E-006
          5376.56     -1.0337622E-006
          5387.85     -1.0028142E-006
          5399.14     -9.7329147E-007
          5410.43     -9.4510616E-007
          5421.72     -9.1817270E-007
          5433.01     -8.9240735E-007
          5444.30     -8.6772807E-007
          5455.59     -8.4405434E-007
          5466.88     -8.2130681E-007
          5478.16     -7.9940717E-007
          5489.45     -7.7827792E-007
          5500.74     -7.5784212E-007
          5512.03     -7.3802326E-007
          5523.32     -7.1874493E-007
          5534.61     -6.9993072E-007
          5545.90     -6.8150396E-007
          5557.19     -6.6338753E-007
          5568.48     -6.4550362E-007
          5579.77     -6.2777366E-007
          5591.05     -6.1011809E-007
          5602.34     -5.9245618E-007
          5613.63     -5.7470570E-007
          5624.92     -5.5678275E-007
          5636.21     -5.3860161E-007
          5647.50     -5.2007445E-007
          5658.79     -5.0111111E-007
          5670.08     -4.8161894E-007
          5681.37     -4.6150315E-007
          5692.66     -4.4066697E-007
          5703.95     -4.1912294E-007
          5715.23     -3.9704101E-007
          5726.52     -3.7455546E-007
          5737.81     -3.5179669E-007
          5749.10     -3.2889184E-007
          5760.39     -3.0596516E-007
          5771.68     -2.8313850E-007
          5782.97     -2.6053169E-007
          5794.26     -2.3826238E-007
          5805.55     -2.1644712E-007
          5816.84     -1.9520294E-007
          5828.12     -1.7464778E-007
          5839.41     -1.5490088E-007
          5850.70     -1.3608325E-007
          5861.99     -1.1831798E-007
          5873.28     -1.0173079E-007
          5884.57     -8.6450233E-008
          5895.86     -7.2608243E-008
          5907.15     -6.0340513E-008
          5918.44     -4.9786936E-008
          5929.73     -4.1091773E-008
          5941.02     -3.4403664E-008
          5952.30     -2.9875997E-008
          5963.59     -2.7667312E-008
          5974.88     -2.6681576E-008
          5986.17     -2.5714105E-008
          5997.46     -2.4764540E-008
          6008.75     -2.3832515E-008
          6020.04     -2.2917660E-008
          6031.33     -2.2019589E-008
          6042.62     -2.1137904E-008
          6053.91     -2.0272212E-008
          6065.20     -1.9422123E-008
          6076.48     -1.8587250E-008
          6087.77     -1.7767209E-008
          6099.06     -1.6961618E-008
          6110.35     -1.6170108E-008
          6121.64     -1.5392325E-008
          6132.93     -1.4627936E-008
          6144.22     -1.3876635E-008
          6155.51     -1.3138115E-008
          6166.80     -1.2409987E-008
          6178.09     -1.1689626E-008
          6189.38     -1.0976374E-008
          6200.66     -1.0269569E-008
          6211.95     -9.5685552E-009
          6223.24     -8.8726790E-009
          6234.53     -8.1812919E-009
          6245.82     -7.4937461E-009
          6257.11     -6.8093960E-009
          6268.40     -6.1275991E-009
          6279.69     -5.4477115E-009
          6290.98     -4.7690893E-009
          6302.27     -4.0910889E-009
          6313.55     -3.4130660E-009
          6324.84     -2.7343770E-009
          6336.13     -2.0543748E-009
          6347.42     -1.3724108E-009
          6358.71     -6.8783645E-010
          6370.00     -1.0653147E-044
