          3480.00     -2.3059593E-004
          3491.29     -2.3213338E-004
          3502.58     -2.3359832E-004
          3513.87     -2.3499352E-004
          3525.16     -2.3632166E-004
          3536.45     -2.3758533E-004
          3547.73     -2.3878700E-004
          3559.02     -2.3992909E-004
          3570.31     -2.4101391E-004
          3581.60     -2.4204370E-004
          3592.89     -2.4302062E-004
          3604.18     -2.4394675E-004
          3615.47     -2.4482413E-004
          3626.76     -2.4565469E-004
          3638.05     -2.4644032E-004
          3649.34     -2.4718285E-004
          3660.62     -2.4788403E-004
          3671.91     -2.4854555E-004
          3683.20     -2.4916905E-004
          3694.49     -2.4975612E-004
          3705.78     -2.5030827E-004
          3717.07     -2.5082697E-004
          3728.36     -2.5131366E-004
          3739.65     -2.5176970E-004
          3750.94     -2.5219574E-004
          3762.23     -2.5259233E-004
          3773.52     -2.5296065E-004
          3784.80     -2.5330182E-004
          3796.09     -2.5361692E-004
          3807.38     -2.5390701E-004
          3818.67     -2.5417308E-004
          3829.96     -2.5441609E-004
          3841.25     -2.5463698E-004
          3852.54     -2.5483664E-004
          3863.83     -2.5501592E-004
          3875.12     -2.5517564E-004
          3886.41     -2.5531660E-004
          3897.70     -2.5543955E-004
          3908.98     -2.5554523E-004
          3920.27     -2.5563434E-004
          3931.56     -2.5570753E-004
          3942.85     -2.5576546E-004
          3954.14     -2.5580874E-004
          3965.43     -2.5583795E-004
          3976.72     -2.5585365E-004
          3988.01     -2.5585639E-004
          3999.30     -2.5584666E-004
          4010.59     -2.5582497E-004
          4021.88     -2.5579176E-004
          4033.16     -2.5574749E-004
          4044.45     -2.5569257E-004
          4055.74     -2.5562741E-004
          4067.03     -2.5555239E-004
          4078.32     -2.5546785E-004
          4089.61     -2.5537415E-004
          4100.90     -2.5527161E-004
          4112.19     -2.5516052E-004
          4123.48     -2.5504118E-004
          4134.77     -2.5491384E-004
          4146.05     -2.5477875E-004
          4157.34     -2.5463616E-004
          4168.63     -2.5448627E-004
          4179.92     -2.5432928E-004
          4191.21     -2.5416539E-004
          4202.50     -2.5399475E-004
          4213.79     -2.5381752E-004
          4225.08     -2.5363384E-004
          4236.37     -2.5344384E-004
          4247.66     -2.5324762E-004
          4258.95     -2.5304529E-004
          4270.23     -2.5283691E-004
          4281.52     -2.5262258E-004
          4292.81     -2.5240233E-004
          4304.10     -2.5217621E-004
          4315.39     -2.5194426E-004
          4326.68     -2.5170649E-004
          4337.97     -2.5146291E-004
          4349.26     -2.5121350E-004
          4360.55     -2.5095826E-004
          4371.84     -2.5069715E-004
          4383.12     -2.5043012E-004
          4394.41     -2.5015713E-004
          4405.70     -2.4987810E-004
          4416.99     -2.4959296E-004
          4428.28     -2.4930162E-004
          4439.57     -2.4900399E-004
          4450.86     -2.4869995E-004
          4462.15     -2.4838940E-004
          4473.44     -2.4807219E-004
          4484.73     -2.4774818E-004
          4496.02     -2.4741723E-004
          4507.30     -2.4707917E-004
          4518.59     -2.4673384E-004
          4529.88     -2.4638104E-004
          4541.17     -2.4602058E-004
          4552.46     -2.4565300E-004
          4563.75     -2.4527883E-004
          4575.04     -2.4489786E-004
          4586.33     -2.4450990E-004
          4597.62     -2.4411473E-004
          4608.91     -2.4371212E-004
          4620.20     -2.4330183E-004
          4631.48     -2.4288362E-004
          4642.77     -2.4245725E-004
          4654.06     -2.4202244E-004
          4665.35     -2.4157892E-004
          4676.64     -2.4112641E-004
          4687.93     -2.4066463E-004
          4699.22     -2.4019327E-004
          4710.51     -2.3971203E-004
          4721.80     -2.3922058E-004
          4733.09     -2.3871860E-004
          4744.38     -2.3820575E-004
          4755.66     -2.3768169E-004
          4766.95     -2.3714606E-004
          4778.24     -2.3659851E-004
          4789.53     -2.3603864E-004
          4800.82     -2.3546610E-004
          4812.11     -2.3488172E-004
          4823.40     -2.3428639E-004
          4834.69     -2.3367974E-004
          4845.98     -2.3306138E-004
          4857.27     -2.3243095E-004
          4868.55     -2.3178804E-004
          4879.84     -2.3113226E-004
          4891.13     -2.3046319E-004
          4902.42     -2.2978041E-004
          4913.71     -2.2908351E-004
          4925.00     -2.2837203E-004
          4936.29     -2.2764554E-004
          4947.58     -2.2690359E-004
          4958.87     -2.2614571E-004
          4970.16     -2.2537143E-004
          4981.45     -2.2458027E-004
          4992.73     -2.2377175E-004
          5004.02     -2.2294536E-004
          5015.31     -2.2210059E-004
          5026.60     -2.2123694E-004
          5037.89     -2.2035388E-004
          5049.18     -2.1945087E-004
          5060.47     -2.1852737E-004
          5071.76     -2.1758283E-004
          5083.05     -2.1661669E-004
          5094.34     -2.1562948E-004
          5105.62     -2.1462175E-004
          5116.91     -2.1359296E-004
          5128.20     -2.1254256E-004
          5139.49     -2.1146999E-004
          5150.78     -2.1037469E-004
          5162.07     -2.0925607E-004
          5173.36     -2.0811356E-004
          5184.65     -2.0694656E-004
          5195.94     -2.0575446E-004
          5207.23     -2.0453665E-004
          5218.52     -2.0329251E-004
          5229.80     -2.0202140E-004
          5241.09     -2.0072268E-004
          5252.38     -1.9939570E-004
          5263.67     -1.9803980E-004
          5274.96     -1.9665431E-004
          5286.25     -1.9523854E-004
          5297.54     -1.9379181E-004
          5308.83     -1.9231341E-004
          5320.12     -1.9080263E-004
          5331.41     -1.8925875E-004
          5342.70     -1.8768104E-004
          5353.98     -1.8606838E-004
          5365.27     -1.8442023E-004
          5376.56     -1.8273675E-004
          5387.85     -1.8101808E-004
          5399.14     -1.7926433E-004
          5410.43     -1.7747563E-004
          5421.72     -1.7565208E-004
          5433.01     -1.7379377E-004
          5444.30     -1.7190078E-004
          5455.59     -1.6997319E-004
          5466.88     -1.6801107E-004
          5478.16     -1.6601448E-004
          5489.45     -1.6398344E-004
          5500.74     -1.6191801E-004
          5512.03     -1.5981821E-004
          5523.32     -1.5768405E-004
          5534.61     -1.5551554E-004
          5545.90     -1.5331269E-004
          5557.19     -1.5107548E-004
          5568.48     -1.4880390E-004
          5579.77     -1.4649792E-004
          5591.05     -1.4415754E-004
          5602.34     -1.4178275E-004
          5613.63     -1.3937352E-004
          5624.92     -1.3692982E-004
          5636.21     -1.3445161E-004
          5647.50     -1.3193884E-004
          5658.79     -1.2939147E-004
          5670.08     -1.2680942E-004
          5681.37     -1.2419272E-004
          5692.66     -1.2154148E-004
          5703.95     -1.1878712E-004
          5715.23     -1.1587485E-004
          5726.52     -1.1282532E-004
          5737.81     -1.0965893E-004
          5749.10     -1.0639586E-004
          5760.39     -1.0305606E-004
          5771.68     -9.9659269E-005
          5782.97     -9.6224968E-005
          5794.26     -9.2772317E-005
          5805.55     -8.9320219E-005
          5816.84     -8.5887508E-005
          5828.12     -8.2492938E-005
          5839.41     -7.9155195E-005
          5850.70     -7.5892907E-005
          5861.99     -7.2724634E-005
          5873.28     -6.9668892E-005
          5884.57     -6.6744134E-005
          5895.86     -6.3968763E-005
          5907.15     -6.1361146E-005
          5918.44     -5.8939626E-005
          5929.73     -5.6722501E-005
          5941.02     -5.4727969E-005
          5952.30     -5.2974121E-005
          5963.59     -5.1478953E-005
          5974.88     -5.0117265E-005
          5986.17     -4.8751940E-005
          5997.46     -4.7383029E-005
          6008.75     -4.6010575E-005
          6020.04     -4.4634620E-005
          6031.33     -4.3255184E-005
          6042.62     -4.1872263E-005
          6053.91     -4.0485857E-005
          6065.20     -3.9095961E-005
          6076.48     -3.7702560E-005
          6087.77     -3.6305632E-005
          6099.06     -3.4905146E-005
          6110.35     -3.3501069E-005
          6121.64     -3.2093375E-005
          6132.93     -3.0682059E-005
          6144.22     -2.9267145E-005
          6155.51     -2.7848639E-005
          6166.80     -2.6426264E-005
          6178.09     -2.4999690E-005
          6189.38     -2.3568815E-005
          6200.66     -2.2133527E-005
          6211.95     -2.0693718E-005
          6223.24     -1.9249276E-005
          6234.53     -1.7800095E-005
          6245.82     -1.6346063E-005
          6257.11     -1.4887072E-005
          6268.40     -1.3423013E-005
          6279.69     -1.1953776E-005
          6290.98     -1.0479249E-005
          6302.27     -8.9993170E-006
          6313.55     -7.5138690E-006
          6324.84     -6.0227952E-006
          6336.13     -4.5259820E-006
          6347.42     -3.0233165E-006
          6358.71     -1.5146916E-006
          6370.00      5.5764782E-040
