          3480.00      1.4648200E-026
          3491.29     -5.5786302E-008
          3502.58     -1.1007775E-007
          3513.87     -1.6328868E-007
          3525.16     -2.1581076E-007
          3536.45     -2.6801645E-007
          3547.73     -3.2026187E-007
          3559.02     -3.7288933E-007
          3570.31     -4.2623017E-007
          3581.60     -4.8060688E-007
          3592.89     -5.3633531E-007
          3604.18     -5.9372650E-007
          3615.47     -6.5308800E-007
          3626.76     -7.1472606E-007
          3638.05     -7.7894749E-007
          3649.34     -8.4606109E-007
          3660.62     -9.1637943E-007
          3671.91     -9.9022007E-007
          3683.20     -1.0679070E-006
          3694.49     -1.1497720E-006
          3705.78     -1.2361556E-006
          3717.07     -1.3274089E-006
          3728.36     -1.4238943E-006
          3739.65     -1.5259868E-006
          3750.94     -1.6336818E-006
          3762.23     -1.7470292E-006
          3773.52     -1.8665014E-006
          3784.80     -1.9925805E-006
          3796.09     -2.1257596E-006
          3807.38     -2.2665452E-006
          3818.67     -2.4154587E-006
          3829.96     -2.5730373E-006
          3841.25     -2.7398364E-006
          3852.54     -2.9164302E-006
          3863.83     -3.1034137E-006
          3875.12     -3.3014041E-006
          3886.41     -3.5110412E-006
          3897.70     -3.7329904E-006
          3908.98     -3.9679427E-006
          3920.27     -4.2166161E-006
          3931.56     -4.4797572E-006
          3942.85     -4.7581425E-006
          3954.14     -5.0525795E-006
          3965.43     -5.3639084E-006
          3976.72     -5.6930019E-006
          3988.01     -6.0407677E-006
          3999.30     -6.4081485E-006
          4010.59     -6.7961222E-006
          4021.88     -7.2057047E-006
          4033.16     -7.6379491E-006
          4044.45     -8.0939472E-006
          4055.74     -8.5748305E-006
          4067.03     -9.0817687E-006
          4078.32     -9.6159733E-006
          4089.61     -1.0178696E-005
          4100.90     -1.0771229E-005
          4112.19     -1.1394905E-005
          4123.48     -1.2051099E-005
          4134.77     -1.2741225E-005
          4146.05     -1.3466740E-005
          4157.34     -1.4229135E-005
          4168.63     -1.5029944E-005
          4179.92     -1.5870740E-005
          4191.21     -1.6753126E-005
          4202.50     -1.7678743E-005
          4213.79     -1.8649266E-005
          4225.08     -1.9666396E-005
          4236.37     -2.0731863E-005
          4247.66     -2.1847419E-005
          4258.95     -2.3014836E-005
          4270.23     -2.4235904E-005
          4281.52     -2.5512417E-005
          4292.81     -2.6846180E-005
          4304.10     -2.8238995E-005
          4315.39     -2.9692653E-005
          4326.68     -3.1208935E-005
          4337.97     -3.2789590E-005
          4349.26     -3.4436338E-005
          4360.55     -3.6150855E-005
          4371.84     -3.7934764E-005
          4383.12     -3.9789623E-005
          4394.41     -4.1716897E-005
          4405.70     -4.3717952E-005
          4416.99     -4.5794042E-005
          4428.28     -4.7946280E-005
          4439.57     -5.0175631E-005
          4450.86     -5.2482885E-005
          4462.15     -5.4868628E-005
          4473.44     -5.7333224E-005
          4484.73     -5.9876785E-005
          4496.02     -6.2499137E-005
          4507.30     -6.5199793E-005
          4518.59     -6.7977905E-005
          4529.88     -7.0832241E-005
          4541.17     -7.3761138E-005
          4552.46     -7.6788825E-005
          4563.75     -7.9936836E-005
          4575.04     -8.3198934E-005
          4586.33     -8.6568599E-005
          4597.62     -9.0038946E-005
          4608.91     -9.3602623E-005
          4620.20     -9.7251738E-005
          4631.48     -1.0097776E-004
          4642.77     -1.0477140E-004
          4654.06     -1.0862253E-004
          4665.35     -1.1252009E-004
          4676.64     -1.1645194E-004
          4687.93     -1.2040474E-004
          4699.22     -1.2436387E-004
          4710.51     -1.2831324E-004
          4721.80     -1.3223519E-004
          4733.09     -1.3611032E-004
          4744.38     -1.3991736E-004
          4755.66     -1.4363296E-004
          4766.95     -1.4723153E-004
          4778.24     -1.5068510E-004
          4789.53     -1.5396302E-004
          4800.82     -1.5703185E-004
          4812.11     -1.6004679E-004
          4823.40     -1.6314431E-004
          4834.69     -1.6625965E-004
          4845.98     -1.6932652E-004
          4857.27     -1.7227664E-004
          4868.55     -1.7503927E-004
          4879.84     -1.7754078E-004
          4891.13     -1.7970416E-004
          4902.42     -1.8144857E-004
          4913.71     -1.8268880E-004
          4925.00     -1.8333479E-004
          4936.29     -1.8329109E-004
          4947.58     -1.8245631E-004
          4958.87     -1.8072255E-004
          4970.16     -1.7797481E-004
          4981.45     -1.7409035E-004
          4992.73     -1.6893805E-004
          5004.02     -1.6237773E-004
          5015.31     -1.5425937E-004
          5026.60     -1.4442245E-004
          5037.89     -1.3269509E-004
          5049.18     -1.1889325E-004
          5060.47     -1.0281990E-004
          5071.76     -8.4263993E-005
          5083.05     -6.2999532E-005
          5094.34     -3.9789455E-005
          5105.62     -1.5299105E-005
          5116.91      1.0860952E-005
          5128.20      3.9088864E-005
          5139.49      6.9793537E-005
          5150.78      1.0339657E-004
          5162.07      1.4033449E-004
          5173.36      1.8106076E-004
          5184.65      2.2604775E-004
          5195.94      2.7578918E-004
          5207.23      3.3080214E-004
          5218.52      3.9162951E-004
          5229.80      4.5884235E-004
          5241.09      5.3304212E-004
          5252.38      6.1486359E-004
          5263.67      7.0497735E-004
          5274.96      8.0409223E-004
          5286.25      9.1295875E-004
          5297.54      1.0323717E-003
          5308.83      1.1631734E-003
          5320.12      1.3062571E-003
          5331.41      1.4625700E-003
          5342.70      1.6331171E-003
          5353.98      1.7572656E-003
          5365.27      1.7795420E-003
          5376.56      1.7083190E-003
          5387.85      1.5514506E-003
          5399.14      1.3163193E-003
          5410.43      1.0098798E-003
          5421.72      6.3870173E-004
          5433.01      2.0900838E-004
          5444.30     -2.7328529E-004
          5455.59     -8.0253429E-004
          5466.88     -1.3733317E-003
          5478.16     -1.9804740E-003
          5489.45     -2.6189298E-003
          5500.74     -3.2838091E-003
          5512.03     -3.9703310E-003
          5523.32     -4.6737976E-003
          5534.61     -5.3895642E-003
          5545.90     -6.1130084E-003
          5557.19     -6.8395072E-003
          5568.48     -7.5644064E-003
          5579.77     -8.2829848E-003
          5591.05     -8.9904287E-003
          5602.34     -9.6818145E-003
          5613.63     -1.0352088E-002
          5624.92     -1.0996035E-002
          5636.21     -1.1608254E-002
          5647.50     -1.2183127E-002
          5658.79     -1.2714795E-002
          5670.08     -1.3197126E-002
          5681.37     -1.3623604E-002
          5692.66     -1.3987322E-002
          5703.95     -1.6501525E-002
          5715.23     -2.3108538E-002
          5726.52     -3.3411504E-002
          5737.81     -4.7034229E-002
          5749.10     -6.3619257E-002
          5760.39     -8.2826046E-002
          5771.68     -1.0432927E-001
          5782.97     -1.2781712E-001
          5794.26     -1.5299044E-001
          5805.55     -1.7955995E-001
          5816.84     -2.0724287E-001
          5828.12     -2.3576151E-001
          5839.41     -2.6484175E-001
          5850.70     -2.9421168E-001
          5861.99     -3.2360025E-001
          5873.28     -3.5273582E-001
          5884.57     -3.8134503E-001
          5895.86     -4.0915136E-001
          5907.15     -4.3587379E-001
          5918.44     -4.6122534E-001
          5929.73     -4.8491224E-001
          5941.02     -5.0663347E-001
          5952.30     -5.2607957E-001
          5963.59     -5.4293131E-001
          5974.88     -5.5741378E-001
          5986.17     -5.7003851E-001
          5997.46     -5.8089947E-001
          6008.75     -5.9007992E-001
          6020.04     -5.9765271E-001
          6031.33     -6.0368095E-001
          6042.62     -6.0821835E-001
          6053.91     -6.1130938E-001
          6065.20     -6.1298957E-001
          6076.48     -6.1328578E-001
          6087.77     -6.1221642E-001
          6099.06     -6.0979159E-001
          6110.35     -6.0601315E-001
          6121.64     -6.0087485E-001
          6132.93     -5.9436222E-001
          6144.22     -5.8645276E-001
          6155.51     -5.7711611E-001
          6166.80     -5.6623372E-001
          6178.09     -5.5368227E-001
          6189.38     -5.3941178E-001
          6200.66     -5.2336342E-001
          6211.95     -5.0546934E-001
          6223.24     -4.8565251E-001
          6234.53     -4.6382663E-001
          6245.82     -4.3989583E-001
          6257.11     -4.1375453E-001
          6268.40     -3.8528724E-001
          6279.69     -3.5436815E-001
          6290.98     -3.2086091E-001
          6302.27     -2.8461826E-001
          6313.55     -2.4548164E-001
          6324.84     -2.0328093E-001
          6336.13     -1.5783379E-001
          6347.42     -1.0894536E-001
          6358.71     -5.6407885E-002
          6370.00     -1.5127307E-034
