          3480.00     -4.4039600E-032
          3491.29     -3.7554637E-012
          3502.58     -7.4109810E-012
          3513.87     -1.0992263E-011
          3525.16     -1.4523618E-011
          3536.45     -1.8028158E-011
          3547.73     -2.1527957E-011
          3559.02     -2.5044202E-011
          3570.31     -2.8597358E-011
          3581.60     -3.2207286E-011
          3592.89     -3.5893376E-011
          3604.18     -3.9674647E-011
          3615.47     -4.3569820E-011
          3626.76     -4.7597448E-011
          3638.05     -5.1776022E-011
          3649.34     -5.6124051E-011
          3660.62     -6.0660167E-011
          3671.91     -6.5403190E-011
          3683.20     -7.0372209E-011
          3694.49     -7.5586657E-011
          3705.78     -8.1066362E-011
          3717.07     -8.6831644E-011
          3728.36     -9.2903366E-011
          3739.65     -9.9302977E-011
          3750.94     -1.0602895E-010
          3762.23     -1.1308276E-010
          3773.52     -1.2049115E-010
          3784.80     -1.2828124E-010
          3796.09     -1.3648065E-010
          3807.38     -1.4511763E-010
          3818.67     -1.5422110E-010
          3829.96     -1.6382072E-010
          3841.25     -1.7394698E-010
          3852.54     -1.8463128E-010
          3863.83     -1.9590597E-010
          3875.12     -2.0780445E-010
          3886.41     -2.2036120E-010
          3897.70     -2.3361186E-010
          3908.98     -2.4759330E-010
          3920.27     -2.6234362E-010
          3931.56     -2.7790230E-010
          3942.85     -2.9431015E-010
          3954.14     -3.1160945E-010
          3965.43     -3.2984399E-010
          3976.72     -3.4905904E-010
          3988.01     -3.6930145E-010
          3999.30     -3.9061969E-010
          4010.59     -4.1306376E-010
          4021.88     -4.3668540E-010
          4033.16     -4.6153797E-010
          4044.45     -4.8767653E-010
          4055.74     -5.1515787E-010
          4067.03     -5.4404042E-010
          4078.32     -5.7438439E-010
          4089.61     -6.0625169E-010
          4100.90     -6.3970584E-010
          4112.19     -6.7481213E-010
          4123.48     -7.1163744E-010
          4134.77     -7.5025026E-010
          4146.05     -7.9072066E-010
          4157.34     -8.3312007E-010
          4168.63     -8.7752144E-010
          4179.92     -9.2399903E-010
          4191.21     -9.7262819E-010
          4202.50     -1.0234854E-009
          4213.79     -1.0766483E-009
          4225.08     -1.1321949E-009
          4236.37     -1.1902041E-009
          4247.66     -1.2507551E-009
          4258.95     -1.3139272E-009
          4270.23     -1.3797997E-009
          4281.52     -1.4484513E-009
          4292.81     -1.5199603E-009
          4304.10     -1.5944036E-009
          4315.39     -1.6718569E-009
          4326.68     -1.7523941E-009
          4337.97     -1.8360863E-009
          4349.26     -1.9230021E-009
          4360.55     -2.0132068E-009
          4371.84     -2.1067616E-009
          4383.12     -2.2037233E-009
          4394.41     -2.3041428E-009
          4405.70     -2.4080646E-009
          4416.99     -2.5155262E-009
          4428.28     -2.6265567E-009
          4439.57     -2.7411766E-009
          4450.86     -2.8593959E-009
          4462.15     -2.9812132E-009
          4473.44     -3.1066145E-009
          4484.73     -3.2355718E-009
          4496.02     -3.3680415E-009
          4507.30     -3.5039630E-009
          4518.59     -3.6432561E-009
          4529.88     -3.7858206E-009
          4541.17     -3.9315330E-009
          4552.46     -4.0815580E-009
          4563.75     -4.2369288E-009
          4575.04     -4.3972957E-009
          4586.33     -4.5622932E-009
          4597.62     -4.7315351E-009
          4608.91     -4.9046109E-009
          4620.20     -5.0810816E-009
          4631.48     -5.2604756E-009
          4642.77     -5.4422828E-009
          4654.06     -5.6259517E-009
          4665.35     -5.8108831E-009
          4676.64     -5.9964257E-009
          4687.93     -6.1818702E-009
          4699.22     -6.3664431E-009
          4710.51     -6.5493020E-009
          4721.80     -6.7295281E-009
          4733.09     -6.9061196E-009
          4744.38     -7.0779852E-009
          4755.66     -7.2439361E-009
          4766.95     -7.4026783E-009
          4778.24     -7.5528039E-009
          4789.53     -7.6927824E-009
          4800.82     -7.8209514E-009
          4812.11     -7.9445430E-009
          4823.40     -8.0699332E-009
          4834.69     -8.1940254E-009
          4845.98     -8.3136471E-009
          4857.27     -8.4255306E-009
          4868.55     -8.5262929E-009
          4879.84     -8.6124167E-009
          4891.13     -8.6802302E-009
          4902.42     -8.7258861E-009
          4913.71     -8.7453407E-009
          4925.00     -8.7343315E-009
          4936.29     -8.6883551E-009
          4947.58     -8.6026436E-009
          4958.87     -8.4721400E-009
          4970.16     -8.2914735E-009
          4981.45     -8.0549328E-009
          4992.73     -7.7564379E-009
          5004.02     -7.3895126E-009
          5015.31     -6.9472522E-009
          5026.60     -6.4222937E-009
          5037.89     -5.8067831E-009
          5049.18     -5.0923396E-009
          5060.47     -4.2700222E-009
          5071.76     -3.3302879E-009
          5083.05     -2.2629522E-009
          5094.34     -1.1019340E-009
          5105.62      1.2304597E-010
          5116.91      1.4292080E-009
          5128.20      2.8341551E-009
          5139.49      4.3559556E-009
          5150.78      6.0132205E-009
          5162.07      7.8251952E-009
          5173.36      9.8118395E-009
          5184.65      1.1993906E-008
          5195.94      1.4393039E-008
          5207.23      1.7031857E-008
          5218.52      1.9934046E-008
          5229.80      2.3124459E-008
          5241.09      2.6629199E-008
          5252.38      3.0475742E-008
          5263.67      3.4693030E-008
          5274.96      3.9311570E-008
          5286.25      4.4363569E-008
          5297.54      4.9883035E-008
          5308.83      5.5905909E-008
          5320.12      6.2470193E-008
          5331.41      6.9616062E-008
          5342.70      7.7386035E-008
          5353.98      8.3204017E-008
          5365.27      8.4706205E-008
          5376.56      8.2239065E-008
          5387.85      7.6128761E-008
          5399.14      6.6682955E-008
          5410.43      5.4192471E-008
          5421.72      3.8932956E-008
          5433.01      2.1166338E-008
          5444.30      1.1423186E-009
          5455.59     -2.0900156E-008
          5466.88     -4.4731658E-008
          5478.16     -7.0130950E-008
          5489.45     -9.6883754E-008
          5500.74     -1.2478158E-007
          5512.03     -1.5362044E-007
          5523.32     -1.8319989E-007
          5534.61     -2.1332182E-007
          5545.90     -2.4378930E-007
          5557.19     -2.7440566E-007
          5568.48     -3.0497332E-007
          5579.77     -3.3529237E-007
          5591.05     -3.6515960E-007
          5602.34     -3.9436784E-007
          5613.63     -4.2270523E-007
          5624.92     -4.4995408E-007
          5636.21     -4.7588973E-007
          5647.50     -5.0027968E-007
          5658.79     -5.2288239E-007
          5670.08     -5.4344621E-007
          5681.37     -5.6170488E-007
          5692.66     -5.7737719E-007
          5703.95     -6.7806043E-007
          5715.23     -9.4068553E-007
          5726.52     -1.3495776E-006
          5737.81     -1.8898253E-006
          5749.10     -2.5472108E-006
          5760.39     -3.3081438E-006
          5771.68     -4.1595996E-006
          5782.97     -5.0890581E-006
          5794.26     -6.0844730E-006
          5805.55     -7.1341673E-006
          5816.84     -8.2267039E-006
          5828.12     -9.3508328E-006
          5839.41     -1.0495435E-005
          5850.70     -1.1649474E-005
          5861.99     -1.2801944E-005
          5873.28     -1.3941817E-005
          5884.57     -1.5058001E-005
          5895.86     -1.6139289E-005
          5907.15     -1.7174307E-005
          5918.44     -1.8151460E-005
          5929.73     -1.9058904E-005
          5941.02     -1.9884534E-005
          5952.30     -2.0615935E-005
          5963.59     -2.1240337E-005
          5974.88     -2.1771051E-005
          5986.17     -2.2232413E-005
          5997.46     -2.2627610E-005
          6008.75     -2.2959464E-005
          6020.04     -2.3230445E-005
          6031.33     -2.3442685E-005
          6042.62     -2.3597998E-005
          6053.91     -2.3697878E-005
          6065.20     -2.3743512E-005
          6076.48     -2.3735786E-005
          6087.77     -2.3675296E-005
          6099.06     -2.3562349E-005
          6110.35     -2.3396966E-005
          6121.64     -2.3178889E-005
          6132.93     -2.2907573E-005
          6144.22     -2.2582194E-005
          6155.51     -2.2201656E-005
          6166.80     -2.1761825E-005
          6178.09     -2.1258397E-005
          6189.38     -2.0689595E-005
          6200.66     -2.0053337E-005
          6211.95     -1.9347232E-005
          6223.24     -1.8568575E-005
          6234.53     -1.7714343E-005
          6245.82     -1.6781188E-005
          6257.11     -1.5765429E-005
          6268.40     -1.4663049E-005
          6279.69     -1.3469682E-005
          6290.98     -1.2180604E-005
          6302.27     -1.0790724E-005
          6313.55     -9.2945682E-006
          6324.84     -7.6862764E-006
          6336.13     -5.9595793E-006
          6347.42     -4.1077879E-006
          6358.71     -2.1237849E-006
          6370.00      5.6672851E-039
