          3480.00      3.3177713E-034
          3491.29     -4.6115297E-010
          3502.58     -9.1265835E-010
          3513.87     -1.3556938E-009
          3525.16     -1.7913802E-009
          3536.45     -2.2207876E-009
          3547.73     -2.6449381E-009
          3559.02     -3.0648074E-009
          3570.31     -3.4813306E-009
          3581.60     -3.8954036E-009
          3592.89     -4.3078857E-009
          3604.18     -4.7196017E-009
          3615.47     -5.1313394E-009
          3626.76     -5.5438558E-009
          3638.05     -5.9578803E-009
          3649.34     -6.3741155E-009
          3660.62     -6.7932410E-009
          3671.91     -7.2159138E-009
          3683.20     -7.6427697E-009
          3694.49     -8.0744251E-009
          3705.78     -8.5114770E-009
          3717.07     -8.9545060E-009
          3728.36     -9.4040765E-009
          3739.65     -9.8607360E-009
          3750.94     -1.0324132E-008
          3762.23     -1.0793964E-008
          3773.52     -1.1270832E-008
          3784.80     -1.1755316E-008
          3796.09     -1.2247977E-008
          3807.38     -1.2749363E-008
          3818.67     -1.3260002E-008
          3829.96     -1.3780408E-008
          3841.25     -1.4311079E-008
          3852.54     -1.4852499E-008
          3863.83     -1.5405136E-008
          3875.12     -1.5969446E-008
          3886.41     -1.6545868E-008
          3897.70     -1.7134829E-008
          3908.98     -1.7736742E-008
          3920.27     -1.8352006E-008
          3931.56     -1.8981006E-008
          3942.85     -1.9624114E-008
          3954.14     -2.0281687E-008
          3965.43     -2.0954073E-008
          3976.72     -2.1641600E-008
          3988.01     -2.2344585E-008
          3999.30     -2.3063329E-008
          4010.59     -2.3798113E-008
          4021.88     -2.4549205E-008
          4033.16     -2.5316856E-008
          4044.45     -2.6101296E-008
          4055.74     -2.6902737E-008
          4067.03     -2.7721371E-008
          4078.32     -2.8557368E-008
          4089.61     -2.9410878E-008
          4100.90     -3.0282025E-008
          4112.19     -3.1170909E-008
          4123.48     -3.2077605E-008
          4134.77     -3.3002160E-008
          4146.05     -3.3944593E-008
          4157.34     -3.4904890E-008
          4168.63     -3.5883007E-008
          4179.92     -3.6878865E-008
          4191.21     -3.7892347E-008
          4202.50     -3.8923303E-008
          4213.79     -3.9971538E-008
          4225.08     -4.1036818E-008
          4236.37     -4.2118862E-008
          4247.66     -4.3217342E-008
          4258.95     -4.4331882E-008
          4270.23     -4.5462052E-008
          4281.52     -4.6607365E-008
          4292.81     -4.7767279E-008
          4304.10     -4.8941189E-008
          4315.39     -5.0128427E-008
          4326.68     -5.1328256E-008
          4337.97     -5.2539866E-008
          4349.26     -5.3762376E-008
          4360.55     -5.4994825E-008
          4371.84     -5.6236171E-008
          4383.12     -5.7485292E-008
          4394.41     -5.8740963E-008
          4405.70     -6.0001866E-008
          4416.99     -6.1266579E-008
          4428.28     -6.2533575E-008
          4439.57     -6.3801218E-008
          4450.86     -6.5067756E-008
          4462.15     -6.6331312E-008
          4473.44     -6.7589889E-008
          4484.73     -6.8841351E-008
          4496.02     -7.0083426E-008
          4507.30     -7.1313696E-008
          4518.59     -7.2529588E-008
          4529.88     -7.3728374E-008
          4541.17     -7.4907158E-008
          4552.46     -7.6072323E-008
          4563.75     -7.7229575E-008
          4575.04     -7.8374765E-008
          4586.33     -7.9503591E-008
          4597.62     -8.0611594E-008
          4608.91     -8.1694136E-008
          4620.20     -8.2746398E-008
          4631.48     -8.3763366E-008
          4642.77     -8.4739816E-008
          4654.06     -8.5670304E-008
          4665.35     -8.6549155E-008
          4676.64     -8.7370449E-008
          4687.93     -8.8128007E-008
          4699.22     -8.8815379E-008
          4710.51     -8.9425828E-008
          4721.80     -8.9952320E-008
          4733.09     -9.0387505E-008
          4744.38     -9.0723707E-008
          4755.66     -9.0952903E-008
          4766.95     -9.1066713E-008
          4778.24     -9.1056379E-008
          4789.53     -9.0912753E-008
          4800.82     -9.0626274E-008
          4812.11     -9.0226583E-008
          4823.40     -8.9740813E-008
          4834.69     -8.9155112E-008
          4845.98     -8.8455321E-008
          4857.27     -8.7626942E-008
          4868.55     -8.6655110E-008
          4879.84     -8.5524569E-008
          4891.13     -8.4219639E-008
          4902.42     -8.2724186E-008
          4913.71     -8.1021599E-008
          4925.00     -7.9094753E-008
          4936.29     -7.6925979E-008
          4947.58     -7.4497036E-008
          4958.87     -7.1789076E-008
          4970.16     -6.8782619E-008
          4981.45     -6.5457510E-008
          4992.73     -6.1792887E-008
          5004.02     -5.7767159E-008
          5015.31     -5.3357948E-008
          5026.60     -4.8542069E-008
          5037.89     -4.3295495E-008
          5049.18     -3.7593311E-008
          5060.47     -3.1409700E-008
          5071.76     -2.4717870E-008
          5083.05     -1.7490031E-008
          5094.34     -9.8154550E-009
          5105.62     -1.7760493E-009
          5116.91      6.6682488E-009
          5128.20      1.5558205E-008
          5139.49      2.4935366E-008
          5150.78      3.4842094E-008
          5162.07      4.5321691E-008
          5173.36      5.6418438E-008
          5184.65      6.8177632E-008
          5195.94      8.0645716E-008
          5207.23      9.3870305E-008
          5218.52      1.0790027E-007
          5229.80      1.2278583E-007
          5241.09      1.3857856E-007
          5252.38      1.5533154E-007
          5263.67      1.7309942E-007
          5274.96      1.9193841E-007
          5286.25      2.1190649E-007
          5297.54      2.3306339E-007
          5308.83      2.5547071E-007
          5320.12      2.7919201E-007
          5331.41      3.0429284E-007
          5342.70      3.3084090E-007
          5353.98      3.5445219E-007
          5365.27      3.7099723E-007
          5376.56      3.8091663E-007
          5387.85      3.8463771E-007
          5399.14      3.8257541E-007
          5410.43      3.7513318E-007
          5421.72      3.6270383E-007
          5433.01      3.4567033E-007
          5444.30      3.2440659E-007
          5455.59      2.9927837E-007
          5466.88      2.7064389E-007
          5478.16      2.3885461E-007
          5489.45      2.0425593E-007
          5500.74      1.6718781E-007
          5512.03      1.2798563E-007
          5523.32      8.6980651E-008
          5534.61      4.4500713E-008
          5545.90      8.7104328E-010
          5557.19     -4.3585367E-008
          5568.48     -8.8546999E-008
          5579.77     -1.3369248E-007
          5591.05     -1.7870005E-007
          5602.34     -2.2324771E-007
          5613.63     -2.6701307E-007
          5624.92     -3.0967267E-007
          5636.21     -3.5090132E-007
          5647.50     -3.9037175E-007
          5658.79     -4.2775395E-007
          5670.08     -4.6271460E-007
          5681.37     -4.9491064E-007
          5692.66     -5.2398972E-007
          5703.95     -6.2603329E-007
          5715.23     -8.6816417E-007
          5726.52     -1.2368464E-006
          5737.81     -1.7188702E-006
          5749.10     -2.3013310E-006
          5760.39     -2.9716096E-006
          5771.68     -3.7173537E-006
          5782.97     -4.5264585E-006
          5794.26     -5.3870747E-006
          5805.55     -6.2875453E-006
          5816.84     -7.2163183E-006
          5828.12     -8.1619280E-006
          5839.41     -9.1129736E-006
          5850.70     -1.0058101E-005
          5861.99     -1.0985987E-005
          5873.28     -1.1885315E-005
          5884.57     -1.2744767E-005
          5895.86     -1.3552999E-005
          5907.15     -1.4298625E-005
          5918.44     -1.4970196E-005
          5929.73     -1.5556199E-005
          5941.02     -1.6045069E-005
          5952.30     -1.6425177E-005
          5963.59     -1.6684816E-005
          5974.88     -1.6862432E-005
          5986.17     -1.7004615E-005
          5997.46     -1.7111756E-005
          6008.75     -1.7184181E-005
          6020.04     -1.7222159E-005
          6031.33     -1.7225898E-005
          6042.62     -1.7195554E-005
          6053.91     -1.7131222E-005
          6065.20     -1.7032938E-005
          6076.48     -1.6900682E-005
          6087.77     -1.6734378E-005
          6099.06     -1.6533892E-005
          6110.35     -1.6299034E-005
          6121.64     -1.6029556E-005
          6132.93     -1.5725150E-005
          6144.22     -1.5385452E-005
          6155.51     -1.5010042E-005
          6166.80     -1.4597987E-005
          6178.09     -1.4148328E-005
          6189.38     -1.3660527E-005
          6200.66     -1.3133991E-005
          6211.95     -1.2568065E-005
          6223.24     -1.1962036E-005
          6234.53     -1.1315133E-005
          6245.82     -1.0626522E-005
          6257.11     -9.8953127E-006
          6268.40     -9.1205523E-006
          6279.69     -8.3012273E-006
          6290.98     -7.4362625E-006
          6302.27     -6.5245203E-006
          6313.55     -5.5647994E-006
          6324.84     -4.5558371E-006
          6336.13     -3.4963036E-006
          6347.42     -2.3848035E-006
          6358.71     -1.2198783E-006
          6370.00     -1.6191058E-047
