          3480.00      2.4229244E-038
          3491.29     -2.1959128E-008
          3502.58     -4.3680022E-008
          3513.87     -6.5171819E-008
          3525.16     -8.6443247E-008
          3536.45     -1.0750275E-007
          3547.73     -1.2835843E-007
          3559.02     -1.4901804E-007
          3570.31     -1.6948903E-007
          3581.60     -1.8977857E-007
          3592.89     -2.0989350E-007
          3604.18     -2.2984033E-007
          3615.47     -2.4962506E-007
          3626.76     -2.6925333E-007
          3638.05     -2.8873054E-007
          3649.34     -3.0806177E-007
          3660.62     -3.2725190E-007
          3671.91     -3.4630555E-007
          3683.20     -3.6522708E-007
          3694.49     -3.8402066E-007
          3705.78     -4.0269015E-007
          3717.07     -4.2123925E-007
          3728.36     -4.3967141E-007
          3739.65     -4.5798984E-007
          3750.94     -4.7619071E-007
          3762.23     -4.9427045E-007
          3773.52     -5.1223243E-007
          3784.80     -5.3007978E-007
          3796.09     -5.4781539E-007
          3807.38     -5.6544199E-007
          3818.67     -5.8296214E-007
          3829.96     -6.0037814E-007
          3841.25     -6.1769211E-007
          3852.54     -6.3490598E-007
          3863.83     -6.5202146E-007
          3875.12     -6.6904006E-007
          3886.41     -6.8596309E-007
          3897.70     -7.0279166E-007
          3908.98     -7.1952673E-007
          3920.27     -7.3616898E-007
          3931.56     -7.5271897E-007
          3942.85     -7.6917706E-007
          3954.14     -7.8554342E-007
          3965.43     -8.0181810E-007
          3976.72     -8.1800090E-007
          3988.01     -8.3409149E-007
          3999.30     -8.5008936E-007
          4010.59     -8.6599376E-007
          4021.88     -8.8180381E-007
          4033.16     -8.9751842E-007
          4044.45     -9.1313633E-007
          4055.74     -9.2865608E-007
          4067.03     -9.4407603E-007
          4078.32     -9.5939436E-007
          4089.61     -9.7460908E-007
          4100.90     -9.8971798E-007
          4112.19     -1.0047187E-006
          4123.48     -1.0196087E-006
          4134.77     -1.0343852E-006
          4146.05     -1.0490453E-006
          4157.34     -1.0635859E-006
          4168.63     -1.0780036E-006
          4179.92     -1.0922951E-006
          4191.21     -1.1064565E-006
          4202.50     -1.1204840E-006
          4213.79     -1.1343736E-006
          4225.08     -1.1481210E-006
          4236.37     -1.1617217E-006
          4247.66     -1.1751711E-006
          4258.95     -1.1884643E-006
          4270.23     -1.2015963E-006
          4281.52     -1.2145618E-006
          4292.81     -1.2273554E-006
          4304.10     -1.2399713E-006
          4315.39     -1.2524037E-006
          4326.68     -1.2646465E-006
          4337.97     -1.2766935E-006
          4349.26     -1.2885381E-006
          4360.55     -1.3001736E-006
          4371.84     -1.3115931E-006
          4383.12     -1.3227895E-006
          4394.41     -1.3337554E-006
          4405.70     -1.3444832E-006
          4416.99     -1.3549651E-006
          4428.28     -1.3651929E-006
          4439.57     -1.3751584E-006
          4450.86     -1.3848531E-006
          4462.15     -1.3942682E-006
          4473.44     -1.4033945E-006
          4484.73     -1.4122230E-006
          4496.02     -1.4207440E-006
          4507.30     -1.4289479E-006
          4518.59     -1.4368245E-006
          4529.88     -1.4443637E-006
          4541.17     -1.4515550E-006
          4552.46     -1.4584104E-006
          4563.75     -1.4649412E-006
          4575.04     -1.4711350E-006
          4586.33     -1.4769793E-006
          4597.62     -1.4824613E-006
          4608.91     -1.4875678E-006
          4620.20     -1.4922856E-006
          4631.48     -1.4966010E-006
          4642.77     -1.5005002E-006
          4654.06     -1.5039690E-006
          4665.35     -1.5069931E-006
          4676.64     -1.5095576E-006
          4687.93     -1.5116478E-006
          4699.22     -1.5132482E-006
          4710.51     -1.5143433E-006
          4721.80     -1.5149173E-006
          4733.09     -1.5149541E-006
          4744.38     -1.5144370E-006
          4755.66     -1.5133494E-006
          4766.95     -1.5116741E-006
          4778.24     -1.5093936E-006
          4789.53     -1.5064904E-006
          4800.82     -1.5029462E-006
          4812.11     -1.4988049E-006
          4823.40     -1.4941084E-006
          4834.69     -1.4888348E-006
          4845.98     -1.4829619E-006
          4857.27     -1.4764672E-006
          4868.55     -1.4693279E-006
          4879.84     -1.4615211E-006
          4891.13     -1.4530231E-006
          4902.42     -1.4438103E-006
          4913.71     -1.4338587E-006
          4925.00     -1.4231437E-006
          4936.29     -1.4116407E-006
          4947.58     -1.3993245E-006
          4958.87     -1.3861696E-006
          4970.16     -1.3721502E-006
          4981.45     -1.3572400E-006
          4992.73     -1.3414124E-006
          5004.02     -1.3246404E-006
          5015.31     -1.3068966E-006
          5026.60     -1.2881530E-006
          5037.89     -1.2683816E-006
          5049.18     -1.2475534E-006
          5060.47     -1.2256395E-006
          5071.76     -1.2026104E-006
          5083.05     -1.1784359E-006
          5094.34     -1.1532026E-006
          5105.62     -1.1269927E-006
          5116.91     -1.0997693E-006
          5128.20     -1.0714950E-006
          5139.49     -1.0421322E-006
          5150.78     -1.0116429E-006
          5162.07     -9.7998863E-007
          5173.36     -9.4713041E-007
          5184.65     -9.1302902E-007
          5195.94     -8.7764466E-007
          5207.23     -8.4093714E-007
          5218.52     -8.0286579E-007
          5229.80     -7.6338947E-007
          5241.09     -7.2246663E-007
          5252.38     -6.8005514E-007
          5263.67     -6.3611238E-007
          5274.96     -5.9059530E-007
          5286.25     -5.4346025E-007
          5297.54     -4.9466307E-007
          5308.83     -4.4415903E-007
          5320.12     -3.9190282E-007
          5331.41     -3.3784868E-007
          5342.70     -2.8195016E-007
          5353.98     -2.2704608E-007
          5365.27     -1.7586672E-007
          5376.56     -1.2820346E-007
          5387.85     -8.3849373E-008
          5399.14     -4.2599092E-008
          5410.43     -4.2486786E-009
          5421.72      3.1404320E-008
          5433.01      6.4561170E-008
          5444.30      9.5421923E-008
          5455.59      1.2418546E-007
          5466.88      1.5104974E-007
          5478.16      1.7621174E-007
          5489.45      1.9986754E-007
          5500.74      2.2221246E-007
          5512.03      2.4344101E-007
          5523.32      2.6374714E-007
          5534.61      2.8332421E-007
          5545.90      3.0236502E-007
          5557.19      3.2106201E-007
          5568.48      3.3960725E-007
          5579.77      3.5819311E-007
          5591.05      3.7701240E-007
          5602.34      3.9625766E-007
          5613.63      4.1612123E-007
          5624.92      4.3679524E-007
          5636.21      4.5847162E-007
          5647.50      4.8134226E-007
          5658.79      5.0559900E-007
          5670.08      5.3143372E-007
          5681.37      5.5904289E-007
          5692.66      5.8862687E-007
          5703.95      5.9266838E-007
          5715.23      5.4660704E-007
          5726.52      4.5503669E-007
          5737.81      3.2249625E-007
          5749.10      1.5347019E-007
          5760.39     -4.7611154E-008
          5771.68     -2.7637147E-007
          5782.97     -5.2848833E-007
          5794.26     -7.9970416E-007
          5805.55     -1.0858104E-006
          5816.84     -1.3826203E-006
          5828.12     -1.6859675E-006
          5839.41     -1.9917042E-006
          5850.70     -2.2956996E-006
          5861.99     -2.5938397E-006
          5873.28     -2.8820244E-006
          5884.57     -3.1561681E-006
          5895.86     -3.4121979E-006
          5907.15     -3.6460516E-006
          5918.44     -3.8536739E-006
          5929.73     -4.0310212E-006
          5941.02     -4.1740716E-006
          5952.30     -4.2788247E-006
          5963.59     -4.3413007E-006
          5974.88     -4.3771593E-006
          5986.17     -4.4046751E-006
          5997.46     -4.4238046E-006
          6008.75     -4.4345024E-006
          6020.04     -4.4367214E-006
          6031.33     -4.4304160E-006
          6042.62     -4.4155417E-006
          6053.91     -4.3920520E-006
          6065.20     -4.3598978E-006
          6076.48     -4.3190291E-006
          6087.77     -4.2693953E-006
          6099.06     -4.2109437E-006
          6110.35     -4.1436196E-006
          6121.64     -4.0673649E-006
          6132.93     -3.9821159E-006
          6144.22     -3.8878041E-006
          6155.51     -3.7843601E-006
          6166.80     -3.6717296E-006
          6178.09     -3.5498665E-006
          6189.38     -3.4187133E-006
          6200.66     -3.2782107E-006
          6211.95     -3.1282965E-006
          6223.24     -2.9689057E-006
          6234.53     -2.7999712E-006
          6245.82     -2.6214222E-006
          6257.11     -2.4331856E-006
          6268.40     -2.2351857E-006
          6279.69     -2.0273440E-006
          6290.98     -1.8095795E-006
          6302.27     -1.5818083E-006
          6313.55     -1.3439438E-006
          6324.84     -1.0958969E-006
          6336.13     -8.3757539E-007
          6347.42     -5.6888420E-007
          6358.71     -2.8972606E-007
          6370.00     -4.4576811E-043
