          3480.00     -1.4885574E-022
          3491.29      5.9000995E-003
          3502.58      1.1840092E-002
          3513.87      1.7846284E-002
          3525.16      2.3944964E-002
          3536.45      3.0162555E-002
          3547.73      3.6525707E-002
          3559.02      4.3061386E-002
          3570.31      4.9797021E-002
          3581.60      5.6760584E-002
          3592.89      6.3980704E-002
          3604.18      7.1486764E-002
          3615.47      7.9308944E-002
          3626.76      8.7478390E-002
          3638.05      9.6027333E-002
          3649.34      1.0498918E-001
          3660.62      1.1439865E-001
          3671.91      1.2429190E-001
          3683.20      1.3470661E-001
          3694.49      1.4568212E-001
          3705.78      1.5725952E-001
          3717.07      1.6948183E-001
          3728.36      1.8239413E-001
          3739.65      1.9604361E-001
          3750.94      2.1045420E-001
          3762.23      2.2565490E-001
          3773.52      2.4170386E-001
          3784.80      2.5866159E-001
          3796.09      2.7659105E-001
          3807.38      2.9555801E-001
          3818.67      3.1563121E-001
          3829.96      3.3688245E-001
          3841.25      3.5938696E-001
          3852.54      3.8322352E-001
          3863.83      4.0847472E-001
          3875.12      4.3522720E-001
          3886.41      4.6357183E-001
          3897.70      4.9360403E-001
          3908.98      5.2542404E-001
          3920.27      5.5913703E-001
          3931.56      5.9485359E-001
          3942.85      6.3268987E-001
          3954.14      6.7276796E-001
          3965.43      7.1521619E-001
          3976.72      7.6016936E-001
          3988.01      8.0776918E-001
          3999.30      8.5816461E-001
          4010.59      9.1151201E-001
          4021.88      9.6797580E-001
          4033.16      1.0277287E+000
          4044.45      1.0909520E+000
          4055.74      1.1578364E+000
          4067.03      1.2285818E+000
          4078.32      1.3033985E+000
          4089.61      1.3825071E+000
          4100.90      1.4661390E+000
          4112.19      1.5545373E+000
          4123.48      1.6479571E+000
          4134.77      1.7466661E+000
          4146.05      1.8509451E+000
          4157.34      1.9610884E+000
          4168.63      2.0774049E+000
          4179.92      2.2002184E+000
          4191.21      2.3298683E+000
          4202.50      2.4667103E+000
          4213.79      2.6111172E+000
          4225.08      2.7634797E+000
          4236.37      2.9242069E+000
          4247.66      3.0937271E+000
          4258.95      3.2724890E+000
          4270.23      3.4609624E+000
          4281.52      3.6596387E+000
          4292.81      3.8690323E+000
          4304.10      4.0896816E+000
          4315.39      4.3221494E+000
          4326.68      4.5670249E+000
          4337.97      4.8249232E+000
          4349.26      5.0964883E+000
          4360.55      5.3823931E+000
          4371.84      5.6833404E+000
          4383.12      6.0000655E+000
          4394.41      6.3333355E+000
          4405.70      6.6839513E+000
          4416.99      7.0527500E+000
          4428.28      7.4406038E+000
          4439.57      7.8484243E+000
          4450.86      8.2771630E+000
          4462.15      8.7278108E+000
          4473.44      9.2014029E+000
          4484.73      9.6990181E+000
          4496.02      1.0221781E+001
          4507.30      1.0770865E+001
          4518.59      1.1347491E+001
          4529.88      1.1952931E+001
          4541.17      1.2588512E+001
          4552.46      1.3256809E+001
          4563.75      1.3960359E+001
          4575.04      1.4700533E+001
          4586.33      1.5478774E+001
          4597.62      1.6296602E+001
          4608.91      1.7155611E+001
          4620.20      1.8057476E+001
          4631.48      1.9003953E+001
          4642.77      1.9996876E+001
          4654.06      2.1038165E+001
          4665.35      2.2129825E+001
          4676.64      2.3273949E+001
          4687.93      2.4472717E+001
          4699.22      2.5728402E+001
          4710.51      2.7043369E+001
          4721.80      2.8420082E+001
          4733.09      2.9861099E+001
          4744.38      3.1369083E+001
          4755.66      3.2946799E+001
          4766.95      3.4597115E+001
          4778.24      3.6323014E+001
          4789.53      3.8127582E+001
          4800.82      4.0014025E+001
          4812.11      4.1993365E+001
          4823.40      4.4076156E+001
          4834.69      4.6265149E+001
          4845.98      4.8563300E+001
          4857.27      5.0973764E+001
          4868.55      5.3499898E+001
          4879.84      5.6145250E+001
          4891.13      5.8913575E+001
          4902.42      6.1808821E+001
          4913.71      6.4835125E+001
          4925.00      6.7996830E+001
          4936.29      7.1298469E+001
          4947.58      7.4744771E+001
          4958.87      7.8340664E+001
          4970.16      8.2091265E+001
          4981.45      8.6001894E+001
          4992.73      9.0078070E+001
          5004.02      9.4325498E+001
          5015.31      9.8750094E+001
          5026.60      1.0335797E+002
          5037.89      1.0815543E+002
          5049.18      1.1314898E+002
          5060.47      1.1834535E+002
          5071.76      1.2375143E+002
          5083.05      1.2937436E+002
          5094.34      1.3525693E+002
          5105.62      1.4143948E+002
          5116.91      1.4792594E+002
          5128.20      1.5472076E+002
          5139.49      1.6182890E+002
          5150.78      1.6925579E+002
          5162.07      1.7700732E+002
          5173.36      1.8508983E+002
          5184.65      1.9351006E+002
          5195.94      2.0227517E+002
          5207.23      2.1139271E+002
          5218.52      2.2087059E+002
          5229.80      2.3071709E+002
          5241.09      2.4094078E+002
          5252.38      2.5155061E+002
          5263.67      2.6255579E+002
          5274.96      2.7396584E+002
          5286.25      2.8579051E+002
          5297.54      2.9803986E+002
          5308.83      3.1072412E+002
          5320.12      3.2385377E+002
          5331.41      3.3743946E+002
          5342.70      3.5149202E+002
          5353.98      3.6795474E+002
          5365.27      3.8861749E+002
          5376.56      4.1327373E+002
          5387.85      4.4173273E+002
          5399.14      4.7381845E+002
          5410.43      5.0936853E+002
          5421.72      5.4823318E+002
          5433.01      5.9027440E+002
          5444.30      6.3536502E+002
          5455.59      6.8338770E+002
          5466.88      7.3423436E+002
          5478.16      7.8780527E+002
          5489.45      8.4400834E+002
          5500.74      9.0275850E+002
          5512.03      9.6397675E+002
          5523.32      1.0275899E+003
          5534.61      1.0935296E+003
          5545.90      1.1617319E+003
          5557.19      1.2321366E+003
          5568.48      1.3046867E+003
          5579.77      1.3793275E+003
          5591.05      1.4560061E+003
          5602.34      1.5346712E+003
          5613.63      1.6152726E+003
          5624.92      1.6977609E+003
          5636.21      1.7820866E+003
          5647.50      1.8681999E+003
          5658.79      1.9560499E+003
          5670.08      2.0455843E+003
          5681.37      2.1367465E+003
          5692.66      2.2294752E+003
          5703.95      2.3784500E+003
          5715.23      2.6311085E+003
          5726.52      2.9768907E+003
          5737.81      3.4056891E+003
          5749.10      3.9078056E+003
          5760.39      4.4739111E+003
          5771.68      5.0950071E+003
          5782.97      5.7623876E+003
          5794.26      6.4676191E+003
          5805.55      7.2024708E+003
          5816.84      7.9588299E+003
          5828.12      8.7286685E+003
          5839.41      9.5040078E+003
          5850.70      1.0276885E+004
          5861.99      1.1039324E+004
          5873.28      1.1783295E+004
          5884.57      1.2500697E+004
          5895.86      1.3183311E+004
          5907.15      1.3822781E+004
          5918.44      1.4410571E+004
          5929.73      1.4937951E+004
          5941.02      1.5395991E+004
          5952.30      1.5775526E+004
          5963.59      1.6067130E+004
          5974.88      1.6296465E+004
          5986.17      1.6496036E+004
          5997.46      1.6666343E+004
          6008.75      1.6807728E+004
          6020.04      1.6920375E+004
          6031.33      1.7004316E+004
          6042.62      1.7059428E+004
          6053.91      1.7085434E+004
          6065.20      1.7081904E+004
          6076.48      1.7048256E+004
          6087.77      1.6983751E+004
          6099.06      1.6887495E+004
          6110.35      1.6758432E+004
          6121.64      1.6595352E+004
          6132.93      1.6396884E+004
          6144.22      1.6161503E+004
          6155.51      1.5887521E+004
          6166.80      1.5573785E+004
          6178.09      1.5218989E+004
          6189.38      1.4820952E+004
          6200.66      1.4377308E+004
          6211.95      1.3885503E+004
          6223.24      1.3342785E+004
          6234.53      1.2746202E+004
          6245.82      1.2092589E+004
          6257.11      1.1378568E+004
          6268.40      1.0600537E+004
          6279.69      9.7546572E+003
          6290.98      8.8368496E+003
          6302.27      7.8427821E+003
          6313.55      6.7678604E+003
          6324.84      5.6072207E+003
          6336.13      4.3557126E+003
          6347.42      3.0078909E+003
          6358.71      1.5580086E+003
          6370.00      0.0000000E+000
