          3480.00      4.3942046E-025
          3491.29     -4.2803214E-009
          3502.58     -8.6008377E-009
          3513.87     -1.2996194E-008
          3525.16     -1.7501204E-008
          3536.45     -2.2151144E-008
          3547.73     -2.6982010E-008
          3559.02     -3.2030773E-008
          3570.31     -3.7335667E-008
          3581.60     -4.2936450E-008
          3592.89     -4.8874676E-008
          3604.18     -5.5193972E-008
          3615.47     -6.1940273E-008
          3626.76     -6.9162168E-008
          3638.05     -7.6911222E-008
          3649.34     -8.5242280E-008
          3660.62     -9.4213847E-008
          3671.91     -1.0388842E-007
          3683.20     -1.1433285E-007
          3694.49     -1.2561881E-007
          3705.78     -1.3782310E-007
          3717.07     -1.5102819E-007
          3728.36     -1.6532270E-007
          3739.65     -1.8080181E-007
          3750.94     -1.9752613E-007
          3762.23     -2.1556896E-007
          3773.52     -2.3505525E-007
          3784.80     -2.5611783E-007
          3796.09     -2.7889810E-007
          3807.38     -3.0354706E-007
          3818.67     -3.3022612E-007
          3829.96     -3.5910788E-007
          3841.25     -3.9037731E-007
          3852.54     -4.2423264E-007
          3863.83     -4.6088643E-007
          3875.12     -5.0056682E-007
          3886.41     -5.4351853E-007
          3897.70     -5.9000435E-007
          3908.98     -6.4030646E-007
          3920.27     -6.9472768E-007
          3931.56     -7.5359328E-007
          3942.85     -8.1725243E-007
          3954.14     -8.8608006E-007
          3965.43     -9.6047874E-007
          3976.72     -1.0408804E-006
          3988.01     -1.1277487E-006
          3999.30     -1.2215813E-006
          4010.59     -1.3229116E-006
          4021.88     -1.4323122E-006
          4033.16     -1.5503968E-006
          4044.45     -1.6778235E-006
          4055.74     -1.8152978E-006
          4067.03     -1.9635754E-006
          4078.32     -2.1234663E-006
          4089.61     -2.2958381E-006
          4100.90     -2.4816196E-006
          4112.19     -2.6818056E-006
          4123.48     -2.8974608E-006
          4134.77     -3.1297245E-006
          4146.05     -3.3798161E-006
          4157.34     -3.6490390E-006
          4168.63     -3.9387879E-006
          4179.92     -4.2505536E-006
          4191.21     -4.5859293E-006
          4202.50     -4.9466178E-006
          4213.79     -5.3344383E-006
          4225.08     -5.7513339E-006
          4236.37     -6.1993798E-006
          4247.66     -6.6807902E-006
          4258.95     -7.1979297E-006
          4270.23     -7.7533214E-006
          4281.52     -8.3496555E-006
          4292.81     -8.9898026E-006
          4304.10     -9.6768233E-006
          4315.39     -1.0413980E-005
          4326.68     -1.1204751E-005
          4337.97     -1.2052840E-005
          4349.26     -1.2962195E-005
          4360.55     -1.3937019E-005
          4371.84     -1.4981787E-005
          4383.12     -1.6101267E-005
          4394.41     -1.7300528E-005
          4405.70     -1.8584965E-005
          4416.99     -1.9960315E-005
          4428.28     -2.1432679E-005
          4439.57     -2.3008545E-005
          4450.86     -2.4694810E-005
          4462.15     -2.6498798E-005
          4473.44     -2.8428296E-005
          4484.73     -3.0491573E-005
          4496.02     -3.2697409E-005
          4507.30     -3.5055127E-005
          4518.59     -3.7574616E-005
          4529.88     -4.0266376E-005
          4541.17     -4.3141546E-005
          4552.46     -4.6219292E-005
          4563.75     -4.9518787E-005
          4575.04     -5.3052348E-005
          4586.33     -5.6833223E-005
          4597.62     -6.0875631E-005
          4608.91     -6.5194779E-005
          4620.20     -6.9806926E-005
          4631.48     -7.4729412E-005
          4642.77     -7.9980693E-005
          4654.06     -8.5580414E-005
          4665.35     -9.1549447E-005
          4676.64     -9.7909945E-005
          4687.93     -1.0468542E-004
          4699.22     -1.1190075E-004
          4710.51     -1.1958234E-004
          4721.80     -1.2775810E-004
          4733.09     -1.3645756E-004
          4744.38     -1.4571196E-004
          4755.66     -1.5555430E-004
          4766.95     -1.6601944E-004
          4778.24     -1.7714420E-004
          4789.53     -1.8896742E-004
          4800.82     -2.0153008E-004
          4812.11     -2.1494580E-004
          4823.40     -2.2932389E-004
          4834.69     -2.4470338E-004
          4845.98     -2.6112704E-004
          4857.27     -2.7864146E-004
          4868.55     -2.9729703E-004
          4879.84     -3.1714799E-004
          4891.13     -3.3825257E-004
          4902.42     -3.6067302E-004
          4913.71     -3.8447564E-004
          4925.00     -4.0973098E-004
          4936.29     -4.3651389E-004
          4947.58     -4.6490367E-004
          4958.87     -4.9498419E-004
          4970.16     -5.2684394E-004
          4981.45     -5.6057633E-004
          4992.73     -5.9627979E-004
          5004.02     -6.3405779E-004
          5015.31     -6.7401925E-004
          5026.60     -7.1627854E-004
          5037.89     -7.6095574E-004
          5049.18     -8.0817685E-004
          5060.47     -8.5807386E-004
          5071.76     -9.1078514E-004
          5083.05     -9.6645561E-004
          5094.34     -1.0257246E-003
          5105.62     -1.0891932E-003
          5116.91     -1.1569648E-003
          5128.20     -1.2291575E-003
          5139.49     -1.3059041E-003
          5150.78     -1.3873512E-003
          5162.07     -1.4736593E-003
          5173.36     -1.5650030E-003
          5184.65     -1.6615697E-003
          5195.94     -1.7635607E-003
          5207.23     -1.8711907E-003
          5218.52     -1.9846873E-003
          5229.80     -2.1042916E-003
          5241.09     -2.2302574E-003
          5252.38     -2.3628520E-003
          5263.67     -2.5023561E-003
          5274.96     -2.6490629E-003
          5286.25     -2.8032791E-003
          5297.54     -2.9653247E-003
          5308.83     -3.1355327E-003
          5320.12     -3.3142494E-003
          5331.41     -3.5018338E-003
          5342.70     -3.6986587E-003
          5353.98     -3.9432039E-003
          5365.27     -4.2703364E-003
          5376.56     -4.6754460E-003
          5387.85     -5.1544548E-003
          5399.14     -5.7037751E-003
          5410.43     -6.3202713E-003
          5421.72     -7.0012220E-003
          5433.01     -7.7442905E-003
          5444.30     -8.5474923E-003
          5455.59     -9.4091641E-003
          5466.88     -1.0327942E-002
          5478.16     -1.1302734E-002
          5489.45     -1.2332698E-002
          5500.74     -1.3417222E-002
          5512.03     -1.4555896E-002
          5523.32     -1.5748503E-002
          5534.61     -1.6994998E-002
          5545.90     -1.8295482E-002
          5557.19     -1.9650197E-002
          5568.48     -2.1059505E-002
          5579.77     -2.2523861E-002
          5591.05     -2.4043810E-002
          5602.34     -2.5619966E-002
          5613.63     -2.7253010E-002
          5624.92     -2.8943669E-002
          5636.21     -3.0692699E-002
          5647.50     -3.2500879E-002
          5658.79     -3.4368984E-002
          5670.08     -3.6297779E-002
          5681.37     -3.8287941E-002
          5692.66     -4.0340062E-002
          5703.95     -4.4393644E-002
          5715.23     -5.2144349E-002
          5726.52     -6.3247400E-002
          5737.81     -7.7383222E-002
          5749.10     -9.4254944E-002
          5760.39     -1.1358610E-001
          5771.68     -1.3511847E-001
          5782.97     -1.5861001E-001
          5794.26     -1.8383349E-001
          5805.55     -2.1057365E-001
          5816.84     -2.3862373E-001
          5828.12     -2.6778388E-001
          5839.41     -2.9785937E-001
          5850.70     -3.2865904E-001
          5861.99     -3.5999372E-001
          5873.28     -3.9167459E-001
          5884.57     -4.2351184E-001
          5895.86     -4.5531305E-001
          5907.15     -4.8688162E-001
          5918.44     -5.1801515E-001
          5929.73     -5.4850427E-001
          5941.02     -5.7813190E-001
          5952.30     -6.0667180E-001
          5963.59     -6.3388694E-001
          5974.88     -6.5943855E-001
          5986.17     -6.8328610E-001
          5997.46     -7.0561734E-001
          6008.75     -7.2660274E-001
          6020.04     -7.4639647E-001
          6031.33     -7.6513758E-001
          6042.62     -7.8295096E-001
          6053.91     -7.9994791E-001
          6065.20     -8.1622691E-001
          6076.48     -8.3187423E-001
          6087.77     -8.4696446E-001
          6099.06     -8.6156093E-001
          6110.35     -8.7571610E-001
          6121.64     -8.8947171E-001
          6132.93     -9.0285901E-001
          6144.22     -9.1589890E-001
          6155.51     -9.2860243E-001
          6166.80     -9.4083980E-001
          6178.09     -9.5247749E-001
          6189.38     -9.6350505E-001
          6200.66     -9.7390031E-001
          6211.95     -9.8362918E-001
          6223.24     -9.9264550E-001
          6234.53     -1.0008907E+000
          6245.82     -1.0082937E+000
          6257.11     -1.0147703E+000
          6268.40     -1.0202228E+000
          6279.69     -1.0245396E+000
          6290.98     -1.0275947E+000
          6302.27     -1.0292466E+000
          6313.55     -1.0293383E+000
          6324.84     -1.0276957E+000
          6336.13     -1.0241275E+000
          6347.42     -1.0184238E+000
          6358.71     -1.0103553E+000
          6370.00     -9.9967245E-001
