          3480.00      6.7210098E-027
          3491.29     -6.8039256E-008
          3502.58     -1.3653836E-007
          3513.87     -2.0586744E-007
          3525.16     -2.7639640E-007
          3536.45     -3.4849723E-007
          3547.73     -4.2254581E-007
          3559.02     -4.9892350E-007
          3570.31     -5.7801949E-007
          3581.60     -6.6023235E-007
          3592.89     -7.4597197E-007
          3604.18     -8.3566129E-007
          3615.47     -9.2973745E-007
          3626.76     -1.0286544E-006
          3638.05     -1.1328849E-006
          3649.34     -1.2429224E-006
          3660.62     -1.3592833E-006
          3671.91     -1.4825091E-006
          3683.20     -1.6131681E-006
          3694.49     -1.7518582E-006
          3705.78     -1.8992083E-006
          3717.07     -2.0558819E-006
          3728.36     -2.2225788E-006
          3739.65     -2.4000374E-006
          3750.94     -2.5886584E-006
          3762.23     -2.7889275E-006
          3773.52     -3.0017714E-006
          3784.80     -3.2281600E-006
          3796.09     -3.4691098E-006
          3807.38     -3.7256889E-006
          3818.67     -3.9990208E-006
          3829.96     -4.2902875E-006
          3841.25     -4.6007352E-006
          3852.54     -4.9316779E-006
          3863.83     -5.2845022E-006
          3875.12     -5.6606728E-006
          3886.41     -6.0617353E-006
          3897.70     -6.4893243E-006
          3908.98     -6.9451674E-006
          3920.27     -7.4310897E-006
          3931.56     -7.9490221E-006
          3942.85     -8.5010059E-006
          3954.14     -9.0892000E-006
          3965.43     -9.7158883E-006
          3976.72     -1.0383484E-005
          3988.01     -1.1094542E-005
          3999.30     -1.1851761E-005
          4010.59     -1.2657994E-005
          4021.88     -1.3516258E-005
          4033.16     -1.4429741E-005
          4044.45     -1.5401812E-005
          4055.74     -1.6436032E-005
          4067.03     -1.7536161E-005
          4078.32     -1.8706171E-005
          4089.61     -1.9950261E-005
          4100.90     -2.1272856E-005
          4112.19     -2.2678636E-005
          4123.48     -2.4172538E-005
          4134.77     -2.5759771E-005
          4146.05     -2.7445834E-005
          4157.34     -2.9236523E-005
          4168.63     -3.1137955E-005
          4179.92     -3.3156583E-005
          4191.21     -3.5299203E-005
          4202.50     -3.7572983E-005
          4213.79     -3.9985478E-005
          4225.08     -4.2544646E-005
          4236.37     -4.5258875E-005
          4247.66     -4.8136988E-005
          4258.95     -5.1188288E-005
          4270.23     -5.4422565E-005
          4281.52     -5.7850116E-005
          4292.81     -6.1481787E-005
          4304.10     -6.5328985E-005
          4315.39     -6.9403708E-005
          4326.68     -7.3718581E-005
          4337.97     -7.8286864E-005
          4349.26     -8.3122510E-005
          4360.55     -8.8240183E-005
          4371.84     -9.3655286E-005
          4383.12     -9.9384012E-005
          4394.41     -1.0544336E-004
          4405.70     -1.1185118E-004
          4416.99     -1.1862621E-004
          4428.28     -1.2578811E-004
          4439.57     -1.3335752E-004
          4450.86     -1.4135611E-004
          4462.15     -1.4980658E-004
          4473.44     -1.5873275E-004
          4484.73     -1.6815961E-004
          4496.02     -1.7811334E-004
          4507.30     -1.8862139E-004
          4518.59     -1.9971249E-004
          4529.88     -2.1141677E-004
          4541.17     -2.2376580E-004
          4552.46     -2.3681864E-004
          4563.75     -2.5063382E-004
          4575.04     -2.6524457E-004
          4586.33     -2.8068616E-004
          4597.62     -2.9699595E-004
          4608.91     -3.1421335E-004
          4620.20     -3.3238002E-004
          4631.48     -3.5153983E-004
          4642.77     -3.7173889E-004
          4654.06     -3.9302574E-004
          4665.35     -4.1545129E-004
          4676.64     -4.3906897E-004
          4687.93     -4.6393481E-004
          4699.22     -4.9010741E-004
          4710.51     -5.1764819E-004
          4721.80     -5.4662138E-004
          4733.09     -5.7709407E-004
          4744.38     -6.0913642E-004
          4755.66     -6.4282168E-004
          4766.95     -6.7822632E-004
          4778.24     -7.1543014E-004
          4789.53     -7.5451627E-004
          4800.82     -7.9557147E-004
          4812.11     -8.3887566E-004
          4823.40     -8.8469711E-004
          4834.69     -9.3311277E-004
          4845.98     -9.8420581E-004
          4857.27     -1.0380656E-003
          4868.55     -1.0947879E-003
          4879.84     -1.1544744E-003
          4891.13     -1.2172333E-003
          4902.42     -1.2831789E-003
          4913.71     -1.3524317E-003
          4925.00     -1.4251188E-003
          4936.29     -1.5013736E-003
          4947.58     -1.5813359E-003
          4958.87     -1.6651520E-003
          4970.16     -1.7529749E-003
          4981.45     -1.8449642E-003
          4992.73     -1.9412864E-003
          5004.02     -2.0421148E-003
          5015.31     -2.1476295E-003
          5026.60     -2.2580181E-003
          5037.89     -2.3734749E-003
          5049.18     -2.4942019E-003
          5060.47     -2.6204082E-003
          5071.76     -2.7523106E-003
          5083.05     -2.8901335E-003
          5094.34     -3.0351020E-003
          5105.62     -3.1883697E-003
          5116.91     -3.3500734E-003
          5128.20     -3.5203689E-003
          5139.49     -3.6994298E-003
          5150.78     -3.8874467E-003
          5162.07     -4.0846274E-003
          5173.36     -4.2911963E-003
          5184.65     -4.5073929E-003
          5195.94     -4.7334727E-003
          5207.23     -4.9697060E-003
          5218.52     -5.2163777E-003
          5229.80     -5.4737872E-003
          5241.09     -5.7422470E-003
          5252.38     -6.0220836E-003
          5263.67     -6.3136367E-003
          5274.96     -6.6172581E-003
          5286.25     -6.9333123E-003
          5297.54     -7.2621759E-003
          5308.83     -7.6042368E-003
          5320.12     -7.9598943E-003
          5331.41     -8.3295575E-003
          5342.70     -8.7136467E-003
          5353.98     -9.1735709E-003
          5365.27     -9.7657122E-003
          5376.56     -1.0483432E-002
          5387.85     -1.1320683E-002
          5399.14     -1.2271971E-002
          5410.43     -1.3332312E-002
          5421.72     -1.4497197E-002
          5433.01     -1.5762555E-002
          5444.30     -1.7124725E-002
          5455.59     -1.8580414E-002
          5466.88     -2.0126682E-002
          5478.16     -2.1760904E-002
          5489.45     -2.3480749E-002
          5500.74     -2.5284154E-002
          5512.03     -2.7169294E-002
          5523.32     -2.9134572E-002
          5534.61     -3.1178588E-002
          5545.90     -3.3300116E-002
          5557.19     -3.5498093E-002
          5568.48     -3.7771590E-002
          5579.77     -4.0119791E-002
          5591.05     -4.2541970E-002
          5602.34     -4.5037483E-002
          5613.63     -4.7605761E-002
          5624.92     -5.0246287E-002
          5636.21     -5.2958571E-002
          5647.50     -5.5742149E-002
          5658.79     -5.8596551E-002
          5670.08     -6.1521290E-002
          5681.37     -6.4515765E-002
          5692.66     -6.7579252E-002
          5703.95     -7.2905538E-002
          5715.23     -8.2420957E-002
          5726.52     -9.5740284E-002
          5737.81     -1.1249905E-001
          5749.10     -1.3235165E-001
          5760.39     -1.5496955E-001
          5771.68     -1.8003960E-001
          5782.97     -2.0726243E-001
          5794.26     -2.3635156E-001
          5805.55     -2.6703071E-001
          5816.84     -2.9903043E-001
          5828.12     -3.3208680E-001
          5839.41     -3.6593988E-001
          5850.70     -4.0033243E-001
          5861.99     -4.3500857E-001
          5873.28     -4.6971240E-001
          5884.57     -5.0418687E-001
          5895.86     -5.3817241E-001
          5907.15     -5.7140562E-001
          5918.44     -6.0361785E-001
          5929.73     -6.3453442E-001
          5941.02     -6.6387419E-001
          5952.30     -6.9134840E-001
          5963.59     -7.1665940E-001
          5974.88     -7.4004830E-001
          5986.17     -7.6204013E-001
          5997.46     -7.8274812E-001
          6008.75     -8.0227578E-001
          6020.04     -8.2071732E-001
          6031.33     -8.3815826E-001
          6042.62     -8.5467588E-001
          6053.91     -8.7033937E-001
          6065.20     -8.8521022E-001
          6076.48     -8.9934249E-001
          6087.77     -9.1278306E-001
          6099.06     -9.2557192E-001
          6110.35     -9.3774217E-001
          6121.64     -9.4932026E-001
          6132.93     -9.6032598E-001
          6144.22     -9.7077259E-001
          6155.51     -9.8066715E-001
          6166.80     -9.8993120E-001
          6178.09     -9.9848313E-001
          6189.38     -1.0063156E+000
          6200.66     -1.0134145E+000
          6211.95     -1.0197583E+000
          6223.24     -1.0253187E+000
          6234.53     -1.0300602E+000
          6245.82     -1.0339398E+000
          6257.11     -1.0369073E+000
          6268.40     -1.0389049E+000
          6279.69     -1.0398669E+000
          6290.98     -1.0397200E+000
          6302.27     -1.0383823E+000
          6313.55     -1.0357637E+000
          6324.84     -1.0317653E+000
          6336.13     -1.0262792E+000
          6347.42     -1.0191880E+000
          6358.71     -1.0103648E+000
          6370.00     -9.9967245E-001
