          3480.00      0.0000000E+000
          3491.29     -1.2459414E-001
          3502.58     -1.2773247E-001
          3513.87     -1.3056705E-001
          3525.16     -1.3309133E-001
          3536.45     -1.3530007E-001
          3547.73     -1.3718940E-001
          3559.02     -1.3875684E-001
          3570.31     -1.4000129E-001
          3581.60     -1.4092306E-001
          3592.89     -1.4176688E-001
          3604.18     -1.4270908E-001
          3615.47     -1.4367369E-001
          3626.76     -1.4460755E-001
          3638.05     -1.4547288E-001
          3649.34     -1.4624221E-001
          3660.62     -1.4689536E-001
          3671.91     -1.4741744E-001
          3683.20     -1.4779759E-001
          3694.49     -1.4802808E-001
          3705.78     -1.4810371E-001
          3717.07     -1.4802135E-001
          3728.36     -1.4788937E-001
          3739.65     -1.4779912E-001
          3750.94     -1.4772626E-001
          3762.23     -1.4764917E-001
          3773.52     -1.4755018E-001
          3784.80     -1.4741487E-001
          3796.09     -1.4735473E-001
          3807.38     -1.4746686E-001
          3818.67     -1.4772016E-001
          3829.96     -1.4808566E-001
          3841.25     -1.4853872E-001
          3852.54     -1.4905821E-001
          3863.83     -1.4962582E-001
          3875.12     -1.5022566E-001
          3886.41     -1.5084379E-001
          3897.70     -1.5146799E-001
          3908.98     -1.5208750E-001
          3920.27     -1.5269283E-001
          3931.56     -1.5327563E-001
          3942.85     -1.5382856E-001
          3954.14     -1.5434517E-001
          3965.43     -1.5481984E-001
          3976.72     -1.5524768E-001
          3988.01     -1.5562451E-001
          3999.30     -1.5594680E-001
          4010.59     -1.5631737E-001
          4021.88     -1.5683393E-001
          4033.16     -1.5748332E-001
          4044.45     -1.5824738E-001
          4055.74     -1.5910995E-001
          4067.03     -1.6005659E-001
          4078.32     -1.6107431E-001
          4089.61     -1.6215130E-001
          4100.90     -1.6327685E-001
          4112.19     -1.6444114E-001
          4123.48     -1.6563517E-001
          4134.77     -1.6685065E-001
          4146.05     -1.6816925E-001
          4157.34     -1.6967606E-001
          4168.63     -1.7136433E-001
          4179.92     -1.7321925E-001
          4191.21     -1.7522757E-001
          4202.50     -1.7737741E-001
          4213.79     -1.7965800E-001
          4225.08     -1.8205947E-001
          4236.37     -1.8457277E-001
          4247.66     -1.8718946E-001
          4258.95     -1.8990167E-001
          4270.23     -1.9270199E-001
          4281.52     -1.9568973E-001
          4292.81     -1.9897483E-001
          4304.10     -2.0256152E-001
          4315.39     -2.0644369E-001
          4326.68     -2.1061711E-001
          4337.97     -2.1507920E-001
          4349.26     -2.1982887E-001
          4360.55     -2.2486636E-001
          4371.84     -2.3019313E-001
          4383.12     -2.3581177E-001
          4394.41     -2.4172595E-001
          4405.70     -2.4794038E-001
          4416.99     -2.5452753E-001
          4428.28     -2.6158002E-001
          4439.57     -2.6912953E-001
          4450.86     -2.7719695E-001
          4462.15     -2.8580652E-001
          4473.44     -2.9498614E-001
          4484.73     -3.0476754E-001
          4496.02     -3.1518670E-001
          4507.30     -3.2628428E-001
          4518.59     -3.3810606E-001
          4529.88     -3.5070363E-001
          4541.17     -3.6413511E-001
          4552.46     -3.7846597E-001
          4563.75     -3.9376718E-001
          4575.04     -4.1011731E-001
          4586.33     -4.2760832E-001
          4597.62     -4.4634624E-001
          4608.91     -4.6645179E-001
          4620.20     -4.8806305E-001
          4631.48     -5.1133850E-001
          4642.77     -5.3646080E-001
          4654.06     -5.6364159E-001
          4665.35     -5.9312729E-001
          4676.64     -6.2520651E-001
          4687.93     -6.6021941E-001
          4699.22     -6.9804498E-001
          4710.51     -7.3778423E-001
          4721.80     -7.7880526E-001
          4733.09     -8.2104989E-001
          4744.38     -8.6444884E-001
          4755.66     -9.0892164E-001
          4766.95     -9.5437704E-001
          4778.24     -1.0007135E+000
          4789.53     -1.0478197E+000
          4800.82     -1.0955760E+000
          4812.11     -1.1438552E+000
          4823.40     -1.1925239E+000
          4834.69     -1.2405229E+000
          4845.98     -1.2856620E+000
          4857.27     -1.3264842E+000
          4868.55     -1.3625259E+000
          4879.84     -1.3934470E+000
          4891.13     -1.4190414E+000
          4902.42     -1.4392385E+000
          4913.71     -1.4540974E+000
          4925.00     -1.4637936E+000
          4936.29     -1.4676326E+000
          4947.58     -1.4639899E+000
          4958.87     -1.4525678E+000
          4970.16     -1.4344252E+000
          4981.45     -1.4106877E+000
          4992.73     -1.3824760E+000
          5004.02     -1.3508500E+000
          5015.31     -1.3167720E+000
          5026.60     -1.2810853E+000
          5037.89     -1.2445071E+000
          5049.18     -1.2076303E+000
          5060.47     -1.1709321E+000
          5071.76     -1.1339955E+000
          5083.05     -1.0953714E+000
          5094.34     -1.0548919E+000
          5105.62     -1.0136438E+000
          5116.91     -9.7248392E-001
          5128.20     -9.3205999E-001
          5139.49     -8.9283986E-001
          5150.78     -8.5514341E-001
          5162.07     -8.1917263E-001
          5173.36     -7.8503863E-001
          5184.65     -7.5278450E-001
          5195.94     -7.2240360E-001
          5207.23     -6.9385434E-001
          5218.52     -6.6675227E-001
          5229.80     -6.4011355E-001
          5241.09     -6.1359360E-001
          5252.38     -5.8759918E-001
          5263.67     -5.6242186E-001
          5274.96     -5.3825898E-001
          5286.25     -5.1523317E-001
          5297.54     -4.9340984E-001
          5308.83     -4.7281165E-001
          5320.12     -4.5343034E-001
          5331.41     -4.3523605E-001
          5342.70     -4.1818435E-001
          5353.98     -4.0205127E-001
          5365.27     -3.8609994E-001
          5376.56     -3.7001406E-001
          5387.85     -3.5409807E-001
          5399.14     -3.3857655E-001
          5410.43     -3.2360704E-001
          5421.72     -3.0929307E-001
          5433.01     -2.9569594E-001
          5444.30     -2.8284500E-001
          5455.59     -2.7074615E-001
          5466.88     -2.5938848E-001
          5478.16     -2.4874960E-001
          5489.45     -2.3879958E-001
          5500.74     -2.2950398E-001
          5512.03     -2.2082601E-001
          5523.32     -2.1272809E-001
          5534.61     -2.0517295E-001
          5545.90     -1.9808140E-001
          5557.19     -1.9113864E-001
          5568.48     -1.8417242E-001
          5579.77     -1.7728786E-001
          5591.05     -1.7056437E-001
          5602.34     -1.6405964E-001
          5613.63     -1.5781350E-001
          5624.92     -1.5185154E-001
          5636.21     -1.4618821E-001
          5647.50     -1.4082948E-001
          5658.79     -1.3577497E-001
          5670.08     -1.3101970E-001
          5681.37     -1.2655570E-001
          5692.66     -1.2230351E-001
          5703.95     -1.1554290E-001
          5715.23     -1.0506443E-001
          5726.52     -9.2921779E-002
          5737.81     -8.0639788E-002
          5749.10     -6.9118683E-002
          5760.39     -5.8782418E-002
          5771.68     -4.9928528E-002
          5782.97     -4.2669343E-002
          5794.26     -3.6752537E-002
          5805.55     -3.1843234E-002
          5816.84     -2.7709513E-002
          5828.12     -2.4185649E-002
          5839.41     -2.1150086E-002
          5850.70     -1.8511636E-002
          5861.99     -1.6200558E-002
          5873.28     -1.4162609E-002
          5884.57     -1.2354534E-002
          5895.86     -1.0735742E-002
          5907.15     -9.2754955E-003
          5918.44     -7.9547150E-003
          5929.73     -6.7573282E-003
          5941.02     -5.6696847E-003
          5952.30     -4.6801208E-003
          5963.59     -3.7784292E-003
          5974.88     -2.9522348E-003
          5986.17     -2.1920364E-003
          5997.46     -1.4932909E-003
          6008.75     -8.5185518E-004
          6020.04     -2.6395899E-004
          6031.33      2.7384030E-004
          6042.62      7.6467861E-004
          6053.91      1.2113903E-003
          6065.20      1.6165752E-003
          6076.48      1.9837055E-003
          6087.77      2.3152967E-003
          6099.06      2.6122981E-003
          6110.35      2.8756030E-003
          6121.64      3.1060364E-003
          6132.93      3.3043362E-003
          6144.22      3.4711514E-003
          6155.51      3.6066219E-003
          6166.80      3.7104337E-003
          6178.09      3.7824747E-003
          6189.38      3.8225837E-003
          6200.66      3.8305182E-003
          6211.95      3.8059345E-003
          6223.24      3.7483602E-003
          6234.53      3.6552322E-003
          6245.82      3.5235429E-003
          6257.11      3.3519016E-003
          6268.40      3.1386943E-003
          6279.69      2.8821439E-003
          6290.98      2.5932031E-003
          6302.27      2.2840289E-003
          6313.55      1.9544381E-003
          6324.84      1.6041786E-003
          6336.13      1.2329283E-003
          6347.42      8.4029647E-004
          6358.71      4.2849547E-004
          6370.00      0.0000000E+000
