          3480.00      0.0000000E+000
          3491.29     -8.9033100E-002
          3502.58     -9.1499387E-002
          3513.87     -9.3877952E-002
          3525.16     -9.6188541E-002
          3536.45     -9.8449981E-002
          3547.73     -1.0068052E-001
          3559.02     -1.0289813E-001
          3570.31     -1.0512089E-001
          3581.60     -1.0736728E-001
          3592.89     -1.0976576E-001
          3604.18     -1.1239447E-001
          3615.47     -1.1521422E-001
          3626.76     -1.1820137E-001
          3638.05     -1.2134269E-001
          3649.34     -1.2463216E-001
          3660.62     -1.2806916E-001
          3671.91     -1.3165736E-001
          3683.20     -1.3540412E-001
          3694.49     -1.3932013E-001
          3705.78     -1.4341936E-001
          3717.07     -1.4771902E-001
          3728.36     -1.5231256E-001
          3739.65     -1.5728487E-001
          3750.94     -1.6264794E-001
          3762.23     -1.6841986E-001
          3773.52     -1.7462639E-001
          3784.80     -1.8130133E-001
          3796.09     -1.8857225E-001
          3807.38     -1.9656780E-001
          3818.67     -2.0533995E-001
          3829.96     -2.1495459E-001
          3841.25     -2.2549594E-001
          3852.54     -2.3706963E-001
          3863.83     -2.4980709E-001
          3875.12     -2.6387164E-001
          3886.41     -2.7946658E-001
          3897.70     -2.9684652E-001
          3908.98     -3.1633284E-001
          3920.27     -3.3833544E-001
          3931.56     -3.6338409E-001
          3942.85     -3.9217397E-001
          3954.14     -4.2563432E-001
          3965.43     -4.6503441E-001
          3976.72     -5.1215304E-001
          3988.01     -5.6956146E-001
          3999.30     -6.4111792E-001
          4010.59     -7.3059485E-001
          4021.88     -8.4305979E-001
          4033.16     -9.8926567E-001
          4044.45     -1.1883175E+000
          4055.74     -1.4769732E+000
          4067.03     -1.9361184E+000
          4078.32     -2.7853537E+000
          4089.61     -4.9034836E+000
          4100.90     -1.9741195E+001
          4112.19     -9.8694327E+000
          4123.48     -3.9616100E+000
          4134.77     -2.4813733E+000
          4146.05     -1.8332060E+000
          4157.34     -1.4850878E+000
          4168.63     -1.2677446E+000
          4179.92     -1.1178744E+000
          4191.21     -1.0071574E+000
          4202.50     -9.2106829E-001
          4213.79     -8.5142574E-001
          4225.08     -7.9329840E-001
          4236.37     -7.4355802E-001
          4247.66     -7.0013930E-001
          4258.95     -6.6163335E-001
          4270.23     -6.2705200E-001
          4281.52     -5.9997280E-001
          4292.81     -5.8227714E-001
          4304.10     -5.7136907E-001
          4315.39     -5.6513830E-001
          4326.68     -5.6215327E-001
          4337.97     -5.6139213E-001
          4349.26     -5.6209519E-001
          4360.55     -5.6368033E-001
          4371.84     -5.6569267E-001
          4383.12     -5.6777382E-001
          4394.41     -5.6964246E-001
          4405.70     -5.7108123E-001
          4416.99     -5.7416356E-001
          4428.28     -5.8096263E-001
          4439.57     -5.9114521E-001
          4450.86     -6.0404334E-001
          4462.15     -6.1913357E-001
          4473.44     -6.3598522E-001
          4484.73     -6.5422823E-001
          4496.02     -6.7353288E-001
          4507.30     -6.9359742E-001
          4518.59     -7.1414058E-001
          4529.88     -7.3489788E-001
          4541.17     -7.5562011E-001
          4552.46     -7.7607349E-001
          4563.75     -7.9594404E-001
          4575.04     -8.1489861E-001
          4586.33     -8.3273378E-001
          4597.62     -8.4932157E-001
          4608.91     -8.6455938E-001
          4620.20     -8.7837047E-001
          4631.48     -8.9070366E-001
          4642.77     -9.0153224E-001
          4654.06     -9.1085234E-001
          4665.35     -9.1868078E-001
          4676.64     -9.2505247E-001
          4687.93     -9.3001773E-001
          4699.22     -9.2509134E-001
          4710.51     -8.9572137E-001
          4721.80     -8.4320225E-001
          4733.09     -7.7972766E-001
          4744.38     -7.1414542E-001
          4755.66     -6.5166024E-001
          4766.95     -5.9474620E-001
          4778.24     -5.4419318E-001
          4789.53     -4.9988934E-001
          4800.82     -4.6130717E-001
          4812.11     -4.2777377E-001
          4823.40     -3.9860759E-001
          4834.69     -3.7238165E-001
          4845.98     -3.4762378E-001
          4857.27     -3.2426068E-001
          4868.55     -3.0275794E-001
          4879.84     -2.8326879E-001
          4891.13     -2.6576560E-001
          4902.42     -2.5012589E-001
          4913.71     -2.3618484E-001
          4925.00     -2.2376542E-001
          4936.29     -2.1246340E-001
          4947.58     -2.0177617E-001
          4958.87     -1.9161410E-001
          4970.16     -1.8211710E-001
          4981.45     -1.7334409E-001
          4992.73     -1.6530238E-001
          5004.02     -1.5796818E-001
          5015.31     -1.5130032E-001
          5026.60     -1.4524921E-001
          5037.89     -1.3976243E-001
          5049.18     -1.3478812E-001
          5060.47     -1.3027687E-001
          5071.76     -1.2603581E-001
          5083.05     -1.2171399E-001
          5094.34     -1.1723853E-001
          5105.62     -1.1277308E-001
          5116.91     -1.0842930E-001
          5128.20     -1.0427890E-001
          5139.49     -1.0036409E-001
          5150.78     -9.6706106E-002
          5162.07     -9.3311729E-002
          5173.36     -9.0178136E-002
          5184.65     -8.7296385E-002
          5195.94     -8.4653855E-002
          5207.23     -8.2235954E-002
          5218.52     -7.9939917E-002
          5229.80     -7.7498559E-002
          5241.09     -7.4831797E-002
          5252.38     -7.2073301E-002
          5263.67     -6.9320490E-002
          5274.96     -6.6641121E-002
          5286.25     -6.4079853E-002
          5297.54     -6.1664061E-002
          5308.83     -5.9408583E-002
          5320.12     -5.7319418E-002
          5331.41     -5.5396531E-002
          5342.70     -5.3635894E-002
          5353.98     -5.1963694E-002
          5365.27     -5.0100111E-002
          5376.56     -4.7945077E-002
          5387.85     -4.5650692E-002
          5399.14     -4.3329107E-002
          5410.43     -4.1058614E-002
          5421.72     -3.8890818E-002
          5433.01     -3.6857346E-002
          5444.30     -3.4975474E-002
          5455.59     -3.3252539E-002
          5466.88     -3.1689217E-002
          5478.16     -3.0281915E-002
          5489.45     -2.9024447E-002
          5500.74     -2.7909194E-002
          5512.03     -2.6927890E-002
          5523.32     -2.6072124E-002
          5534.61     -2.5333677E-002
          5545.90     -2.4678336E-002
          5557.19     -2.3922044E-002
          5568.48     -2.2975689E-002
          5579.77     -2.1927188E-002
          5591.05     -2.0844324E-002
          5602.34     -1.9777114E-002
          5613.63     -1.8760999E-002
          5624.92     -1.7820065E-002
          5636.21     -1.6969892E-002
          5647.50     -1.6219888E-002
          5658.79     -1.5575134E-002
          5670.08     -1.5037774E-002
          5681.37     -1.4608135E-002
          5692.66     -1.4235165E-002
          5703.95     -1.2004493E-002
          5715.23     -7.4567795E-003
          5726.52     -2.3796069E-003
          5737.81      2.2596396E-003
          5749.10      6.1294731E-003
          5760.39      9.2073636E-003
          5771.68      1.1560064E-002
          5782.97      1.3317094E-002
          5794.26      1.4641403E-002
          5805.55      1.5655043E-002
          5816.84      1.6437665E-002
          5828.12      1.7043458E-002
          5839.41      1.7510568E-002
          5850.70      1.7866623E-002
          5861.99      1.8132116E-002
          5873.28      1.8322565E-002
          5884.57      1.8450722E-002
          5895.86      1.8539042E-002
          5907.15      1.8602898E-002
          5918.44      1.8642607E-002
          5929.73      1.8658557E-002
          5941.02      1.8651178E-002
          5952.30      1.8620915E-002
          5963.59      1.8568817E-002
          5974.88      1.8508398E-002
          5986.17      1.8448741E-002
          5997.46      1.8385077E-002
          6008.75      1.8313451E-002
          6020.04      1.8230592E-002
          6031.33      1.8133801E-002
          6042.62      1.8020836E-002
          6053.91      1.7889796E-002
          6065.20      1.7739327E-002
          6076.48      1.7578043E-002
          6087.77      1.7411535E-002
          6099.06      1.7234690E-002
          6110.35      1.7043025E-002
          6121.64      1.6832573E-002
          6132.93      1.6599754E-002
          6144.22      1.6341374E-002
          6155.51      1.6060748E-002
          6166.80      1.5759155E-002
          6178.09      1.5430898E-002
          6189.38      1.5070594E-002
          6200.66      1.4673007E-002
          6211.95      1.4232882E-002
          6223.24      1.3744819E-002
          6234.53      1.3205621E-002
          6245.82      1.2609905E-002
          6257.11      1.1948309E-002
          6268.40      1.1210617E-002
          6279.69      1.0385399E-002
          6290.98      9.4661824E-003
          6302.27      8.4522232E-003
          6313.55      7.3385582E-003
          6324.84      6.1188106E-003
          6336.13      4.7850575E-003
          6347.42      3.3276468E-003
          6358.71      1.7362418E-003
          6370.00      0.0000000E+000
