          3480.00      0.0000000E+000
          3491.29     -1.6733464E-001
          3502.58     -1.7121039E-001
          3513.87     -1.7511667E-001
          3525.16     -1.7908903E-001
          3536.45     -1.8316365E-001
          3547.73     -1.8737828E-001
          3559.02     -1.9177330E-001
          3570.31     -1.9639285E-001
          3581.60     -2.0128617E-001
          3592.89     -2.0649005E-001
          3604.18     -2.1200405E-001
          3615.47     -2.1783618E-001
          3626.76     -2.2400500E-001
          3638.05     -2.3053775E-001
          3649.34     -2.3746962E-001
          3660.62     -2.4484372E-001
          3671.91     -2.5271169E-001
          3683.20     -2.6113468E-001
          3694.49     -2.7018487E-001
          3705.78     -2.7994754E-001
          3717.07     -2.9052380E-001
          3728.36     -3.0195815E-001
          3739.65     -3.1428957E-001
          3750.94     -3.2763998E-001
          3762.23     -3.4215592E-001
          3773.52     -3.5801274E-001
          3784.80     -3.7542194E-001
          3796.09     -3.9439258E-001
          3807.38     -4.1490642E-001
          3818.67     -4.3719883E-001
          3829.96     -4.6156021E-001
          3841.25     -4.8834275E-001
          3852.54     -5.1797816E-001
          3863.83     -5.5100191E-001
          3875.12     -5.8808691E-001
          3886.41     -6.3009093E-001
          3897.70     -6.7812560E-001
          3908.98     -7.3365827E-001
          3920.27     -7.9866703E-001
          3931.56     -8.7588530E-001
          3942.85     -9.6920086E-001
          3954.14     -1.0843383E+000
          3965.43     -1.2300901E+000
          3976.72     -1.4206910E+000
          3988.01     -1.6808016E+000
          3999.30     -2.0571956E+000
          4010.59     -2.6277460E+000
          4021.88     -3.5566032E+000
          4033.16     -5.3412964E+000
          4044.45     -1.0218609E+001
          4055.74     -8.1020250E+001
          4067.03     -1.4289330E+001
          4078.32     -6.6810416E+000
          4089.61     -4.4008240E+000
          4100.90     -3.2996520E+000
          4112.19     -2.6487491E+000
          4123.48     -2.2174644E+000
          4134.77     -1.9097959E+000
          4146.05     -1.6894360E+000
          4157.34     -1.5323632E+000
          4168.63     -1.4154191E+000
          4179.92     -1.3247842E+000
          4191.21     -1.2521751E+000
          4202.50     -1.1923290E+000
          4213.79     -1.1417496E+000
          4225.08     -1.0980323E+000
          4236.37     -1.0594783E+000
          4247.66     -1.0248630E+000
          4258.95     -9.9329063E-001
          4270.23     -9.6409890E-001
          4281.52     -9.4094491E-001
          4292.81     -9.2656538E-001
          4304.10     -9.1929634E-001
          4315.39     -9.1755599E-001
          4326.68     -9.2019180E-001
          4337.97     -9.2633102E-001
          4349.26     -9.3528820E-001
          4360.55     -9.4650603E-001
          4371.84     -9.5951643E-001
          4383.12     -9.7391489E-001
          4394.41     -9.8934325E-001
          4405.70     -1.0054782E+000
          4416.99     -1.0245219E+000
          4428.28     -1.0491121E+000
          4439.57     -1.0794319E+000
          4450.86     -1.1152582E+000
          4462.15     -1.1564954E+000
          4473.44     -1.2031478E+000
          4484.73     -1.2553029E+000
          4496.02     -1.3131187E+000
          4507.30     -1.3768169E+000
          4518.59     -1.4466778E+000
          4529.88     -1.5230381E+000
          4541.17     -1.6062906E+000
          4552.46     -1.6968839E+000
          4563.75     -1.7951562E+000
          4575.04     -1.9013732E+000
          4586.33     -2.0159784E+000
          4597.62     -2.1395396E+000
          4608.91     -2.2726689E+000
          4620.20     -2.4160248E+000
          4631.48     -2.5703122E+000
          4642.77     -2.7362827E+000
          4654.06     -2.9147355E+000
          4665.35     -3.1065158E+000
          4676.64     -3.3125140E+000
          4687.93     -3.5336631E+000
          4699.22     -3.7240879E+000
          4710.51     -3.7747806E+000
          4721.80     -3.6465110E+000
          4733.09     -3.3950240E+000
          4744.38     -3.0845956E+000
          4755.66     -2.7645661E+000
          4766.95     -2.4637629E+000
          4778.24     -2.1949452E+000
          4789.53     -1.9611638E+000
          4800.82     -1.7606025E+000
          4812.11     -1.5894856E+000
          4823.40     -1.4435859E+000
          4834.69     -1.3156339E+000
          4845.98     -1.1988345E+000
          4857.27     -1.0923620E+000
          4868.55     -9.9730805E-001
          4879.84     -9.1343980E-001
          4891.13     -8.3987898E-001
          4902.42     -7.7550068E-001
          4913.71     -7.1914775E-001
          4925.00     -6.6973490E-001
          4936.29     -6.2568502E-001
          4947.58     -5.8531322E-001
          4958.87     -5.4809908E-001
          4970.16     -5.1413028E-001
          4981.45     -4.8331263E-001
          4992.73     -4.5545241E-001
          5004.02     -4.3030938E-001
          5015.31     -4.0762900E-001
          5026.60     -3.8716138E-001
          5037.89     -3.6867142E-001
          5049.18     -3.5194357E-001
          5060.47     -3.3678353E-001
          5071.76     -3.2275866E-001
          5083.05     -3.0918184E-001
          5094.34     -2.9586382E-001
          5105.62     -2.8302837E-001
          5116.91     -2.7081502E-001
          5128.20     -2.5930094E-001
          5139.49     -2.4851883E-001
          5150.78     -2.3847081E-001
          5162.07     -2.2913877E-001
          5173.36     -2.2049195E-001
          5184.65     -2.1249229E-001
          5195.94     -2.0509811E-001
          5207.23     -1.9826664E-001
          5218.52     -1.9183356E-001
          5229.80     -1.8540799E-001
          5241.09     -1.7885435E-001
          5252.38     -1.7233333E-001
          5263.67     -1.6596087E-001
          5274.96     -1.5981678E-001
          5286.25     -1.5395257E-001
          5297.54     -1.4839839E-001
          5308.83     -1.4316866E-001
          5320.12     -1.3826649E-001
          5331.41     -1.3368714E-001
          5342.70     -1.2942063E-001
          5353.98     -1.2536978E-001
          5365.27     -1.2118031E-001
          5376.56     -1.1670974E-001
          5387.85     -1.1212764E-001
          5399.14     -1.0756165E-001
          5410.43     -1.0310361E-001
          5421.72     -9.8816414E-002
          5433.01     -9.4740415E-002
          5444.30     -9.0899020E-002
          5455.59     -8.7303276E-002
          5466.88     -8.3955445E-002
          5478.16     -8.0851766E-002
          5489.45     -7.7984503E-002
          5500.74     -7.5343450E-002
          5512.03     -7.2917014E-002
          5523.32     -7.0692961E-002
          5534.61     -6.8658950E-002
          5545.90     -6.6774097E-002
          5557.19     -6.4835388E-002
          5568.48     -6.2737813E-002
          5579.77     -6.0566617E-002
          5591.05     -5.8388100E-002
          5602.34     -5.6252032E-002
          5613.63     -5.4194444E-002
          5624.92     -5.2240377E-002
          5636.21     -5.0406324E-002
          5647.50     -4.8702300E-002
          5658.79     -4.7133533E-002
          5670.08     -4.5701798E-002
          5681.37     -4.4406577E-002
          5692.66     -4.3193624E-002
          5703.95     -4.0046148E-002
          5715.23     -3.4250980E-002
          5726.52     -2.7514608E-002
          5737.81     -2.0947091E-002
          5749.10     -1.5079095E-002
          5760.39     -1.0078735E-002
          5771.68     -5.9951227E-003
          5782.97     -2.7689681E-003
          5794.26     -2.1502480E-004
          5805.55      1.8448492E-003
          5816.84      3.5307065E-003
          5828.12      4.9264054E-003
          5839.41      6.0922850E-003
          5850.70      7.0728673E-003
          5861.99      7.9017178E-003
          5873.28      8.6046139E-003
          5884.57      9.2022635E-003
          5895.86      9.7199769E-003
          5907.15      1.0175637E-002
          5918.44      1.0574925E-002
          5929.73      1.0922753E-002
          5941.02      1.1223390E-002
          5952.30      1.1480559E-002
          5963.59      1.1697896E-002
          5974.88      1.1886388E-002
          5986.17      1.2053639E-002
          5997.46      1.2198333E-002
          6008.75      1.2319525E-002
          6020.04      1.2416554E-002
          6031.33      1.2488983E-002
          6042.62      1.2536527E-002
          6053.91      1.2558995E-002
          6065.20      1.2556400E-002
          6076.48      1.2533909E-002
          6087.77      1.2494884E-002
          6099.06      1.2436947E-002
          6110.35      1.2358001E-002
          6121.64      1.2256164E-002
          6132.93      1.2129692E-002
          6144.22      1.1976984E-002
          6155.51      1.1799070E-002
          6166.80      1.1595866E-002
          6178.09      1.1364285E-002
          6189.38      1.1101333E-002
          6200.66      1.0804011E-002
          6211.95      1.0469236E-002
          6223.24      1.0093773E-002
          6234.53      9.6739637E-003
          6245.82      9.2048991E-003
          6257.11      8.6809814E-003
          6268.40      8.0960627E-003
          6279.69      7.4433494E-003
          6290.98      6.7271373E-003
          6302.27      5.9552892E-003
          6313.55      5.1254217E-003
          6324.84      4.2346714E-003
          6336.13      3.2796559E-003
          6347.42      2.2564311E-003
          6358.71      1.1635465E-003
          6370.00      0.0000000E+000
