          3480.00      2.8581216E-027
          3491.29      5.3813044E-008
          3502.58      1.1102471E-007
          3513.87      1.7140008E-007
          3525.16      2.3473596E-007
          3536.45      3.0085643E-007
          3547.73      3.6960815E-007
          3559.02      4.4085591E-007
          3570.31      5.1447905E-007
          3581.60      5.9036737E-007
          3592.89      6.6882094E-007
          3604.18      7.5040180E-007
          3615.47      8.3540569E-007
          3626.76      9.2413789E-007
          3638.05      1.0169148E-006
          3649.34      1.1140644E-006
          3660.62      1.2159276E-006
          3671.91      1.3228583E-006
          3683.20      1.4352248E-006
          3694.49      1.5534103E-006
          3705.78      1.6778132E-006
          3717.07      1.8088490E-006
          3728.36      1.9469371E-006
          3739.65      2.0926018E-006
          3750.94      2.2464448E-006
          3762.23      2.4090906E-006
          3773.52      2.5811868E-006
          3784.80      2.7634064E-006
          3796.09      2.9564314E-006
          3807.38      3.1610625E-006
          3818.67      3.3781979E-006
          3829.96      3.6087720E-006
          3841.25      3.8537589E-006
          3852.54      4.1141750E-006
          3863.83      4.3910832E-006
          3875.12      4.6855962E-006
          3886.41      4.9988800E-006
          3897.70      5.3321589E-006
          3908.98      5.6867187E-006
          3920.27      6.0639100E-006
          3931.56      6.4651544E-006
          3942.85      6.8919469E-006
          3954.14      7.3458614E-006
          3965.43      7.8285555E-006
          3976.72      8.3417732E-006
          3988.01      8.8873526E-006
          3999.30      9.4672302E-006
          4010.59      1.0085203E-005
          4021.88      1.0745331E-005
          4033.16      1.1450056E-005
          4044.45      1.2201835E-005
          4055.74      1.3003281E-005
          4067.03      1.3857178E-005
          4078.32      1.4766480E-005
          4089.61      1.5734327E-005
          4100.90      1.6764044E-005
          4112.19      1.7859159E-005
          4123.48      1.9023405E-005
          4134.77      2.0260732E-005
          4146.05      2.1581208E-005
          4157.34      2.2995724E-005
          4168.63      2.4509522E-005
          4179.92      2.6127466E-005
          4191.21      2.7854792E-005
          4202.50      2.9697127E-005
          4213.79      3.1660502E-005
          4225.08      3.3751364E-005
          4236.37      3.5976593E-005
          4247.66      3.8343510E-005
          4258.95      4.0859911E-005
          4270.23      4.3534079E-005
          4281.52      4.6392824E-005
          4292.81      4.9465426E-005
          4304.10      5.2763557E-005
          4315.39      5.6297244E-005
          4326.68      6.0077417E-005
          4337.97      6.4115921E-005
          4349.26      6.8425557E-005
          4360.55      7.3020106E-005
          4371.84      7.7914346E-005
          4383.12      8.3124108E-005
          4394.41      8.8666305E-005
          4405.70      9.4558973E-005
          4416.99      1.0084328E-004
          4428.28      1.0756609E-004
          4439.57      1.1475342E-004
          4450.86      1.2242780E-004
          4462.15      1.3061351E-004
          4473.44      1.3933666E-004
          4484.73      1.4862524E-004
          4496.02      1.5850917E-004
          4507.30      1.6902041E-004
          4518.59      1.8019299E-004
          4529.88      1.9206315E-004
          4541.17      2.0466942E-004
          4552.46      2.1805268E-004
          4563.75      2.3225517E-004
          4575.04      2.4732118E-004
          4586.33      2.6329891E-004
          4597.62      2.8024000E-004
          4608.91      2.9819901E-004
          4620.20      3.1723366E-004
          4631.48      3.3740495E-004
          4642.77      3.5877723E-004
          4654.06      3.8141852E-004
          4665.35      4.0540059E-004
          4676.64      4.3079917E-004
          4687.93      4.5769418E-004
          4699.22      4.8601221E-004
          4710.51      5.1550133E-004
          4721.80      5.4608416E-004
          4733.09      5.7788019E-004
          4744.38      6.1101026E-004
          4755.66      6.4559682E-004
          4766.95      6.8176442E-004
          4778.24      7.1964013E-004
          4789.53      7.5935388E-004
          4800.82      8.0103903E-004
          4812.11      8.4483268E-004
          4823.40      8.9087598E-004
          4834.69      9.3914817E-004
          4845.98      9.8947313E-004
          4857.27      1.0418646E-003
          4868.55      1.0965180E-003
          4879.84      1.1536313E-003
          4891.13      1.2134059E-003
          4902.42      1.2760472E-003
          4913.71      1.3417651E-003
          4925.00      1.4107750E-003
          4936.29      1.4830810E-003
          4947.58      1.5584401E-003
          4958.87      1.6368631E-003
          4970.16      1.7186460E-003
          4981.45      1.8040884E-003
          4992.73      1.8934949E-003
          5004.02      1.9871750E-003
          5015.31      2.0854454E-003
          5026.60      2.1886303E-003
          5037.89      2.2970622E-003
          5049.18      2.4110836E-003
          5060.47      2.5310469E-003
          5071.76      2.6566886E-003
          5083.05      2.7867043E-003
          5094.34      2.9205382E-003
          5105.62      3.0587825E-003
          5116.91      3.2020277E-003
          5128.20      3.3508655E-003
          5139.49      3.5058911E-003
          5150.78      3.6677042E-003
          5162.07      3.8369125E-003
          5173.36      4.0141330E-003
          5184.65      4.1999933E-003
          5195.94      4.3951351E-003
          5207.23      4.6002150E-003
          5218.52      4.8144399E-003
          5229.80      5.0334283E-003
          5241.09      5.2546493E-003
          5252.38      5.4794404E-003
          5263.67      5.7091172E-003
          5274.96      5.9449778E-003
          5286.25      6.1883096E-003
          5297.54      6.4403938E-003
          5308.83      6.7025099E-003
          5320.12      6.9759415E-003
          5331.41      7.2619797E-003
          5342.70      7.5619292E-003
          5353.98      7.8734399E-003
          5365.27      8.1805521E-003
          5376.56      8.4724851E-003
          5387.85      8.7530023E-003
          5399.14      9.0257521E-003
          5410.43      9.2942854E-003
          5421.72      9.5620706E-003
          5433.01      9.8325113E-003
          5444.30      1.0108961E-002
          5455.59      1.0394736E-002
          5466.88      1.0693135E-002
          5478.16      1.1007447E-002
          5489.45      1.1340970E-002
          5500.74      1.1697021E-002
          5512.03      1.2078951E-002
          5523.32      1.2490160E-002
          5534.61      1.2934109E-002
          5545.90      1.3407239E-002
          5557.19      1.3860515E-002
          5568.48      1.4258088E-002
          5579.77      1.4613101E-002
          5591.05      1.4938413E-002
          5602.34      1.5246647E-002
          5613.63      1.5550244E-002
          5624.92      1.5861520E-002
          5636.21      1.6192716E-002
          5647.50      1.6556057E-002
          5658.79      1.6963798E-002
          5670.08      1.7428279E-002
          5681.37      1.7962039E-002
          5692.66      1.8540390E-002
          5703.95      1.7592159E-002
          5715.23      1.3917456E-002
          5726.52      8.0233776E-003
          5737.81      4.0252991E-004
          5749.10     -8.4648459E-003
          5760.39     -1.8101937E-002
          5771.68     -2.7940061E-002
          5782.97     -3.7534145E-002
          5794.26     -4.6783486E-002
          5805.55     -5.5708132E-002
          5816.84     -6.4326391E-002
          5828.12     -7.2654935E-002
          5839.41     -8.0708815E-002
          5850.70     -8.8501513E-002
          5861.99     -9.6044982E-002
          5873.28     -1.0334965E-001
          5884.57     -1.1043313E-001
          5895.86     -1.1745529E-001
          5907.15     -1.2454527E-001
          5918.44     -1.3167649E-001
          5929.73     -1.3882198E-001
          5941.02     -1.4595450E-001
          5952.30     -1.5304634E-001
          5963.59     -1.6007883E-001
          5974.88     -1.6723571E-001
          5986.17     -1.7466198E-001
          5997.46     -1.8228482E-001
          6008.75     -1.9003217E-001
          6020.04     -1.9783241E-001
          6031.33     -2.0561431E-001
          6042.62     -2.1330658E-001
          6053.91     -2.2083719E-001
          6065.20     -2.2813931E-001
          6076.48     -2.3536612E-001
          6087.77     -2.4262472E-001
          6099.06     -2.4978038E-001
          6110.35     -2.5669754E-001
          6121.64     -2.6323925E-001
          6132.93     -2.6926644E-001
          6144.22     -2.7464002E-001
          6155.51     -2.7938847E-001
          6166.80     -2.8349206E-001
          6178.09     -2.8673745E-001
          6189.38     -2.8890856E-001
          6200.66     -2.8978502E-001
          6211.95     -2.8914097E-001
          6223.24     -2.8674497E-001
          6234.53     -2.8242709E-001
          6245.82     -2.7595872E-001
          6257.11     -2.6700880E-001
          6268.40     -2.5523695E-001
          6279.69     -2.4029321E-001
          6290.98     -2.2205594E-001
          6302.27     -2.0060294E-001
          6313.55     -1.7586763E-001
          6324.84     -1.4777149E-001
          6336.13     -1.1622378E-001
          6347.42     -8.1121482E-002
          6358.71     -4.2395220E-002
          6370.00      1.4527711E-034
