          3480.00     -3.3987157E-036
          3491.29      1.7739855E-009
          3502.58      3.9153368E-009
          3513.87      6.3935731E-009
          3525.16      9.1787023E-009
          3536.45      1.2241194E-008
          3547.73      1.5551936E-008
          3559.02      1.9082184E-008
          3570.31      2.2803541E-008
          3581.60      2.6687912E-008
          3592.89      3.0780157E-008
          3604.18      3.5132992E-008
          3615.47      3.9730414E-008
          3626.76      4.4556417E-008
          3638.05      4.9595273E-008
          3649.34      5.4831491E-008
          3660.62      6.0249831E-008
          3671.91      6.5835266E-008
          3683.20      7.1572964E-008
          3694.49      7.7448279E-008
          3705.78      8.3446714E-008
          3717.07      8.9553931E-008
          3728.36      9.5823139E-008
          3739.65      1.0231131E-007
          3750.94      1.0900941E-007
          3762.23      1.1590726E-007
          3773.52      1.2299486E-007
          3784.80      1.3026237E-007
          3796.09      1.3779398E-007
          3807.38      1.4567852E-007
          3818.67      1.5391228E-007
          3829.96      1.6248944E-007
          3841.25      1.7140445E-007
          3852.54      1.8065199E-007
          3863.83      1.9022696E-007
          3875.12      2.0012448E-007
          3886.41      2.1033987E-007
          3897.70      2.2086865E-007
          3908.98      2.3170653E-007
          3920.27      2.4284940E-007
          3931.56      2.5429332E-007
          3942.85      2.6603454E-007
          3954.14      2.7806943E-007
          3965.43      2.9039452E-007
          3976.72      3.0300647E-007
          3988.01      3.1590209E-007
          3999.30      3.2907832E-007
          4010.59      3.4264621E-007
          4021.88      3.5672512E-007
          4033.16      3.7132095E-007
          4044.45      3.8643233E-007
          4055.74      4.0205817E-007
          4067.03      4.1819760E-007
          4078.32      4.3485006E-007
          4089.61      4.5201525E-007
          4100.90      4.6969306E-007
          4112.19      4.8788370E-007
          4123.48      5.0658757E-007
          4134.77      5.2580531E-007
          4146.05      5.4563948E-007
          4157.34      5.6620375E-007
          4168.63      5.8751047E-007
          4179.92      6.0956150E-007
          4191.21      6.3235903E-007
          4202.50      6.5590564E-007
          4213.79      6.8020425E-007
          4225.08      7.0525812E-007
          4236.37      7.3107087E-007
          4247.66      7.5764638E-007
          4258.95      7.8498895E-007
          4270.23      8.1310319E-007
          4281.52      8.4210168E-007
          4292.81      8.7210920E-007
          4304.10      9.0314305E-007
          4315.39      9.3520901E-007
          4326.68      9.6831334E-007
          4337.97      1.0024627E-006
          4349.26      1.0376642E-006
          4360.55      1.0739255E-006
          4371.84      1.1112546E-006
          4383.12      1.1496598E-006
          4394.41      1.1891502E-006
          4405.70      1.2297350E-006
          4416.99      1.2714708E-006
          4428.28      1.3144239E-006
          4439.57      1.3586148E-006
          4450.86      1.4040543E-006
          4462.15      1.4507538E-006
          4473.44      1.4987252E-006
          4484.73      1.5479811E-006
          4496.02      1.5985342E-006
          4507.30      1.6503979E-006
          4518.59      1.7035859E-006
          4529.88      1.7581125E-006
          4541.17      1.8139925E-006
          4552.46      1.8712411E-006
          4563.75      1.9298728E-006
          4575.04      1.9899019E-006
          4586.33      2.0513447E-006
          4597.62      2.1142181E-006
          4608.91      2.1785395E-006
          4620.20      2.2443270E-006
          4631.48      2.3115990E-006
          4642.77      2.3803742E-006
          4654.06      2.4506722E-006
          4665.35      2.5225125E-006
          4676.64      2.5959156E-006
          4687.93      2.6709020E-006
          4699.22      2.7474096E-006
          4710.51      2.8252774E-006
          4721.80      2.9044291E-006
          4733.09      2.9848886E-006
          4744.38      3.0666802E-006
          4755.66      3.1498283E-006
          4766.95      3.2343578E-006
          4778.24      3.3202939E-006
          4789.53      3.4076617E-006
          4800.82      3.4964870E-006
          4812.11      3.5867958E-006
          4823.40      3.6786143E-006
          4834.69      3.7719070E-006
          4845.98      3.8665770E-006
          4857.27      3.9625913E-006
          4868.55      4.0599791E-006
          4879.84      4.1587698E-006
          4891.13      4.2589932E-006
          4902.42      4.3606794E-006
          4913.71      4.4638582E-006
          4925.00      4.5685603E-006
          4936.29      4.6747609E-006
          4947.58      4.7823703E-006
          4958.87      4.8913557E-006
          4970.16      5.0017506E-006
          4981.45      5.1135892E-006
          4992.73      5.2269055E-006
          5004.02      5.3417335E-006
          5015.31      5.4581078E-006
          5026.60      5.5760630E-006
          5037.89      5.6956339E-006
          5049.18      5.8168554E-006
          5060.47      5.9397626E-006
          5071.76      6.0643020E-006
          5083.05      6.1902721E-006
          5094.34      6.3175635E-006
          5105.62      6.4462190E-006
          5116.91      6.5762812E-006
          5128.20      6.7077925E-006
          5139.49      6.8407958E-006
          5150.78      6.9753335E-006
          5162.07      7.1114487E-006
          5173.36      7.2491842E-006
          5184.65      7.3885830E-006
          5195.94      7.5296881E-006
          5207.23      7.6725429E-006
          5218.52      7.8170707E-006
          5229.80      7.9629048E-006
          5241.09      8.1098064E-006
          5252.38      8.2578342E-006
          5263.67      8.4070469E-006
          5274.96      8.5575025E-006
          5286.25      8.7092592E-006
          5297.54      8.8623752E-006
          5308.83      9.0169084E-006
          5320.12      9.1729170E-006
          5331.41      9.3304584E-006
          5342.70      9.4895908E-006
          5353.98      9.6501733E-006
          5365.27      9.8113378E-006
          5376.56      9.9724411E-006
          5387.85      1.0133584E-005
          5399.14      1.0294866E-005
          5410.43      1.0456386E-005
          5421.72      1.0618244E-005
          5433.01      1.0780538E-005
          5444.30      1.0943364E-005
          5455.59      1.1106821E-005
          5466.88      1.1271004E-005
          5478.16      1.1436011E-005
          5489.45      1.1601936E-005
          5500.74      1.1768876E-005
          5512.03      1.1936926E-005
          5523.32      1.2106181E-005
          5534.61      1.2276735E-005
          5545.90      1.2448447E-005
          5557.19      1.2619689E-005
          5568.48      1.2789144E-005
          5579.77      1.2957025E-005
          5591.05      1.3123546E-005
          5602.34      1.3288917E-005
          5613.63      1.3453349E-005
          5624.92      1.3617050E-005
          5636.21      1.3780228E-005
          5647.50      1.3943089E-005
          5658.79      1.4105840E-005
          5670.08      1.4268684E-005
          5681.37      1.4431828E-005
          5692.66      1.4594377E-005
          5703.95      1.4708666E-005
          5715.23      1.4731572E-005
          5726.52      1.4668460E-005
          5737.81      1.4524623E-005
          5749.10      1.4305288E-005
          5760.39      1.4016147E-005
          5771.68      1.3676859E-005
          5782.97      1.3319384E-005
          5794.26      1.2959206E-005
          5805.55      1.2596593E-005
          5816.84      1.2231812E-005
          5828.12      1.1865128E-005
          5839.41      1.1496802E-005
          5850.70      1.1127097E-005
          5861.99      1.0756272E-005
          5873.28      1.0384586E-005
          5884.57      1.0012203E-005
          5895.86      9.6378845E-006
          5907.15      9.2606779E-006
          5918.44      8.8811386E-006
          5929.73      8.4998264E-006
          5941.02      8.1172969E-006
          5952.30      7.7341010E-006
          5963.59      7.3507260E-006
          5974.88      6.9664722E-006
          5986.17      6.5809294E-006
          5997.46      6.1949896E-006
          6008.75      5.8095361E-006
          6020.04      5.4254442E-006
          6031.33      5.0435719E-006
          6042.62      4.6647609E-006
          6053.91      4.2898498E-006
          6065.20      3.9196593E-006
          6076.48      3.5546460E-006
          6087.77      3.1955367E-006
          6099.06      2.8435476E-006
          6110.35      2.4998925E-006
          6121.64      2.1657856E-006
          6132.93      1.8424503E-006
          6144.22      1.5311223E-006
          6155.51      1.2336522E-006
          6166.80      9.5214461E-007
          6178.09      6.8819921E-007
          6189.38      4.4339992E-007
          6200.66      2.1932984E-007
          6211.95      1.7576701E-008
          6223.24     -1.6025424E-007
          6234.53     -3.1065077E-007
          6245.82     -4.2981192E-007
          6257.11     -5.1568071E-007
          6268.40     -5.6619203E-007
          6279.69     -5.7936185E-007
          6290.98     -5.6506384E-007
          6302.27     -5.3430689E-007
          6313.55     -4.8685126E-007
          6324.84     -4.2245253E-007
          6336.13     -3.4086136E-007
          6347.42     -2.4182442E-007
          6358.71     -1.2743653E-007
          6370.00     -4.0752982E-043
