          3480.00     -4.3735453E-036
          3491.29      3.7391805E-010
          3502.58      7.6619682E-010
          3513.87      1.1749879E-009
          3525.16      1.5985086E-009
          3536.45      2.0350344E-009
          3547.73      2.4828887E-009
          3559.02      2.9404327E-009
          3570.31      3.4060594E-009
          3581.60      3.8781832E-009
          3592.89      4.3591945E-009
          3604.18      4.8524071E-009
          3615.47      5.3576428E-009
          3626.76      5.8747313E-009
          3638.05      6.4035229E-009
          3649.34      6.9438845E-009
          3660.62      7.4956998E-009
          3671.91      8.0588658E-009
          3683.20      8.6332901E-009
          3694.49      9.2188899E-009
          3705.78      9.8155874E-009
          3717.07      1.0423311E-008
          3728.36      1.1044651E-008
          3739.65      1.1682517E-008
          3750.94      1.2337312E-008
          3762.23      1.3009402E-008
          3773.52      1.3699168E-008
          3784.80      1.4407006E-008
          3796.09      1.5136869E-008
          3807.38      1.5893047E-008
          3818.67      1.6676427E-008
          3829.96      1.7487844E-008
          3841.25      1.8328170E-008
          3852.54      1.9198309E-008
          3863.83      2.0099200E-008
          3875.12      2.1031818E-008
          3886.41      2.1997172E-008
          3897.70      2.2996308E-008
          3908.98      2.4030308E-008
          3920.27      2.5100289E-008
          3931.56      2.6207409E-008
          3942.85      2.7352860E-008
          3954.14      2.8537876E-008
          3965.43      2.9763728E-008
          3976.72      3.1031725E-008
          3988.01      3.2343219E-008
          3999.30      3.3699605E-008
          4010.59      3.5107234E-008
          4021.88      3.6572864E-008
          4033.16      3.8098402E-008
          4044.45      3.9685490E-008
          4055.74      4.1335845E-008
          4067.03      4.3051258E-008
          4078.32      4.4833601E-008
          4089.61      4.6684823E-008
          4100.90      4.8606950E-008
          4112.19      5.0602089E-008
          4123.48      5.2672430E-008
          4134.77      5.4820244E-008
          4146.05      5.7054270E-008
          4157.34      5.9383983E-008
          4168.63      6.1812550E-008
          4179.92      6.4342540E-008
          4191.21      6.6976644E-008
          4202.50      6.9717686E-008
          4213.79      7.2568621E-008
          4225.08      7.5532533E-008
          4236.37      7.8612645E-008
          4247.66      8.1812305E-008
          4258.95      8.5135007E-008
          4270.23      8.8584386E-008
          4281.52      9.2174666E-008
          4292.81      9.5921358E-008
          4304.10      9.9829609E-008
          4315.39      1.0390349E-007
          4326.68      1.0814727E-007
          4337.97      1.1256545E-007
          4349.26      1.1716274E-007
          4360.55      1.2194405E-007
          4371.84      1.2691452E-007
          4383.12      1.3207952E-007
          4394.41      1.3744463E-007
          4405.70      1.4301568E-007
          4416.99      1.4880626E-007
          4428.28      1.5483176E-007
          4439.57      1.6110024E-007
          4450.86      1.6761840E-007
          4462.15      1.7439323E-007
          4473.44      1.8143201E-007
          4484.73      1.8874232E-007
          4496.02      1.9633206E-007
          4507.30      2.0420944E-007
          4518.59      2.1238297E-007
          4529.88      2.2086149E-007
          4541.17      2.2965418E-007
          4552.46      2.3877054E-007
          4563.75      2.4822014E-007
          4575.04      2.5801279E-007
          4586.33      2.6815892E-007
          4597.62      2.7866945E-007
          4608.91      2.8955566E-007
          4620.20      3.0082921E-007
          4631.48      3.1250218E-007
          4642.77      3.2458698E-007
          4654.06      3.3709648E-007
          4665.35      3.5004394E-007
          4676.64      3.6344306E-007
          4687.93      3.7730797E-007
          4699.22      3.9162695E-007
          4710.51      4.0635769E-007
          4721.80      4.2148544E-007
          4733.09      4.3702768E-007
          4744.38      4.5300216E-007
          4755.66      4.6942691E-007
          4766.95      4.8632021E-007
          4778.24      5.0370071E-007
          4789.53      5.2158729E-007
          4800.82      5.3999924E-007
          4812.11      5.5895618E-007
          4823.40      5.7847809E-007
          4834.69      5.9856271E-007
          4845.98      6.1918594E-007
          4857.27      6.4034788E-007
          4868.55      6.6207230E-007
          4879.84      6.8438321E-007
          4891.13      7.0730497E-007
          4902.42      7.3086228E-007
          4913.71      7.5508015E-007
          4925.00      7.7998402E-007
          4936.29      8.0557601E-007
          4947.58      8.3183077E-007
          4958.87      8.5874873E-007
          4970.16      8.8635996E-007
          4981.45      9.1469492E-007
          4992.73      9.4378442E-007
          5004.02      9.7365953E-007
          5015.31      1.0043518E-006
          5026.60      1.0358932E-006
          5037.89      1.0683161E-006
          5049.18      1.1016533E-006
          5060.47      1.1359384E-006
          5071.76      1.1711551E-006
          5083.05      1.2072041E-006
          5094.34      1.2440414E-006
          5105.62      1.2817115E-006
          5116.91      1.3202591E-006
          5128.20      1.3597290E-006
          5139.49      1.4001664E-006
          5150.78      1.4416165E-006
          5162.07      1.4841254E-006
          5173.36      1.5277393E-006
          5184.65      1.5725048E-006
          5195.94      1.6184693E-006
          5207.23      1.6656803E-006
          5218.52      1.7140980E-006
          5229.80      1.7634670E-006
          5241.09      1.8136341E-006
          5252.38      1.8646722E-006
          5263.67      1.9166539E-006
          5274.96      1.9696517E-006
          5286.25      2.0237379E-006
          5297.54      2.0789851E-006
          5308.83      2.1354659E-006
          5320.12      2.1932530E-006
          5331.41      2.2524194E-006
          5342.70      2.3130387E-006
          5353.98      2.3750063E-006
          5365.27      2.4375614E-006
          5376.56      2.5001663E-006
          5387.85      2.5629693E-006
          5399.14      2.6261169E-006
          5410.43      2.6897540E-006
          5421.72      2.7540240E-006
          5433.01      2.8190691E-006
          5444.30      2.8850307E-006
          5455.59      2.9520490E-006
          5466.88      3.0202639E-006
          5478.16      3.0898148E-006
          5489.45      3.1608407E-006
          5500.74      3.2334806E-006
          5512.03      3.3078736E-006
          5523.32      3.3841588E-006
          5534.61      3.4624762E-006
          5545.90      3.5427068E-006
          5557.19      3.6230879E-006
          5568.48      3.7022625E-006
          5579.77      3.7806043E-006
          5591.05      3.8584834E-006
          5602.34      3.9362659E-006
          5613.63      4.0143148E-006
          5624.92      4.0929904E-006
          5636.21      4.1726502E-006
          5647.50      4.2536505E-006
          5658.79      4.3363460E-006
          5670.08      4.4210906E-006
          5681.37      4.5082411E-006
          5692.66      4.5969167E-006
          5703.95      4.6344947E-006
          5715.23      4.5767626E-006
          5726.52      4.4347793E-006
          5737.81      4.2193821E-006
          5749.10      3.9412002E-006
          5760.39      3.6110913E-006
          5771.68      3.2494926E-006
          5782.97      2.8820382E-006
          5794.26      2.5194442E-006
          5805.55      2.1617668E-006
          5816.84      1.8090693E-006
          5828.12      1.4614206E-006
          5839.41      1.1188966E-006
          5850.70      7.8158018E-007
          5861.99      4.4956115E-007
          5873.28      1.2293744E-007
          5884.57     -1.9833973E-007
          5895.86     -5.1678470E-007
          5907.15     -8.3433686E-007
          5918.44     -1.1502291E-006
          5929.73     -1.4636884E-006
          5941.02     -1.7739429E-006
          5952.30     -2.0802216E-006
          5963.59     -2.3818943E-006
          5974.88     -2.6812720E-006
          5986.17     -2.9800067E-006
          5997.46     -3.2765389E-006
          6008.75     -3.5693198E-006
          6020.04     -3.8568084E-006
          6031.33     -4.1374786E-006
          6042.62     -4.4098150E-006
          6053.91     -4.6722976E-006
          6065.20     -4.9234701E-006
          6076.48     -5.1641884E-006
          6087.77     -5.3946220E-006
          6099.06     -5.6122991E-006
          6110.35     -5.8147382E-006
          6121.64     -5.9994434E-006
          6132.93     -6.1638938E-006
          6144.22     -6.3055609E-006
          6155.51     -6.4227162E-006
          6166.80     -6.5129698E-006
          6178.09     -6.5727984E-006
          6189.38     -6.5986680E-006
          6200.66     -6.5870114E-006
          6211.95     -6.5342175E-006
          6223.24     -6.4366188E-006
          6234.53     -6.2890276E-006
          6245.82     -6.0855048E-006
          6257.11     -5.8211604E-006
          6268.40     -5.4910362E-006
          6279.69     -5.0902026E-006
          6290.98     -4.6284216E-006
          6302.27     -4.1181853E-006
          6313.55     -3.5586259E-006
          6324.84     -2.9488194E-006
          6336.13     -2.2877822E-006
          6347.42     -1.5744731E-006
          6358.71     -8.1102273E-007
          6370.00     -3.7255124E-047
