          3480.00     -1.7732831E-037
          3491.29     -3.1781694E-008
          3502.58     -6.3146312E-008
          3513.87     -9.4049193E-008
          3525.16     -1.2444558E-007
          3536.45     -1.5429075E-007
          3547.73     -1.8353990E-007
          3559.02     -2.1214805E-007
          3570.31     -2.4007017E-007
          3581.60     -2.6726104E-007
          3592.89     -2.9374952E-007
          3604.18     -3.1958477E-007
          3615.47     -3.4475132E-007
          3626.76     -3.6923304E-007
          3638.05     -3.9301354E-007
          3649.34     -4.1607610E-007
          3660.62     -4.3840379E-007
          3671.91     -4.5997937E-007
          3683.20     -4.8078534E-007
          3694.49     -5.0080392E-007
          3705.78     -5.2001698E-007
          3717.07     -5.3840614E-007
          3728.36     -5.5599234E-007
          3739.65     -5.7280391E-007
          3750.94     -5.8883300E-007
          3762.23     -6.0407074E-007
          3773.52     -6.1850793E-007
          3784.80     -6.3213504E-007
          3796.09     -6.4498140E-007
          3807.38     -6.5708391E-007
          3818.67     -6.6844358E-007
          3829.96     -6.7906030E-007
          3841.25     -6.8893367E-007
          3852.54     -6.9806291E-007
          3863.83     -7.0644692E-007
          3875.12     -7.1408429E-007
          3886.41     -7.2097325E-007
          3897.70     -7.2711174E-007
          3908.98     -7.3249736E-007
          3920.27     -7.3712742E-007
          3931.56     -7.4099891E-007
          3942.85     -7.4410851E-007
          3954.14     -7.4645262E-007
          3965.43     -7.4802737E-007
          3976.72     -7.4882858E-007
          3988.01     -7.4885178E-007
          3999.30     -7.4809221E-007
          4010.59     -7.4653487E-007
          4021.88     -7.4416708E-007
          4033.16     -7.4098777E-007
          4044.45     -7.3699654E-007
          4055.74     -7.3219267E-007
          4067.03     -7.2657518E-007
          4078.32     -7.2014274E-007
          4089.61     -7.1289377E-007
          4100.90     -7.0482639E-007
          4112.19     -6.9593841E-007
          4123.48     -6.8622739E-007
          4134.77     -6.7569058E-007
          4146.05     -6.6429521E-007
          4157.34     -6.5200660E-007
          4168.63     -6.3882063E-007
          4179.92     -6.2473644E-007
          4191.21     -6.0975290E-007
          4202.50     -5.9386858E-007
          4213.79     -5.7708175E-007
          4225.08     -5.5939041E-007
          4236.37     -5.4079227E-007
          4247.66     -5.2128480E-007
          4258.95     -5.0086516E-007
          4270.23     -4.7953023E-007
          4281.52     -4.5722620E-007
          4292.81     -4.3389399E-007
          4304.10     -4.0952541E-007
          4315.39     -3.8411797E-007
          4326.68     -3.5766889E-007
          4337.97     -3.3017515E-007
          4349.26     -3.0163338E-007
          4360.55     -2.7203993E-007
          4371.84     -2.4139095E-007
          4383.12     -2.0968225E-007
          4394.41     -1.7690936E-007
          4405.70     -1.4306757E-007
          4416.99     -1.0812201E-007
          4428.28     -7.2031553E-008
          4439.57     -3.4784611E-008
          4450.86      3.6243730E-009
          4462.15      4.3201135E-008
          4473.44      8.3951787E-008
          4484.73      1.2588268E-007
          4496.02      1.6900045E-007
          4507.30      2.1331202E-007
          4518.59      2.5882447E-007
          4529.88      3.0554526E-007
          4541.17      3.5348213E-007
          4552.46      4.0264294E-007
          4563.75      4.5303514E-007
          4575.04      5.0466601E-007
          4586.33      5.5754389E-007
          4597.62      6.1167781E-007
          4608.91      6.6707688E-007
          4620.20      7.2375064E-007
          4631.48      7.8170885E-007
          4642.77      8.4096139E-007
          4654.06      9.0151851E-007
          4665.35      9.6339068E-007
          4676.64      1.0265886E-006
          4687.93      1.0911233E-006
          4699.22      1.1569463E-006
          4710.51      1.2239390E-006
          4721.80      1.2920427E-006
          4733.09      1.3612700E-006
          4744.38      1.4316339E-006
          4755.66      1.5031475E-006
          4766.95      1.5758240E-006
          4778.24      1.6496769E-006
          4789.53      1.7247197E-006
          4800.82      1.8009662E-006
          4812.11      1.8784304E-006
          4823.40      1.9571263E-006
          4834.69      2.0370242E-006
          4845.98      2.1180512E-006
          4857.27      2.2001788E-006
          4868.55      2.2834228E-006
          4879.84      2.3677989E-006
          4891.13      2.4533231E-006
          4902.42      2.5400114E-006
          4913.71      2.6278800E-006
          4925.00      2.7169453E-006
          4936.29      2.8071854E-006
          4947.58      2.8985333E-006
          4958.87      2.9909612E-006
          4970.16      3.0844870E-006
          4981.45      3.1791289E-006
          4992.73      3.2749050E-006
          5004.02      3.3718337E-006
          5015.31      3.4699333E-006
          5026.60      3.5692224E-006
          5037.89      3.6697196E-006
          5049.18      3.7714437E-006
          5060.47      3.8744134E-006
          5071.76      3.9785889E-006
          5083.05      4.0838330E-006
          5094.34      4.1900683E-006
          5105.62      4.2973173E-006
          5116.91      4.4056022E-006
          5128.20      4.5149454E-006
          5139.49      4.6253695E-006
          5150.78      4.7368968E-006
          5162.07      4.8495497E-006
          5173.36      4.9633512E-006
          5184.65      5.0783235E-006
          5195.94      5.1944896E-006
          5207.23      5.3118723E-006
          5218.52      5.4304199E-006
          5229.80      5.5499011E-006
          5241.09      5.6701625E-006
          5252.38      5.7912338E-006
          5263.67      5.9131449E-006
          5274.96      6.0359253E-006
          5286.25      6.1596046E-006
          5297.54      6.2842125E-006
          5308.83      6.4097787E-006
          5320.12      6.5363330E-006
          5331.41      6.6639046E-006
          5342.70      6.7925235E-006
          5353.98      6.9221021E-006
          5365.27      7.0521240E-006
          5376.56      7.1822017E-006
          5387.85      7.3123835E-006
          5399.14      7.4427178E-006
          5410.43      7.5732524E-006
          5421.72      7.7040352E-006
          5433.01      7.8351137E-006
          5444.30      7.9665357E-006
          5455.59      8.0983482E-006
          5466.88      8.2305987E-006
          5478.16      8.3633343E-006
          5489.45      8.4966019E-006
          5500.74      8.6304486E-006
          5512.03      8.7649210E-006
          5523.32      8.9000659E-006
          5534.61      9.0359301E-006
          5545.90      9.1724259E-006
          5557.19      9.3086252E-006
          5568.48      9.4437651E-006
          5579.77      9.5779426E-006
          5591.05      9.7112547E-006
          5602.34      9.8437976E-006
          5613.63      9.9756674E-006
          5624.92      1.0106960E-005
          5636.21      1.0237770E-005
          5647.50      1.0368192E-005
          5658.79      1.0498322E-005
          5670.08      1.0628253E-005
          5681.37      1.0758080E-005
          5692.66      1.0887259E-005
          5703.95      1.0987985E-005
          5715.23      1.1034526E-005
          5726.52      1.1029138E-005
          5737.81      1.0974051E-005
          5749.10      1.0871474E-005
          5760.39      1.0723935E-005
          5771.68      1.0543130E-005
          5782.97      1.0349402E-005
          5794.26      1.0152886E-005
          5805.55      9.9537326E-006
          5816.84      9.7520927E-006
          5828.12      9.5481160E-006
          5839.41      9.3419510E-006
          5850.70      9.1337458E-006
          5861.99      8.9236471E-006
          5873.28      8.7118017E-006
          5884.57      8.4982980E-006
          5895.86      8.2823814E-006
          5907.15      8.0634333E-006
          5918.44      7.8417234E-006
          5929.73      7.6175248E-006
          5941.02      7.3911082E-006
          5952.30      7.1627422E-006
          5963.59      6.9326572E-006
          5974.88      6.7003603E-006
          5986.17      6.4654908E-006
          5997.46      6.2284585E-006
          6008.75      5.9896688E-006
          6020.04      5.7495238E-006
          6031.33      5.5084157E-006
          6042.62      5.2667278E-006
          6053.91      5.0248415E-006
          6065.20      4.7831247E-006
          6076.48      4.5416114E-006
          6087.77      4.3004507E-006
          6099.06      4.0601747E-006
          6110.35      3.8213138E-006
          6121.64      3.5843980E-006
          6132.93      3.3499623E-006
          6144.22      3.1185464E-006
          6155.51      2.8908031E-006
          6166.80      2.6674895E-006
          6178.09      2.4492902E-006
          6189.38      2.2368786E-006
          6200.66      2.0309252E-006
          6211.95      1.8321011E-006
          6223.24      1.6410819E-006
          6234.53      1.4592135E-006
          6245.82      1.2879603E-006
          6257.11      1.1281803E-006
          6268.40      9.8073258E-007
          6279.69      8.4644355E-007
          6290.98      7.2166075E-007
          6302.27      6.0225315E-007
          6313.55      4.8831087E-007
          6324.84      3.7992520E-007
          6336.13      2.7718792E-007
          6347.42      1.8019145E-007
          6358.71      8.8102550E-008
          6370.00     -4.5911651E-042
