          3480.00      1.3325845E-035
          3491.29     -4.1017217E-007
          3502.58     -8.2017658E-007
          3513.87     -1.2293641E-006
          3525.16     -1.6370866E-006
          3536.45     -2.0426990E-006
          3547.73     -2.4455570E-006
          3559.02     -2.8450156E-006
          3570.31     -3.2404310E-006
          3581.60     -3.6311581E-006
          3592.89     -4.0176891E-006
          3604.18     -4.4008186E-006
          3615.47     -4.7803480E-006
          3626.76     -5.1560716E-006
          3638.05     -5.5277809E-006
          3649.34     -5.8952640E-006
          3660.62     -6.2583070E-006
          3671.91     -6.6166930E-006
          3683.20     -6.9702020E-006
          3694.49     -7.3186113E-006
          3705.78     -7.6616936E-006
          3717.07     -7.9992196E-006
          3728.36     -8.3315799E-006
          3739.65     -8.6592762E-006
          3750.94     -8.9822366E-006
          3762.23     -9.3003748E-006
          3773.52     -9.6136002E-006
          3784.80     -9.9218188E-006
          3796.09     -1.0225569E-005
          3807.38     -1.0525502E-005
          3818.67     -1.0821681E-005
          3829.96     -1.1114154E-005
          3841.25     -1.1402963E-005
          3852.54     -1.1688150E-005
          3863.83     -1.1969749E-005
          3875.12     -1.2247793E-005
          3886.41     -1.2522309E-005
          3897.70     -1.2793325E-005
          3908.98     -1.3060859E-005
          3920.27     -1.3324931E-005
          3931.56     -1.3585555E-005
          3942.85     -1.3842742E-005
          3954.14     -1.4096500E-005
          3965.43     -1.4346833E-005
          3976.72     -1.4593743E-005
          3988.01     -1.4837227E-005
          3999.30     -1.5077282E-005
          4010.59     -1.5313832E-005
          4021.88     -1.5546841E-005
          4033.16     -1.5776366E-005
          4044.45     -1.6002469E-005
          4055.74     -1.6225208E-005
          4067.03     -1.6444638E-005
          4078.32     -1.6660809E-005
          4089.61     -1.6873772E-005
          4100.90     -1.7083570E-005
          4112.19     -1.7290246E-005
          4123.48     -1.7493840E-005
          4134.77     -1.7694386E-005
          4146.05     -1.7891548E-005
          4157.34     -1.8084967E-005
          4168.63     -1.8274669E-005
          4179.92     -1.8460721E-005
          4191.21     -1.8643186E-005
          4202.50     -1.8822126E-005
          4213.79     -1.8997597E-005
          4225.08     -1.9169654E-005
          4236.37     -1.9338349E-005
          4247.66     -1.9503729E-005
          4258.95     -1.9665840E-005
          4270.23     -1.9824725E-005
          4281.52     -1.9979741E-005
          4292.81     -2.0130176E-005
          4304.10     -2.0276008E-005
          4315.39     -2.0417292E-005
          4326.68     -2.0554079E-005
          4337.97     -2.0686420E-005
          4349.26     -2.0814358E-005
          4360.55     -2.0937938E-005
          4371.84     -2.1057198E-005
          4383.12     -2.1172173E-005
          4394.41     -2.1282899E-005
          4405.70     -2.1389404E-005
          4416.99     -2.1491294E-005
          4428.28     -2.1588088E-005
          4439.57     -2.1679720E-005
          4450.86     -2.1766214E-005
          4462.15     -2.1847588E-005
          4473.44     -2.1923858E-005
          4484.73     -2.1995037E-005
          4496.02     -2.2061135E-005
          4507.30     -2.2122158E-005
          4518.59     -2.2178109E-005
          4529.88     -2.2228989E-005
          4541.17     -2.2274797E-005
          4552.46     -2.2315526E-005
          4563.75     -2.2351179E-005
          4575.04     -2.2381763E-005
          4586.33     -2.2407270E-005
          4597.62     -2.2427682E-005
          4608.91     -2.2442981E-005
          4620.20     -2.2453143E-005
          4631.48     -2.2458145E-005
          4642.77     -2.2457959E-005
          4654.06     -2.2452554E-005
          4665.35     -2.2441897E-005
          4676.64     -2.2425954E-005
          4687.93     -2.2404686E-005
          4699.22     -2.2378910E-005
          4710.51     -2.2350464E-005
          4721.80     -2.2320316E-005
          4733.09     -2.2288403E-005
          4744.38     -2.2254663E-005
          4755.66     -2.2219031E-005
          4766.95     -2.2181442E-005
          4778.24     -2.2141827E-005
          4789.53     -2.2100121E-005
          4800.82     -2.2056253E-005
          4812.11     -2.2010154E-005
          4823.40     -2.1961752E-005
          4834.69     -2.1911614E-005
          4845.98     -2.1860934E-005
          4857.27     -2.1810261E-005
          4868.55     -2.1759504E-005
          4879.84     -2.1708570E-005
          4891.13     -2.1657366E-005
          4902.42     -2.1605800E-005
          4913.71     -2.1553779E-005
          4925.00     -2.1501208E-005
          4936.29     -2.1448555E-005
          4947.58     -2.1396953E-005
          4958.87     -2.1346959E-005
          4970.16     -2.1298457E-005
          4981.45     -2.1251332E-005
          4992.73     -2.1205467E-005
          5004.02     -2.1160747E-005
          5015.31     -2.1117058E-005
          5026.60     -2.1074283E-005
          5037.89     -2.1032309E-005
          5049.18     -2.0991020E-005
          5060.47     -2.0950301E-005
          5071.76     -2.0910920E-005
          5083.05     -2.0875114E-005
          5094.34     -2.0844210E-005
          5105.62     -2.0818037E-005
          5116.91     -2.0796428E-005
          5128.20     -2.0779216E-005
          5139.49     -2.0766236E-005
          5150.78     -2.0757324E-005
          5162.07     -2.0752317E-005
          5173.36     -2.0751052E-005
          5184.65     -2.0753370E-005
          5195.94     -2.0759109E-005
          5207.23     -2.0768112E-005
          5218.52     -2.0781370E-005
          5229.80     -2.0802667E-005
          5241.09     -2.0834564E-005
          5252.38     -2.0876782E-005
          5263.67     -2.0929047E-005
          5274.96     -2.0991086E-005
          5286.25     -2.1062631E-005
          5297.54     -2.1143415E-005
          5308.83     -2.1233173E-005
          5320.12     -2.1331644E-005
          5331.41     -2.1438569E-005
          5342.70     -2.1553691E-005
          5353.98     -2.1678614E-005
          5365.27     -2.1821738E-005
          5376.56     -2.1989399E-005
          5387.85     -2.2181000E-005
          5399.14     -2.2395950E-005
          5410.43     -2.2633668E-005
          5421.72     -2.2893575E-005
          5433.01     -2.3175101E-005
          5444.30     -2.3477680E-005
          5455.59     -2.3800754E-005
          5466.88     -2.4143768E-005
          5478.16     -2.4506174E-005
          5489.45     -2.4887427E-005
          5500.74     -2.5286989E-005
          5512.03     -2.5704324E-005
          5523.32     -2.6138904E-005
          5534.61     -2.6590204E-005
          5545.90     -2.7059859E-005
          5557.19     -2.7563082E-005
          5568.48     -2.8112331E-005
          5579.77     -2.8706135E-005
          5591.05     -2.9343033E-005
          5602.34     -3.0021575E-005
          5613.63     -3.0740324E-005
          5624.92     -3.1497853E-005
          5636.21     -3.2292745E-005
          5647.50     -3.3123597E-005
          5658.79     -3.3989014E-005
          5670.08     -3.4887611E-005
          5681.37     -3.5817981E-005
          5692.66     -3.6788887E-005
          5703.95     -3.8240923E-005
          5715.23     -4.0577194E-005
          5726.52     -4.3755241E-005
          5737.81     -4.7733114E-005
          5749.10     -5.2469364E-005
          5760.39     -5.7917850E-005
          5771.68     -6.3895571E-005
          5782.97     -7.0094566E-005
          5794.26     -7.6363639E-005
          5805.55     -8.2700646E-005
          5816.84     -8.9103449E-005
          5828.12     -9.5569945E-005
          5839.41     -1.0209804E-004
          5850.70     -1.0868567E-004
          5861.99     -1.1533077E-004
          5873.28     -1.2203130E-004
          5884.57     -1.2878610E-004
          5895.86     -1.3560694E-004
          5907.15     -1.4250319E-004
          5918.44     -1.4947049E-004
          5929.73     -1.5650440E-004
          5941.02     -1.6360054E-004
          5952.30     -1.7075457E-004
          5963.59     -1.7796273E-004
          5974.88     -1.8523208E-004
          5986.17     -1.9256730E-004
          5997.46     -1.9996138E-004
          6008.75     -2.0740737E-004
          6020.04     -2.1489839E-004
          6031.33     -2.2242772E-004
          6042.62     -2.2998882E-004
          6053.91     -2.3757514E-004
          6065.20     -2.4518034E-004
          6076.48     -2.5280181E-004
          6087.77     -2.6043478E-004
          6099.06     -2.6806982E-004
          6110.35     -2.7569749E-004
          6121.64     -2.8330839E-004
          6132.93     -2.9089302E-004
          6144.22     -2.9844180E-004
          6155.51     -3.0594072E-004
          6166.80     -3.1337378E-004
          6178.09     -3.2072860E-004
          6189.38     -3.2799295E-004
          6200.66     -3.3515463E-004
          6211.95     -3.4220144E-004
          6223.24     -3.4912106E-004
          6234.53     -3.5588624E-004
          6245.82     -3.6246749E-004
          6257.11     -3.6884898E-004
          6268.40     -3.7501483E-004
          6279.69     -3.8094984E-004
          6290.98     -3.8673242E-004
          6302.27     -3.9244998E-004
          6313.55     -3.9810125E-004
          6324.84     -4.0368488E-004
          6336.13     -4.0919953E-004
          6347.42     -4.1464386E-004
          6358.71     -4.2003519E-004
          6370.00     -4.2539253E-004
