          3480.00      6.4498875E-023
          3491.29     -5.2466175E-003
          3502.58     -1.0501205E-002
          3513.87     -1.5737275E-002
          3525.16     -2.0928035E-002
          3536.45     -2.6046122E-002
          3547.73     -3.1063300E-002
          3559.02     -3.5950157E-002
          3570.31     -4.0675851E-002
          3581.60     -4.5207790E-002
          3592.89     -4.9540446E-002
          3604.18     -5.3690517E-002
          3615.47     -5.7655637E-002
          3626.76     -6.1431162E-002
          3638.05     -6.5010179E-002
          3649.34     -6.8383430E-002
          3660.62     -7.1539255E-002
          3671.91     -7.4463488E-002
          3683.20     -7.7139356E-002
          3694.49     -7.9547364E-002
          3705.78     -8.1665156E-002
          3717.07     -8.3467383E-002
          3728.36     -8.4945400E-002
          3739.65     -8.6095935E-002
          3750.94     -8.6896831E-002
          3762.23     -8.7322184E-002
          3773.52     -8.7342584E-002
          3784.80     -8.6924953E-002
          3796.09     -8.6093225E-002
          3807.38     -8.4876700E-002
          3818.67     -8.3244199E-002
          3829.96     -8.1159277E-002
          3841.25     -7.8581756E-002
          3852.54     -7.5467535E-002
          3863.83     -7.1768384E-002
          3875.12     -6.7431715E-002
          3886.41     -6.2400354E-002
          3897.70     -5.6612260E-002
          3908.98     -5.0000249E-002
          3920.27     -4.2491714E-002
          3931.56     -3.4008271E-002
          3942.85     -2.4465435E-002
          3954.14     -1.3772238E-002
          3965.43     -1.8308174E-003
          3976.72      1.1463958E-002
          3988.01      2.6224991E-002
          3999.30      4.2573404E-002
          4010.59      6.0174855E-002
          4021.88      7.8676562E-002
          4033.16      9.8199735E-002
          4044.45      1.1890560E-001
          4055.74      1.4096060E-001
          4067.03      1.6453709E-001
          4078.32      1.8981419E-001
          4089.61      2.1697849E-001
          4100.90      2.4622482E-001
          4112.19      2.7775716E-001
          4123.48      3.1178937E-001
          4134.77      3.4854611E-001
          4146.05      3.8718983E-001
          4157.34      4.2679162E-001
          4168.63      4.6751661E-001
          4179.92      5.0966249E-001
          4191.21      5.5352935E-001
          4202.50      5.9942131E-001
          4213.79      6.4764766E-001
          4225.08      6.9852420E-001
          4236.37      7.5237464E-001
          4247.66      8.0953166E-001
          4258.95      8.7033854E-001
          4270.23      9.3515036E-001
          4281.52      1.0017325E+000
          4292.81      1.0675876E+000
          4304.10      1.1328554E+000
          4315.39      1.1980098E+000
          4326.68      1.2635135E+000
          4337.97      1.3298207E+000
          4349.26      1.3973785E+000
          4360.55      1.4666298E+000
          4371.84      1.5380140E+000
          4383.12      1.6119703E+000
          4394.41      1.6889381E+000
          4405.70      1.7693596E+000
          4416.99      1.8510777E+000
          4428.28      1.9314049E+000
          4439.57      2.0102839E+000
          4450.86      2.0882316E+000
          4462.15      2.1657454E+000
          4473.44      2.2433056E+000
          4484.73      2.3213774E+000
          4496.02      2.4004130E+000
          4507.30      2.4808533E+000
          4518.59      2.5631300E+000
          4529.88      2.6476670E+000
          4541.17      2.7348827E+000
          4552.46      2.8251905E+000
          4563.75      2.9191178E+000
          4575.04      3.0172462E+000
          4586.33      3.1200391E+000
          4597.62      3.2279036E+000
          4608.91      3.3412510E+000
          4620.20      3.4604988E+000
          4631.48      3.5860715E+000
          4642.77      3.7184016E+000
          4654.06      3.8579314E+000
          4665.35      4.0051141E+000
          4676.64      4.1604149E+000
          4687.93      4.3243123E+000
          4699.22      4.5110820E+000
          4710.51      4.7511528E+000
          4721.80      5.0603650E+000
          4733.09      5.4378264E+000
          4744.38      5.8829166E+000
          4755.66      6.3952785E+000
          4766.95      6.9748125E+000
          4778.24      7.6216713E+000
          4789.53      8.3362534E+000
          4800.82      9.1192026E+000
          4812.11      9.9714035E+000
          4823.40      1.0893977E+001
          4834.69      1.1901539E+001
          4845.98      1.3021763E+001
          4857.27      1.4268179E+001
          4868.55      1.5640728E+001
          4879.84      1.7139791E+001
          4891.13      1.8766182E+001
          4902.42      2.0521142E+001
          4913.71      2.2406327E+001
          4925.00      2.4423812E+001
          4936.29      2.6591800E+001
          4947.58      2.8947264E+001
          4958.87      3.1510135E+001
          4970.16      3.4280915E+001
          4981.45      3.7260774E+001
          4992.73      4.0451530E+001
          5004.02      4.3855632E+001
          5015.31      4.7476166E+001
          5026.60      5.1316837E+001
          5037.89      5.5381969E+001
          5049.18      5.9676504E+001
          5060.47      6.4205986E+001
          5071.76      6.9016556E+001
          5083.05      7.4221965E+001
          5094.34      7.9890663E+001
          5105.62      8.6020290E+001
          5116.91      9.2609850E+001
          5128.20      9.9659682E+001
          5139.49      1.0717143E+002
          5150.78      1.1514799E+002
          5162.07      1.2359352E+002
          5173.36      1.3251339E+002
          5184.65      1.4191416E+002
          5195.94      1.5180359E+002
          5207.23      1.6219061E+002
          5218.52      1.7316846E+002
          5229.80      1.8503532E+002
          5241.09      1.9798938E+002
          5252.38      2.1201413E+002
          5263.67      2.2709608E+002
          5274.96      2.4322461E+002
          5286.25      2.6039191E+002
          5297.54      2.7859287E+002
          5308.83      2.9782495E+002
          5320.12      3.1808814E+002
          5331.41      3.3938482E+002
          5342.70      3.6171975E+002
          5353.98      3.8528872E+002
          5365.27      4.1098683E+002
          5376.56      4.3945569E+002
          5387.85      4.7060070E+002
          5399.14      5.0433475E+002
          5410.43      5.4057783E+002
          5421.72      5.7925644E+002
          5433.01      6.2030340E+002
          5444.30      6.6365739E+002
          5455.59      7.0926242E+002
          5466.88      7.5706778E+002
          5478.16      8.0702748E+002
          5489.45      8.5910005E+002
          5500.74      9.1324826E+002
          5512.03      9.6943862E+002
          5523.32      1.0276414E+003
          5534.61      1.0878303E+003
          5545.90      1.1502948E+003
          5557.19      1.2173225E+003
          5568.48      1.2906452E+003
          5579.77      1.3698626E+003
          5591.05      1.4545894E+003
          5602.34      1.5444538E+003
          5613.63      1.6390963E+003
          5624.92      1.7381686E+003
          5636.21      1.8413316E+003
          5647.50      1.9482548E+003
          5658.79      2.0586145E+003
          5670.08      2.1720928E+003
          5681.37      2.2883731E+003
          5692.66      2.4085961E+003
          5703.95      2.5934063E+003
          5715.23      2.8892284E+003
          5726.52      3.2767611E+003
          5737.81      3.7371548E+003
          5749.10      4.2519567E+003
          5760.39      4.8028053E+003
          5771.68      5.3682679E+003
          5782.97      5.9324334E+003
          5794.26      6.4919273E+003
          5805.55      7.0470443E+003
          5816.84      7.5980473E+003
          5828.12      8.1451703E+003
          5839.41      8.6886167E+003
          5850.70      9.2285591E+003
          5861.99      9.7651397E+003
          5873.28      1.0298468E+004
          5884.57      1.0828779E+004
          5895.86      1.1358782E+004
          5907.15      1.1890269E+004
          5918.44      1.2422089E+004
          5929.73      1.2953073E+004
          5941.02      1.3482031E+004
          5952.30      1.4007755E+004
          5963.59      1.4529132E+004
          5974.88      1.5047407E+004
          5986.17      1.5562753E+004
          5997.46      1.6072451E+004
          6008.75      1.6573764E+004
          6020.04      1.7063932E+004
          6031.33      1.7540170E+004
          6042.62      1.7999654E+004
          6053.91      1.8439500E+004
          6065.20      1.8856752E+004
          6076.48      1.9247740E+004
          6087.77      1.9607634E+004
          6099.06      1.9931585E+004
          6110.35      2.0214634E+004
          6121.64      2.0451696E+004
          6132.93      2.0637554E+004
          6144.22      2.0766799E+004
          6155.51      2.0828588E+004
          6166.80      2.0810907E+004
          6178.09      2.0706314E+004
          6189.38      2.0507142E+004
          6200.66      2.0205469E+004
          6211.95      1.9793087E+004
          6223.24      1.9261401E+004
          6234.53      1.8588656E+004
          6245.82      1.7751731E+004
          6257.11      1.6739377E+004
          6268.40      1.5539899E+004
          6279.69      1.4141720E+004
          6290.98      1.2612975E+004
          6302.27      1.1024893E+004
          6313.55      9.3703685E+003
          6324.84      7.6421405E+003
          6336.13      5.8327656E+003
          6347.42      3.9346281E+003
          6358.71      1.9796179E+003
          6370.00     -9.8565411E-033
