          3480.00      0.0000000E+000
          3491.29     -2.8125306E-004
          3502.58     -5.6368929E-004
          3513.87     -8.4698660E-004
          3525.16     -1.1307972E-003
          3536.45     -1.4147318E-003
          3547.73     -1.6983420E-003
          3559.02     -1.9811016E-003
          3570.31     -2.2623900E-003
          3581.60     -2.5414728E-003
          3592.89     -2.8154692E-003
          3604.18     -3.0830882E-003
          3615.47     -3.3457320E-003
          3626.76     -3.6046110E-003
          3638.05     -3.8607356E-003
          3649.34     -4.1149214E-003
          3660.62     -4.3677944E-003
          3671.91     -4.6197912E-003
          3683.20     -4.8711585E-003
          3694.49     -5.1219501E-003
          3705.78     -5.3720210E-003
          3717.07     -5.6210207E-003
          3728.36     -5.8643869E-003
          3739.65     -6.0981084E-003
          3750.94     -6.3223085E-003
          3762.23     -6.5368632E-003
          3773.52     -6.7413076E-003
          3784.80     -6.9348291E-003
          3796.09     -7.1114868E-003
          3807.38     -7.2659276E-003
          3818.67     -7.3976652E-003
          3829.96     -7.5058427E-003
          3841.25     -7.5890951E-003
          3852.54     -7.6455382E-003
          3863.83     -7.6727523E-003
          3875.12     -7.6677619E-003
          3886.41     -7.6270097E-003
          3897.70     -7.5463260E-003
          3908.98     -7.4208933E-003
          3920.27     -7.2452052E-003
          3931.56     -7.0130202E-003
          3942.85     -6.7173097E-003
          3954.14     -6.3501997E-003
          3965.43     -5.9029058E-003
          3976.72     -5.3656638E-003
          3988.01     -4.7276497E-003
          3999.30     -3.9768956E-003
          4010.59     -3.1281646E-003
          4021.88     -2.1973790E-003
          4033.16     -1.1715804E-003
          4044.45     -3.4547294E-005
          4055.74      1.2310117E-003
          4067.03      2.6435862E-003
          4078.32      4.2230102E-003
          4089.61      5.9906066E-003
          4100.90      7.9693369E-003
          4112.19      1.0183975E-002
          4123.48      1.2661277E-002
          4134.77      1.5430167E-002
          4146.05      1.8413401E-002
          4157.34      2.1525534E-002
          4168.63      2.4792775E-002
          4179.92      2.8256131E-002
          4191.21      3.1957667E-002
          4202.50      3.5940833E-002
          4213.79      4.0250767E-002
          4225.08      4.4934617E-002
          4236.37      5.0041868E-002
          4247.66      5.5624659E-002
          4258.95      6.1738154E-002
          4270.23      6.8440883E-002
          4281.52      7.5433633E-002
          4292.81      8.2383073E-002
          4304.10      8.9324698E-002
          4315.39      9.6343604E-002
          4326.68      1.0352334E-001
          4337.97      1.1094649E-001
          4349.26      1.1869534E-001
          4360.55      1.2685247E-001
          4371.84      1.3550126E-001
          4383.12      1.4472654E-001
          4394.41      1.5461513E-001
          4405.70      1.6525634E-001
          4416.99      1.7627113E-001
          4428.28      1.8718834E-001
          4439.57      1.9801731E-001
          4450.86      2.0887527E-001
          4462.15      2.1987555E-001
          4473.44      2.3112847E-001
          4484.73      2.4274203E-001
          4496.02      2.5482270E-001
          4507.30      2.6747608E-001
          4518.59      2.8080759E-001
          4529.88      2.9492318E-001
          4541.17      3.0992990E-001
          4552.46      3.2593656E-001
          4563.75      3.4308062E-001
          4575.04      3.6151491E-001
          4586.33      3.8136887E-001
          4597.62      4.0276311E-001
          4608.91      4.2582364E-001
          4620.20      4.5068254E-001
          4631.48      4.7747861E-001
          4642.77      5.0635784E-001
          4654.06      5.3747428E-001
          4665.35      5.7099062E-001
          4676.64      6.0707889E-001
          4687.93      6.4592127E-001
          4699.22      6.9146292E-001
          4710.51      7.5199415E-001
          4721.80      8.3173904E-001
          4733.09      9.3036740E-001
          4744.38      1.0476767E+000
          4755.66      1.1835878E+000
          4766.95      1.3381412E+000
          4778.24      1.5114948E+000
          4789.53      1.7039212E+000
          4800.82      1.9158069E+000
          4812.11      2.1476510E+000
          4823.40      2.4000647E+000
          4834.69      2.6778822E+000
          4845.98      2.9899818E+000
          4857.27      3.3407554E+000
          4868.55      3.7303546E+000
          4879.84      4.1591517E+000
          4891.13      4.6277383E+000
          4902.42      5.1369210E+000
          4913.71      5.6877173E+000
          4925.00      6.2813578E+000
          4936.29      6.9248497E+000
          4947.58      7.6318818E+000
          4958.87      8.4099724E+000
          4970.16      9.2597103E+000
          4981.45      1.0182054E+001
          4992.73      1.1178321E+001
          5004.02      1.2250185E+001
          5015.31      1.3399671E+001
          5026.60      1.4629157E+001
          5037.89      1.5941370E+001
          5049.18      1.7339389E+001
          5060.47      1.8826647E+001
          5071.76      2.0423841E+001
          5083.05      2.2180369E+001
          5094.34      2.4125924E+001
          5105.62      2.6259954E+001
          5116.91      2.8582818E+001
          5128.20      3.1095759E+001
          5139.49      3.3800885E+001
          5150.78      3.6701136E+001
          5162.07      3.9800286E+001
          5173.36      4.3102923E+001
          5184.65      4.6614429E+001
          5195.94      5.0340994E+001
          5207.23      5.4289603E+001
          5218.52      5.8509318E+001
          5229.80      6.3151502E+001
          5241.09      6.8315942E+001
          5252.38      7.3994594E+001
          5263.67      8.0181792E+001
          5274.96      8.6874118E+001
          5286.25      9.4070343E+001
          5297.54      1.0177132E+002
          5308.83      1.0997991E+002
          5320.12      1.1870091E+002
          5331.41      1.2794099E+002
          5342.70      1.3770866E+002
          5353.98      1.4812116E+002
          5365.27      1.5969439E+002
          5376.56      1.7279225E+002
          5387.85      1.8735575E+002
          5399.14      2.0333267E+002
          5410.43      2.2067706E+002
          5421.72      2.3934882E+002
          5433.01      2.5931326E+002
          5444.30      2.8054078E+002
          5455.59      3.0300635E+002
          5466.88      3.2668933E+002
          5478.16      3.5157304E+002
          5489.45      3.7764453E+002
          5500.74      4.0489423E+002
          5512.03      4.3331564E+002
          5523.32      4.6290518E+002
          5534.61      4.9366188E+002
          5545.90      5.2580178E+002
          5557.19      5.6092300E+002
          5568.48      6.0021384E+002
          5579.77      6.4337658E+002
          5591.05      6.9012945E+002
          5602.34      7.4020482E+002
          5613.63      7.9334776E+002
          5624.92      8.4931404E+002
          5636.21      9.0786835E+002
          5647.50      9.6878286E+002
          5658.79      1.0318354E+003
          5670.08      1.0968079E+003
          5681.37      1.1634833E+003
          5692.66      1.2327560E+003
          5703.95      1.3510084E+003
          5715.23      1.5523527E+003
          5726.52      1.8200656E+003
          5737.81      2.1379137E+003
          5749.10      2.4900699E+003
          5760.39      2.8609014E+003
          5771.68      3.2344563E+003
          5782.97      3.6019180E+003
          5794.26      3.9631643E+003
          5805.55      4.3189597E+003
          5816.84      4.6700108E+003
          5828.12      5.0169696E+003
          5839.41      5.3604342E+003
          5850.70      5.7009506E+003
          5861.99      6.0390137E+003
          5873.28      6.3750679E+003
          5884.57      6.7097158E+003
          5895.86      7.0469408E+003
          5907.15      7.3897888E+003
          5918.44      7.7374799E+003
          5929.73      8.0892148E+003
          5941.02      8.4441754E+003
          5952.30      8.8015202E+003
          5963.59      9.1605804E+003
          5974.88      9.5248196E+003
          5986.17      9.8965491E+003
          5997.46      1.0273417E+004
          6008.75      1.0653068E+004
          6020.04      1.1033127E+004
          6031.33      1.1411195E+004
          6042.62      1.1784828E+004
          6053.91      1.2151518E+004
          6065.20      1.2508754E+004
          6076.48      1.2856320E+004
          6087.77      1.3192648E+004
          6099.06      1.3513079E+004
          6110.35      1.3812828E+004
          6121.64      1.4086968E+004
          6132.93      1.4330403E+004
          6144.22      1.4537854E+004
          6155.51      1.4702131E+004
          6166.80      1.4814625E+004
          6178.09      1.4867588E+004
          6189.38      1.4852984E+004
          6200.66      1.4762426E+004
          6211.95      1.4587142E+004
          6223.24      1.4317876E+004
          6234.53      1.3935744E+004
          6245.82      1.3420138E+004
          6257.11      1.2758373E+004
          6268.40      1.1937104E+004
          6279.69      1.0942764E+004
          6290.98      9.8297286E+003
          6302.27      8.6558908E+003
          6313.55      7.4124580E+003
          6324.84      6.0903339E+003
          6336.13      4.6800811E+003
          6347.42      3.1719133E+003
          6358.71      1.6003327E+003
          6370.00      0.0000000E+000
