          3480.00     -2.3059593E-004
          3491.29     -2.0556741E-004
          3502.58     -1.8044364E-004
          3513.87     -1.5567935E-004
          3525.16     -1.3172770E-004
          3536.45     -1.0904195E-004
          3547.73     -8.8077439E-005
          3559.02     -6.9293470E-005
          3570.31     -5.3154963E-005
          3581.60     -4.0134317E-005
          3592.89     -3.0713137E-005
          3604.18     -2.5383969E-005
          3615.47     -2.2352297E-005
          3626.76     -1.9495606E-005
          3638.05     -1.6824042E-005
          3649.34     -1.4348335E-005
          3660.62     -1.2079820E-005
          3671.91     -1.0030487E-005
          3683.20     -8.2130176E-006
          3694.49     -6.6408238E-006
          3705.78     -5.3280964E-006
          3717.07     -4.2898374E-006
          3728.36     -3.5419099E-006
          3739.65     -3.1010827E-006
          3750.94     -2.8279836E-006
          3762.23     -2.5716710E-006
          3773.52     -2.3323022E-006
          3784.80     -2.1100867E-006
          3796.09     -1.9052875E-006
          3807.38     -1.7182199E-006
          3818.67     -1.5492539E-006
          3829.96     -1.3988151E-006
          3841.25     -1.2673855E-006
          3852.54     -1.1555048E-006
          3863.83     -1.0637719E-006
          3875.12     -9.9284590E-007
          3886.41     -9.4344792E-007
          3897.70     -9.0619926E-007
          3908.98     -8.7118881E-007
          3920.27     -8.3839056E-007
          3931.56     -8.0778405E-007
          3942.85     -7.7935445E-007
          3954.14     -7.5309232E-007
          3965.43     -7.2899362E-007
          3976.72     -7.0705979E-007
          3988.01     -6.8729769E-007
          3999.30     -6.6971965E-007
          4010.59     -6.5434347E-007
          4021.88     -6.4119240E-007
          4033.16     -6.2945409E-007
          4044.45     -6.1827831E-007
          4055.74     -6.0763620E-007
          4067.03     -5.9749963E-007
          4078.32     -5.8784111E-007
          4089.61     -5.7863367E-007
          4100.90     -5.6985089E-007
          4112.19     -5.6146675E-007
          4123.48     -5.5345560E-007
          4134.77     -5.4579210E-007
          4146.05     -5.3845114E-007
          4157.34     -5.3140780E-007
          4168.63     -5.2463727E-007
          4179.92     -5.1811480E-007
          4191.21     -5.1181565E-007
          4202.50     -5.0571502E-007
          4213.79     -4.9978798E-007
          4225.08     -4.9400946E-007
          4236.37     -4.8835413E-007
          4247.66     -4.8279639E-007
          4258.95     -4.7731032E-007
          4270.23     -4.7186957E-007
          4281.52     -4.6644738E-007
          4292.81     -4.6101644E-007
          4304.10     -4.5554888E-007
          4315.39     -4.5013372E-007
          4326.68     -4.4486437E-007
          4337.97     -4.3971904E-007
          4349.26     -4.3467573E-007
          4360.55     -4.2971217E-007
          4371.84     -4.2480580E-007
          4383.12     -4.1993369E-007
          4394.41     -4.1507256E-007
          4405.70     -4.1019873E-007
          4416.99     -4.0528802E-007
          4428.28     -4.0031576E-007
          4439.57     -3.9525667E-007
          4450.86     -3.9022684E-007
          4462.15     -3.8534744E-007
          4473.44     -3.8060032E-007
          4484.73     -3.7596723E-007
          4496.02     -3.7142980E-007
          4507.30     -3.6696952E-007
          4518.59     -3.6256767E-007
          4529.88     -3.5820530E-007
          4541.17     -3.5386320E-007
          4552.46     -3.4952186E-007
          4563.75     -3.4516141E-007
          4575.04     -3.4076161E-007
          4586.33     -3.3630184E-007
          4597.62     -3.3186357E-007
          4608.91     -3.2753162E-007
          4620.20     -3.2328986E-007
          4631.48     -3.1912210E-007
          4642.77     -3.1501200E-007
          4654.06     -3.1094309E-007
          4665.35     -3.0689867E-007
          4676.64     -3.0286184E-007
          4687.93     -2.9881546E-007
          4699.22     -2.9474210E-007
          4710.51     -2.9062402E-007
          4721.80     -2.8644314E-007
          4733.09     -2.8228463E-007
          4744.38     -2.7823677E-007
          4755.66     -2.7428587E-007
          4766.95     -2.7041820E-007
          4778.24     -2.6662000E-007
          4789.53     -2.6287744E-007
          4800.82     -2.5917658E-007
          4812.11     -2.5550336E-007
          4823.40     -2.5184360E-007
          4834.69     -2.4818293E-007
          4845.98     -2.4450679E-007
          4857.27     -2.4080042E-007
          4868.55     -2.3704881E-007
          4879.84     -2.3331629E-007
          4891.13     -2.2966935E-007
          4902.42     -2.2609598E-007
          4913.71     -2.2258416E-007
          4925.00     -2.1912186E-007
          4936.29     -2.1569694E-007
          4947.58     -2.1229724E-007
          4958.87     -2.0891045E-007
          4970.16     -2.0552418E-007
          4981.45     -2.0212589E-007
          4992.73     -1.9870287E-007
          5004.02     -1.9524227E-007
          5015.31     -1.9180306E-007
          5026.60     -1.8844600E-007
          5037.89     -1.8516076E-007
          5049.18     -1.8193703E-007
          5060.47     -1.7876450E-007
          5071.76     -1.7563284E-007
          5083.05     -1.7253169E-007
          5094.34     -1.6945065E-007
          5105.62     -1.6637925E-007
          5116.91     -1.6330693E-007
          5128.20     -1.6022304E-007
          5139.49     -1.5711683E-007
          5150.78     -1.5403844E-007
          5162.07     -1.5103936E-007
          5173.36     -1.4811081E-007
          5184.65     -1.4524406E-007
          5195.94     -1.4243043E-007
          5207.23     -1.3966122E-007
          5218.52     -1.3692775E-007
          5229.80     -1.3422133E-007
          5241.09     -1.3153326E-007
          5252.38     -1.2885478E-007
          5263.67     -1.2617709E-007
          5274.96     -1.2349134E-007
          5286.25     -1.2078860E-007
          5297.54     -1.1810786E-007
          5308.83     -1.1548902E-007
          5320.12     -1.1292447E-007
          5331.41     -1.1040664E-007
          5342.70     -1.0792798E-007
          5353.98     -1.0548096E-007
          5365.27     -1.0305806E-007
          5376.56     -1.0065174E-007
          5387.85     -9.8254465E-008
          5399.14     -9.5858656E-008
          5410.43     -9.3456703E-008
          5421.72     -9.1040950E-008
          5433.01     -8.8642850E-008
          5444.30     -8.6294429E-008
          5455.59     -8.3988898E-008
          5466.88     -8.1719496E-008
          5478.16     -7.9479491E-008
          5489.45     -7.7262170E-008
          5500.74     -7.5060825E-008
          5512.03     -7.2868754E-008
          5523.32     -7.0679238E-008
          5534.61     -6.8485542E-008
          5545.90     -6.6280904E-008
          5557.19     -6.4058525E-008
          5568.48     -6.1811561E-008
          5579.77     -5.9560029E-008
          5591.05     -5.7324182E-008
          5602.34     -5.5097512E-008
          5613.63     -5.2873511E-008
          5624.92     -5.0645667E-008
          5636.21     -4.8407465E-008
          5647.50     -4.6152367E-008
          5658.79     -4.3873808E-008
          5670.08     -4.1565191E-008
          5681.37     -3.9219975E-008
          5692.66     -3.6831693E-008
          5703.95     -3.4393853E-008
          5715.23     -3.1985007E-008
          5726.52     -2.9684117E-008
          5737.81     -2.7485404E-008
          5749.10     -2.5383258E-008
          5760.39     -2.3372232E-008
          5771.68     -2.1447030E-008
          5782.97     -1.9602501E-008
          5794.26     -1.7833559E-008
          5805.55     -1.6135177E-008
          5816.84     -1.4502449E-008
          5828.12     -1.2930567E-008
          5839.41     -1.1414827E-008
          5850.70     -9.9747830E-009
          5861.99     -8.6298999E-009
          5873.28     -7.3755230E-009
          5884.57     -6.2071325E-009
          5895.86     -5.1203417E-009
          5907.15     -4.1108932E-009
          5918.44     -3.1746623E-009
          5929.73     -2.3076575E-009
          5941.02     -1.5060004E-009
          5952.30     -7.6592069E-010
          5963.59     -8.3753464E-011
          5974.88      5.4406754E-010
          5986.17      1.1210094E-009
          5997.46      1.6504443E-009
          6008.75      2.1356590E-009
          6020.04      2.5798567E-009
          6031.33      2.9720358E-009
          6042.62      3.3017090E-009
          6053.91      3.5727197E-009
          6065.20      3.7888158E-009
          6076.48      3.9536560E-009
          6087.77      4.0708174E-009
          6099.06      4.1438023E-009
          6110.35      4.1760422E-009
          6121.64      4.1709022E-009
          6132.93      4.1316809E-009
          6144.22      4.0616100E-009
          6155.51      3.9606104E-009
          6166.80      3.8288659E-009
          6178.09      3.6699110E-009
          6189.38      3.4872297E-009
          6200.66      3.2842672E-009
          6211.95      3.0644372E-009
          6223.24      2.8311265E-009
          6234.53      2.5877002E-009
          6245.82      2.3375053E-009
          6257.11      2.0838755E-009
          6268.40      1.8337286E-009
          6279.69      1.5925807E-009
          6290.98      1.3610084E-009
          6302.27      1.1388976E-009
          6313.55      9.2614562E-010
          6324.84      7.2266217E-010
          6336.13      5.2836790E-010
          6347.42      3.4319500E-010
          6358.71      1.6708746E-010
          6370.00     -1.3745087E-042
