          3480.00     -3.0965692E-035
          3491.29      2.2776036E-010
          3502.58      4.6065086E-010
          3513.87      6.9561144E-010
          3525.16      9.2960332E-010
          3536.45      1.1595929E-009
          3547.73      1.3825341E-009
          3559.02      1.5953510E-009
          3570.31      1.7949228E-009
          3581.60      1.9780664E-009
          3592.89      2.1415210E-009
          3604.18      2.2819316E-009
          3615.47      2.4125393E-009
          3626.76      2.5489351E-009
          3638.05      2.6912182E-009
          3649.34      2.8394982E-009
          3660.62      2.9938956E-009
          3671.91      3.1545413E-009
          3683.20      3.3215755E-009
          3694.49      3.4951485E-009
          3705.78      3.6754189E-009
          3717.07      3.8625550E-009
          3728.36      4.0567336E-009
          3739.65      4.2581394E-009
          3750.94      4.4693630E-009
          3762.23      4.6930719E-009
          3773.52      4.9295939E-009
          3784.80      5.1792854E-009
          3796.09      5.4425311E-009
          3807.38      5.7197450E-009
          3818.67      6.0113698E-009
          3829.96      6.3178768E-009
          3841.25      6.6397675E-009
          3852.54      6.9775728E-009
          3863.83      7.3318538E-009
          3875.12      7.7032030E-009
          3886.41      8.0922428E-009
          3897.70      8.5010313E-009
          3908.98      8.9316431E-009
          3920.27      9.3847827E-009
          3931.56      9.8612011E-009
          3942.85      1.0361695E-008
          3954.14      1.0887106E-008
          3965.43      1.1438326E-008
          3976.72      1.2016293E-008
          3988.01      1.2621993E-008
          3999.30      1.3256465E-008
          4010.59      1.3920798E-008
          4021.88      1.4616131E-008
          4033.16      1.5344236E-008
          4044.45      1.6106924E-008
          4055.74      1.6905490E-008
          4067.03      1.7741290E-008
          4078.32      1.8615746E-008
          4089.61      1.9530343E-008
          4100.90      2.0486634E-008
          4112.19      2.1486243E-008
          4123.48      2.2530862E-008
          4134.77      2.3622259E-008
          4146.05      2.4762275E-008
          4157.34      2.5952829E-008
          4168.63      2.7195919E-008
          4179.92      2.8493627E-008
          4191.21      2.9848117E-008
          4202.50      3.1261641E-008
          4213.79      3.2736543E-008
          4225.08      3.4275256E-008
          4236.37      3.5880314E-008
          4247.66      3.7554342E-008
          4258.95      3.9300074E-008
          4270.23      4.1120347E-008
          4281.52      4.3018104E-008
          4292.81      4.4996402E-008
          4304.10      4.7058416E-008
          4315.39      4.9206681E-008
          4326.68      5.1443883E-008
          4337.97      5.3773595E-008
          4349.26      5.6199524E-008
          4360.55      5.8725506E-008
          4371.84      6.1355508E-008
          4383.12      6.4093642E-008
          4394.41      6.6944165E-008
          4405.70      6.9911486E-008
          4416.99      7.3000168E-008
          4428.28      7.6214932E-008
          4439.57      7.9560669E-008
          4450.86      8.3040055E-008
          4462.15      8.6656021E-008
          4473.44      9.0414116E-008
          4484.73      9.4320059E-008
          4496.02      9.8379753E-008
          4507.30      1.0259929E-007
          4518.59      1.0698496E-007
          4529.88      1.1154326E-007
          4541.17      1.1628088E-007
          4552.46      1.2120476E-007
          4563.75      1.2632202E-007
          4575.04      1.3164007E-007
          4586.33      1.3716653E-007
          4597.62      1.4290458E-007
          4608.91      1.4885784E-007
          4620.20      1.5503498E-007
          4631.48      1.6144492E-007
          4642.77      1.6809682E-007
          4654.06      1.7500014E-007
          4665.35      1.8216461E-007
          4676.64      1.8960024E-007
          4687.93      1.9731737E-007
          4699.22      2.0532662E-007
          4710.51      2.1363898E-007
          4721.80      2.2226576E-007
          4733.09      2.3120658E-007
          4744.38      2.4046191E-007
          4755.66      2.5004486E-007
          4766.95      2.5996882E-007
          4778.24      2.7024755E-007
          4789.53      2.8089513E-007
          4800.82      2.9192606E-007
          4812.11      3.0335518E-007
          4823.40      3.1519776E-007
          4834.69      3.2746949E-007
          4845.98      3.4018647E-007
          4857.27      3.5336529E-007
          4868.55      3.6702300E-007
          4879.84      3.8115245E-007
          4891.13      3.9574808E-007
          4902.42      4.1082993E-007
          4913.71      4.2641842E-007
          4925.00      4.4253445E-007
          4936.29      4.5919939E-007
          4947.58      4.7643508E-007
          4958.87      4.9426391E-007
          4970.16      5.1270873E-007
          4981.45      5.3179303E-007
          4992.73      5.5154087E-007
          5004.02      5.7197688E-007
          5015.31      5.9307074E-007
          5026.60      6.1479520E-007
          5037.89      6.3718036E-007
          5049.18      6.6025678E-007
          5060.47      6.8405548E-007
          5071.76      7.0860803E-007
          5083.05      7.3394658E-007
          5094.34      7.6010383E-007
          5105.62      7.8711316E-007
          5116.91      8.1500860E-007
          5128.20      8.4382490E-007
          5139.49      8.7359759E-007
          5150.78      9.0424779E-007
          5162.07      9.3570284E-007
          5173.36      9.6800825E-007
          5184.65      1.0012098E-006
          5195.94      1.0353540E-006
          5207.23      1.0704875E-006
          5218.52      1.1066578E-006
          5229.80      1.1439129E-006
          5241.09      1.1823014E-006
          5252.38      1.2218729E-006
          5263.67      1.2626774E-006
          5274.96      1.3047660E-006
          5286.25      1.3481907E-006
          5297.54      1.3927659E-006
          5308.83      1.4383187E-006
          5320.12      1.4849206E-006
          5331.41      1.5326434E-006
          5342.70      1.5815591E-006
          5353.98      1.6317401E-006
          5365.27      1.6832590E-006
          5376.56      1.7361891E-006
          5387.85      1.7906043E-006
          5399.14      1.8465791E-006
          5410.43      1.9041891E-006
          5421.72      1.9635102E-006
          5433.01      2.0241304E-006
          5444.30      2.0856643E-006
          5455.59      2.1482283E-006
          5466.88      2.2119380E-006
          5478.16      2.2769088E-006
          5489.45      2.3432555E-006
          5500.74      2.4110929E-006
          5512.03      2.4805355E-006
          5523.32      2.5516984E-006
          5534.61      2.6246967E-006
          5545.90      2.6996461E-006
          5557.19      2.7766629E-006
          5568.48      2.8558642E-006
          5579.77      2.9363162E-006
          5591.05      3.0171476E-006
          5602.34      3.0985676E-006
          5613.63      3.1807827E-006
          5624.92      3.2639977E-006
          5636.21      3.3484149E-006
          5647.50      3.4342354E-006
          5658.79      3.5216589E-006
          5670.08      3.6108842E-006
          5681.37      3.7021123E-006
          5692.66      3.7955462E-006
          5703.95      3.8913887E-006
          5715.23      3.9656900E-006
          5726.52      3.9961038E-006
          5737.81      3.9851606E-006
          5749.10      3.9352917E-006
          5760.39      3.8488338E-006
          5771.68      3.7280337E-006
          5782.97      3.5750524E-006
          5794.26      3.3919587E-006
          5805.55      3.1807388E-006
          5816.84      2.9433186E-006
          5828.12      2.6815663E-006
          5839.41      2.3972982E-006
          5850.70      2.0837742E-006
          5861.99      1.7352235E-006
          5873.28      1.3548238E-006
          5884.57      9.4568228E-007
          5895.86      5.1084320E-007
          5907.15      5.3294838E-008
          5918.44     -4.2401856E-007
          5929.73     -9.1819339E-007
          5941.02     -1.4263739E-006
          5952.30     -1.9457478E-006
          5963.59     -2.4735393E-006
          5974.88     -3.0070048E-006
          5986.17     -3.5434255E-006
          5997.46     -4.0801046E-006
          6008.75     -4.6143691E-006
          6020.04     -5.1435635E-006
          6031.33     -5.6699797E-006
          6042.62     -6.1944062E-006
          6053.91     -6.7119622E-006
          6065.20     -7.2177796E-006
          6076.48     -7.7069984E-006
          6087.77     -8.1747562E-006
          6099.06     -8.6161732E-006
          6110.35     -9.0263366E-006
          6121.64     -9.4002907E-006
          6132.93     -9.7330197E-006
          6144.22     -1.0019455E-005
          6155.51     -1.0253600E-005
          6166.80     -1.0428681E-005
          6178.09     -1.0538409E-005
          6189.38     -1.0576425E-005
          6200.66     -1.0536267E-005
          6211.95     -1.0411346E-005
          6223.24     -1.0194937E-005
          6234.53     -9.8801712E-006
          6245.82     -9.4600240E-006
          6257.11     -8.9273056E-006
          6268.40     -8.3021035E-006
          6279.69     -7.6144819E-006
          6290.98     -6.8697543E-006
          6302.27     -6.0673697E-006
          6313.55     -5.2066856E-006
          6324.84     -4.2869714E-006
          6336.13     -3.3074039E-006
          6347.42     -2.2670692E-006
          6358.71     -1.1649661E-006
          6370.00      0.0000000E+000
