          3480.00     -2.3059593E-004
          3491.29     -2.2386438E-004
          3502.58     -2.1641477E-004
          3513.87     -2.0841604E-004
          3525.16     -2.0002956E-004
          3536.45     -1.9141055E-004
          3547.73     -1.8270936E-004
          3559.02     -1.7407283E-004
          3570.31     -1.6564538E-004
          3581.60     -1.5757027E-004
          3592.89     -1.4973360E-004
          3604.18     -1.4195159E-004
          3615.47     -1.3426186E-004
          3626.76     -1.2670195E-004
          3638.05     -1.1930867E-004
          3649.34     -1.1211853E-004
          3660.62     -1.0516797E-004
          3671.91     -9.8493745E-005
          3683.20     -9.2133235E-005
          3694.49     -8.6124730E-005
          3705.78     -8.0507770E-005
          3717.07     -7.5323415E-005
          3728.36     -7.0497600E-005
          3739.65     -6.5936580E-005
          3750.94     -6.1654700E-005
          3762.23     -5.7669433E-005
          3773.52     -5.3999502E-005
          3784.80     -5.0665021E-005
          3796.09     -4.7563906E-005
          3807.38     -4.4576136E-005
          3818.67     -4.1697328E-005
          3829.96     -3.8926035E-005
          3841.25     -3.6261153E-005
          3852.54     -3.3701934E-005
          3863.83     -3.1248007E-005
          3875.12     -2.8899388E-005
          3886.41     -2.6656505E-005
          3897.70     -2.4520202E-005
          3908.98     -2.2491767E-005
          3920.27     -2.0572955E-005
          3931.56     -1.8765996E-005
          3942.85     -1.7073630E-005
          3954.14     -1.5499123E-005
          3965.43     -1.4046291E-005
          3976.72     -1.2719539E-005
          3988.01     -1.1523878E-005
          3999.30     -1.0464961E-005
          4010.59     -9.5062063E-006
          4021.88     -8.6041368E-006
          4033.16     -7.7557757E-006
          4044.45     -6.9608672E-006
          4055.74     -6.2194077E-006
          4067.03     -5.5316503E-006
          4078.32     -4.8981048E-006
          4089.61     -4.3195438E-006
          4100.90     -3.7970095E-006
          4112.19     -3.3318165E-006
          4123.48     -2.9255613E-006
          4134.77     -2.5801293E-006
          4146.05     -2.2785444E-006
          4157.34     -2.0004899E-006
          4168.63     -1.7439107E-006
          4179.92     -1.5086347E-006
          4191.21     -1.2945928E-006
          4202.50     -1.1018181E-006
          4213.79     -9.3044683E-007
          4225.08     -7.8071874E-007
          4236.37     -6.5297794E-007
          4247.66     -5.4767470E-007
          4258.95     -4.6536651E-007
          4270.23     -4.0672053E-007
          4281.52     -3.6281715E-007
          4292.81     -3.2328220E-007
          4304.10     -2.8710886E-007
          4315.39     -2.5420915E-007
          4326.68     -2.2450996E-007
          4337.97     -1.9795285E-007
          4349.26     -1.7449360E-007
          4360.55     -1.5410211E-007
          4371.84     -1.3676215E-007
          4383.12     -1.2247123E-007
          4394.41     -1.1124064E-007
          4405.70     -1.0309529E-007
          4416.99     -9.6934561E-008
          4428.28     -9.1412213E-008
          4439.57     -8.6291989E-008
          4450.86     -8.1542205E-008
          4462.15     -7.7132601E-008
          4473.44     -7.3034191E-008
          4484.73     -6.9219153E-008
          4496.02     -6.5660713E-008
          4507.30     -6.2333032E-008
          4518.59     -5.9211104E-008
          4529.88     -5.6270645E-008
          4541.17     -5.3487994E-008
          4552.46     -5.0840034E-008
          4563.75     -4.8309621E-008
          4575.04     -4.5882591E-008
          4586.33     -4.3539705E-008
          4597.62     -4.1259559E-008
          4608.91     -3.9020918E-008
          4620.20     -3.6802623E-008
          4631.48     -3.4583520E-008
          4642.77     -3.2342383E-008
          4654.06     -3.0057829E-008
          4665.35     -2.7708247E-008
          4676.64     -2.5271720E-008
          4687.93     -2.2725948E-008
          4699.22     -2.0126734E-008
          4710.51     -1.7615471E-008
          4721.80     -1.5259194E-008
          4733.09     -1.3043477E-008
          4744.38     -1.0954450E-008
          4755.66     -8.9787526E-009
          4766.95     -7.1034832E-009
          4778.24     -5.3161485E-009
          4789.53     -3.6046248E-009
          4800.82     -1.9571041E-009
          4812.11     -3.6205705E-010
          4823.40      1.1918045E-009
          4834.69      2.6944977E-009
          4845.98      4.1159568E-009
          4857.27      5.4460219E-009
          4868.55      6.6931395E-009
          4879.84      7.8653926E-009
          4891.13      8.9705367E-009
          4902.42      1.0016024E-008
          4913.71      1.1009030E-008
          4925.00      1.1956479E-008
          4936.29      1.2856338E-008
          4947.58      1.3696604E-008
          4958.87      1.4473407E-008
          4970.16      1.5192006E-008
          4981.45      1.5857387E-008
          4992.73      1.6474287E-008
          5004.02      1.7047203E-008
          5015.31      1.7580415E-008
          5026.60      1.8077997E-008
          5037.89      1.8543834E-008
          5049.18      1.8981635E-008
          5060.47      1.9394946E-008
          5071.76      1.9782944E-008
          5083.05      2.0138299E-008
          5094.34      2.0457608E-008
          5105.62      2.0743522E-008
          5116.91      2.0998513E-008
          5128.20      2.1224886E-008
          5139.49      2.1424788E-008
          5150.78      2.1600209E-008
          5162.07      2.1752999E-008
          5173.36      2.1884869E-008
          5184.65      2.1997401E-008
          5195.94      2.2092049E-008
          5207.23      2.2170152E-008
          5218.52      2.2232121E-008
          5229.80      2.2276767E-008
          5241.09      2.2303646E-008
          5252.38      2.2313723E-008
          5263.67      2.2307857E-008
          5274.96      2.2286795E-008
          5286.25      2.2251184E-008
          5297.54      2.2201568E-008
          5308.83      2.2138393E-008
          5320.12      2.2062012E-008
          5331.41      2.1972681E-008
          5342.70      2.1870569E-008
          5353.98      2.1756279E-008
          5365.27      2.1632521E-008
          5376.56      2.1501562E-008
          5387.85      2.1363524E-008
          5399.14      2.1218464E-008
          5410.43      2.1066368E-008
          5421.72      2.0907156E-008
          5433.01      2.0740683E-008
          5444.30      2.0566738E-008
          5455.59      2.0385045E-008
          5466.88      2.0195263E-008
          5478.16      1.9996987E-008
          5489.45      1.9789745E-008
          5500.74      1.9573000E-008
          5512.03      1.9346150E-008
          5523.32      1.9108527E-008
          5534.61      1.8859392E-008
          5545.90      1.8598604E-008
          5557.19      1.8329804E-008
          5568.48      1.8056114E-008
          5579.77      1.7776880E-008
          5591.05      1.7491400E-008
          5602.34      1.7198926E-008
          5613.63      1.6898661E-008
          5624.92      1.6589756E-008
          5636.21      1.6271312E-008
          5647.50      1.5942377E-008
          5658.79      1.5601943E-008
          5670.08      1.5248948E-008
          5681.37      1.4882282E-008
          5692.66      1.4501312E-008
          5703.95      1.4117654E-008
          5715.23      1.3748004E-008
          5726.52      1.3399612E-008
          5737.81      1.3079681E-008
          5749.10      1.2795384E-008
          5760.39      1.2553439E-008
          5771.68      1.2346608E-008
          5782.97      1.2149189E-008
          5794.26      1.1945785E-008
          5805.55      1.1736364E-008
          5816.84      1.1520862E-008
          5828.12      1.1299181E-008
          5839.41      1.1071188E-008
          5850.70      1.0836719E-008
          5861.99      1.0595576E-008
          5873.28      1.0347530E-008
          5884.57      1.0092393E-008
          5895.86      9.8309974E-009
          5907.15      9.5643266E-009
          5918.44      9.2924273E-009
          5929.73      9.0153224E-009
          5941.02      8.7330079E-009
          5952.30      8.4454535E-009
          5963.59      8.1526482E-009
          5974.88      7.8554187E-009
          5986.17      7.5548175E-009
          5997.46      7.2511705E-009
          6008.75      6.9447810E-009
          6020.04      6.6359323E-009
          6031.33      6.3248843E-009
          6042.62      6.0118759E-009
          6053.91      5.6971322E-009
          6065.20      5.3808901E-009
          6076.48      5.0642905E-009
          6087.77      4.7487602E-009
          6099.06      4.4349685E-009
          6110.35      4.1235816E-009
          6121.64      3.8152649E-009
          6132.93      3.5106884E-009
          6144.22      3.2105423E-009
          6155.51      2.9168011E-009
          6166.80      2.6317442E-009
          6178.09      2.3565312E-009
          6189.38      2.0923301E-009
          6200.66      1.8403292E-009
          6211.95      1.6017423E-009
          6223.24      1.3778270E-009
          6234.53      1.1720761E-009
          6245.82      9.8833654E-010
          6257.11      8.2846734E-010
          6268.40      6.9437975E-010
          6279.69      5.8794411E-010
          6290.98      4.9828631E-010
          6302.27      4.1335820E-010
          6313.55      3.3326547E-010
          6324.84      2.5812488E-010
          6336.13      1.8806405E-010
          6347.42      1.2322082E-010
          6358.71      6.1348803E-011
          6370.00     -4.2609348E-044
