          3480.00     -4.7911740E-038
          3491.29     -1.6223568E-007
          3502.58     -3.2306211E-007
          3513.87     -4.8216323E-007
          3525.16     -6.3922371E-007
          3536.45     -7.9392960E-007
          3547.73     -9.4596779E-007
          3559.02     -1.0950254E-006
          3570.31     -1.2407904E-006
          3581.60     -1.3829511E-006
          3592.89     -1.5217987E-006
          3604.18     -1.6577401E-006
          3615.47     -1.7906345E-006
          3626.76     -1.9203381E-006
          3638.05     -2.0467065E-006
          3649.34     -2.1695952E-006
          3660.62     -2.2888591E-006
          3671.91     -2.4043531E-006
          3683.20     -2.5159314E-006
          3694.49     -2.6234479E-006
          3705.78     -2.7267558E-006
          3717.07     -2.8257079E-006
          3728.36     -2.9205905E-006
          3739.65     -3.0117368E-006
          3750.94     -3.0990660E-006
          3762.23     -3.1824888E-006
          3773.52     -3.2619148E-006
          3784.80     -3.3372532E-006
          3796.09     -3.4089402E-006
          3807.38     -3.4774637E-006
          3818.67     -3.5428028E-006
          3829.96     -3.6049237E-006
          3841.25     -3.6637919E-006
          3852.54     -3.7193719E-006
          3863.83     -3.7716275E-006
          3875.12     -3.8205216E-006
          3886.41     -3.8660163E-006
          3897.70     -3.9080727E-006
          3908.98     -3.9466514E-006
          3920.27     -3.9817119E-006
          3931.56     -4.0132129E-006
          3942.85     -4.0411123E-006
          3954.14     -4.0653674E-006
          3965.43     -4.0859345E-006
          3976.72     -4.1027692E-006
          3988.01     -4.1158262E-006
          3999.30     -4.1250594E-006
          4010.59     -4.1307724E-006
          4021.88     -4.1333095E-006
          4033.16     -4.1326747E-006
          4044.45     -4.1288499E-006
          4055.74     -4.1218161E-006
          4067.03     -4.1115537E-006
          4078.32     -4.0980424E-006
          4089.61     -4.0812609E-006
          4100.90     -4.0611875E-006
          4112.19     -4.0377995E-006
          4123.48     -4.0110736E-006
          4134.77     -3.9809859E-006
          4146.05     -3.9476951E-006
          4157.34     -3.9113876E-006
          4168.63     -3.8720713E-006
          4179.92     -3.8297363E-006
          4191.21     -3.7843720E-006
          4202.50     -3.7359673E-006
          4213.79     -3.6845104E-006
          4225.08     -3.6299890E-006
          4236.37     -3.5723898E-006
          4247.66     -3.5116995E-006
          4258.95     -3.4479037E-006
          4270.23     -3.3809876E-006
          4281.52     -3.3110001E-006
          4292.81     -3.2379996E-006
          4304.10     -3.1619832E-006
          4315.39     -3.0829432E-006
          4326.68     -3.0008716E-006
          4337.97     -2.9157598E-006
          4349.26     -2.8275984E-006
          4360.55     -2.7363776E-006
          4371.84     -2.6420873E-006
          4383.12     -2.5447168E-006
          4394.41     -2.4442545E-006
          4405.70     -2.3406888E-006
          4416.99     -2.2339748E-006
          4428.28     -2.1240609E-006
          4439.57     -2.0109276E-006
          4450.86     -1.8945626E-006
          4462.15     -1.7749534E-006
          4473.44     -1.6520866E-006
          4484.73     -1.5259484E-006
          4496.02     -1.3965248E-006
          4507.30     -1.2638009E-006
          4518.59     -1.1277618E-006
          4529.88     -9.8839169E-007
          4541.17     -8.4567442E-007
          4552.46     -6.9959368E-007
          4563.75     -5.5013381E-007
          4575.04     -3.9727951E-007
          4586.33     -2.4101358E-007
          4597.62     -8.1317503E-008
          4608.91      8.1827241E-008
          4620.20      2.4844004E-007
          4631.48      4.1854074E-007
          4642.77      5.9214914E-007
          4654.06      7.6928593E-007
          4665.35      9.4997207E-007
          4676.64      1.1342289E-006
          4687.93      1.3220785E-006
          4699.22      1.5134166E-006
          4710.51      1.7079892E-006
          4721.80      1.9056700E-006
          4733.09      2.1064848E-006
          4744.38      2.3104600E-006
          4755.66      2.5176224E-006
          4766.95      2.7279988E-006
          4778.24      2.9416167E-006
          4789.53      3.1585032E-006
          4800.82      3.3786865E-006
          4812.11      3.6021949E-006
          4823.40      3.8290563E-006
          4834.69      4.0592035E-006
          4845.98      4.2924736E-006
          4857.27      4.5288017E-006
          4868.55      4.7682199E-006
          4879.84      5.0107599E-006
          4891.13      5.2564543E-006
          4902.42      5.5053360E-006
          4913.71      5.7574373E-006
          4925.00      6.0127914E-006
          4936.29      6.2713466E-006
          4947.58      6.5329499E-006
          4958.87      6.7975359E-006
          4970.16      7.0651408E-006
          4981.45      7.3358017E-006
          4992.73      7.6095559E-006
          5004.02      7.8864400E-006
          5015.31      8.1664917E-006
          5026.60      8.4497487E-006
          5037.89      8.7362487E-006
          5049.18      9.0260298E-006
          5060.47      9.3191297E-006
          5071.76      9.6154544E-006
          5083.05      9.9146884E-006
          5094.34      1.0216652E-005
          5105.62      1.0521390E-005
          5116.91      1.0828950E-005
          5128.20      1.1139375E-005
          5139.49      1.1452713E-005
          5150.78      1.1769008E-005
          5162.07      1.2088307E-005
          5173.36      1.2410655E-005
          5184.65      1.2736099E-005
          5195.94      1.3064684E-005
          5207.23      1.3396458E-005
          5218.52      1.3731296E-005
          5229.80      1.4068665E-005
          5241.09      1.4408207E-005
          5252.38      1.4749983E-005
          5263.67      1.5094053E-005
          5274.96      1.5440478E-005
          5286.25      1.5789319E-005
          5297.54      1.6140635E-005
          5308.83      1.6494488E-005
          5320.12      1.6850938E-005
          5331.41      1.7210045E-005
          5342.70      1.7571870E-005
          5353.98      1.7936205E-005
          5365.27      1.8301853E-005
          5376.56      1.8667915E-005
          5387.85      1.9034486E-005
          5399.14      1.9401667E-005
          5410.43      1.9769554E-005
          5421.72      2.0138246E-005
          5433.01      2.0507839E-005
          5444.30      2.0878432E-005
          5455.59      2.1250120E-005
          5466.88      2.1623000E-005
          5478.16      2.1997170E-005
          5489.45      2.2372725E-005
          5500.74      2.2749762E-005
          5512.03      2.3128376E-005
          5523.32      2.3508664E-005
          5534.61      2.3890721E-005
          5545.90      2.4274331E-005
          5557.19      2.4657315E-005
          5568.48      2.5037868E-005
          5579.77      2.5416185E-005
          5591.05      2.5792463E-005
          5602.34      2.6166897E-005
          5613.63      2.6539681E-005
          5624.92      2.6911009E-005
          5636.21      2.7281072E-005
          5647.50      2.7650066E-005
          5658.79      2.8018179E-005
          5670.08      2.8385605E-005
          5681.37      2.8752537E-005
          5692.66      2.9117624E-005
          5703.95      2.9413500E-005
          5715.23      2.9577172E-005
          5726.52      2.9613102E-005
          5737.81      2.9525713E-005
          5749.10      2.9319393E-005
          5760.39      2.8999355E-005
          5771.68      2.8594204E-005
          5782.97      2.8155197E-005
          5794.26      2.7708151E-005
          5805.55      2.7253405E-005
          5816.84      2.6791300E-005
          5828.12      2.6322170E-005
          5839.41      2.5846352E-005
          5850.70      2.5364179E-005
          5861.99      2.4875981E-005
          5873.28      2.4382089E-005
          5884.57      2.3882686E-005
          5895.86      2.3375792E-005
          5907.15      2.2859728E-005
          5918.44      2.2335071E-005
          5929.73      2.1802401E-005
          5941.02      2.1262299E-005
          5952.30      2.0715339E-005
          5963.59      2.0161993E-005
          5974.88      1.9600795E-005
          5986.17      1.9030563E-005
          5997.46      1.8452150E-005
          6008.75      1.7866401E-005
          6020.04      1.7274155E-005
          6031.33      1.6676228E-005
          6042.62      1.6073413E-005
          6053.91      1.5466503E-005
          6065.20      1.4856247E-005
          6076.48      1.4242219E-005
          6087.77      1.3624235E-005
          6099.06      1.3003376E-005
          6110.35      1.2380719E-005
          6121.64      1.1757342E-005
          6132.93      1.1134335E-005
          6144.22      1.0512794E-005
          6155.51      9.8935531E-006
          6166.80      9.2776581E-006
          6178.09      8.6664872E-006
          6189.38      8.0613907E-006
          6200.66      7.4637110E-006
          6211.95      6.8747900E-006
          6223.24      6.2959732E-006
          6234.53      5.7294409E-006
          6245.82      5.1776083E-006
          6257.11      4.6421791E-006
          6268.40      4.1248586E-006
          6279.69      3.6272997E-006
          6290.98      3.1442680E-006
          6302.27      2.6695671E-006
          6313.55      2.2033760E-006
          6324.84      1.7458760E-006
          6336.13      1.2972479E-006
          6347.42      8.5767347E-007
          6358.71      4.2577500E-007
          6370.00      0.0000000E+000
