          3480.00     -1.4476727E-032
          3491.29      3.5344837E-012
          3502.58      7.2907786E-012
          3513.87      1.1252684E-011
          3525.16      1.5405918E-011
          3536.45      1.9737850E-011
          3547.73      2.4237216E-011
          3559.02      2.8893849E-011
          3570.31      3.3698458E-011
          3581.60      3.8642385E-011
          3592.89      4.3746937E-011
          3604.18      4.9049578E-011
          3615.47      5.4566664E-011
          3626.76      6.0315129E-011
          3638.05      6.6312582E-011
          3649.34      7.2577320E-011
          3660.62      7.9128386E-011
          3671.91      8.5985576E-011
          3683.20      9.3169479E-011
          3694.49      1.0070151E-010
          3705.78      1.0860393E-010
          3717.07      1.1689988E-010
          3728.36      1.2561774E-010
          3739.65      1.3479202E-010
          3750.94      1.4445674E-010
          3762.23      1.5464706E-010
          3773.52      1.6539945E-010
          3784.80      1.7675177E-010
          3796.09      1.8874959E-010
          3807.38      2.0144531E-010
          3818.67      2.1488961E-010
          3829.96      2.2913507E-010
          3841.25      2.4423647E-010
          3852.54      2.6025100E-010
          3863.83      2.7723839E-010
          3875.12      2.9526117E-010
          3886.41      3.1438475E-010
          3897.70      3.3467772E-010
          3908.98      3.5621206E-010
          3920.27      3.7906321E-010
          3931.56      4.0331045E-010
          3942.85      4.2903702E-010
          3954.14      4.5633040E-010
          3965.43      4.8528251E-010
          3976.72      5.1598988E-010
          3988.01      5.4855409E-010
          3999.30      5.8308188E-010
          4010.59      6.1978878E-010
          4021.88      6.5890454E-010
          4033.16      7.0056286E-010
          4044.45      7.4489738E-010
          4055.74      7.9205024E-010
          4067.03      8.4217218E-010
          4078.32      8.9542322E-010
          4089.61      9.5197289E-010
          4100.90      1.0120005E-009
          4112.19      1.0756957E-009
          4123.48      1.1432591E-009
          4134.77      1.2149024E-009
          4146.05      1.2911642E-009
          4157.34      1.3726266E-009
          4168.63      1.4595688E-009
          4179.92      1.5522490E-009
          4191.21      1.6509444E-009
          4202.50      1.7559520E-009
          4213.79      1.8675890E-009
          4225.08      1.9861937E-009
          4236.37      2.1121262E-009
          4247.66      2.2457688E-009
          4258.95      2.3875276E-009
          4270.23      2.5378328E-009
          4281.52      2.6980553E-009
          4292.81      2.8696909E-009
          4304.10      3.0533407E-009
          4315.39      3.2495222E-009
          4326.68      3.4587967E-009
          4337.97      3.6817697E-009
          4349.26      3.9190934E-009
          4360.55      4.1714672E-009
          4371.84      4.4396388E-009
          4383.12      4.7244069E-009
          4394.41      5.0266221E-009
          4405.70      5.3471894E-009
          4416.99      5.6881384E-009
          4428.28      6.0517759E-009
          4439.57      6.4393932E-009
          4450.86      6.8521117E-009
          4462.15      7.2911343E-009
          4473.44      7.7577503E-009
          4484.73      8.2533366E-009
          4496.02      8.7793611E-009
          4507.30      9.3373865E-009
          4518.59      9.9290723E-009
          4529.88      1.0556181E-008
          4541.17      1.1220582E-008
          4552.46      1.1924252E-008
          4563.75      1.2669232E-008
          4575.04      1.3457654E-008
          4586.33      1.4291835E-008
          4597.62      1.5174246E-008
          4608.91      1.6107497E-008
          4620.20      1.7094339E-008
          4631.48      1.8137672E-008
          4642.77      1.9240552E-008
          4654.06      2.0406198E-008
          4665.35      2.1638002E-008
          4676.64      2.2939532E-008
          4687.93      2.4314546E-008
          4699.22      2.5759801E-008
          4710.51      2.7263879E-008
          4721.80      2.8823294E-008
          4733.09      3.0443539E-008
          4744.38      3.2130175E-008
          4755.66      3.3888846E-008
          4766.95      3.5725296E-008
          4778.24      3.7645386E-008
          4789.53      3.9655112E-008
          4800.82      4.1760623E-008
          4812.11      4.3968242E-008
          4823.40      4.6284469E-008
          4834.69      4.8708569E-008
          4845.98      5.1232844E-008
          4857.27      5.3858038E-008
          4868.55      5.6592990E-008
          4879.84      5.9446661E-008
          4891.13      6.2428171E-008
          4902.42      6.5546822E-008
          4913.71      6.8812113E-008
          4925.00      7.2233790E-008
          4936.29      7.5812345E-008
          4947.58      7.9537459E-008
          4958.87      8.3409851E-008
          4970.16      8.7442672E-008
          4981.45      9.1649255E-008
          4992.73      9.6043139E-008
          5004.02      1.0063810E-007
          5015.31      1.0544823E-007
          5026.60      1.1048791E-007
          5037.89      1.1577193E-007
          5049.18      1.2131546E-007
          5060.47      1.2713411E-007
          5071.76      1.3321729E-007
          5083.05      1.3951015E-007
          5094.34      1.4598945E-007
          5105.62      1.5268069E-007
          5116.91      1.5960933E-007
          5128.20      1.6680090E-007
          5139.49      1.7428111E-007
          5150.78      1.8207591E-007
          5162.07      1.9021156E-007
          5173.36      1.9871474E-007
          5184.65      2.0761258E-007
          5195.94      2.1693280E-007
          5207.23      2.2670374E-007
          5218.52      2.3689362E-007
          5229.80      2.4732203E-007
          5241.09      2.5788466E-007
          5252.38      2.6863716E-007
          5263.67      2.7963441E-007
          5274.96      2.9093069E-007
          5286.25      3.0257991E-007
          5297.54      3.1463579E-007
          5308.83      3.2715204E-007
          5320.12      3.4018257E-007
          5331.41      3.5378164E-007
          5342.70      3.6800404E-007
          5353.98      3.8275628E-007
          5365.27      3.9739284E-007
          5376.56      4.1147624E-007
          5387.85      4.2515779E-007
          5399.14      4.3858457E-007
          5410.43      4.5190005E-007
          5421.72      4.6524468E-007
          5433.01      4.7875647E-007
          5444.30      4.9257162E-007
          5455.59      5.0682495E-007
          5466.88      5.2165054E-007
          5478.16      5.3718219E-007
          5489.45      5.5355396E-007
          5500.74      5.7090064E-007
          5512.03      5.8935823E-007
          5523.32      6.0906448E-007
          5534.61      6.3015940E-007
          5545.90      6.5250621E-007
          5557.19      6.7417808E-007
          5568.48      6.9376058E-007
          5579.77      7.1176416E-007
          5591.05      7.2868901E-007
          5602.34      7.4502669E-007
          5613.63      7.6126209E-007
          5624.92      7.7787536E-007
          5636.21      7.9534380E-007
          5647.50      8.1414383E-007
          5658.79      8.3475276E-007
          5670.08      8.5765063E-007
          5681.37      8.8332459E-007
          5692.66      9.1081350E-007
          5703.95      8.7898664E-007
          5715.23      7.4076488E-007
          5726.52      5.1530987E-007
          5737.81      2.2125270E-007
          5749.10     -1.2323277E-007
          5760.39     -5.0007312E-007
          5771.68     -8.8701730E-007
          5782.97     -1.2657551E-006
          5794.26     -1.6316689E-006
          5805.55     -1.9854377E-006
          5816.84     -2.3276816E-006
          5828.12     -2.6589657E-006
          5839.41     -2.9797995E-006
          5850.70     -3.2906394E-006
          5861.99     -3.5918894E-006
          5873.28     -3.8839013E-006
          5884.57     -4.1672945E-006
          5895.86     -4.4479277E-006
          5907.15     -4.7305182E-006
          5918.44     -5.0140483E-006
          5929.73     -5.2974858E-006
          5941.02     -5.5797879E-006
          5952.30     -5.8598966E-006
          5963.59     -6.1370841E-006
          5974.88     -6.4180118E-006
          5986.17     -6.7079164E-006
          5997.46     -7.0040768E-006
          6008.75     -7.3037974E-006
          6020.04     -7.6043972E-006
          6031.33     -7.9032087E-006
          6042.62     -8.1975633E-006
          6053.91     -8.4847658E-006
          6065.20     -8.7623090E-006
          6076.48     -9.0355765E-006
          6087.77     -9.3082823E-006
          6099.06     -9.5754568E-006
          6110.35     -9.8320999E-006
          6121.64     -1.0073161E-005
          6132.93     -1.0293512E-005
          6144.22     -1.0488027E-005
          6155.51     -1.0657429E-005
          6166.80     -1.0800715E-005
          6178.09     -1.0910099E-005
          6189.38     -1.0977703E-005
          6200.66     -1.0995496E-005
          6211.95     -1.0955262E-005
          6223.24     -1.0848587E-005
          6234.53     -1.0668935E-005
          6245.82     -1.0407681E-005
          6257.11     -1.0052889E-005
          6268.40     -9.5923032E-006
          6279.69     -9.0133558E-006
          6290.98     -8.3134328E-006
          6302.27     -7.4970397E-006
          6313.55     -6.5617702E-006
          6324.84     -5.5048220E-006
          6336.13     -4.3229892E-006
          6347.42     -3.0126595E-006
          6358.71     -1.5719811E-006
          6370.00      0.0000000E+000
