          3480.00      0.0000000E+000
          3491.29     -8.9945324E+002
          3502.58     -9.3420989E+002
          3513.87     -9.6658095E+002
          3525.16     -9.9689921E+002
          3536.45     -1.0254491E+003
          3547.73     -1.0524756E+003
          3559.02     -1.0781908E+003
          3570.31     -1.1027799E+003
          3581.60     -1.1264053E+003
          3592.89     -1.1492103E+003
          3604.18     -1.1713225E+003
          3615.47     -1.1928554E+003
          3626.76     -1.2139111E+003
          3638.05     -1.2346423E+003
          3649.34     -1.2551639E+003
          3660.62     -1.2755168E+003
          3671.91     -1.2957436E+003
          3683.20     -1.3158873E+003
          3694.49     -1.3359906E+003
          3705.78     -1.3560949E+003
          3717.07     -1.3762402E+003
          3728.36     -1.3964650E+003
          3739.65     -1.4168063E+003
          3750.94     -1.4372997E+003
          3762.23     -1.4579791E+003
          3773.52     -1.4787630E+003
          3784.80     -1.4996135E+003
          3796.09     -1.5206185E+003
          3807.38     -1.5418551E+003
          3818.67     -1.5633911E+003
          3829.96     -1.5852869E+003
          3841.25     -1.6075969E+003
          3852.54     -1.6303709E+003
          3863.83     -1.6536549E+003
          3875.12     -1.6774919E+003
          3886.41     -1.7019229E+003
          3897.70     -1.7269872E+003
          3908.98     -1.7527233E+003
          3920.27     -1.7791648E+003
          3931.56     -1.8063802E+003
          3942.85     -1.8344786E+003
          3954.14     -1.8635621E+003
          3965.43     -1.8937263E+003
          3976.72     -1.9250622E+003
          3988.01     -1.9576586E+003
          3999.30     -1.9916029E+003
          4010.59     -2.0269830E+003
          4021.88     -2.0638886E+003
          4033.16     -2.1024121E+003
          4044.45     -2.1426501E+003
          4055.74     -2.1847045E+003
          4067.03     -2.2286834E+003
          4078.32     -2.2760886E+003
          4089.61     -2.3283787E+003
          4100.90     -2.3856548E+003
          4112.19     -2.4480853E+003
          4123.48     -2.5159060E+003
          4134.77     -2.5894219E+003
          4146.05     -2.6690118E+003
          4157.34     -2.7551350E+003
          4168.63     -2.8483411E+003
          4179.92     -2.9492824E+003
          4191.21     -3.0587297E+003
          4202.50     -3.1775937E+003
          4213.79     -3.3069508E+003
          4225.08     -3.4566737E+003
          4236.37     -3.6379909E+003
          4247.66     -3.8553361E+003
          4258.95     -4.1150479E+003
          4270.23     -4.4260081E+003
          4281.52     -4.8006771E+003
          4292.81     -5.2567878E+003
          4304.10     -5.8201889E+003
          4315.39     -6.5298368E+003
          4326.68     -7.4470650E+003
          4337.97     -8.6740871E+003
          4349.26     -1.0394593E+004
          4360.55     -1.2974783E+004
          4371.84     -1.7551175E+004
          4383.12     -2.8385164E+004
          4394.41     -8.2204678E+004
          4405.70     -8.3748722E+004
          4416.99     -2.7134382E+004
          4428.28     -1.6030590E+004
          4439.57     -1.1317244E+004
          4450.86     -8.7214185E+003
          4462.15     -7.0836902E+003
          4473.44     -5.9595406E+003
          4484.73     -5.1420854E+003
          4496.02     -4.5220844E+003
          4507.30     -4.0364663E+003
          4518.59     -3.6463023E+003
          4529.88     -3.3249281E+003
          4541.17     -3.0549599E+003
          4552.46     -2.8254213E+003
          4563.75     -2.6281692E+003
          4575.04     -2.4570510E+003
          4586.33     -2.3073417E+003
          4597.62     -2.1753599E+003
          4608.91     -2.0582002E+003
          4620.20     -1.9535421E+003
          4631.48     -1.8595130E+003
          4642.77     -1.7745872E+003
          4654.06     -1.6975104E+003
          4665.35     -1.6272433E+003
          4676.64     -1.5662454E+003
          4687.93     -1.5154437E+003
          4699.22     -1.4723345E+003
          4710.51     -1.4350981E+003
          4721.80     -1.4023848E+003
          4733.09     -1.3731774E+003
          4744.38     -1.3466999E+003
          4755.66     -1.3223551E+003
          4766.95     -1.2996807E+003
          4778.24     -1.2783180E+003
          4789.53     -1.2579884E+003
          4800.82     -1.2384761E+003
          4812.11     -1.2196147E+003
          4823.40     -1.2044907E+003
          4834.69     -1.1951812E+003
          4845.98     -1.1903512E+003
          4857.27     -1.1889783E+003
          4868.55     -1.1902591E+003
          4879.84     -1.1935483E+003
          4891.13     -1.1983183E+003
          4902.42     -1.2041317E+003
          4913.71     -1.2106216E+003
          4925.00     -1.2174787E+003
          4936.29     -1.2244416E+003
          4947.58     -1.2312892E+003
          4958.87     -1.2378362E+003
          4970.16     -1.2462731E+003
          4981.45     -1.2591543E+003
          4992.73     -1.2764872E+003
          5004.02     -1.2976172E+003
          5015.31     -1.3220123E+003
          5026.60     -1.3492266E+003
          5037.89     -1.3788772E+003
          5049.18     -1.4106261E+003
          5060.47     -1.4441688E+003
          5071.76     -1.4792251E+003
          5083.05     -1.5155335E+003
          5094.34     -1.5528468E+003
          5105.62     -1.5909294E+003
          5116.91     -1.6295556E+003
          5128.20     -1.6716633E+003
          5139.49     -1.7200927E+003
          5150.78     -1.7745657E+003
          5162.07     -1.8348988E+003
          5173.36     -1.9009818E+003
          5184.65     -1.9727623E+003
          5195.94     -2.0502345E+003
          5207.23     -2.1334315E+003
          5218.52     -2.2224186E+003
          5229.80     -2.3172896E+003
          5241.09     -2.4181627E+003
          5252.38     -2.5251796E+003
          5263.67     -2.6411005E+003
          5274.96     -2.7690466E+003
          5286.25     -2.9098452E+003
          5297.54     -3.0645070E+003
          5308.83     -3.2342473E+003
          5320.12     -3.4205153E+003
          5331.41     -3.6250326E+003
          5342.70     -3.8498454E+003
          5353.98     -4.0973900E+003
          5365.27     -4.3705789E+003
          5376.56     -4.6729139E+003
          5387.85     -5.0086338E+003
          5399.14     -5.3829111E+003
          5410.43     -5.7963019E+003
          5421.72     -6.2486382E+003
          5433.01     -6.7456227E+003
          5444.30     -7.2941937E+003
          5455.59     -7.9028748E+003
          5466.88     -8.5822547E+003
          5478.16     -9.3456440E+003
          5489.45     -1.0210005E+004
          5500.74     -1.1197287E+004
          5512.03     -1.2336393E+004
          5523.32     -1.3666168E+004
          5534.61     -1.5240047E+004
          5545.90     -1.7133606E+004
          5557.19     -1.9457339E+004
          5568.48     -2.2379420E+004
          5579.77     -2.5791870E+004
          5591.05     -2.9354466E+004
          5602.34     -3.2924799E+004
          5613.63     -3.6336667E+004
          5624.92     -3.9425378E+004
          5636.21     -4.2056739E+004
          5647.50     -4.4150040E+004
          5658.79     -4.5687298E+004
          5670.08     -4.6707328E+004
          5681.37     -4.7290461E+004
          5692.66     -4.7538579E+004
          5703.95     -4.7556680E+004
          5715.23     -8.3507507E+003
          5726.52     -2.4934846E+003
          5737.81     -1.1679757E+003
          5749.10     -6.7065040E+002
          5760.39     -4.3008733E+002
          5771.68     -2.9476799E+002
          5782.97     -2.1066758E+002
          5794.26     -1.5457260E+002
          5805.55     -1.1513892E+002
          5816.84     -8.6273863E+001
          5828.12     -6.4458396E+001
          5839.41     -4.7539723E+001
          5850.70     -3.4137942E+001
          5861.99     -2.3068812E+001
          5873.28     -1.3665659E+001
          5884.57     -5.6924821E+000
          5895.86      1.0729163E+000
          5907.15      6.8250686E+000
          5918.44      1.1728193E+001
          5929.73      1.5918416E+001
          5941.02      1.9507663E+001
          5952.30      2.2587614E+001
          5963.59      2.5233316E+001
          5974.88      2.7506295E+001
          5986.17      2.9457106E+001
          5997.46      3.1127433E+001
          6008.75      3.2572331E+001
          6020.04      3.3829791E+001
          6031.33      3.4910657E+001
          6042.62      3.5825623E+001
          6053.91      3.6584698E+001
          6065.20      3.7196957E+001
          6076.48      3.7670420E+001
          6087.77      3.8011998E+001
          6099.06      3.8227457E+001
          6110.35      3.8321420E+001
          6121.64      3.8297390E+001
          6132.93      3.8157749E+001
          6144.22      3.7903818E+001
          6155.51      3.7537690E+001
          6166.80      3.7059064E+001
          6178.09      3.6464303E+001
          6189.38      3.5748812E+001
          6200.66      3.4906832E+001
          6211.95      3.3931241E+001
          6223.24      3.2813344E+001
          6234.53      3.1542622E+001
          6245.82      3.0106413E+001
          6257.11      2.8489512E+001
          6268.40      2.6673687E+001
          6279.69      2.4637028E+001
          6290.98      2.2353138E+001
          6302.27      1.9839361E+001
          6313.55      1.7125461E+001
          6324.84      1.4198113E+001
          6336.13      1.1041673E+001
          6347.42      7.6378932E+000
          6358.71      3.9655566E+000
          6370.00      0.0000000E+000
