          3480.00      7.6585229E-036
          3491.29     -1.7878532E-007
          3502.58     -3.5643453E-007
          3513.87     -5.3297417E-007
          3525.16     -7.0842958E-007
          3536.45     -8.8282586E-007
          3547.73     -1.0561874E-006
          3559.02     -1.2285375E-006
          3570.31     -1.3998991E-006
          3581.60     -1.5702945E-006
          3592.89     -1.7397452E-006
          3604.18     -1.9082719E-006
          3615.47     -2.0758925E-006
          3626.76     -2.2426237E-006
          3638.05     -2.4084724E-006
          3649.34     -2.5734458E-006
          3660.62     -2.7375613E-006
          3671.91     -2.9008355E-006
          3683.20     -3.0632847E-006
          3694.49     -3.2249245E-006
          3705.78     -3.3857699E-006
          3717.07     -3.5458355E-006
          3728.36     -3.7051358E-006
          3739.65     -3.8636841E-006
          3750.94     -4.0214937E-006
          3762.23     -4.1785776E-006
          3773.52     -4.3350040E-006
          3784.80     -4.4908369E-006
          3796.09     -4.6460812E-006
          3807.38     -4.8007420E-006
          3818.67     -4.9548242E-006
          3829.96     -5.1083322E-006
          3841.25     -5.2612703E-006
          3852.54     -5.4136423E-006
          3863.83     -5.5654516E-006
          3875.12     -5.7167016E-006
          3886.41     -5.8673948E-006
          3897.70     -6.0175338E-006
          3908.98     -6.1671209E-006
          3920.27     -6.3162523E-006
          3931.56     -6.4651736E-006
          3942.85     -6.6140243E-006
          3954.14     -6.7627857E-006
          3965.43     -6.9114392E-006
          3976.72     -7.0599657E-006
          3988.01     -7.2083465E-006
          3999.30     -7.3565626E-006
          4010.59     -7.5045948E-006
          4021.88     -7.6524238E-006
          4033.16     -7.8000303E-006
          4044.45     -7.9473947E-006
          4055.74     -8.0944976E-006
          4067.03     -8.2413187E-006
          4078.32     -8.3884096E-006
          4089.61     -8.5362926E-006
          4100.90     -8.6849044E-006
          4112.19     -8.8341823E-006
          4123.48     -8.9840636E-006
          4134.77     -9.1344860E-006
          4146.05     -9.2853874E-006
          4157.34     -9.4367056E-006
          4168.63     -9.5883788E-006
          4179.92     -9.7403453E-006
          4191.21     -9.8925434E-006
          4202.50     -1.0044912E-005
          4213.79     -1.0197388E-005
          4225.08     -1.0350759E-005
          4236.37     -1.0505761E-005
          4247.66     -1.0662256E-005
          4258.95     -1.0820111E-005
          4270.23     -1.0979190E-005
          4281.52     -1.1139359E-005
          4292.81     -1.1300485E-005
          4304.10     -1.1462435E-005
          4315.39     -1.1625075E-005
          4326.68     -1.1788273E-005
          4337.97     -1.1951897E-005
          4349.26     -1.2115815E-005
          4360.55     -1.2279896E-005
          4371.84     -1.2444645E-005
          4383.12     -1.2610515E-005
          4394.41     -1.2777289E-005
          4405.70     -1.2944754E-005
          4416.99     -1.3112696E-005
          4428.28     -1.3280900E-005
          4439.57     -1.3449153E-005
          4450.86     -1.3617242E-005
          4462.15     -1.3784956E-005
          4473.44     -1.3952080E-005
          4484.73     -1.4118404E-005
          4496.02     -1.4283714E-005
          4507.30     -1.4447799E-005
          4518.59     -1.4610447E-005
          4529.88     -1.4771472E-005
          4541.17     -1.4930681E-005
          4552.46     -1.5087853E-005
          4563.75     -1.5242765E-005
          4575.04     -1.5395196E-005
          4586.33     -1.5544923E-005
          4597.62     -1.5691724E-005
          4608.91     -1.5835376E-005
          4620.20     -1.5975655E-005
          4631.48     -1.6112339E-005
          4642.77     -1.6245203E-005
          4654.06     -1.6374022E-005
          4665.35     -1.6498573E-005
          4676.64     -1.6618795E-005
          4687.93     -1.6734686E-005
          4699.22     -1.6846109E-005
          4710.51     -1.6952921E-005
          4721.80     -1.7054983E-005
          4733.09     -1.7152154E-005
          4744.38     -1.7244289E-005
          4755.66     -1.7331248E-005
          4766.95     -1.7412886E-005
          4778.24     -1.7489057E-005
          4789.53     -1.7559618E-005
          4800.82     -1.7624421E-005
          4812.11     -1.7683319E-005
          4823.40     -1.7736715E-005
          4834.69     -1.7785075E-005
          4845.98     -1.7828343E-005
          4857.27     -1.7866463E-005
          4868.55     -1.7899377E-005
          4879.84     -1.7927029E-005
          4891.13     -1.7949358E-005
          4902.42     -1.7966306E-005
          4913.71     -1.7977812E-005
          4925.00     -1.7983814E-005
          4936.29     -1.7984252E-005
          4947.58     -1.7979061E-005
          4958.87     -1.7968178E-005
          4970.16     -1.7951803E-005
          4981.45     -1.7930234E-005
          4992.73     -1.7903521E-005
          5004.02     -1.7871641E-005
          5015.31     -1.7834572E-005
          5026.60     -1.7792289E-005
          5037.89     -1.7744766E-005
          5049.18     -1.7691979E-005
          5060.47     -1.7633900E-005
          5071.76     -1.7570503E-005
          5083.05     -1.7501759E-005
          5094.34     -1.7427640E-005
          5105.62     -1.7348117E-005
          5116.91     -1.7263160E-005
          5128.20     -1.7172795E-005
          5139.49     -1.7077059E-005
          5150.78     -1.6975933E-005
          5162.07     -1.6869396E-005
          5173.36     -1.6757429E-005
          5184.65     -1.6640011E-005
          5195.94     -1.6517119E-005
          5207.23     -1.6388733E-005
          5218.52     -1.6254829E-005
          5229.80     -1.6115383E-005
          5241.09     -1.5970371E-005
          5252.38     -1.5819769E-005
          5263.67     -1.5663533E-005
          5274.96     -1.5501622E-005
          5286.25     -1.5334011E-005
          5297.54     -1.5160677E-005
          5308.83     -1.4981594E-005
          5320.12     -1.4796736E-005
          5331.41     -1.4606077E-005
          5342.70     -1.4409590E-005
          5353.98     -1.4207247E-005
          5365.27     -1.3999020E-005
          5376.56     -1.3784880E-005
          5387.85     -1.3564797E-005
          5399.14     -1.3338743E-005
          5410.43     -1.3106708E-005
          5421.72     -1.2868686E-005
          5433.01     -1.2624643E-005
          5444.30     -1.2374544E-005
          5455.59     -1.2118357E-005
          5466.88     -1.1856046E-005
          5478.16     -1.1587576E-005
          5489.45     -1.1312911E-005
          5500.74     -1.1032014E-005
          5512.03     -1.0744849E-005
          5523.32     -1.0451377E-005
          5534.61     -1.0151561E-005
          5545.90     -9.8453626E-006
          5557.19     -9.5327417E-006
          5568.48     -9.2136589E-006
          5579.77     -8.8881921E-006
          5591.05     -8.5564146E-006
          5602.34     -8.2182800E-006
          5613.63     -7.8737406E-006
          5624.92     -7.5227482E-006
          5636.21     -7.1652553E-006
          5647.50     -6.8012130E-006
          5658.79     -6.4305722E-006
          5670.08     -6.0532835E-006
          5681.37     -5.6692984E-006
          5692.66     -5.2785707E-006
          5703.95     -4.8810536E-006
          5715.23     -4.5000363E-006
          5726.52     -4.1577149E-006
          5737.81     -3.8524123E-006
          5749.10     -3.5824665E-006
          5760.39     -3.3462305E-006
          5771.68     -3.1420725E-006
          5782.97     -2.9683772E-006
          5794.26     -2.8235502E-006
          5805.55     -2.7060157E-006
          5816.84     -2.6142069E-006
          5828.12     -2.5465651E-006
          5839.41     -2.5015398E-006
          5850.70     -2.4775885E-006
          5861.99     -2.4805285E-006
          5873.28     -2.5155812E-006
          5884.57     -2.5803256E-006
          5895.86     -2.6723534E-006
          5907.15     -2.7892676E-006
          5918.44     -2.9286781E-006
          5929.73     -3.0882035E-006
          5941.02     -3.2654797E-006
          5952.30     -3.4581604E-006
          5963.59     -3.6639161E-006
          5974.88     -3.8804345E-006
          5986.17     -4.1054187E-006
          5997.46     -4.3365893E-006
          6008.75     -4.5729872E-006
          6020.04     -4.8132424E-006
          6031.33     -5.0545045E-006
          6042.62     -5.2939536E-006
          6053.91     -5.5287858E-006
          6065.20     -5.7562140E-006
          6076.48     -5.9734695E-006
          6087.77     -6.1778017E-006
          6099.06     -6.3664729E-006
          6110.35     -6.5367539E-006
          6121.64     -6.6859222E-006
          6132.93     -6.8112553E-006
          6144.22     -6.9100390E-006
          6155.51     -6.9782906E-006
          6166.80     -7.0118501E-006
          6178.09     -7.0077764E-006
          6189.38     -6.9631481E-006
          6200.66     -6.8750483E-006
          6211.95     -6.7405585E-006
          6223.24     -6.5567582E-006
          6234.53     -6.3207252E-006
          6245.82     -6.0295339E-006
          6257.11     -5.6802558E-006
          6268.40     -5.2699602E-006
          6279.69     -4.7957117E-006
          6290.98     -4.2545708E-006
          6302.27     -3.6744366E-006
          6313.55     -3.0851454E-006
          6324.84     -2.4866607E-006
          6336.13     -1.8789433E-006
          6347.42     -1.2619535E-006
          6358.71     -6.3565268E-007
          6370.00      0.0000000E+000
