          3480.00     -1.6638840E-030
          3491.29      8.7691197E-014
          3502.58      1.8810509E-013
          3513.87      3.0100521E-013
          3525.16      4.2631198E-013
          3536.45      5.6409452E-013
          3547.73      7.1456334E-013
          3559.02      8.7806430E-013
          3570.31      1.0550753E-012
          3581.60      1.2462029E-012
          3592.89      1.4521808E-012
          3604.18      1.6738697E-012
          3615.47      1.9122570E-012
          3626.76      2.1684598E-012
          3638.05      2.4437936E-012
          3649.34      2.7397286E-012
          3660.62      3.0578218E-012
          3671.91      3.3997783E-012
          3683.20      3.7674580E-012
          3694.49      4.1628844E-012
          3705.78      4.5882514E-012
          3717.07      5.0459352E-012
          3728.36      5.5385048E-012
          3739.65      6.0687314E-012
          3750.94      6.6396046E-012
          3762.23      7.2543443E-012
          3773.52      7.9163662E-012
          3784.80      8.6293049E-012
          3796.09      9.3970998E-012
          3807.38      1.0223989E-011
          3818.67      1.1114527E-011
          3829.96      1.2073604E-011
          3841.25      1.3106472E-011
          3852.54      1.4218765E-011
          3863.83      1.5416531E-011
          3875.12      1.6706252E-011
          3886.41      1.8094878E-011
          3897.70      1.9589861E-011
          3908.98      2.1199184E-011
          3920.27      2.2931548E-011
          3931.56      2.4796469E-011
          3942.85      2.6803844E-011
          3954.14      2.8963963E-011
          3965.43      3.1287862E-011
          3976.72      3.3787359E-011
          3988.01      3.6475126E-011
          3999.30      3.9364725E-011
          4010.59      4.2470668E-011
          4021.88      4.5808487E-011
          4033.16      4.9394794E-011
          4044.45      5.3247349E-011
          4055.74      5.7385143E-011
          4067.03      6.1828458E-011
          4078.32      6.6599853E-011
          4089.61      7.1722962E-011
          4100.90      7.7221909E-011
          4112.19      8.3122512E-011
          4123.48      8.9452372E-011
          4134.77      9.6240981E-011
          4146.05      1.0351984E-010
          4157.34      1.1132258E-010
          4168.63      1.1968508E-010
          4179.92      1.2864565E-010
          4191.21      1.3824512E-010
          4202.50      1.4852703E-010
          4213.79      1.5953779E-010
          4225.08      1.7132234E-010
          4236.37      1.8392816E-010
          4247.66      1.9741022E-010
          4258.95      2.1182710E-010
          4270.23      2.2724113E-010
          4281.52      2.4371861E-010
          4292.81      2.6133008E-010
          4304.10      2.8015056E-010
          4315.39      3.0025984E-010
          4326.68      3.2174273E-010
          4337.97      3.4468935E-010
          4349.26      3.6919553E-010
          4360.55      3.9536308E-010
          4371.84      4.2327260E-010
          4383.12      4.5301149E-010
          4394.41      4.8470143E-010
          4405.70      5.1847114E-010
          4416.99      5.5445691E-010
          4428.28      5.9280291E-010
          4439.57      6.3366189E-010
          4450.86      6.7719558E-010
          4462.15      7.2357513E-010
          4473.44      7.7298190E-010
          4484.73      8.2560793E-010
          4496.02      8.8165656E-010
          4507.30      9.4134319E-010
          4518.59      1.0048957E-009
          4529.88      1.0725446E-009
          4541.17      1.1445349E-009
          4552.46      1.2211374E-009
          4563.75      1.3026391E-009
          4575.04      1.3893434E-009
          4586.33      1.4815711E-009
          4597.62      1.5796618E-009
          4608.91      1.6839744E-009
          4620.20      1.7948887E-009
          4631.48      1.9128064E-009
          4642.77      2.0381521E-009
          4654.06      2.1713748E-009
          4665.35      2.3129493E-009
          4676.64      2.4636837E-009
          4687.93      2.6244010E-009
          4699.22      2.7956448E-009
          4710.51      2.9779948E-009
          4721.80      3.1720692E-009
          4733.09      3.3785245E-009
          4744.38      3.5980595E-009
          4755.66      3.8314158E-009
          4766.95      4.0793803E-009
          4778.24      4.3427875E-009
          4789.53      4.6225211E-009
          4800.82      4.9195175E-009
          4812.11      5.2347682E-009
          4823.40      5.5705116E-009
          4834.69      5.9289970E-009
          4845.98      6.3113339E-009
          4857.27      6.7187142E-009
          4868.55      7.1524161E-009
          4879.84      7.6138052E-009
          4891.13      8.1043403E-009
          4902.42      8.6255761E-009
          4913.71      9.1791655E-009
          4925.00      9.7668666E-009
          4936.29      1.0390546E-008
          4947.58      1.1052182E-008
          4958.87      1.1753875E-008
          4970.16      1.2499755E-008
          4981.45      1.3294672E-008
          4992.73      1.4141662E-008
          5004.02      1.5043263E-008
          5015.31      1.6002199E-008
          5026.60      1.7021380E-008
          5037.89      1.8103910E-008
          5049.18      1.9253097E-008
          5060.47      2.0472458E-008
          5071.76      2.1765729E-008
          5083.05      2.3136876E-008
          5094.34      2.4590101E-008
          5105.62      2.6129856E-008
          5116.91      2.7760856E-008
          5128.20      2.9491634E-008
          5139.49      3.1330885E-008
          5150.78      3.3284020E-008
          5162.07      3.5356807E-008
          5173.36      3.7555385E-008
          5184.65      3.9886269E-008
          5195.94      4.2356382E-008
          5207.23      4.4973059E-008
          5218.52      4.7744070E-008
          5229.80      5.0677642E-008
          5241.09      5.3782466E-008
          5252.38      5.7067736E-008
          5263.67      6.0545697E-008
          5274.96      6.4229035E-008
          5286.25      6.8128454E-008
          5297.54      7.2255277E-008
          5308.83      7.6621478E-008
          5320.12      8.1239714E-008
          5331.41      8.6123338E-008
          5342.70      9.1286457E-008
          5353.98      9.6743957E-008
          5365.27      1.0251152E-007
          5376.56      1.0860569E-007
          5387.85      1.1504389E-007
          5399.14      1.2184450E-007
          5410.43      1.2902422E-007
          5421.72      1.3660088E-007
          5433.01      1.4459608E-007
          5444.30      1.5303253E-007
          5455.59      1.6193405E-007
          5466.88      1.7132568E-007
          5478.16      1.8123374E-007
          5489.45      1.9168588E-007
          5500.74      2.0271113E-007
          5512.03      2.1433999E-007
          5523.32      2.2660448E-007
          5534.61      2.3953828E-007
          5545.90      2.5317669E-007
          5557.19      2.6755682E-007
          5568.48      2.8271763E-007
          5579.77      2.9867890E-007
          5591.05      3.1546376E-007
          5602.34      3.3311911E-007
          5613.63      3.5169393E-007
          5624.92      3.7123935E-007
          5636.21      3.9180870E-007
          5647.50      4.1345779E-007
          5658.79      4.3624493E-007
          5670.08      4.6023109E-007
          5681.37      4.8548013E-007
          5692.66      5.1205878E-007
          5703.95      5.4003697E-007
          5715.23      5.6209719E-007
          5726.52      5.7151652E-007
          5737.81      5.6920365E-007
          5749.10      5.5599716E-007
          5760.39      5.3267038E-007
          5771.68      4.9993587E-007
          5782.97      4.5844959E-007
          5794.26      4.0881261E-007
          5805.55      3.5157668E-007
          5816.84      2.8725202E-007
          5828.12      2.1631040E-007
          5839.41      1.3918841E-007
          5850.70      5.6290268E-008
          5861.99     -3.4924954E-008
          5873.28     -1.3655809E-007
          5884.57     -2.4760700E-007
          5895.86     -3.6711702E-007
          5907.15     -4.9417506E-007
          5918.44     -6.2790287E-007
          5929.73     -7.6745280E-007
          5941.02     -9.1200648E-007
          5952.30     -1.0607703E-006
          5963.59     -1.2129705E-006
          5974.88     -1.3678486E-006
          5986.17     -1.5246567E-006
          5997.46     -1.6826540E-006
          6008.75     -1.8429798E-006
          6020.04     -2.0063576E-006
          6031.33     -2.1714423E-006
          6042.62     -2.3369000E-006
          6053.91     -2.5013942E-006
          6065.20     -2.6635792E-006
          6076.48     -2.8220949E-006
          6087.77     -2.9755590E-006
          6099.06     -3.1225586E-006
          6110.35     -3.2616408E-006
          6121.64     -3.3913052E-006
          6132.93     -3.5099948E-006
          6144.22     -3.6160933E-006
          6155.51     -3.7085267E-006
          6166.80     -3.7859287E-006
          6178.09     -3.8461535E-006
          6189.38     -3.8869775E-006
          6200.66     -3.9060809E-006
          6211.95     -3.9010336E-006
          6223.24     -3.8692865E-006
          6234.53     -3.8081604E-006
          6245.82     -3.7148363E-006
          6257.11     -3.5863444E-006
          6268.40     -3.4195535E-006
          6279.69     -3.2111588E-006
          6290.98     -2.9576701E-006
          6302.27     -2.6603665E-006
          6313.55     -2.3226334E-006
          6324.84     -1.9438617E-006
          6336.13     -1.5232646E-006
          6347.42     -1.0598786E-006
          6358.71     -5.5256373E-007
          6370.00      0.0000000E+000
