          3480.00      3.3694485E-032
          3491.29     -1.3700094E-009
          3502.58     -2.7251481E-009
          3513.87     -4.0685190E-009
          3525.16     -5.4031415E-009
          3536.45     -6.7319667E-009
          3547.73     -8.0578811E-009
          3559.02     -9.3837108E-009
          3570.31     -1.0712235E-008
          3581.60     -1.2046189E-008
          3592.89     -1.3388269E-008
          3604.18     -1.4741139E-008
          3615.47     -1.6107423E-008
          3626.76     -1.7489718E-008
          3638.05     -1.8889360E-008
          3649.34     -2.0307772E-008
          3660.62     -2.1747674E-008
          3671.91     -2.3211772E-008
          3683.20     -2.4702773E-008
          3694.49     -2.6223386E-008
          3705.78     -2.7776322E-008
          3717.07     -2.9364310E-008
          3728.36     -3.0990096E-008
          3739.65     -3.2656443E-008
          3750.94     -3.4366146E-008
          3762.23     -3.6122028E-008
          3773.52     -3.7935025E-008
          3784.80     -3.9815692E-008
          3796.09     -4.1766367E-008
          3807.38     -4.3789492E-008
          3818.67     -4.5887611E-008
          3829.96     -4.8063358E-008
          3841.25     -5.0319479E-008
          3852.54     -5.2658818E-008
          3863.83     -5.5084329E-008
          3875.12     -5.7599075E-008
          3886.41     -6.0206226E-008
          3897.70     -6.2909074E-008
          3908.98     -6.5711028E-008
          3920.27     -6.8632315E-008
          3931.56     -7.1720268E-008
          3942.85     -7.5004030E-008
          3954.14     -7.8484681E-008
          3965.43     -8.2163676E-008
          3976.72     -8.6042818E-008
          3988.01     -9.0124270E-008
          3999.30     -9.4410545E-008
          4010.59     -9.8904484E-008
          4021.88     -1.0360928E-007
          4033.16     -1.0852846E-007
          4044.45     -1.1366588E-007
          4055.74     -1.1902573E-007
          4067.03     -1.2461252E-007
          4078.32     -1.3057034E-007
          4089.61     -1.3703696E-007
          4100.90     -1.4400847E-007
          4112.19     -1.5148195E-007
          4123.48     -1.5945547E-007
          4134.77     -1.6792803E-007
          4146.05     -1.7689958E-007
          4157.34     -1.8637091E-007
          4168.63     -1.9634373E-007
          4179.92     -2.0682059E-007
          4191.21     -2.1780489E-007
          4202.50     -2.2930082E-007
          4213.79     -2.4131342E-007
          4225.08     -2.5415486E-007
          4236.37     -2.6812200E-007
          4247.66     -2.8319910E-007
          4258.95     -2.9937260E-007
          4270.23     -3.1663097E-007
          4281.52     -3.3496463E-007
          4292.81     -3.5436596E-007
          4304.10     -3.7482919E-007
          4315.39     -3.9635033E-007
          4326.68     -4.1892716E-007
          4337.97     -4.4255911E-007
          4349.26     -4.6724728E-007
          4360.55     -4.9299442E-007
          4371.84     -5.2020605E-007
          4383.12     -5.4926541E-007
          4394.41     -5.8014524E-007
          4405.70     -6.1282140E-007
          4416.99     -6.4727273E-007
          4428.28     -6.8348089E-007
          4439.57     -7.2143037E-007
          4450.86     -7.6110836E-007
          4462.15     -8.0250450E-007
          4473.44     -8.4561102E-007
          4484.73     -8.9042249E-007
          4496.02     -9.3693583E-007
          4507.30     -9.8515021E-007
          4518.59     -1.0350668E-006
          4529.88     -1.0867434E-006
          4541.17     -1.1402362E-006
          4552.46     -1.1955473E-006
          4563.75     -1.2526814E-006
          4575.04     -1.3116447E-006
          4586.33     -1.3724459E-006
          4597.62     -1.4350953E-006
          4608.91     -1.4996052E-006
          4620.20     -1.5659897E-006
          4631.48     -1.6342647E-006
          4642.77     -1.7044479E-006
          4654.06     -1.7765584E-006
          4665.35     -1.8506173E-006
          4676.64     -1.9259879E-006
          4687.93     -2.0020740E-006
          4699.22     -2.0789577E-006
          4710.51     -2.1567207E-006
          4721.80     -2.2354435E-006
          4733.09     -2.3152061E-006
          4744.38     -2.3960880E-006
          4755.66     -2.4781682E-006
          4766.95     -2.5615255E-006
          4778.24     -2.6462381E-006
          4789.53     -2.7323840E-006
          4800.82     -2.8200413E-006
          4812.11     -2.9092879E-006
          4823.40     -2.9988826E-006
          4834.69     -3.0876377E-006
          4845.98     -3.1757077E-006
          4857.27     -3.2632430E-006
          4868.55     -3.3503901E-006
          4879.84     -3.4372914E-006
          4891.13     -3.5240863E-006
          4902.42     -3.6109105E-006
          4913.71     -3.6978967E-006
          4925.00     -3.7851748E-006
          4936.29     -3.8728719E-006
          4947.58     -3.9611126E-006
          4958.87     -4.0500193E-006
          4970.16     -4.1384744E-006
          4981.45     -4.2249886E-006
          4992.73     -4.3093265E-006
          5004.02     -4.3916481E-006
          5015.31     -4.4721069E-006
          5026.60     -4.5508497E-006
          5037.89     -4.6280174E-006
          5049.18     -4.7037447E-006
          5060.47     -4.7781608E-006
          5071.76     -4.8513893E-006
          5083.05     -4.9235485E-006
          5094.34     -4.9947517E-006
          5105.62     -5.0651072E-006
          5116.91     -5.1347187E-006
          5128.20     -5.2022850E-006
          5139.49     -5.2665206E-006
          5150.78     -5.3275421E-006
          5162.07     -5.3854582E-006
          5173.36     -5.4403695E-006
          5184.65     -5.4923683E-006
          5195.94     -5.5415395E-006
          5207.23     -5.5879602E-006
          5218.52     -5.6317005E-006
          5229.80     -5.6728228E-006
          5241.09     -5.7113826E-006
          5252.38     -5.7474284E-006
          5263.67     -5.7803541E-006
          5274.96     -5.8095552E-006
          5286.25     -5.8350712E-006
          5297.54     -5.8569332E-006
          5308.83     -5.8751640E-006
          5320.12     -5.8897782E-006
          5331.41     -5.9007821E-006
          5342.70     -5.9081743E-006
          5353.98     -5.9119451E-006
          5365.27     -5.9120770E-006
          5376.56     -5.9085446E-006
          5387.85     -5.9013148E-006
          5399.14     -5.8903466E-006
          5410.43     -5.8760154E-006
          5421.72     -5.8586813E-006
          5433.01     -5.8382694E-006
          5444.30     -5.8146978E-006
          5455.59     -5.7878782E-006
          5466.88     -5.7577155E-006
          5478.16     -5.7241076E-006
          5489.45     -5.6869458E-006
          5500.74     -5.6461144E-006
          5512.03     -5.6014906E-006
          5523.32     -5.5529448E-006
          5534.61     -5.5003398E-006
          5545.90     -5.4435315E-006
          5557.19     -5.3823685E-006
          5568.48     -5.3166916E-006
          5579.77     -5.2481207E-006
          5591.05     -5.1782088E-006
          5602.34     -5.1066880E-006
          5613.63     -5.0332873E-006
          5624.92     -4.9577319E-006
          5636.21     -4.8797436E-006
          5647.50     -4.7990397E-006
          5658.79     -4.7153333E-006
          5670.08     -4.6283329E-006
          5681.37     -4.5377412E-006
          5692.66     -4.4432565E-006
          5703.95     -4.3445731E-006
          5715.23     -4.5908939E-006
          5726.52     -5.5116057E-006
          5737.81     -7.0774394E-006
          5749.10     -9.2601124E-006
          5760.39     -1.2032293E-005
          5771.68     -1.5367567E-005
          5782.97     -1.9240404E-005
          5794.26     -2.3626245E-005
          5805.55     -2.8501400E-005
          5816.84     -3.3842823E-005
          5828.12     -3.9628097E-005
          5839.41     -4.5835383E-005
          5850.70     -5.2443390E-005
          5861.99     -5.9544180E-005
          5873.28     -6.7217874E-005
          5884.57     -7.5426280E-005
          5895.86     -8.4131938E-005
          5907.15     -9.3298041E-005
          5918.44     -1.0288834E-004
          5929.73     -1.1286711E-004
          5941.02     -1.2319927E-004
          5952.30     -1.3385033E-004
          5963.59     -1.4478635E-004
          5974.88     -1.5597389E-004
          5986.17     -1.6737997E-004
          5997.46     -1.7897201E-004
          6008.75     -1.9074816E-004
          6020.04     -2.0269753E-004
          6031.33     -2.1477493E-004
          6042.62     -2.2693573E-004
          6053.91     -2.3913555E-004
          6065.20     -2.5133030E-004
          6076.48     -2.6347607E-004
          6087.77     -2.7552911E-004
          6099.06     -2.8744574E-004
          6110.35     -2.9918217E-004
          6121.64     -3.1069442E-004
          6132.93     -3.2193823E-004
          6144.22     -3.3286906E-004
          6155.51     -3.4343023E-004
          6166.80     -3.5356059E-004
          6178.09     -3.6320885E-004
          6189.38     -3.7232357E-004
          6200.66     -3.8085275E-004
          6211.95     -3.8874369E-004
          6223.24     -3.9594298E-004
          6234.53     -4.0239635E-004
          6245.82     -4.0804872E-004
          6257.11     -4.1284409E-004
          6268.40     -4.1672548E-004
          6279.69     -4.1963492E-004
          6290.98     -4.2151334E-004
          6302.27     -4.2274370E-004
          6313.55     -4.2374911E-004
          6324.84     -4.2452964E-004
          6336.13     -4.2508504E-004
          6347.42     -4.2541467E-004
          6358.71     -4.2551760E-004
          6370.00     -4.2539253E-004
