          3480.00      0.0000000E+000
          3491.29     -7.3363624E-008
          3502.58     -1.4808076E-007
          3513.87     -2.2442656E-007
          3525.16     -3.0268685E-007
          3536.45     -3.8315816E-007
          3547.73     -4.6614732E-007
          3559.02     -5.5197104E-007
          3570.31     -6.4095621E-007
          3581.60     -7.3343954E-007
          3592.89     -8.2976755E-007
          3604.18     -9.3029637E-007
          3615.47     -1.0353909E-006
          3626.76     -1.1454259E-006
          3638.05     -1.2606133E-006
          3649.34     -1.3812121E-006
          3660.62     -1.5076783E-006
          3671.91     -1.6404724E-006
          3683.20     -1.7800596E-006
          3694.49     -1.9269103E-006
          3705.78     -2.0814991E-006
          3717.07     -2.2443052E-006
          3728.36     -2.4158114E-006
          3739.65     -2.5965025E-006
          3750.94     -2.7868650E-006
          3762.23     -2.9873852E-006
          3773.52     -3.1997940E-006
          3784.80     -3.4256170E-006
          3796.09     -3.6650473E-006
          3807.38     -3.9182965E-006
          3818.67     -4.1855863E-006
          3829.96     -4.4671392E-006
          3841.25     -4.7631717E-006
          3852.54     -5.0738843E-006
          3863.83     -5.3994525E-006
          3875.12     -5.7400171E-006
          3886.41     -6.0956719E-006
          3897.70     -6.4664539E-006
          3908.98     -6.8523297E-006
          3920.27     -7.2554805E-006
          3931.56     -7.6812202E-006
          3942.85     -8.1314935E-006
          3954.14     -8.6041514E-006
          3965.43     -9.0970005E-006
          3976.72     -9.6077573E-006
          3988.01     -1.0134005E-005
          3999.30     -1.0673147E-005
          4010.59     -1.1222355E-005
          4021.88     -1.1778525E-005
          4033.16     -1.2338219E-005
          4044.45     -1.2897613E-005
          4055.74     -1.3452435E-005
          4067.03     -1.3997901E-005
          4078.32     -1.4530133E-005
          4089.61     -1.5040826E-005
          4100.90     -1.5517559E-005
          4112.19     -1.5947046E-005
          4123.48     -1.6314968E-005
          4134.77     -1.6605817E-005
          4146.05     -1.6802718E-005
          4157.34     -1.6887245E-005
          4168.63     -1.6839235E-005
          4179.92     -1.6636572E-005
          4191.21     -1.6254976E-005
          4202.50     -1.5667759E-005
          4213.79     -1.4845578E-005
          4225.08     -1.3647239E-005
          4236.37     -1.1924100E-005
          4247.66     -9.6290104E-006
          4258.95     -6.7085168E-006
          4270.23     -3.1024310E-006
          4281.52      1.2566348E-006
          4292.81      6.4438153E-006
          4304.10      1.2542560E-005
          4315.39      1.9645274E-005
          4326.68      2.7854016E-005
          4337.97      3.7281229E-005
          4349.26      4.8050607E-005
          4360.55      6.0297969E-005
          4371.84      7.4684696E-005
          4383.12      9.1871950E-005
          4394.41      1.1202410E-004
          4405.70      1.3533198E-004
          4416.99      1.6201400E-004
          4428.28      1.9231733E-004
          4439.57      2.2651956E-004
          4450.86      2.6493026E-004
          4462.15      3.0789274E-004
          4473.44      3.5578634E-004
          4484.73      4.0902854E-004
          4496.02      4.6807752E-004
          4507.30      5.3343497E-004
          4518.59      6.0564879E-004
          4529.88      6.8551853E-004
          4541.17      7.7388694E-004
          4552.46      8.7144947E-004
          4563.75      9.7896642E-004
          4575.04      1.0972670E-003
          4586.33      1.2272539E-003
          4597.62      1.3699087E-003
          4608.91      1.5262966E-003
          4620.20      1.6975732E-003
          4631.48      1.8849906E-003
          4642.77      2.0899034E-003
          4654.06      2.3137773E-003
          4665.35      2.5581964E-003
          4676.64      2.8191382E-003
          4687.93      3.0930253E-003
          4699.22      3.3822400E-003
          4710.51      3.6892269E-003
          4721.80      4.0165080E-003
          4733.09      4.3666970E-003
          4744.38      4.7425168E-003
          4755.66      5.1468142E-003
          4766.95      5.5825765E-003
          4778.24      6.0529487E-003
          4789.53      6.5612493E-003
          4800.82      7.1109906E-003
          4812.11      7.7058965E-003
          4823.40      8.3266232E-003
          4834.69      8.9552196E-003
          4845.98      9.5975933E-003
          4857.27      1.0259585E-002
          4868.55      1.0947008E-002
          4879.84      1.1665680E-002
          4891.13      1.2421467E-002
          4902.42      1.3220315E-002
          4913.71      1.4068280E-002
          4925.00      1.4971573E-002
          4936.29      1.5936587E-002
          4947.58      1.6969935E-002
          4958.87      1.8078485E-002
          4970.16      1.9230337E-002
          4981.45      2.0382064E-002
          4992.73      2.1530557E-002
          5004.02      2.2686145E-002
          5015.31      2.3858847E-002
          5026.60      2.5058432E-002
          5037.89      2.6294480E-002
          5049.18      2.7576440E-002
          5060.47      2.8913681E-002
          5071.76      3.0315555E-002
          5083.05      3.1791443E-002
          5094.34      3.3350801E-002
          5105.62      3.5003222E-002
          5116.91      3.6758472E-002
          5128.20      3.8551399E-002
          5139.49      4.0320211E-002
          5150.78      4.2079321E-002
          5162.07      4.3842475E-002
          5173.36      4.5622834E-002
          5184.65      4.7433042E-002
          5195.94      4.9285314E-002
          5207.23      5.1191496E-002
          5218.52      5.3163129E-002
          5229.80      5.5211517E-002
          5241.09      5.7347773E-002
          5252.38      5.9582886E-002
          5263.67      6.1872884E-002
          5274.96      6.4176101E-002
          5286.25      6.6506399E-002
          5297.54      6.8876985E-002
          5308.83      7.1300484E-002
          5320.12      7.3789001E-002
          5331.41      7.6354179E-002
          5342.70      7.9007262E-002
          5353.98      8.1759140E-002
          5365.27      8.4620390E-002
          5376.56      8.7601332E-002
          5387.85      9.0712062E-002
          5399.14      9.3962487E-002
          5410.43      9.7420072E-002
          5421.72      1.0114900E-001
          5433.01      1.0515463E-001
          5444.30      1.0944296E-001
          5455.59      1.1402060E-001
          5466.88      1.1889481E-001
          5478.16      1.2407342E-001
          5489.45      1.2956491E-001
          5500.74      1.3537836E-001
          5512.03      1.4152342E-001
          5523.32      1.4801038E-001
          5534.61      1.5485012E-001
          5545.90      1.6205411E-001
          5557.19      1.6963442E-001
          5568.48      1.7760372E-001
          5579.77      1.8643952E-001
          5591.05      1.9658575E-001
          5602.34      2.0800978E-001
          5613.63      2.2068486E-001
          5624.92      2.3458979E-001
          5636.21      2.4970859E-001
          5647.50      2.6603028E-001
          5658.79      2.8354863E-001
          5670.08      3.0226190E-001
          5681.37      3.2217201E-001
          5692.66      3.4328443E-001
          5703.95      3.6560876E-001
          5715.23      5.4963581E-001
          5726.52      1.0407847E+000
          5737.81      1.8179327E+000
          5749.10      2.8618043E+000
          5760.39      4.1548363E+000
          5771.68      5.6810537E+000
          5782.97      7.4259514E+000
          5794.26      9.3764343E+000
          5805.55      1.1520662E+001
          5816.84      1.3847849E+001
          5828.12      1.6348184E+001
          5839.41      1.9012738E+001
          5850.70      2.1833388E+001
          5861.99      2.4858520E+001
          5873.28      2.8125463E+001
          5884.57      3.1610989E+001
          5895.86      3.5292927E+001
          5907.15      3.9150002E+001
          5918.44      4.3161661E+001
          5929.73      4.7307954E+001
          5941.02      5.1569476E+001
          5952.30      5.5927235E+001
          5963.59      6.0362505E+001
          5974.88      6.4856712E+001
          5986.17      6.9391289E+001
          5997.46      7.3947571E+001
          6008.75      7.8530967E+001
          6020.04      8.3136555E+001
          6031.33      8.7730019E+001
          6042.62      9.2276719E+001
          6053.91      9.6741336E+001
          6065.20      1.0108768E+002
          6076.48      1.0527849E+002
          6087.77      1.0927519E+002
          6099.06      1.1303761E+002
          6110.35      1.1652377E+002
          6121.64      1.1968956E+002
          6132.93      1.2248860E+002
          6144.22      1.2487212E+002
          6155.51      1.2677903E+002
          6166.80      1.2814058E+002
          6178.09      1.2889221E+002
          6189.38      1.2896580E+002
          6200.66      1.2828913E+002
          6211.95      1.2678542E+002
          6223.24      1.2437306E+002
          6234.53      1.2096520E+002
          6245.82      1.1646937E+002
          6257.11      1.1078710E+002
          6268.40      1.0381352E+002
          6279.69      9.5436887E+001
          6290.98      8.5538101E+001
          6302.27      7.4703748E+001
          6313.55      6.3549381E+001
          6324.84      5.1992231E+001
          6336.13      3.9947411E+001
          6347.42      2.7327615E+001
          6358.71      1.4042840E+001
          6370.00      8.2424696E-049
