          3480.00     -1.1988853E-026
          3491.29      3.1017725E-014
          3502.58      6.3329760E-014
          3513.87      9.7083288E-014
          3525.16      1.3244436E-013
          3536.45      1.6959785E-013
          3547.73      2.0874742E-013
          3559.02      2.5011564E-013
          3570.31      2.9394467E-013
          3581.60      3.4049674E-013
          3592.89      3.9005502E-013
          3604.18      4.4292460E-013
          3615.47      4.9943328E-013
          3626.76      5.5993330E-013
          3638.05      6.2471361E-013
          3649.34      6.9410953E-013
          3660.62      7.6858262E-013
          3671.91      8.4862314E-013
          3683.20      9.3475268E-013
          3694.49      1.0275269E-012
          3705.78      1.1275381E-012
          3717.07      1.2354183E-012
          3728.36      1.3518426E-012
          3739.65      1.4775315E-012
          3750.94      1.6132553E-012
          3762.23      1.7598371E-012
          3773.52      1.9189639E-012
          3784.80      2.0922645E-012
          3796.09      2.2805837E-012
          3807.38      2.4848585E-012
          3818.67      2.7061190E-012
          3829.96      2.9454905E-012
          3841.25      3.2041963E-012
          3852.54      3.4835610E-012
          3863.83      3.7850136E-012
          3875.12      4.1100920E-012
          3886.41      4.4604462E-012
          3897.70      4.8378445E-012
          3908.98      5.2441780E-012
          3920.27      5.6836957E-012
          3931.56      6.1641856E-012
          3942.85      6.6906418E-012
          3954.14      7.2643088E-012
          3965.43      7.8867290E-012
          3976.72      8.5597281E-012
          3988.01      9.2854062E-012
          3999.30      1.0066128E-011
          4010.59      1.0904511E-011
          4021.88      1.1803425E-011
          4033.16      1.2765983E-011
          4044.45      1.3795534E-011
          4055.74      1.4895666E-011
          4067.03      1.6070189E-011
          4078.32      1.7344057E-011
          4089.61      1.8738416E-011
          4100.90      2.0252102E-011
          4112.19      2.1884638E-011
          4123.48      2.3636134E-011
          4134.77      2.5507207E-011
          4146.05      2.7498900E-011
          4157.34      2.9612594E-011
          4168.63      3.1849939E-011
          4179.92      3.4212774E-011
          4191.21      3.6703034E-011
          4202.50      3.9322687E-011
          4213.79      4.2073634E-011
          4225.08      4.4980622E-011
          4236.37      4.8057192E-011
          4247.66      5.1288391E-011
          4258.95      5.4659106E-011
          4270.23      5.8153715E-011
          4281.52      6.1755741E-011
          4292.81      6.5447517E-011
          4304.10      6.9209809E-011
          4315.39      7.3021442E-011
          4326.68      7.6858896E-011
          4337.97      8.0695872E-011
          4349.26      8.4502856E-011
          4360.55      8.8246620E-011
          4371.84      9.1778885E-011
          4383.12      9.4934996E-011
          4394.41      9.7647741E-011
          4405.70      9.9840797E-011
          4416.99      1.0142780E-010
          4428.28      1.0231131E-010
          4439.57      1.0238173E-010
          4450.86      1.0151601E-010
          4462.15      9.9576413E-011
          4473.44      9.6408973E-011
          4484.73      9.1841953E-011
          4496.02      8.5684103E-011
          4507.30      7.7722770E-011
          4518.59      6.7721874E-011
          4529.88      5.5336388E-011
          4541.17      4.0195086E-011
          4552.46      2.1978819E-011
          4563.75      3.3291603E-013
          4575.04     -2.5135851E-011
          4586.33     -5.4862651E-011
          4597.62     -8.9328301E-011
          4608.91     -1.2906314E-010
          4620.20     -1.7465158E-010
          4631.48     -2.2673673E-010
          4642.77     -2.8602540E-010
          4654.06     -3.5329396E-010
          4665.35     -4.2939417E-010
          4676.64     -5.1218615E-010
          4687.93     -5.9976397E-010
          4699.22     -6.9341564E-010
          4710.51     -7.9447188E-010
          4721.80     -9.0431711E-010
          4733.09     -1.0244005E-009
          4744.38     -1.1562484E-009
          4755.66     -1.3014758E-009
          4766.95     -1.4617989E-009
          4778.24     -1.6390487E-009
          4789.53     -1.8351836E-009
          4800.82     -2.0523047E-009
          4812.11     -2.2926707E-009
          4823.40     -2.5437943E-009
          4834.69     -2.7941248E-009
          4845.98     -3.0473906E-009
          4857.27     -3.3072633E-009
          4868.55     -3.5773893E-009
          4879.84     -3.8614191E-009
          4891.13     -4.1630390E-009
          4902.42     -4.4859993E-009
          4913.71     -4.8341434E-009
          4925.00     -5.2114379E-009
          4936.29     -5.6220018E-009
          4947.58     -6.0701363E-009
          4958.87     -6.5603555E-009
          4970.16     -7.0684260E-009
          4981.45     -7.5615109E-009
          4992.73     -8.0367662E-009
          5004.02     -8.5014632E-009
          5015.31     -8.9625673E-009
          5026.60     -9.4267947E-009
          5037.89     -9.9006686E-009
          5049.18     -1.0390573E-008
          5060.47     -1.0902801E-008
          5071.76     -1.1443608E-008
          5083.05     -1.2019255E-008
          5094.34     -1.2636059E-008
          5105.62     -1.3300433E-008
          5116.91     -1.4018940E-008
          5128.20     -1.4733747E-008
          5139.49     -1.5390246E-008
          5150.78     -1.5999327E-008
          5162.07     -1.6571118E-008
          5173.36     -1.7115064E-008
          5184.65     -1.7640005E-008
          5195.94     -1.8154254E-008
          5207.23     -1.8665665E-008
          5218.52     -1.9181693E-008
          5229.80     -1.9709457E-008
          5241.09     -2.0255791E-008
          5252.38     -2.0827303E-008
          5263.67     -2.1376467E-008
          5274.96     -2.1858184E-008
          5286.25     -2.2281832E-008
          5297.54     -2.2655877E-008
          5308.83     -2.2987946E-008
          5320.12     -2.3284890E-008
          5331.41     -2.3552847E-008
          5342.70     -2.3797295E-008
          5353.98     -2.4023096E-008
          5365.27     -2.4234540E-008
          5376.56     -2.4435383E-008
          5387.85     -2.4628880E-008
          5399.14     -2.4817808E-008
          5410.43     -2.5070569E-008
          5421.72     -2.5451247E-008
          5433.01     -2.5956272E-008
          5444.30     -2.6582661E-008
          5455.59     -2.7327981E-008
          5466.88     -2.8190313E-008
          5478.16     -2.9168225E-008
          5489.45     -3.0260743E-008
          5500.74     -3.1467322E-008
          5512.03     -3.2787822E-008
          5523.32     -3.4222492E-008
          5534.61     -3.5771941E-008
          5545.90     -3.7437120E-008
          5557.19     -3.9219311E-008
          5568.48     -4.1120099E-008
          5579.77     -4.3786459E-008
          5591.05     -4.7817666E-008
          5602.34     -5.3151189E-008
          5613.63     -5.9733692E-008
          5624.92     -6.7520476E-008
          5636.21     -7.6474942E-008
          5647.50     -8.6568185E-008
          5658.79     -9.7778555E-008
          5670.08     -1.1009130E-007
          5681.37     -1.2349733E-007
          5692.66     -1.3799286E-007
          5703.95     -1.5358022E-007
          5715.23     -4.3163849E-007
          5726.52     -1.2098547E-006
          5737.81     -2.4555878E-006
          5749.10     -4.1398257E-006
          5760.39     -6.2369270E-006
          5771.68     -8.7243853E-006
          5782.97     -1.1582610E-005
          5794.26     -1.4794809E-005
          5805.55     -1.8346735E-005
          5816.84     -2.2226355E-005
          5828.12     -2.6423718E-005
          5839.41     -3.0930802E-005
          5850.70     -3.5741397E-005
          5861.99     -4.0966038E-005
          5873.28     -4.6696524E-005
          5884.57     -5.2902105E-005
          5895.86     -5.9554791E-005
          5907.15     -6.6629045E-005
          5918.44     -7.4101481E-005
          5929.73     -8.1950633E-005
          5941.02     -9.0156850E-005
          5952.30     -9.8702080E-005
          5963.59     -1.0756961E-004
          5974.88     -1.1674391E-004
          5986.17     -1.2621034E-004
          5997.46     -1.3595503E-004
          6008.75     -1.4605863E-004
          6020.04     -1.5658265E-004
          6031.33     -1.6748630E-004
          6042.62     -1.7873005E-004
          6053.91     -1.9027494E-004
          6065.20     -2.0208229E-004
          6076.48     -2.1411333E-004
          6087.77     -2.2632881E-004
          6099.06     -2.3868855E-004
          6110.35     -2.5115100E-004
          6121.64     -2.6367280E-004
          6132.93     -2.7620834E-004
          6144.22     -2.8870952E-004
          6155.51     -3.0116783E-004
          6166.80     -3.1356013E-004
          6178.09     -3.2581247E-004
          6189.38     -3.3784755E-004
          6200.66     -3.4958359E-004
          6211.95     -3.6093360E-004
          6223.24     -3.7180482E-004
          6234.53     -3.8209800E-004
          6245.82     -3.9170681E-004
          6257.11     -4.0051715E-004
          6268.40     -4.0840636E-004
          6279.69     -4.1524254E-004
          6290.98     -4.2088369E-004
          6302.27     -4.2524266E-004
          6313.55     -4.2835060E-004
          6324.84     -4.3022634E-004
          6336.13     -4.3087746E-004
          6347.42     -4.3030043E-004
          6358.71     -4.2848067E-004
          6370.00     -4.2539253E-004
