          3480.00      0.0000000E+000
          3491.29      9.1894682E+001
          3502.58      9.1721086E+001
          3513.87      9.1558736E+001
          3525.16      9.1407180E+001
          3536.45      9.1265923E+001
          3547.73      9.1134441E+001
          3559.02      9.1012184E+001
          3570.31      9.0898585E+001
          3581.60      9.0793069E+001
          3592.89      9.0695061E+001
          3604.18      9.0603989E+001
          3615.47      9.0519291E+001
          3626.76      9.0440422E+001
          3638.05      9.0366856E+001
          3649.34      9.0298095E+001
          3660.62      9.0233667E+001
          3671.91      9.0173129E+001
          3683.20      9.0116069E+001
          3694.49      9.0062106E+001
          3705.78      9.0010887E+001
          3717.07      8.9962093E+001
          3728.36      8.9915429E+001
          3739.65      8.9870630E+001
          3750.94      8.9827455E+001
          3762.23      8.9785690E+001
          3773.52      8.9745139E+001
          3784.80      8.9705629E+001
          3796.09      8.9667007E+001
          3807.38      8.9629135E+001
          3818.67      8.9591890E+001
          3829.96      8.9555167E+001
          3841.25      8.9518870E+001
          3852.54      8.9482914E+001
          3863.83      8.9447226E+001
          3875.12      8.9411739E+001
          3886.41      8.9376397E+001
          3897.70      8.9341149E+001
          3908.98      8.9305949E+001
          3920.27      8.9270758E+001
          3931.56      8.9235541E+001
          3942.85      8.9200268E+001
          3954.14      8.9164912E+001
          3965.43      8.9129449E+001
          3976.72      8.9093858E+001
          3988.01      8.9058121E+001
          3999.30      8.9022220E+001
          4010.59      8.8986141E+001
          4021.88      8.8949870E+001
          4033.16      8.8913395E+001
          4044.45      8.8876704E+001
          4055.74      8.8839787E+001
          4067.03      8.8802635E+001
          4078.32      8.8765238E+001
          4089.61      8.8727588E+001
          4100.90      8.8689677E+001
          4112.19      8.8651498E+001
          4123.48      8.8613044E+001
          4134.77      8.8574309E+001
          4146.05      8.8535284E+001
          4157.34      8.8495965E+001
          4168.63      8.8456344E+001
          4179.92      8.8416416E+001
          4191.21      8.8376174E+001
          4202.50      8.8335613E+001
          4213.79      8.8294727E+001
          4225.08      8.8253509E+001
          4236.37      8.8211954E+001
          4247.66      8.8170055E+001
          4258.95      8.8127807E+001
          4270.23      8.8085203E+001
          4281.52      8.8042237E+001
          4292.81      8.7998903E+001
          4304.10      8.7955194E+001
          4315.39      8.7911105E+001
          4326.68      8.7866627E+001
          4337.97      8.7821756E+001
          4349.26      8.7776484E+001
          4360.55      8.7730803E+001
          4371.84      8.7684709E+001
          4383.12      8.7638194E+001
          4394.41      8.7591251E+001
          4405.70      8.7543871E+001
          4416.99      8.7496048E+001
          4428.28      8.7447773E+001
          4439.57      8.7399039E+001
          4450.86      8.7349836E+001
          4462.15      8.7300158E+001
          4473.44      8.7249995E+001
          4484.73      8.7199339E+001
          4496.02      8.7148180E+001
          4507.30      8.7096511E+001
          4518.59      8.7044322E+001
          4529.88      8.6991604E+001
          4541.17      8.6938346E+001
          4552.46      8.6884540E+001
          4563.75      8.6830175E+001
          4575.04      8.6775242E+001
          4586.33      8.6719729E+001
          4597.62      8.6663627E+001
          4608.91      8.6606924E+001
          4620.20      8.6549609E+001
          4631.48      8.6491670E+001
          4642.77      8.6433097E+001
          4654.06      8.6373877E+001
          4665.35      8.6313997E+001
          4676.64      8.6253445E+001
          4687.93      8.6192209E+001
          4699.22      8.6130275E+001
          4710.51      8.6067628E+001
          4721.80      8.6004257E+001
          4733.09      8.5940145E+001
          4744.38      8.5875280E+001
          4755.66      8.5809644E+001
          4766.95      8.5743224E+001
          4778.24      8.5676003E+001
          4789.53      8.5607966E+001
          4800.82      8.5539095E+001
          4812.11      8.5469374E+001
          4823.40      8.5398785E+001
          4834.69      8.5327310E+001
          4845.98      8.5254930E+001
          4857.27      8.5181627E+001
          4868.55      8.5107381E+001
          4879.84      8.5032172E+001
          4891.13      8.4955980E+001
          4902.42      8.4878782E+001
          4913.71      8.4800558E+001
          4925.00      8.4721285E+001
          4936.29      8.4640939E+001
          4947.58      8.4559498E+001
          4958.87      8.4476937E+001
          4970.16      8.4393231E+001
          4981.45      8.4308355E+001
          4992.73      8.4222281E+001
          5004.02      8.4134982E+001
          5015.31      8.4046431E+001
          5026.60      8.3956597E+001
          5037.89      8.3865452E+001
          5049.18      8.3772963E+001
          5060.47      8.3679101E+001
          5071.76      8.3583831E+001
          5083.05      8.3487120E+001
          5094.34      8.3388933E+001
          5105.62      8.3289235E+001
          5116.91      8.3187988E+001
          5128.20      8.3085155E+001
          5139.49      8.2980695E+001
          5150.78      8.2874568E+001
          5162.07      8.2766733E+001
          5173.36      8.2657144E+001
          5184.65      8.2545757E+001
          5195.94      8.2432526E+001
          5207.23      8.2317402E+001
          5218.52      8.2200336E+001
          5229.80      8.2081276E+001
          5241.09      8.1960169E+001
          5252.38      8.1836960E+001
          5263.67      8.1711592E+001
          5274.96      8.1584005E+001
          5286.25      8.1454138E+001
          5297.54      8.1321928E+001
          5308.83      8.1187308E+001
          5320.12      8.1050210E+001
          5331.41      8.0910564E+001
          5342.70      8.0768294E+001
          5353.98      8.0623325E+001
          5365.27      8.0475576E+001
          5376.56      8.0324967E+001
          5387.85      8.0171409E+001
          5399.14      8.0014815E+001
          5410.43      7.9855090E+001
          5421.72      7.9692139E+001
          5433.01      7.9525861E+001
          5444.30      7.9356150E+001
          5455.59      7.9182897E+001
          5466.88      7.9005987E+001
          5478.16      7.8825302E+001
          5489.45      7.8640716E+001
          5500.74      7.8452101E+001
          5512.03      7.8259321E+001
          5523.32      7.8062234E+001
          5534.61      7.7860693E+001
          5545.90      7.7654542E+001
          5557.19      7.7443621E+001
          5568.48      7.7227760E+001
          5579.77      7.7006778E+001
          5591.05      7.6780483E+001
          5602.34      7.6548675E+001
          5613.63      7.6311146E+001
          5624.92      7.6067681E+001
          5636.21      7.5818053E+001
          5647.50      7.5562027E+001
          5658.79      7.5299356E+001
          5670.08      7.5029781E+001
          5681.37      7.4753005E+001
          5692.66      7.4468702E+001
          5703.95      7.4176546E+001
          5715.23      7.3876206E+001
          5726.52      7.3567348E+001
          5737.81      7.3249629E+001
          5749.10      7.2922697E+001
          5760.39      7.2586189E+001
          5771.68      7.2239729E+001
          5782.97      7.1882927E+001
          5794.26      7.1515401E+001
          5805.55      7.1136766E+001
          5816.84      7.0746597E+001
          5828.12      7.0344428E+001
          5839.41      6.9929756E+001
          5850.70      6.9502034E+001
          5861.99      6.9060673E+001
          5873.28      6.8605038E+001
          5884.57      6.8134447E+001
          5895.86      6.7648166E+001
          5907.15      6.7145407E+001
          5918.44      6.6625314E+001
          5929.73      6.6086963E+001
          5941.02      6.5529372E+001
          5952.30      6.4951494E+001
          5963.59      6.4352214E+001
          5974.88      6.3730336E+001
          5986.17      6.3084576E+001
          5997.46      6.2413558E+001
          6008.75      6.1715807E+001
          6020.04      6.0989738E+001
          6031.33      6.0233664E+001
          6042.62      5.9445766E+001
          6053.91      5.8624063E+001
          6065.20      5.7766390E+001
          6076.48      5.6870387E+001
          6087.77      5.5933479E+001
          6099.06      5.4952835E+001
          6110.35      5.3925339E+001
          6121.64      5.2847549E+001
          6132.93      5.1715648E+001
          6144.22      5.0525420E+001
          6155.51      4.9272232E+001
          6166.80      4.7950967E+001
          6178.09      4.6555966E+001
          6189.38      4.5080928E+001
          6200.66      4.3518777E+001
          6211.95      4.1861535E+001
          6223.24      4.0100178E+001
          6234.53      3.8224477E+001
          6245.82      3.6222783E+001
          6257.11      3.4081791E+001
          6268.40      3.1786242E+001
          6279.69      2.9318544E+001
          6290.98      2.6658325E+001
          6302.27      2.3781854E+001
          6313.55      2.0661322E+001
          6324.84      1.7263948E+001
          6336.13      1.3550795E+001
          6347.42      9.4752702E+000
          6358.71      4.9811606E+000
          6370.00      0.0000000E+000
