          3480.00     -7.9483651E-037
          3491.29     -2.8035859E-008
          3502.58     -5.6018313E-008
          3513.87     -8.3963639E-008
          3525.16     -1.1188771E-007
          3536.45     -1.3980614E-007
          3547.73     -1.6773424E-007
          3559.02     -1.9568696E-007
          3570.31     -2.2367903E-007
          3581.60     -2.5172490E-007
          3592.89     -2.7983875E-007
          3604.18     -3.0803446E-007
          3615.47     -3.3632539E-007
          3626.76     -3.6472464E-007
          3638.05     -3.9324507E-007
          3649.34     -4.2189928E-007
          3660.62     -4.5069975E-007
          3671.91     -4.7965875E-007
          3683.20     -5.0878835E-007
          3694.49     -5.3810050E-007
          3705.78     -5.6760689E-007
          3717.07     -5.9731914E-007
          3728.36     -6.2724869E-007
          3739.65     -6.5740680E-007
          3750.94     -6.8780460E-007
          3762.23     -7.1845312E-007
          3773.52     -7.4936320E-007
          3784.80     -7.8054562E-007
          3796.09     -8.1201093E-007
          3807.38     -8.4376968E-007
          3818.67     -8.7583234E-007
          3829.96     -9.0820916E-007
          3841.25     -9.4091040E-007
          3852.54     -9.7394614E-007
          3863.83     -1.0073264E-006
          3875.12     -1.0410610E-006
          3886.41     -1.0751598E-006
          3897.70     -1.1096324E-006
          3908.98     -1.1444884E-006
          3920.27     -1.1797374E-006
          3931.56     -1.2153885E-006
          3942.85     -1.2514513E-006
          3954.14     -1.2879348E-006
          3965.43     -1.3248483E-006
          3976.72     -1.3622007E-006
          3988.01     -1.4000012E-006
          3999.30     -1.4382586E-006
          4010.59     -1.4769816E-006
          4021.88     -1.5161789E-006
          4033.16     -1.5558592E-006
          4044.45     -1.5960310E-006
          4055.74     -1.6367027E-006
          4067.03     -1.6778826E-006
          4078.32     -1.7195788E-006
          4089.61     -1.7617996E-006
          4100.90     -1.8045528E-006
          4112.19     -1.8478465E-006
          4123.48     -1.8916884E-006
          4134.77     -1.9360862E-006
          4146.05     -1.9810476E-006
          4157.34     -2.0265799E-006
          4168.63     -2.0726905E-006
          4179.92     -2.1193868E-006
          4191.21     -2.1666757E-006
          4202.50     -2.2145643E-006
          4213.79     -2.2630595E-006
          4225.08     -2.3121680E-006
          4236.37     -2.3618965E-006
          4247.66     -2.4122513E-006
          4258.95     -2.4632387E-006
          4270.23     -2.5148651E-006
          4281.52     -2.5671363E-006
          4292.81     -2.6200583E-006
          4304.10     -2.6736367E-006
          4315.39     -2.7278771E-006
          4326.68     -2.7827849E-006
          4337.97     -2.8383652E-006
          4349.26     -2.8946230E-006
          4360.55     -2.9515633E-006
          4371.84     -3.0091906E-006
          4383.12     -3.0675095E-006
          4394.41     -3.1265243E-006
          4405.70     -3.1862390E-006
          4416.99     -3.2466574E-006
          4428.28     -3.3077829E-006
          4439.57     -3.3696189E-006
          4450.86     -3.4321686E-006
          4462.15     -3.4954347E-006
          4473.44     -3.5594199E-006
          4484.73     -3.6241265E-006
          4496.02     -3.6895565E-006
          4507.30     -3.7557118E-006
          4518.59     -3.8225937E-006
          4529.88     -3.8902037E-006
          4541.17     -3.9585425E-006
          4552.46     -4.0276107E-006
          4563.75     -4.0974087E-006
          4575.04     -4.1679364E-006
          4586.33     -4.2391933E-006
          4597.62     -4.3111790E-006
          4608.91     -4.3838920E-006
          4620.20     -4.4573311E-006
          4631.48     -4.5314944E-006
          4642.77     -4.6063796E-006
          4654.06     -4.6819841E-006
          4665.35     -4.7583049E-006
          4676.64     -4.8353385E-006
          4687.93     -4.9130810E-006
          4699.22     -4.9915280E-006
          4710.51     -5.0706746E-006
          4721.80     -5.1505157E-006
          4733.09     -5.2310452E-006
          4744.38     -5.3122571E-006
          4755.66     -5.3941445E-006
          4766.95     -5.4767000E-006
          4778.24     -5.5599159E-006
          4789.53     -5.6437836E-006
          4800.82     -5.7282941E-006
          4812.11     -5.8134379E-006
          4823.40     -5.8992048E-006
          4834.69     -5.9855839E-006
          4845.98     -6.0725638E-006
          4857.27     -6.1601326E-006
          4868.55     -6.2482773E-006
          4879.84     -6.3369845E-006
          4891.13     -6.4262400E-006
          4902.42     -6.5160292E-006
          4913.71     -6.6063361E-006
          4925.00     -6.6971446E-006
          4936.29     -6.7884375E-006
          4947.58     -6.8801970E-006
          4958.87     -6.9724044E-006
          4970.16     -7.0650400E-006
          4981.45     -7.1580835E-006
          4992.73     -7.2515138E-006
          5004.02     -7.3453086E-006
          5015.31     -7.4394449E-006
          5026.60     -7.5338986E-006
          5037.89     -7.6286449E-006
          5049.18     -7.7236578E-006
          5060.47     -7.8189105E-006
          5071.76     -7.9143749E-006
          5083.05     -8.0100222E-006
          5094.34     -8.1058224E-006
          5105.62     -8.2017443E-006
          5116.91     -8.2977558E-006
          5128.20     -8.3938235E-006
          5139.49     -8.4899131E-006
          5150.78     -8.5859887E-006
          5162.07     -8.6820135E-006
          5173.36     -8.7779494E-006
          5184.65     -8.8737570E-006
          5195.94     -8.9693955E-006
          5207.23     -9.0648230E-006
          5218.52     -9.1599961E-006
          5229.80     -9.2548703E-006
          5241.09     -9.3493993E-006
          5252.38     -9.4435356E-006
          5263.67     -9.5372304E-006
          5274.96     -9.6304330E-006
          5286.25     -9.7230917E-006
          5297.54     -9.8151527E-006
          5308.83     -9.9065612E-006
          5320.12     -9.9972603E-006
          5331.41     -1.0087192E-005
          5342.70     -1.0176295E-005
          5353.98     -1.0264509E-005
          5365.27     -1.0351770E-005
          5376.56     -1.0438012E-005
          5387.85     -1.0523169E-005
          5399.14     -1.0607172E-005
          5410.43     -1.0689950E-005
          5421.72     -1.0771430E-005
          5433.01     -1.0851537E-005
          5444.30     -1.0930196E-005
          5455.59     -1.1007326E-005
          5466.88     -1.1082848E-005
          5478.16     -1.1156678E-005
          5489.45     -1.1228732E-005
          5500.74     -1.1298922E-005
          5512.03     -1.1367158E-005
          5523.32     -1.1433349E-005
          5534.61     -1.1497402E-005
          5545.90     -1.1559219E-005
          5557.19     -1.1618702E-005
          5568.48     -1.1675749E-005
          5579.77     -1.1730257E-005
          5591.05     -1.1782118E-005
          5602.34     -1.1831222E-005
          5613.63     -1.1877456E-005
          5624.92     -1.1920705E-005
          5636.21     -1.1960852E-005
          5647.50     -1.1997777E-005
          5658.79     -1.2031356E-005
          5670.08     -1.2061465E-005
          5681.37     -1.2087970E-005
          5692.66     -1.2110732E-005
          5703.95     -1.2129610E-005
          5715.23     -1.2144460E-005
          5726.52     -1.2155138E-005
          5737.81     -1.2161497E-005
          5749.10     -1.2163389E-005
          5760.39     -1.2160664E-005
          5771.68     -1.2153169E-005
          5782.97     -1.2140753E-005
          5794.26     -1.2123263E-005
          5805.55     -1.2100550E-005
          5816.84     -1.2072463E-005
          5828.12     -1.2038845E-005
          5839.41     -1.1999538E-005
          5850.70     -1.1954379E-005
          5861.99     -1.1903203E-005
          5873.28     -1.1845842E-005
          5884.57     -1.1782123E-005
          5895.86     -1.1711870E-005
          5907.15     -1.1634906E-005
          5918.44     -1.1551045E-005
          5929.73     -1.1460099E-005
          5941.02     -1.1361877E-005
          5952.30     -1.1256184E-005
          5963.59     -1.1142822E-005
          5974.88     -1.1021591E-005
          5986.17     -1.0892285E-005
          5997.46     -1.0754698E-005
          6008.75     -1.0608619E-005
          6020.04     -1.0453833E-005
          6031.33     -1.0290127E-005
          6042.62     -1.0117282E-005
          6053.91     -9.9350786E-006
          6065.20     -9.7432917E-006
          6076.48     -9.5416927E-006
          6087.77     -9.3300503E-006
          6099.06     -9.1081281E-006
          6110.35     -8.8756857E-006
          6121.64     -8.6324774E-006
          6132.93     -8.3782538E-006
          6144.22     -8.1127543E-006
          6155.51     -7.8357212E-006
          6166.80     -7.5468910E-006
          6178.09     -7.2459978E-006
          6189.38     -6.9327709E-006
          6200.66     -6.6069345E-006
          6211.95     -6.2682070E-006
          6223.24     -5.9163005E-006
          6234.53     -5.5509220E-006
          6245.82     -5.1717713E-006
          6257.11     -4.7785421E-006
          6268.40     -4.3709227E-006
          6279.69     -3.9485943E-006
          6290.98     -3.5112315E-006
          6302.27     -3.0585027E-006
          6313.55     -2.5900688E-006
          6324.84     -2.1055854E-006
          6336.13     -1.6046996E-006
          6347.42     -1.0870518E-006
          6358.71     -5.5227652E-007
          6370.00     -5.0160734E-044
