          3480.00      0.0000000E+000
          3491.29      4.1208082E+001
          3502.58      4.0912593E+001
          3513.87      4.0618073E+001
          3525.16      4.0324495E+001
          3536.45      4.0031829E+001
          3547.73      3.9740046E+001
          3559.02      3.9449118E+001
          3570.31      3.9159016E+001
          3581.60      3.8869713E+001
          3592.89      3.8581181E+001
          3604.18      3.8293389E+001
          3615.47      3.8006295E+001
          3626.76      3.7719854E+001
          3638.05      3.7434028E+001
          3649.34      3.7148781E+001
          3660.62      3.6864077E+001
          3671.91      3.6579886E+001
          3683.20      3.6296175E+001
          3694.49      3.6012915E+001
          3705.78      3.5730077E+001
          3717.07      3.5447632E+001
          3728.36      3.5165552E+001
          3739.65      3.4883810E+001
          3750.94      3.4602379E+001
          3762.23      3.4321232E+001
          3773.52      3.4040343E+001
          3784.80      3.3759685E+001
          3796.09      3.3479235E+001
          3807.38      3.3198966E+001
          3818.67      3.2918855E+001
          3829.96      3.2638879E+001
          3841.25      3.2359015E+001
          3852.54      3.2079238E+001
          3863.83      3.1799527E+001
          3875.12      3.1519856E+001
          3886.41      3.1240204E+001
          3897.70      3.0960547E+001
          3908.98      3.0680863E+001
          3920.27      3.0401129E+001
          3931.56      3.0121322E+001
          3942.85      2.9841419E+001
          3954.14      2.9561399E+001
          3965.43      2.9281240E+001
          3976.72      2.9000921E+001
          3988.01      2.8720420E+001
          3999.30      2.8439715E+001
          4010.59      2.8158787E+001
          4021.88      2.7877612E+001
          4033.16      2.7596171E+001
          4044.45      2.7314442E+001
          4055.74      2.7032402E+001
          4067.03      2.6750033E+001
          4078.32      2.6467311E+001
          4089.61      2.6184215E+001
          4100.90      2.5900726E+001
          4112.19      2.5616820E+001
          4123.48      2.5332477E+001
          4134.77      2.5047677E+001
          4146.05      2.4762396E+001
          4157.34      2.4476615E+001
          4168.63      2.4190312E+001
          4179.92      2.3903466E+001
          4191.21      2.3616055E+001
          4202.50      2.3328058E+001
          4213.79      2.3039454E+001
          4225.08      2.2750221E+001
          4236.37      2.2460338E+001
          4247.66      2.2169783E+001
          4258.95      2.1878534E+001
          4270.23      2.1586570E+001
          4281.52      2.1293869E+001
          4292.81      2.1000410E+001
          4304.10      2.0706169E+001
          4315.39      2.0411126E+001
          4326.68      2.0115258E+001
          4337.97      1.9818543E+001
          4349.26      1.9520959E+001
          4360.55      1.9222483E+001
          4371.84      1.8923094E+001
          4383.12      1.8622769E+001
          4394.41      1.8321486E+001
          4405.70      1.8019222E+001
          4416.99      1.7715954E+001
          4428.28      1.7411658E+001
          4439.57      1.7106312E+001
          4450.86      1.6799892E+001
          4462.15      1.6492375E+001
          4473.44      1.6183736E+001
          4484.73      1.5873952E+001
          4496.02      1.5562999E+001
          4507.30      1.5250852E+001
          4518.59      1.4937489E+001
          4529.88      1.4622883E+001
          4541.17      1.4307010E+001
          4552.46      1.3989846E+001
          4563.75      1.3671365E+001
          4575.04      1.3351543E+001
          4586.33      1.3030353E+001
          4597.62      1.2707771E+001
          4608.91      1.2383770E+001
          4620.20      1.2058325E+001
          4631.48      1.1731409E+001
          4642.77      1.1402995E+001
          4654.06      1.1073058E+001
          4665.35      1.0741569E+001
          4676.64      1.0408502E+001
          4687.93      1.0073829E+001
          4699.22      9.7375222E+000
          4710.51      9.3995540E+000
          4721.80      9.0598955E+000
          4733.09      8.7185185E+000
          4744.38      8.3753938E+000
          4755.66      8.0304922E+000
          4766.95      7.6837842E+000
          4778.24      7.3352394E+000
          4789.53      6.9848283E+000
          4800.82      6.6325201E+000
          4812.11      6.2782834E+000
          4823.40      5.9220877E+000
          4834.69      5.5639009E+000
          4845.98      5.2036911E+000
          4857.27      4.8414259E+000
          4868.55      4.4770720E+000
          4879.84      4.1105968E+000
          4891.13      3.7419664E+000
          4902.42      3.3711462E+000
          4913.71      2.9981024E+000
          4925.00      2.6227997E+000
          4936.29      2.2452028E+000
          4947.58      1.8652756E+000
          4958.87      1.4829815E+000
          4970.16      1.0982845E+000
          4981.45      7.1114670E-001
          4992.73      3.2153004E-001
          5004.02     -7.0603214E-002
          5015.31     -4.6529239E-001
          5026.60     -8.6257702E-001
          5037.89     -1.2624972E+000
          5049.18     -1.6650939E+000
          5060.47     -2.0704077E+000
          5071.76     -2.4784807E+000
          5083.05     -2.8893557E+000
          5094.34     -3.3030751E+000
          5105.62     -3.7196829E+000
          5116.91     -4.1392234E+000
          5128.20     -4.5617416E+000
          5139.49     -4.9872836E+000
          5150.78     -5.4158950E+000
          5162.07     -5.8476234E+000
          5173.36     -6.2825170E+000
          5184.65     -6.7206237E+000
          5195.94     -7.1619933E+000
          5207.23     -7.6066761E+000
          5218.52     -8.0547230E+000
          5229.80     -8.5061862E+000
          5241.09     -8.9611176E+000
          5252.38     -9.4195711E+000
          5263.67     -9.8816015E+000
          5274.96     -1.0347263E+001
          5286.25     -1.0816613E+001
          5297.54     -1.1289708E+001
          5308.83     -1.1766606E+001
          5320.12     -1.2247366E+001
          5331.41     -1.2732050E+001
          5342.70     -1.3220716E+001
          5353.98     -1.3713430E+001
          5365.27     -1.4210253E+001
          5376.56     -1.4711249E+001
          5387.85     -1.5216485E+001
          5399.14     -1.5726028E+001
          5410.43     -1.6239945E+001
          5421.72     -1.6758305E+001
          5433.01     -1.7281180E+001
          5444.30     -1.7808641E+001
          5455.59     -1.8340760E+001
          5466.88     -1.8877613E+001
          5478.16     -1.9419276E+001
          5489.45     -1.9965825E+001
          5500.74     -2.0517341E+001
          5512.03     -2.1073903E+001
          5523.32     -2.1635592E+001
          5534.61     -2.2202493E+001
          5545.90     -2.2774690E+001
          5557.19     -2.3352270E+001
          5568.48     -2.3935322E+001
          5579.77     -2.4523936E+001
          5591.05     -2.5118206E+001
          5602.34     -2.5718228E+001
          5613.63     -2.6324099E+001
          5624.92     -2.6935918E+001
          5636.21     -2.7553786E+001
          5647.50     -2.8177805E+001
          5658.79     -2.8808081E+001
          5670.08     -2.9444720E+001
          5681.37     -3.0087837E+001
          5692.66     -3.0737553E+001
          5703.95     -3.1303423E+001
          5715.23     -3.1698557E+001
          5726.52     -3.1929814E+001
          5737.81     -3.2005689E+001
          5749.10     -3.1935988E+001
          5760.39     -3.1731506E+001
          5771.68     -3.1403709E+001
          5782.97     -3.0964439E+001
          5794.26     -3.0425613E+001
          5805.55     -2.9799010E+001
          5816.84     -2.9096126E+001
          5828.12     -2.8328018E+001
          5839.41     -2.7505181E+001
          5850.70     -2.6637466E+001
          5861.99     -2.5734016E+001
          5873.28     -2.4803242E+001
          5884.57     -2.3852804E+001
          5895.86     -2.2889622E+001
          5907.15     -2.1919902E+001
          5918.44     -2.0949173E+001
          5929.73     -1.9982329E+001
          5941.02     -1.9023650E+001
          5952.30     -1.8076842E+001
          5963.59     -1.7145099E+001
          5974.88     -1.6231141E+001
          5986.17     -1.5337270E+001
          5997.46     -1.4465412E+001
          6008.75     -1.3617149E+001
          6020.04     -1.2793766E+001
          6031.33     -1.1996263E+001
          6042.62     -1.1225400E+001
          6053.91     -1.0481749E+001
          6065.20     -9.7657177E+000
          6076.48     -9.0775718E+000
          6087.77     -8.4174525E+000
          6099.06     -7.7854023E+000
          6110.35     -7.1813869E+000
          6121.64     -6.6053127E+000
          6132.93     -6.0570510E+000
          6144.22     -5.5364434E+000
          6155.51     -5.0432859E+000
          6166.80     -4.5773413E+000
          6178.09     -4.1383443E+000
          6189.38     -3.7260064E+000
          6200.66     -3.3400402E+000
          6211.95     -2.9801686E+000
          6223.24     -2.6461293E+000
          6234.53     -2.3376786E+000
          6245.82     -2.0545931E+000
          6257.11     -1.7966732E+000
          6268.40     -1.5637463E+000
          6279.69     -1.3490576E+000
          6290.98     -1.1456233E+000
          6302.27     -9.5296805E-001
          6313.55     -7.7064413E-001
          6324.84     -5.9822932E-001
          6336.13     -4.3532419E-001
          6347.42     -2.8155148E-001
          6358.71     -1.3655541E-001
          6370.00      0.0000000E+000
