          3480.00     -1.1184710E-035
          3491.29     -3.7624557E-010
          3502.58     -7.2501211E-010
          3513.87     -1.0475807E-009
          3525.16     -1.3451312E-009
          3536.45     -1.6187493E-009
          3547.73     -1.8694291E-009
          3559.02     -2.0980778E-009
          3570.31     -2.3055198E-009
          3581.60     -2.4925002E-009
          3592.89     -2.6596875E-009
          3604.18     -2.8076758E-009
          3615.47     -2.9369836E-009
          3626.76     -3.0480585E-009
          3638.05     -3.1412821E-009
          3649.34     -3.2169716E-009
          3660.62     -3.2753822E-009
          3671.91     -3.3167084E-009
          3683.20     -3.3410856E-009
          3694.49     -3.3485917E-009
          3705.78     -3.3392478E-009
          3717.07     -3.3130195E-009
          3728.36     -3.2698178E-009
          3739.65     -3.2094997E-009
          3750.94     -3.1318690E-009
          3762.23     -3.0366763E-009
          3773.52     -2.9236199E-009
          3784.80     -2.7923455E-009
          3796.09     -2.6424471E-009
          3807.38     -2.4734670E-009
          3818.67     -2.2848958E-009
          3829.96     -2.0761723E-009
          3841.25     -1.8466819E-009
          3852.54     -1.5957567E-009
          3863.83     -1.3226750E-009
          3875.12     -1.0266605E-009
          3886.41     -7.0688227E-010
          3897.70     -3.6245266E-010
          3908.98      7.5730048E-012
          3920.27      4.0419639E-010
          3931.56      8.2847918E-010
          3942.85      1.2815430E-009
          3954.14      1.7645701E-009
          3965.43      2.2788046E-009
          3976.72      2.8255535E-009
          3988.01      3.4061908E-009
          3999.30      4.0221584E-009
          4010.59      4.6749653E-009
          4021.88      5.3661934E-009
          4033.16      6.0974969E-009
          4044.45      6.8706048E-009
          4055.74      7.6873238E-009
          4067.03      8.5495378E-009
          4078.32      9.4592140E-009
          4089.61      1.0418403E-008
          4100.90      1.1429241E-008
          4112.19      1.2493953E-008
          4123.48      1.3614856E-008
          4134.77      1.4794360E-008
          4146.05      1.6034975E-008
          4157.34      1.7339306E-008
          4168.63      1.8710064E-008
          4179.92      2.0150069E-008
          4191.21      2.1662244E-008
          4202.50      2.3249630E-008
          4213.79      2.4915382E-008
          4225.08      2.6662775E-008
          4236.37      2.8495212E-008
          4247.66      3.0416214E-008
          4258.95      3.2429442E-008
          4270.23      3.4538693E-008
          4281.52      3.6747897E-008
          4292.81      3.9061134E-008
          4304.10      4.1482630E-008
          4315.39      4.4016765E-008
          4326.68      4.6668080E-008
          4337.97      4.9441271E-008
          4349.26      5.2341208E-008
          4360.55      5.5372936E-008
          4371.84      5.8541664E-008
          4383.12      6.1852794E-008
          4394.41      6.5311920E-008
          4405.70      6.8924830E-008
          4416.99      7.2697520E-008
          4428.28      7.6636181E-008
          4439.57      8.0747229E-008
          4450.86      8.5037300E-008
          4462.15      8.9513246E-008
          4473.44      9.4182163E-008
          4484.73      9.9051384E-008
          4496.02      1.0412849E-007
          4507.30      1.0942133E-007
          4518.59      1.1493798E-007
          4529.88      1.2068682E-007
          4541.17      1.2667652E-007
          4552.46      1.3291598E-007
          4563.75      1.3941445E-007
          4575.04      1.4618147E-007
          4586.33      1.5322688E-007
          4597.62      1.6056086E-007
          4608.91      1.6819391E-007
          4620.20      1.7613686E-007
          4631.48      1.8440093E-007
          4642.77      1.9299765E-007
          4654.06      2.0193897E-007
          4665.35      2.1123719E-007
          4676.64      2.2090502E-007
          4687.93      2.3095558E-007
          4699.22      2.4140237E-007
          4710.51      2.5225937E-007
          4721.80      2.6354098E-007
          4733.09      2.7526203E-007
          4744.38      2.8743784E-007
          4755.66      3.0008420E-007
          4766.95      3.1321741E-007
          4778.24      3.2685426E-007
          4789.53      3.4101205E-007
          4800.82      3.5570863E-007
          4812.11      3.7096242E-007
          4823.40      3.8679234E-007
          4834.69      4.0321796E-007
          4845.98      4.2025940E-007
          4857.27      4.3793743E-007
          4868.55      4.5627344E-007
          4879.84      4.7528943E-007
          4891.13      4.9500810E-007
          4902.42      5.1545285E-007
          4913.71      5.3664773E-007
          4925.00      5.5861753E-007
          4936.29      5.8138780E-007
          4947.58      6.0498484E-007
          4958.87      6.2943572E-007
          4970.16      6.5476828E-007
          4981.45      6.8101124E-007
          4992.73      7.0819415E-007
          5004.02      7.3634736E-007
          5015.31      7.6550220E-007
          5026.60      7.9569087E-007
          5037.89      8.2694649E-007
          5049.18      8.5930322E-007
          5060.47      8.9279606E-007
          5071.76      9.2746113E-007
          5083.05      9.6333561E-007
          5094.34      1.0004576E-006
          5105.62      1.0388665E-006
          5116.91      1.0786026E-006
          5128.20      1.1197075E-006
          5139.49      1.1622239E-006
          5150.78      1.2061958E-006
          5162.07      1.2516683E-006
          5173.36      1.2986879E-006
          5184.65      1.3473023E-006
          5195.94      1.3975606E-006
          5207.23      1.4495133E-006
          5218.52      1.5032122E-006
          5229.80      1.5587106E-006
          5241.09      1.6160632E-006
          5252.38      1.6753264E-006
          5263.67      1.7365579E-006
          5274.96      1.7998172E-006
          5286.25      1.8651652E-006
          5297.54      1.9326647E-006
          5308.83      2.0023801E-006
          5320.12      2.0743776E-006
          5331.41      2.1487250E-006
          5342.70      2.2254922E-006
          5353.98      2.3047508E-006
          5365.27      2.3865744E-006
          5376.56      2.4710386E-006
          5387.85      2.5582209E-006
          5399.14      2.6482010E-006
          5410.43      2.7410607E-006
          5421.72      2.8368838E-006
          5433.01      2.9357566E-006
          5444.30      3.0377675E-006
          5455.59      3.1430072E-006
          5466.88      3.2515688E-006
          5478.16      3.3635480E-006
          5489.45      3.4790428E-006
          5500.74      3.5981540E-006
          5512.03      3.7209847E-006
          5523.32      3.8476408E-006
          5534.61      3.9782312E-006
          5545.90      4.1128671E-006
          5557.19      4.2516629E-006
          5568.48      4.3947359E-006
          5579.77      4.5422065E-006
          5591.05      4.6941984E-006
          5602.34      4.8508379E-006
          5613.63      5.0122550E-006
          5624.92      5.1785829E-006
          5636.21      5.3499578E-006
          5647.50      5.5265195E-006
          5658.79      5.7084115E-006
          5670.08      5.8957805E-006
          5681.37      6.0887777E-006
          5692.66      6.2875581E-006
          5703.95      6.4558676E-006
          5715.23      6.5598472E-006
          5726.52      6.6031678E-006
          5737.81      6.5893973E-006
          5749.10      6.5220043E-006
          5760.39      6.4043624E-006
          5771.68      6.2397543E-006
          5782.97      6.0313747E-006
          5794.26      5.7823218E-006
          5805.55      5.4956093E-006
          5816.84      5.1741935E-006
          5828.12      4.8209767E-006
          5839.41      4.4388115E-006
          5850.70      4.0305050E-006
          5861.99      3.5988214E-006
          5873.28      3.1464878E-006
          5884.57      2.6761951E-006
          5895.86      2.1906023E-006
          5907.15      1.6923418E-006
          5918.44      1.1840282E-006
          5929.73      6.6825934E-007
          5941.02      1.4760719E-007
          5952.30     -3.7538077E-007
          5963.59     -8.9817659E-007
          5974.88     -1.4182703E-006
          5986.17     -1.9331643E-006
          5997.46     -2.4403730E-006
          6008.75     -2.9374261E-006
          6020.04     -3.4218651E-006
          6031.33     -3.8912517E-006
          6042.62     -4.3431614E-006
          6053.91     -4.7751622E-006
          6065.20     -5.1848146E-006
          6076.48     -5.5696711E-006
          6087.77     -5.9272738E-006
          6099.06     -6.2551465E-006
          6110.35     -6.5507877E-006
          6121.64     -6.8116658E-006
          6132.93     -7.0352089E-006
          6144.22     -7.2188109E-006
          6155.51     -7.3598500E-006
          6166.80     -7.4556840E-006
          6178.09     -7.5036487E-006
          6189.38     -7.5010517E-006
          6200.66     -7.4451532E-006
          6211.95     -7.3331582E-006
          6223.24     -7.1622132E-006
          6234.53     -6.9294043E-006
          6245.82     -6.6317540E-006
          6257.11     -6.2662189E-006
          6268.40     -5.8296879E-006
          6279.69     -5.3375914E-006
          6290.98     -4.8073183E-006
          6302.27     -4.2386118E-006
          6313.55     -3.6311758E-006
          6324.84     -2.9846767E-006
          6336.13     -2.2987408E-006
          6347.42     -1.5729556E-006
          6358.71     -8.0687186E-007
          6370.00     -5.8872749E-039
