          3480.00      0.0000000E+000
          3491.29     -9.3064774E-002
          3502.58     -9.7864308E-002
          3513.87     -1.0270210E-001
          3525.16     -1.0757919E-001
          3536.45     -1.1249666E-001
          3547.73     -1.1745566E-001
          3559.02     -1.2245739E-001
          3570.31     -1.2750311E-001
          3581.60     -1.3259416E-001
          3592.89     -1.3773191E-001
          3604.18     -1.4291788E-001
          3615.47     -1.4815376E-001
          3626.76     -1.5344139E-001
          3638.05     -1.5878263E-001
          3649.34     -1.6417943E-001
          3660.62     -1.6963380E-001
          3671.91     -1.7514784E-001
          3683.20     -1.8072373E-001
          3694.49     -1.8636376E-001
          3705.78     -1.9207030E-001
          3717.07     -1.9784582E-001
          3728.36     -2.0369293E-001
          3739.65     -2.0961431E-001
          3750.94     -2.1561280E-001
          3762.23     -2.2169135E-001
          3773.52     -2.2785304E-001
          3784.80     -2.3410110E-001
          3796.09     -2.4043889E-001
          3807.38     -2.4686992E-001
          3818.67     -2.5339785E-001
          3829.96     -2.6002649E-001
          3841.25     -2.6675985E-001
          3852.54     -2.7360213E-001
          3863.83     -2.8055771E-001
          3875.12     -2.8763119E-001
          3886.41     -2.9482739E-001
          3897.70     -3.0215136E-001
          3908.98     -3.0960841E-001
          3920.27     -3.1720409E-001
          3931.56     -3.2494425E-001
          3942.85     -3.3283501E-001
          3954.14     -3.4088280E-001
          3965.43     -3.4909440E-001
          3976.72     -3.5747687E-001
          3988.01     -3.6603769E-001
          3999.30     -3.7478476E-001
          4010.59     -3.8372634E-001
          4021.88     -3.9287120E-001
          4033.16     -4.0222858E-001
          4044.45     -4.1180823E-001
          4055.74     -4.2162049E-001
          4067.03     -4.3167625E-001
          4078.32     -4.4198707E-001
          4089.61     -4.5256520E-001
          4100.90     -4.6342363E-001
          4112.19     -4.7457613E-001
          4123.48     -4.8603735E-001
          4134.77     -4.9782288E-001
          4146.05     -5.0994929E-001
          4157.34     -5.2243425E-001
          4168.63     -5.3529660E-001
          4179.92     -5.4855648E-001
          4191.21     -5.6223541E-001
          4202.50     -5.7635641E-001
          4213.79     -5.9094418E-001
          4225.08     -6.0602520E-001
          4236.37     -6.2162795E-001
          4247.66     -6.3778301E-001
          4258.95     -6.5452338E-001
          4270.23     -6.7188468E-001
          4281.52     -6.8990533E-001
          4292.81     -7.0862697E-001
          4304.10     -7.2809471E-001
          4315.39     -7.4835754E-001
          4326.68     -7.6946876E-001
          4337.97     -7.9148639E-001
          4349.26     -8.1447384E-001
          4360.55     -8.3850048E-001
          4371.84     -8.6364222E-001
          4383.12     -8.8998254E-001
          4394.41     -9.1761339E-001
          4405.70     -9.4663631E-001
          4416.99     -9.7716366E-001
          4428.28     -1.0093201E+000
          4439.57     -1.0432442E+000
          4450.86     -1.0790910E+000
          4462.15     -1.1170335E+000
          4473.44     -1.1572665E+000
          4484.73     -1.2000093E+000
          4496.02     -1.2455099E+000
          4507.30     -1.2940502E+000
          4518.59     -1.3459514E+000
          4529.88     -1.4015818E+000
          4541.17     -1.4613651E+000
          4552.46     -1.5257917E+000
          4563.75     -1.5954319E+000
          4575.04     -1.6709535E+000
          4586.33     -1.7531430E+000
          4597.62     -1.8429338E+000
          4608.91     -1.9414412E+000
          4620.20     -2.0500101E+000
          4631.48     -2.1702767E+000
          4642.77     -2.3042517E+000
          4654.06     -2.4544347E+000
          4665.35     -2.6239719E+000
          4676.64     -2.8168793E+000
          4687.93     -3.0383669E+000
          4699.22     -3.2953158E+000
          4710.51     -3.5970093E+000
          4721.80     -3.9562804E+000
          4733.09     -4.3913855E+000
          4744.38     -4.9292125E+000
          4755.66     -5.6110618E+000
          4766.95     -6.5037992E+000
          4778.24     -7.7232596E+000
          4789.53     -9.4891160E+000
          4800.82     -1.2274859E+001
          4812.11     -1.7323271E+001
          4823.40     -2.9277409E+001
          4834.69     -9.2982889E+001
          4845.98     -8.0118988E+001
          4857.27     -2.8125155E+001
          4868.55     -1.7102753E+001
          4879.84     -1.2310938E+001
          4891.13     -9.6307964E+000
          4902.42     -7.9184173E+000
          4913.71     -6.7297440E+000
          4925.00     -5.8563515E+000
          4936.29     -5.1874616E+000
          4947.58     -4.6587532E+000
          4958.87     -4.2303199E+000
          4970.16     -3.8760908E+000
          4981.45     -3.5783115E+000
          4992.73     -3.3244736E+000
          5004.02     -3.1055105E+000
          5015.31     -2.9146892E+000
          5026.60     -2.7469055E+000
          5037.89     -2.5982191E+000
          5049.18     -2.4655400E+000
          5060.47     -2.3464109E+000
          5071.76     -2.2388531E+000
          5083.05     -2.1412550E+000
          5094.34     -2.0522917E+000
          5105.62     -1.9708627E+000
          5116.91     -1.8960475E+000
          5128.20     -1.8270693E+000
          5139.49     -1.7632686E+000
          5150.78     -1.7040818E+000
          5162.07     -1.6490240E+000
          5173.36     -1.5976762E+000
          5184.65     -1.5496742E+000
          5195.94     -1.5047000E+000
          5207.23     -1.4624745E+000
          5218.52     -1.4227523E+000
          5229.80     -1.3853159E+000
          5241.09     -1.3499728E+000
          5252.38     -1.3165511E+000
          5263.67     -1.2848976E+000
          5274.96     -1.2548747E+000
          5286.25     -1.2263590E+000
          5297.54     -1.1992390E+000
          5308.83     -1.1734142E+000
          5320.12     -1.1487932E+000
          5331.41     -1.1252933E+000
          5342.70     -1.1028391E+000
          5353.98     -1.0813618E+000
          5365.27     -1.0607987E+000
          5376.56     -1.0410921E+000
          5387.85     -1.0221892E+000
          5399.14     -1.0040415E+000
          5410.43     -9.8660421E-001
          5421.72     -9.6983613E-001
          5433.01     -9.5369913E-001
          5444.30     -9.3815794E-001
          5455.59     -9.2317990E-001
          5466.88     -9.0873467E-001
          5478.16     -8.9479407E-001
          5489.45     -8.8133186E-001
          5500.74     -8.6832361E-001
          5512.03     -8.5574654E-001
          5523.32     -8.4357935E-001
          5534.61     -8.3180212E-001
          5545.90     -8.2039626E-001
          5557.19     -8.0934427E-001
          5568.48     -7.9862980E-001
          5579.77     -7.8823743E-001
          5591.05     -7.7815266E-001
          5602.34     -7.6836189E-001
          5613.63     -7.5885228E-001
          5624.92     -7.4961176E-001
          5636.21     -7.4062896E-001
          5647.50     -7.3189312E-001
          5658.79     -7.2339410E-001
          5670.08     -7.1512232E-001
          5681.37     -7.0706863E-001
          5692.66     -6.9922432E-001
          5703.95     -6.9158119E-001
          5715.23     -6.8413149E-001
          5726.52     -6.7686794E-001
          5737.81     -6.6978364E-001
          5749.10     -7.0198723E-001
          5760.39     -8.3578901E-001
          5771.68     -1.2232124E+000
          5782.97     -3.4303628E+000
          5794.26     -2.6192115E+000
          5805.55     -8.2893588E-001
          5816.84     -4.5668283E-001
          5828.12     -2.9913722E-001
          5839.41     -2.1362183E-001
          5850.70     -1.6067129E-001
          5861.99     -1.2506521E-001
          5873.28     -9.9720769E-002
          5884.57     -8.0911527E-002
          5895.86     -6.6498537E-002
          5907.15     -5.5171262E-002
          5918.44     -4.6084859E-002
          5929.73     -3.8671946E-002
          5941.02     -3.2538362E-002
          5952.30     -2.7402501E-002
          5963.59     -2.3058338E-002
          5974.88     -1.9352014E-002
          5986.17     -1.6166586E-002
          5997.46     -1.3411764E-002
          6008.75     -1.1016854E-002
          6020.04     -8.9242911E-003
          6031.33     -7.0924247E-003
          6042.62     -5.4832531E-003
          6053.91     -4.0672308E-003
          6065.20     -2.8201236E-003
          6076.48     -1.7219294E-003
          6087.77     -7.5605904E-004
          6099.06      9.1290107E-005
          6110.35      8.3161874E-004
          6121.64      1.4745128E-003
          6132.93      2.0279381E-003
          6144.22      2.4984953E-003
          6155.51      2.8916371E-003
          6166.80      3.2118066E-003
          6178.09      3.4625491E-003
          6189.38      3.6465937E-003
          6200.66      3.7658971E-003
          6211.95      3.8216823E-003
          6223.24      3.8144655E-003
          6234.53      3.7440626E-003
          6245.82      3.6095783E-003
          6257.11      3.4093742E-003
          6268.40      3.1410163E-003
          6279.69      2.8325965E-003
          6290.98      2.5142232E-003
          6302.27      2.1858347E-003
          6313.55      1.8473553E-003
          6324.84      1.4986963E-003
          6336.13      1.1397546E-003
          6347.42      7.7041331E-004
          6358.71      3.9054314E-004
          6370.00      0.0000000E+000
