          3480.00      0.0000000E+000
          3491.29     -1.4801827E-001
          3502.58     -1.5655915E-001
          3513.87     -1.6518766E-001
          3525.16     -1.7390560E-001
          3536.45     -1.8271492E-001
          3547.73     -1.9161774E-001
          3559.02     -2.0061631E-001
          3570.31     -2.0971308E-001
          3581.60     -2.1891065E-001
          3592.89     -2.2821181E-001
          3604.18     -2.3761964E-001
          3615.47     -2.4713761E-001
          3626.76     -2.5676951E-001
          3638.05     -2.6651934E-001
          3649.34     -2.7639132E-001
          3660.62     -2.8638994E-001
          3671.91     -2.9651993E-001
          3683.20     -3.0678631E-001
          3694.49     -3.1719442E-001
          3705.78     -3.2774988E-001
          3717.07     -3.3845866E-001
          3728.36     -3.4932709E-001
          3739.65     -3.6036183E-001
          3750.94     -3.7156998E-001
          3762.23     -3.8295902E-001
          3773.52     -3.9453687E-001
          3784.80     -4.0631192E-001
          3796.09     -4.1829302E-001
          3807.38     -4.3048954E-001
          3818.67     -4.4291134E-001
          3829.96     -4.5556884E-001
          3841.25     -4.6847312E-001
          3852.54     -4.8163589E-001
          3863.83     -4.9506955E-001
          3875.12     -5.0878725E-001
          3886.41     -5.2280291E-001
          3897.70     -5.3713133E-001
          3908.98     -5.5178821E-001
          3920.27     -5.6679018E-001
          3931.56     -5.8215498E-001
          3942.85     -5.9790143E-001
          3954.14     -6.1404955E-001
          3965.43     -6.3062061E-001
          3976.72     -6.4763728E-001
          3988.01     -6.6512375E-001
          3999.30     -6.8310587E-001
          4010.59     -7.0161124E-001
          4021.88     -7.2066943E-001
          4033.16     -7.4031210E-001
          4044.45     -7.6057323E-001
          4055.74     -7.8148930E-001
          4067.03     -8.0309951E-001
          4078.32     -8.2544610E-001
          4089.61     -8.4857463E-001
          4100.90     -8.7253420E-001
          4112.19     -8.9737802E-001
          4123.48     -9.2316364E-001
          4134.77     -9.4995354E-001
          4146.05     -9.7781562E-001
          4157.34     -1.0068237E+000
          4168.63     -1.0370585E+000
          4179.92     -1.0686080E+000
          4191.21     -1.1015688E+000
          4202.50     -1.1360466E+000
          4213.79     -1.1721580E+000
          4225.08     -1.2100313E+000
          4236.37     -1.2498086E+000
          4247.66     -1.2916469E+000
          4258.95     -1.3357212E+000
          4270.23     -1.3822262E+000
          4281.52     -1.4313797E+000
          4292.81     -1.4834259E+000
          4304.10     -1.5386396E+000
          4315.39     -1.5973311E+000
          4326.68     -1.6598523E+000
          4337.97     -1.7266039E+000
          4349.26     -1.7980438E+000
          4360.55     -1.8746983E+000
          4371.84     -1.9571744E+000
          4383.12     -2.0461771E+000
          4394.41     -2.1425295E+000
          4405.70     -2.2471988E+000
          4416.99     -2.3613292E+000
          4428.28     -2.4862839E+000
          4439.57     -2.6237008E+000
          4450.86     -2.7755651E+000
          4462.15     -2.9443059E+000
          4473.44     -3.1329292E+000
          4484.73     -3.3451984E+000
          4496.02     -3.5858896E+000
          4507.30     -3.8611575E+000
          4518.59     -4.1790693E+000
          4529.88     -4.5504135E+000
          4541.17     -4.9899508E+000
          4552.46     -5.5184267E+000
          4563.75     -6.1659505E+000
          4575.04     -6.9779473E+000
          4586.33     -8.0263171E+000
          4597.62     -9.4320127E+000
          4608.91     -1.1415467E+001
          4620.20     -1.4425359E+001
          4631.48     -1.9537199E+001
          4642.77     -3.0135476E+001
          4654.06     -6.5288820E+001
          4665.35     -4.1334945E+002
          4676.64     -4.9933165E+001
          4687.93     -2.6660495E+001
          4699.22     -1.8225704E+001
          4710.51     -1.3868482E+001
          4721.80     -1.1207462E+001
          4733.09     -9.4134619E+000
          4744.38     -8.1220288E+000
          4755.66     -7.1478725E+000
          4766.95     -6.3868209E+000
          4778.24     -5.7758074E+000
          4789.53     -5.2744185E+000
          4800.82     -4.8555586E+000
          4812.11     -4.5003823E+000
          4823.40     -4.1953774E+000
          4834.69     -3.9306014E+000
          4845.98     -3.6985767E+000
          4857.27     -3.4935710E+000
          4868.55     -3.3111160E+000
          4879.84     -3.1476776E+000
          4891.13     -3.0004237E+000
          4902.42     -2.8670577E+000
          4913.71     -2.7456986E+000
          4925.00     -2.6347903E+000
          4936.29     -2.5330344E+000
          4947.58     -2.4393393E+000
          4958.87     -2.3527803E+000
          4970.16     -2.2725692E+000
          4981.45     -2.1980297E+000
          4992.73     -2.1285783E+000
          5004.02     -2.0637090E+000
          5015.31     -2.0029807E+000
          5026.60     -1.9460073E+000
          5037.89     -1.8924491E+000
          5049.18     -1.8420065E+000
          5060.47     -1.7944138E+000
          5071.76     -1.7494347E+000
          5083.05     -1.7068584E+000
          5094.34     -1.6664962E+000
          5105.62     -1.6281787E+000
          5116.91     -1.5917533E+000
          5128.20     -1.5570823E+000
          5139.49     -1.5240411E+000
          5150.78     -1.4925165E+000
          5162.07     -1.4624058E+000
          5173.36     -1.4336150E+000
          5184.65     -1.4060586E+000
          5195.94     -1.3796583E+000
          5207.23     -1.3543422E+000
          5218.52     -1.3300443E+000
          5229.80     -1.3067037E+000
          5241.09     -1.2842646E+000
          5252.38     -1.2626753E+000
          5263.67     -1.2418878E+000
          5274.96     -1.2218579E+000
          5286.25     -1.2025447E+000
          5297.54     -1.1839098E+000
          5308.83     -1.1659178E+000
          5320.12     -1.1485357E+000
          5331.41     -1.1317326E+000
          5342.70     -1.1154798E+000
          5353.98     -1.0997504E+000
          5365.27     -1.0845192E+000
          5376.56     -1.0697628E+000
          5387.85     -1.0554588E+000
          5399.14     -1.0415868E+000
          5410.43     -1.0281270E+000
          5421.72     -1.0150613E+000
          5433.01     -1.0023723E+000
          5444.30     -9.9004386E-001
          5455.59     -9.7806056E-001
          5466.88     -9.6640796E-001
          5478.16     -9.5507236E-001
          5489.45     -9.4404085E-001
          5500.74     -9.3330120E-001
          5512.03     -9.2284183E-001
          5523.32     -9.1265178E-001
          5534.61     -9.0272062E-001
          5545.90     -8.9303851E-001
          5557.19     -8.8359607E-001
          5568.48     -8.7438439E-001
          5579.77     -8.6539499E-001
          5591.05     -8.5661974E-001
          5602.34     -8.4805098E-001
          5613.63     -8.3968137E-001
          5624.92     -8.3150394E-001
          5636.21     -8.2351207E-001
          5647.50     -8.1569944E-001
          5658.79     -8.0806001E-001
          5670.08     -8.0058804E-001
          5681.37     -7.9327792E-001
          5692.66     -7.8612427E-001
          5703.95     -7.7912196E-001
          5715.23     -7.7226617E-001
          5726.52     -7.6555235E-001
          5737.81     -7.5897617E-001
          5749.10     -8.1519192E-001
          5760.39     -1.0606706E+000
          5771.68     -2.0993982E+000
          5782.97     -5.9025042E+000
          5794.26     -1.0027023E+000
          5805.55     -4.9605590E-001
          5816.84     -3.0869050E-001
          5828.12     -2.1328590E-001
          5839.41     -1.5647857E-001
          5850.70     -1.1930311E-001
          5861.99     -9.3374184E-002
          5873.28     -7.4436200E-002
          5884.57     -6.0111987E-002
          5895.86     -4.8976070E-002
          5907.15     -4.0125553E-002
          5918.44     -3.2963039E-002
          5929.73     -2.7078869E-002
          5941.02     -2.2183547E-002
          5952.30     -1.8067289E-002
          5963.59     -1.4574778E-002
          5974.88     -1.1588850E-002
          5986.17     -9.0196841E-003
          5997.46     -6.7974228E-003
          6008.75     -4.8670271E-003
          6020.04     -3.1846578E-003
          6031.33     -1.7150278E-003
          6042.62     -4.2950544E-004
          6053.91      6.9527237E-004
          6065.20      1.6784929E-003
          6076.48      2.5359945E-003
          6087.77      3.2808964E-003
          6099.06      3.9240794E-003
          6110.35      4.4745598E-003
          6121.64      4.9397876E-003
          6132.93      5.3258726E-003
          6144.22      5.6377827E-003
          6155.51      5.8795125E-003
          6166.80      6.0541851E-003
          6178.09      6.1641321E-003
          6189.38      6.2109455E-003
          6200.66      6.1954976E-003
          6211.95      6.1179554E-003
          6223.24      5.9777831E-003
          6234.53      5.7737256E-003
          6245.82      5.5037705E-003
          6257.11      5.1650889E-003
          6268.40      4.7539502E-003
          6279.69      4.2967813E-003
          6290.98      3.8227808E-003
          6302.27      3.3316055E-003
          6313.55      2.8228756E-003
          6324.84      2.2961761E-003
          6336.13      1.7510524E-003
          6347.42      1.1870111E-003
          6358.71      6.0351917E-004
          6370.00      0.0000000E+000
