          3480.00      0.0000000E+000
          3491.29     -1.7440516E-001
          3502.58     -1.8514233E-001
          3513.87     -1.9600041E-001
          3525.16     -2.0698141E-001
          3536.45     -2.1808760E-001
          3547.73     -2.2932147E-001
          3559.02     -2.4068569E-001
          3570.31     -2.5218322E-001
          3581.60     -2.6381727E-001
          3592.89     -2.7559131E-001
          3604.18     -2.8750924E-001
          3615.47     -2.9957545E-001
          3626.76     -3.1179484E-001
          3638.05     -3.2417265E-001
          3649.34     -3.3671443E-001
          3660.62     -3.4942617E-001
          3671.91     -3.6231425E-001
          3683.20     -3.7538549E-001
          3694.49     -3.8864721E-001
          3705.78     -4.0210716E-001
          3717.07     -4.1577366E-001
          3728.36     -4.2965558E-001
          3739.65     -4.4376232E-001
          3750.94     -4.5810395E-001
          3762.23     -4.7269116E-001
          3773.52     -4.8753535E-001
          3784.80     -5.0264863E-001
          3796.09     -5.1804387E-001
          3807.38     -5.3373476E-001
          3818.67     -5.4973580E-001
          3829.96     -5.6606240E-001
          3841.25     -5.8273099E-001
          3852.54     -5.9975905E-001
          3863.83     -6.1716519E-001
          3875.12     -6.3496924E-001
          3886.41     -6.5319229E-001
          3897.70     -6.7185687E-001
          3908.98     -6.9098701E-001
          3920.27     -7.1060833E-001
          3931.56     -7.3074823E-001
          3942.85     -7.5143599E-001
          3954.14     -7.7270292E-001
          3965.43     -7.9458249E-001
          3976.72     -8.1711055E-001
          3988.01     -8.4032560E-001
          3999.30     -8.6426904E-001
          4010.59     -8.8898534E-001
          4021.88     -9.1452246E-001
          4033.16     -9.4093211E-001
          4044.45     -9.6827015E-001
          4055.74     -9.9659702E-001
          4067.03     -1.0259782E+000
          4078.32     -1.0564846E+000
          4089.61     -1.0881936E+000
          4100.90     -1.1211893E+000
          4112.19     -1.1555634E+000
          4123.48     -1.1914161E+000
          4134.77     -1.2288575E+000
          4146.05     -1.2680081E+000
          4157.34     -1.3090007E+000
          4168.63     -1.3519816E+000
          4179.92     -1.3971128E+000
          4191.21     -1.4445737E+000
          4202.50     -1.4945638E+000
          4213.79     -1.5473057E+000
          4225.08     -1.6030480E+000
          4236.37     -1.6620701E+000
          4247.66     -1.7246863E+000
          4258.95     -1.7912520E+000
          4270.23     -1.8621703E+000
          4281.52     -1.9379004E+000
          4292.81     -2.0189681E+000
          4304.10     -2.1059777E+000
          4315.39     -2.1996277E+000
          4326.68     -2.3007297E+000
          4337.97     -2.4102324E+000
          4349.26     -2.5292517E+000
          4360.55     -2.6591097E+000
          4371.84     -2.8013833E+000
          4383.12     -2.9579702E+000
          4394.41     -3.1311754E+000
          4405.70     -3.3238256E+000
          4416.99     -3.5394258E+000
          4428.28     -3.7823756E+000
          4439.57     -4.0582747E+000
          4450.86     -4.3743619E+000
          4462.15     -4.7401609E+000
          4473.44     -5.1684617E+000
          4484.73     -5.6768502E+000
          4496.02     -6.2901898E+000
          4507.30     -7.0448204E+000
          4518.59     -7.9960412E+000
          4529.88     -9.2323367E+000
          4541.17     -1.0904659E+001
          4552.46     -1.3293362E+001
          4563.75     -1.6984703E+001
          4575.04     -2.3444550E+001
          4586.33     -3.7658327E+001
          4597.62     -9.4555407E+001
          4608.91     -1.8921190E+002
          4620.20     -4.7549434E+001
          4631.48     -2.7274925E+001
          4642.77     -1.9162090E+001
          4654.06     -1.4792665E+001
          4665.35     -1.2061264E+001
          4676.64     -1.0192073E+001
          4687.93     -8.8324074E+000
          4699.22     -7.7988588E+000
          4710.51     -6.9866147E+000
          4721.80     -6.3314324E+000
          4733.09     -5.7917431E+000
          4744.38     -5.3394574E+000
          4755.66     -4.9549128E+000
          4766.95     -4.6239337E+000
          4778.24     -4.3360418E+000
          4789.53     -4.0833257E+000
          4800.82     -3.8596988E+000
          4812.11     -3.6604023E+000
          4823.40     -3.4816627E+000
          4834.69     -3.3204480E+000
          4845.98     -3.1742950E+000
          4857.27     -3.0411815E+000
          4868.55     -2.9194317E+000
          4879.84     -2.8076458E+000
          4891.13     -2.7046444E+000
          4902.42     -2.6094276E+000
          4913.71     -2.5211417E+000
          4925.00     -2.4390536E+000
          4936.29     -2.3625298E+000
          4947.58     -2.2910208E+000
          4958.87     -2.2240468E+000
          4970.16     -2.1611878E+000
          4981.45     -2.1020738E+000
          4992.73     -2.0463779E+000
          5004.02     -1.9938105E+000
          5015.31     -1.9441137E+000
          5026.60     -1.8970570E+000
          5037.89     -1.8524342E+000
          5049.18     -1.8100600E+000
          5060.47     -1.7697676E+000
          5071.76     -1.7314060E+000
          5083.05     -1.6948388E+000
          5094.34     -1.6599420E+000
          5105.62     -1.6266029E+000
          5116.91     -1.5947186E+000
          5128.20     -1.5641951E+000
          5139.49     -1.5349465E+000
          5150.78     -1.5068939E+000
          5162.07     -1.4799647E+000
          5173.36     -1.4540921E+000
          5184.65     -1.4292147E+000
          5195.94     -1.4052755E+000
          5207.23     -1.3822219E+000
          5218.52     -1.3600053E+000
          5229.80     -1.3385803E+000
          5241.09     -1.3179050E+000
          5252.38     -1.2979404E+000
          5263.67     -1.2786499E+000
          5274.96     -1.2599998E+000
          5286.25     -1.2419582E+000
          5297.54     -1.2244956E+000
          5308.83     -1.2075841E+000
          5320.12     -1.1911979E+000
          5331.41     -1.1753125E+000
          5342.70     -1.1599050E+000
          5353.98     -1.1449540E+000
          5365.27     -1.1304392E+000
          5376.56     -1.1163416E+000
          5387.85     -1.1026431E+000
          5399.14     -1.0893270E+000
          5410.43     -1.0763772E+000
          5421.72     -1.0637785E+000
          5433.01     -1.0515168E+000
          5444.30     -1.0395784E+000
          5455.59     -1.0279507E+000
          5466.88     -1.0166215E+000
          5478.16     -1.0055792E+000
          5489.45     -9.9481300E-001
          5500.74     -9.8431246E-001
          5512.03     -9.7406778E-001
          5523.32     -9.6406956E-001
          5534.61     -9.5430890E-001
          5545.90     -9.4477733E-001
          5557.19     -9.3546675E-001
          5568.48     -9.2636947E-001
          5579.77     -9.1747810E-001
          5591.05     -9.0878558E-001
          5602.34     -9.0028520E-001
          5613.63     -8.9197053E-001
          5624.92     -8.8383545E-001
          5636.21     -8.7587413E-001
          5647.50     -8.6808100E-001
          5658.79     -8.6045072E-001
          5670.08     -8.5297819E-001
          5681.37     -8.4565842E-001
          5692.66     -8.3848656E-001
          5703.95     -8.3145802E-001
          5715.23     -8.2456847E-001
          5726.52     -8.1781386E-001
          5737.81     -8.1119029E-001
          5749.10     -8.8507046E-001
          5760.39     -1.2283863E+000
          5771.68     -3.3686264E+000
          5782.97     -2.3858514E+000
          5794.26     -7.4694085E-001
          5805.55     -4.0418400E-001
          5816.84     -2.6011592E-001
          5828.12     -1.8257303E-001
          5839.41     -1.3495572E-001
          5850.70     -1.0318194E-001
          5861.99     -8.0723938E-002
          5873.28     -6.4163207E-002
          5884.57     -5.1547129E-002
          5895.86     -4.1685244E-002
          5907.15     -3.3813824E-002
          5918.44     -2.7422427E-002
          5929.73     -2.2158150E-002
          5941.02     -1.7769924E-002
          5952.30     -1.4074783E-002
          5963.59     -1.0936627E-002
          5974.88     -8.2523758E-003
          5986.17     -5.9427366E-003
          5997.46     -3.9458610E-003
          6008.75     -2.2129012E-003
          6020.04     -7.0487087E-004
          6031.33      6.0966233E-004
          6042.62      1.7562330E-003
          6053.91      2.7556903E-003
          6065.20      3.6251592E-003
          6076.48      4.3787688E-003
          6087.77      5.0282084E-003
          6099.06      5.5831508E-003
          6110.35      6.0515821E-003
          6121.64      6.4400652E-003
          6132.93      6.7539379E-003
          6144.22      6.9974883E-003
          6155.51      7.1741044E-003
          6166.80      7.2863603E-003
          6178.09      7.3360841E-003
          6189.38      7.3243975E-003
          6200.66      7.2517260E-003
          6211.95      7.1178036E-003
          6223.24      6.9216655E-003
          6234.53      6.6616221E-003
          6245.82      6.3352103E-003
          6257.11      5.9391230E-003
          6268.40      5.4691110E-003
          6279.69      4.9502384E-003
          6290.98      4.4105982E-003
          6302.27      3.8496609E-003
          6313.55      3.2668422E-003
          6324.84      2.6615026E-003
          6336.13      2.0329424E-003
          6347.42      1.3804001E-003
          6358.71      7.0305088E-004
          6370.00      0.0000000E+000
