          3480.00     -2.3059593E-004
          3491.29     -2.3110148E-004
          3502.58     -2.3050039E-004
          3513.87     -2.2894867E-004
          3525.16     -2.2658496E-004
          3536.45     -2.2353230E-004
          3547.73     -2.1989974E-004
          3559.02     -2.1578385E-004
          3570.31     -2.1126998E-004
          3581.60     -2.0643350E-004
          3592.89     -2.0134078E-004
          3604.18     -1.9605024E-004
          3615.47     -1.9061318E-004
          3626.76     -1.8507449E-004
          3638.05     -1.7947329E-004
          3649.34     -1.7384354E-004
          3660.62     -1.6821463E-004
          3671.91     -1.6261186E-004
          3683.20     -1.5705690E-004
          3694.49     -1.5156820E-004
          3705.78     -1.4616135E-004
          3717.07     -1.4084941E-004
          3728.36     -1.3564318E-004
          3739.65     -1.3055153E-004
          3750.94     -1.2558152E-004
          3762.23     -1.2073873E-004
          3773.52     -1.1602735E-004
          3784.80     -1.1145043E-004
          3796.09     -1.0700996E-004
          3807.38     -1.0270704E-004
          3818.67     -9.8541985E-005
          3829.96     -9.4514450E-005
          3841.25     -9.0623508E-005
          3852.54     -8.6867748E-005
          3863.83     -8.3245340E-005
          3875.12     -7.9754104E-005
          3886.41     -7.6391577E-005
          3897.70     -7.3155044E-005
          3908.98     -7.0041600E-005
          3920.27     -6.7048192E-005
          3931.56     -6.4171637E-005
          3942.85     -6.1408668E-005
          3954.14     -5.8755955E-005
          3965.43     -5.6210123E-005
          3976.72     -5.3767790E-005
          3988.01     -5.1425566E-005
          3999.30     -4.9180080E-005
          4010.59     -4.7027997E-005
          4021.88     -4.4966015E-005
          4033.16     -4.2990887E-005
          4044.45     -4.1099421E-005
          4055.74     -3.9288490E-005
          4067.03     -3.7555039E-005
          4078.32     -3.5896084E-005
          4089.61     -3.4308718E-005
          4100.90     -3.2790117E-005
          4112.19     -3.1337535E-005
          4123.48     -2.9948309E-005
          4134.77     -2.8619860E-005
          4146.05     -2.7349691E-005
          4157.34     -2.6135392E-005
          4168.63     -2.4974632E-005
          4179.92     -2.3865161E-005
          4191.21     -2.2804814E-005
          4202.50     -2.1791501E-005
          4213.79     -2.0823212E-005
          4225.08     -1.9898012E-005
          4236.37     -1.9014039E-005
          4247.66     -1.8169509E-005
          4258.95     -1.7362702E-005
          4270.23     -1.6591970E-005
          4281.52     -1.5855732E-005
          4292.81     -1.5152470E-005
          4304.10     -1.4480727E-005
          4315.39     -1.3839110E-005
          4326.68     -1.3226282E-005
          4337.97     -1.2640962E-005
          4349.26     -1.2081924E-005
          4360.55     -1.1547994E-005
          4371.84     -1.1038048E-005
          4383.12     -1.0551011E-005
          4394.41     -1.0085854E-005
          4405.70     -9.6415929E-006
          4416.99     -9.2172883E-006
          4428.28     -8.8120417E-006
          4439.57     -8.4249933E-006
          4450.86     -8.0553215E-006
          4462.15     -7.7022421E-006
          4473.44     -7.3650047E-006
          4484.73     -7.0428929E-006
          4496.02     -6.7352223E-006
          4507.30     -6.4413389E-006
          4518.59     -6.1606190E-006
          4529.88     -5.8924661E-006
          4541.17     -5.6363107E-006
          4552.46     -5.3916097E-006
          4563.75     -5.1578441E-006
          4575.04     -4.9345184E-006
          4586.33     -4.7211598E-006
          4597.62     -4.5173169E-006
          4608.91     -4.3225591E-006
          4620.20     -4.1364753E-006
          4631.48     -3.9586729E-006
          4642.77     -3.7887779E-006
          4654.06     -3.6264327E-006
          4665.35     -3.4712966E-006
          4676.64     -3.3230441E-006
          4687.93     -3.1813647E-006
          4699.22     -3.0459626E-006
          4710.51     -2.9165549E-006
          4721.80     -2.7928721E-006
          4733.09     -2.6746570E-006
          4744.38     -2.5616641E-006
          4755.66     -2.4536592E-006
          4766.95     -2.3504190E-006
          4778.24     -2.2517301E-006
          4789.53     -2.1573895E-006
          4800.82     -2.0672029E-006
          4812.11     -1.9809852E-006
          4823.40     -1.8985600E-006
          4834.69     -1.8197585E-006
          4845.98     -1.7444201E-006
          4857.27     -1.6723914E-006
          4868.55     -1.6035260E-006
          4879.84     -1.5376843E-006
          4891.13     -1.4747330E-006
          4902.42     -1.4145450E-006
          4913.71     -1.3569990E-006
          4925.00     -1.3019793E-006
          4936.29     -1.2493753E-006
          4947.58     -1.1990815E-006
          4958.87     -1.1509975E-006
          4970.16     -1.1050271E-006
          4981.45     -1.0610787E-006
          4992.73     -1.0190648E-006
          5004.02     -9.7890194E-007
          5015.31     -9.4051036E-007
          5026.60     -9.0381397E-007
          5037.89     -8.6874012E-007
          5049.18     -8.3521939E-007
          5060.47     -8.0318559E-007
          5071.76     -7.7257541E-007
          5083.05     -7.4332836E-007
          5094.34     -7.1538676E-007
          5105.62     -6.8869539E-007
          5116.91     -6.6320151E-007
          5128.20     -6.3885472E-007
          5139.49     -6.1560678E-007
          5150.78     -5.9341165E-007
          5162.07     -5.7222520E-007
          5173.36     -5.5200524E-007
          5184.65     -5.3271140E-007
          5195.94     -5.1430498E-007
          5207.23     -4.9674891E-007
          5218.52     -4.8000766E-007
          5229.80     -4.6404712E-007
          5241.09     -4.4883462E-007
          5252.38     -4.3433871E-007
          5263.67     -4.2052918E-007
          5274.96     -4.0737701E-007
          5286.25     -3.9485420E-007
          5297.54     -3.8293377E-007
          5308.83     -3.7158972E-007
          5320.12     -3.6079687E-007
          5331.41     -3.5053092E-007
          5342.70     -3.4076829E-007
          5353.98     -3.3148607E-007
          5365.27     -3.2266204E-007
          5376.56     -3.1427451E-007
          5387.85     -3.0630233E-007
          5399.14     -2.9872480E-007
          5410.43     -2.9152162E-007
          5421.72     -2.8467287E-007
          5433.01     -2.7815890E-007
          5444.30     -2.7196030E-007
          5455.59     -2.6605785E-007
          5466.88     -2.6043247E-007
          5478.16     -2.5506513E-007
          5489.45     -2.4993684E-007
          5500.74     -2.4502854E-007
          5512.03     -2.4032112E-007
          5523.32     -2.3579526E-007
          5534.61     -2.3143146E-007
          5545.90     -2.2720994E-007
          5557.19     -2.2311058E-007
          5568.48     -2.1911287E-007
          5579.77     -2.1519584E-007
          5591.05     -2.1133804E-007
          5602.34     -2.0751745E-007
          5613.63     -2.0371138E-007
          5624.92     -1.9989642E-007
          5636.21     -1.9604841E-007
          5647.50     -1.9214229E-007
          5658.79     -1.8815208E-007
          5670.08     -1.8405077E-007
          5681.37     -1.7981043E-007
          5692.66     -1.7540217E-007
          5703.95     -1.7079601E-007
          5715.23     -1.6596079E-007
          5726.52     -1.6086415E-007
          5737.81     -1.5547238E-007
          5749.10     -1.4995844E-007
          5760.39     -1.4452005E-007
          5771.68     -1.3915937E-007
          5782.97     -1.3387823E-007
          5794.26     -1.2867803E-007
          5805.55     -1.2355980E-007
          5816.84     -1.1852446E-007
          5828.12     -1.1357281E-007
          5839.41     -1.0870557E-007
          5850.70     -1.0392343E-007
          5861.99     -9.9227009E-008
          5873.28     -9.4616932E-008
          5884.57     -9.0093818E-008
          5895.86     -8.5658303E-008
          5907.15     -8.1311077E-008
          5918.44     -7.7052924E-008
          5929.73     -7.2884737E-008
          5941.02     -6.8807469E-008
          5952.30     -6.4822148E-008
          5963.59     -6.0929902E-008
          5974.88     -5.7131968E-008
          5986.17     -5.3429719E-008
          5997.46     -4.9824680E-008
          6008.75     -4.6318507E-008
          6020.04     -4.2913014E-008
          6031.33     -3.9610143E-008
          6042.62     -3.6411993E-008
          6053.91     -3.3320910E-008
          6065.20     -3.0339489E-008
          6076.48     -2.7470583E-008
          6087.77     -2.4717326E-008
          6099.06     -2.2083160E-008
          6110.35     -1.9571872E-008
          6121.64     -1.7187623E-008
          6132.93     -1.4934982E-008
          6144.22     -1.2818929E-008
          6155.51     -1.0844790E-008
          6166.80     -9.0182741E-009
          6178.09     -7.3454949E-009
          6189.38     -5.8330025E-009
          6200.66     -4.4878653E-009
          6211.95     -3.3177114E-009
          6223.24     -2.3307534E-009
          6234.53     -1.5358188E-009
          6245.82     -9.4237180E-010
          6257.11     -5.6054542E-010
          6268.40     -4.0117217E-010
          6279.69     -3.5699353E-010
          6290.98     -3.1306794E-010
          6302.27     -2.6924487E-010
          6313.55     -2.2537389E-010
          6324.84     -1.8130445E-010
          6336.13     -1.3688527E-010
          6347.42     -9.1964062E-011
          6358.71     -4.6387363E-011
          6370.00      0.0000000E+000
