          3480.00     -2.3059593E-004
          3491.29     -2.3150344E-004
          3502.58     -2.3209393E-004
          3513.87     -2.3239059E-004
          3525.16     -2.3241518E-004
          3536.45     -2.3218814E-004
          3547.73     -2.3172860E-004
          3559.02     -2.3105454E-004
          3570.31     -2.3018280E-004
          3581.60     -2.2912920E-004
          3592.89     -2.2790854E-004
          3604.18     -2.2653473E-004
          3615.47     -2.2502082E-004
          3626.76     -2.2337904E-004
          3638.05     -2.2162086E-004
          3649.34     -2.1975700E-004
          3660.62     -2.1779749E-004
          3671.91     -2.1575172E-004
          3683.20     -2.1362845E-004
          3694.49     -2.1143588E-004
          3705.78     -2.0918169E-004
          3717.07     -2.0687301E-004
          3728.36     -2.0451653E-004
          3739.65     -2.0211848E-004
          3750.94     -1.9968466E-004
          3762.23     -1.9722049E-004
          3773.52     -1.9473101E-004
          3784.80     -1.9222090E-004
          3796.09     -1.8969454E-004
          3807.38     -1.8715598E-004
          3818.67     -1.8460897E-004
          3829.96     -1.8205700E-004
          3841.25     -1.7950331E-004
          3852.54     -1.7695088E-004
          3863.83     -1.7440250E-004
          3875.12     -1.7186072E-004
          3886.41     -1.6932791E-004
          3897.70     -1.6680624E-004
          3908.98     -1.6429772E-004
          3920.27     -1.6180420E-004
          3931.56     -1.5932736E-004
          3942.85     -1.5686875E-004
          3954.14     -1.5442978E-004
          3965.43     -1.5201172E-004
          3976.72     -1.4961576E-004
          3988.01     -1.4724293E-004
          3999.30     -1.4489420E-004
          4010.59     -1.4257041E-004
          4021.88     -1.4027234E-004
          4033.16     -1.3800066E-004
          4044.45     -1.3575599E-004
          4055.74     -1.3353886E-004
          4067.03     -1.3134973E-004
          4078.32     -1.2918900E-004
          4089.61     -1.2705701E-004
          4100.90     -1.2495405E-004
          4112.19     -1.2288036E-004
          4123.48     -1.2083612E-004
          4134.77     -1.1882147E-004
          4146.05     -1.1683652E-004
          4157.34     -1.1488134E-004
          4168.63     -1.1295594E-004
          4179.92     -1.1106032E-004
          4191.21     -1.0919445E-004
          4202.50     -1.0735827E-004
          4213.79     -1.0555169E-004
          4225.08     -1.0377458E-004
          4236.37     -1.0202683E-004
          4247.66     -1.0030826E-004
          4258.95     -9.8618717E-005
          4270.23     -9.6957999E-005
          4281.52     -9.5325906E-005
          4292.81     -9.3722216E-005
          4304.10     -9.2146697E-005
          4315.39     -9.0599103E-005
          4326.68     -8.9079179E-005
          4337.97     -8.7586664E-005
          4349.26     -8.6121282E-005
          4360.55     -8.4682754E-005
          4371.84     -8.3270791E-005
          4383.12     -8.1885097E-005
          4394.41     -8.0525375E-005
          4405.70     -7.9191323E-005
          4416.99     -7.7882635E-005
          4428.28     -7.6599005E-005
          4439.57     -7.5340121E-005
          4450.86     -7.4105669E-005
          4462.15     -7.2895335E-005
          4473.44     -7.1708804E-005
          4484.73     -7.0545757E-005
          4496.02     -6.9405878E-005
          4507.30     -6.8288848E-005
          4518.59     -6.7194352E-005
          4529.88     -6.6122072E-005
          4541.17     -6.5071692E-005
          4552.46     -6.4042898E-005
          4563.75     -6.3035376E-005
          4575.04     -6.2048814E-005
          4586.33     -6.1082900E-005
          4597.62     -6.0137325E-005
          4608.91     -5.9211784E-005
          4620.20     -5.8305970E-005
          4631.48     -5.7419581E-005
          4642.77     -5.6552318E-005
          4654.06     -5.5703881E-005
          4665.35     -5.4873976E-005
          4676.64     -5.4062308E-005
          4687.93     -5.3268587E-005
          4699.22     -5.2492525E-005
          4710.51     -5.1733837E-005
          4721.80     -5.0992239E-005
          4733.09     -5.0267452E-005
          4744.38     -4.9559197E-005
          4755.66     -4.8867199E-005
          4766.95     -4.8191185E-005
          4778.24     -4.7530885E-005
          4789.53     -4.6886031E-005
          4800.82     -4.6256359E-005
          4812.11     -4.5641603E-005
          4823.40     -4.5041504E-005
          4834.69     -4.4455804E-005
          4845.98     -4.3884246E-005
          4857.27     -4.3326576E-005
          4868.55     -4.2782540E-005
          4879.84     -4.2251890E-005
          4891.13     -4.1734377E-005
          4902.42     -4.1229754E-005
          4913.71     -4.0737775E-005
          4925.00     -4.0258198E-005
          4936.29     -3.9790780E-005
          4947.58     -3.9335279E-005
          4958.87     -3.8891456E-005
          4970.16     -3.8459073E-005
          4981.45     -3.8037891E-005
          4992.73     -3.7627672E-005
          5004.02     -3.7228182E-005
          5015.31     -3.6839183E-005
          5026.60     -3.6460441E-005
          5037.89     -3.6091721E-005
          5049.18     -3.5732786E-005
          5060.47     -3.5383402E-005
          5071.76     -3.5043335E-005
          5083.05     -3.4712347E-005
          5094.34     -3.4390203E-005
          5105.62     -3.4076666E-005
          5116.91     -3.3771497E-005
          5128.20     -3.3474459E-005
          5139.49     -3.3185310E-005
          5150.78     -3.2903810E-005
          5162.07     -3.2629716E-005
          5173.36     -3.2362782E-005
          5184.65     -3.2102764E-005
          5195.94     -3.1849411E-005
          5207.23     -3.1602474E-005
          5218.52     -3.1361699E-005
          5229.80     -3.1126829E-005
          5241.09     -3.0897606E-005
          5252.38     -3.0673769E-005
          5263.67     -3.0455051E-005
          5274.96     -3.0241184E-005
          5286.25     -3.0031895E-005
          5297.54     -2.9826909E-005
          5308.83     -2.9625944E-005
          5320.12     -2.9428715E-005
          5331.41     -2.9234934E-005
          5342.70     -2.9044306E-005
          5353.98     -2.8856531E-005
          5365.27     -2.8671305E-005
          5376.56     -2.8488317E-005
          5387.85     -2.8307252E-005
          5399.14     -2.8127787E-005
          5410.43     -2.7949593E-005
          5421.72     -2.7772337E-005
          5433.01     -2.7595675E-005
          5444.30     -2.7419258E-005
          5455.59     -2.7242731E-005
          5466.88     -2.7065729E-005
          5478.16     -2.6887880E-005
          5489.45     -2.6708804E-005
          5500.74     -2.6528112E-005
          5512.03     -2.6345407E-005
          5523.32     -2.6160280E-005
          5534.61     -2.5972317E-005
          5545.90     -2.5781092E-005
          5557.19     -2.5586166E-005
          5568.48     -2.5387095E-005
          5579.77     -2.5183421E-005
          5591.05     -2.4974680E-005
          5602.34     -2.4760394E-005
          5613.63     -2.4540076E-005
          5624.92     -2.4313227E-005
          5636.21     -2.4079335E-005
          5647.50     -2.3837878E-005
          5658.79     -2.3588317E-005
          5670.08     -2.3330106E-005
          5681.37     -2.3062690E-005
          5692.66     -2.2785519E-005
          5703.95     -2.2498030E-005
          5715.23     -2.2199651E-005
          5726.52     -2.1889800E-005
          5737.81     -2.1567886E-005
          5749.10     -2.1224635E-005
          5760.39     -2.0852483E-005
          5771.68     -2.0453348E-005
          5782.97     -2.0029099E-005
          5794.26     -1.9581542E-005
          5805.55     -1.9112427E-005
          5816.84     -1.8623472E-005
          5828.12     -1.8116367E-005
          5839.41     -1.7592769E-005
          5850.70     -1.7054313E-005
          5861.99     -1.6502607E-005
          5873.28     -1.5939238E-005
          5884.57     -1.5365771E-005
          5895.86     -1.4783753E-005
          5907.15     -1.4194714E-005
          5918.44     -1.3600174E-005
          5929.73     -1.3001643E-005
          5941.02     -1.2400615E-005
          5952.30     -1.1798567E-005
          5963.59     -1.1196963E-005
          5974.88     -1.0597250E-005
          5986.17     -1.0000871E-005
          5997.46     -9.4092542E-006
          6008.75     -8.8238183E-006
          6020.04     -8.2459698E-006
          6031.33     -7.6770981E-006
          6042.62     -7.1185795E-006
          6053.91     -6.5717916E-006
          6065.20     -6.0381117E-006
          6076.48     -5.5189176E-006
          6087.77     -5.0155892E-006
          6099.06     -4.5295117E-006
          6110.35     -4.0620816E-006
          6121.64     -3.6147082E-006
          6132.93     -3.1888200E-006
          6144.22     -2.7858612E-006
          6155.51     -2.4072780E-006
          6166.80     -2.0545228E-006
          6178.09     -1.7290553E-006
          6189.38     -1.4323453E-006
          6200.66     -1.1658844E-006
          6211.95     -9.3119101E-007
          6223.24     -7.2981118E-007
          6234.53     -5.6332054E-007
          6245.82     -4.3332455E-007
          6257.11     -3.4146033E-007
          6268.40     -2.8939801E-007
          6279.69     -2.5777934E-007
          6290.98     -2.2609607E-007
          6302.27     -1.9431840E-007
          6313.55     -1.6241653E-007
          6324.84     -1.3036071E-007
          6336.13     -9.8121070E-008
          6347.42     -6.5667668E-008
          6358.71     -3.2970636E-008
          6370.00     -5.6709095E-042
