          3480.00      6.4925130E-027
          3491.29      1.1521603E-008
          3502.58      2.5059380E-008
          3513.87      4.0561881E-008
          3525.16      5.8000924E-008
          3536.45      7.7370346E-008
          3547.73      9.8684869E-008
          3559.02      1.2197915E-007
          3570.31      1.4730719E-007
          3581.60      1.7474178E-007
          3592.89      2.0437417E-007
          3604.18      2.3631391E-007
          3615.47      2.7068873E-007
          3626.76      3.0764489E-007
          3638.05      3.4734736E-007
          3649.34      3.8998013E-007
          3660.62      4.3574694E-007
          3671.91      4.8487179E-007
          3683.20      5.3759973E-007
          3694.49      5.9419785E-007
          3705.78      6.5495607E-007
          3717.07      7.2018863E-007
          3728.36      7.9023524E-007
          3739.65      8.6546225E-007
          3750.94      9.4626463E-007
          3762.23      1.0330674E-006
          3773.52      1.1263275E-006
          3784.80      1.2265358E-006
          3796.09      1.3342192E-006
          3807.38      1.4499431E-006
          3818.67      1.5743137E-006
          3829.96      1.7079804E-006
          3841.25      1.8516392E-006
          3852.54      2.0060356E-006
          3863.83      2.1719673E-006
          3875.12      2.3502887E-006
          3886.41      2.5419131E-006
          3897.70      2.7478181E-006
          3908.98      2.9690493E-006
          3920.27      3.2067240E-006
          3931.56      3.4620372E-006
          3942.85      3.7362659E-006
          3954.14      4.0307745E-006
          3965.43      4.3470212E-006
          3976.72      4.6865625E-006
          3988.01      5.0510615E-006
          3999.30      5.4422942E-006
          4010.59      5.8621553E-006
          4021.88      6.3126685E-006
          4033.16      6.7959928E-006
          4044.45      7.3144320E-006
          4055.74      7.8704441E-006
          4067.03      8.4666497E-006
          4078.32      9.1058446E-006
          4089.61      9.7910101E-006
          4100.90      1.0525322E-005
          4112.19      1.1312169E-005
          4123.48      1.2155160E-005
          4134.77      1.3058140E-005
          4146.05      1.4025207E-005
          4157.34      1.5060724E-005
          4168.63      1.6169339E-005
          4179.92      1.7356001E-005
          4191.21      1.8625977E-005
          4202.50      1.9984876E-005
          4213.79      2.1438665E-005
          4225.08      2.2993695E-005
          4236.37      2.4656724E-005
          4247.66      2.6434936E-005
          4258.95      2.8335975E-005
          4270.23      3.0367973E-005
          4281.52      3.2539566E-005
          4292.81      3.4859944E-005
          4304.10      3.7338870E-005
          4315.39      3.9986722E-005
          4326.68      4.2814525E-005
          4337.97      4.5833990E-005
          4349.26      4.9057558E-005
          4360.55      5.2498445E-005
          4371.84      5.6170676E-005
          4383.12      6.0089149E-005
          4394.41      6.4269676E-005
          4405.70      6.8729040E-005
          4416.99      7.3485054E-005
          4428.28      7.8556607E-005
          4439.57      8.3963750E-005
          4450.86      8.9727753E-005
          4462.15      9.5871159E-005
          4473.44      1.0241789E-004
          4484.73      1.0939329E-004
          4496.02      1.1682425E-004
          4507.30      1.2473927E-004
          4518.59      1.3316851E-004
          4529.88      1.4214399E-004
          4541.17      1.5169960E-004
          4552.46      1.6187124E-004
          4563.75      1.7269695E-004
          4575.04      1.8421699E-004
          4586.33      1.9647402E-004
          4597.62      2.0951319E-004
          4608.91      2.2338228E-004
          4620.20      2.3813188E-004
          4631.48      2.5381554E-004
          4642.77      2.7048988E-004
          4654.06      2.8821484E-004
          4665.35      3.0705380E-004
          4676.64      3.2707383E-004
          4687.93      3.4834585E-004
          4699.22      3.7094480E-004
          4710.51      3.9494996E-004
          4721.80      4.2044518E-004
          4733.09      4.4751896E-004
          4744.38      4.7626494E-004
          4755.66      5.0678204E-004
          4766.95      5.3917476E-004
          4778.24      5.7355353E-004
          4789.53      6.1003492E-004
          4800.82      6.4874211E-004
          4812.11      6.8980521E-004
          4823.40      7.3336148E-004
          4834.69      7.7955592E-004
          4845.98      8.2854158E-004
          4857.27      8.8047999E-004
          4868.55      9.3554168E-004
          4879.84      9.9390643E-004
          4891.13      1.0557641E-003
          4902.42      1.1213149E-003
          4913.71      1.1907699E-003
          4925.00      1.2643519E-003
          4936.29      1.3422959E-003
          4947.58      1.4248494E-003
          4958.87      1.5122737E-003
          4970.16      1.6048438E-003
          4981.45      1.7028500E-003
          4992.73      1.8065981E-003
          5004.02      1.9164102E-003
          5015.31      2.0326258E-003
          5026.60      2.1556027E-003
          5037.89      2.2857175E-003
          5049.18      2.4233674E-003
          5060.47      2.5689700E-003
          5071.76      2.7229656E-003
          5083.05      2.8858178E-003
          5094.34      3.0580141E-003
          5105.62      3.2400683E-003
          5116.91      3.4325211E-003
          5128.20      3.6359413E-003
          5139.49      3.8509279E-003
          5150.78      4.0781104E-003
          5162.07      4.3181519E-003
          5173.36      4.5717497E-003
          5184.65      4.8396369E-003
          5195.94      5.1225849E-003
          5207.23      5.4214050E-003
          5218.52      5.7369500E-003
          5229.80      6.0701170E-003
          5241.09      6.4218481E-003
          5252.38      6.7931346E-003
          5263.67      7.1850184E-003
          5274.96      7.5985935E-003
          5286.25      8.0350104E-003
          5297.54      8.4954776E-003
          5308.83      8.9812650E-003
          5320.12      9.4937069E-003
          5331.41      1.0034203E-002
          5342.70      1.0604226E-002
          5353.98      1.1205322E-002
          5365.27      1.1839111E-002
          5376.56      1.2507298E-002
          5387.85      1.3211673E-002
          5399.14      1.3954111E-002
          5410.43      1.4736586E-002
          5421.72      1.5561163E-002
          5433.01      1.6430014E-002
          5444.30      1.7345417E-002
          5455.59      1.8309760E-002
          5466.88      1.9325551E-002
          5478.16      2.0395420E-002
          5489.45      2.1522125E-002
          5500.74      2.2708559E-002
          5512.03      2.3957755E-002
          5523.32      2.5272894E-002
          5534.61      2.6657314E-002
          5545.90      2.8114507E-002
          5557.19      2.9648141E-002
          5568.48      3.1262058E-002
          5579.77      3.2960284E-002
          5591.05      3.4747041E-002
          5602.34      3.6626748E-002
          5613.63      3.8604039E-002
          5624.92      4.0683771E-002
          5636.21      4.2871025E-002
          5647.50      4.5171129E-002
          5658.79      4.7589661E-002
          5670.08      5.0132464E-002
          5681.37      5.2805660E-002
          5692.66      5.5615650E-002
          5703.95      5.8569144E-002
          5715.23      6.1673169E-002
          5726.52      6.4935068E-002
          5737.81      6.8362537E-002
          5749.10      7.0695460E-002
          5760.39      7.0791715E-002
          5771.68      6.8827116E-002
          5782.97      6.4966012E-002
          5794.26      5.9361945E-002
          5805.55      5.2158880E-002
          5816.84      4.3492681E-002
          5828.12      3.3491838E-002
          5839.41      2.2278180E-002
          5850.70      9.9675276E-003
          5861.99     -3.3296978E-003
          5873.28     -1.7507823E-002
          5884.57     -3.2465424E-002
          5895.86     -4.8104736E-002
          5907.15     -6.4331078E-002
          5918.44     -8.1052192E-002
          5929.73     -9.8177844E-002
          5941.02     -1.1561976E-001
          5952.30     -1.3329120E-001
          5963.59     -1.5110641E-001
          5974.88     -1.6898030E-001
          5986.17     -1.8682783E-001
          5997.46     -2.0456376E-001
          6008.75     -2.2210237E-001
          6020.04     -2.3935703E-001
          6031.33     -2.5624015E-001
          6042.62     -2.7266257E-001
          6053.91     -2.8853248E-001
          6065.20     -3.0375510E-001
          6076.48     -3.1823233E-001
          6087.77     -3.3186228E-001
          6099.06     -3.4453862E-001
          6110.35     -3.5614998E-001
          6121.64     -3.6657939E-001
          6132.93     -3.7570358E-001
          6144.22     -3.8339291E-001
          6155.51     -3.8951168E-001
          6166.80     -3.9391755E-001
          6178.09     -3.9646099E-001
          6189.38     -3.9698454E-001
          6200.66     -3.9532144E-001
          6211.95     -3.9129482E-001
          6223.24     -3.8471706E-001
          6234.53     -3.7538911E-001
          6245.82     -3.6309988E-001
          6257.11     -3.4762545E-001
          6268.40     -3.2872845E-001
          6279.69     -3.0634567E-001
          6290.98     -2.8056190E-001
          6302.27     -2.5134054E-001
          6313.55     -2.1863089E-001
          6324.84     -1.8236829E-001
          6336.13     -1.4247392E-001
          6347.42     -9.8854857E-002
          6358.71     -5.1404045E-002
          6370.00     -1.5119780E-034
