          3480.00      6.5061549E-038
          3491.29      2.7737868E-009
          3502.58      6.0343508E-009
          3513.87      9.7795193E-009
          3525.16      1.4007279E-008
          3536.45      1.8715791E-008
          3547.73      2.3903381E-008
          3559.02      2.9568517E-008
          3570.31      3.5709837E-008
          3581.60      4.2326121E-008
          3592.89      4.9416302E-008
          3604.18      5.6979487E-008
          3615.47      6.5014978E-008
          3626.76      7.3522277E-008
          3638.05      8.2501018E-008
          3649.34      9.1950936E-008
          3660.62      1.0187192E-007
          3671.91      1.1226396E-007
          3683.20      1.2312718E-007
          3694.49      1.3446183E-007
          3705.78      1.4626824E-007
          3717.07      1.5854689E-007
          3728.36      1.7129836E-007
          3739.65      1.8452332E-007
          3750.94      1.9822256E-007
          3762.23      2.1239699E-007
          3773.52      2.2704761E-007
          3784.80      2.4217553E-007
          3796.09      2.5778192E-007
          3807.38      2.7386809E-007
          3818.67      2.9043544E-007
          3829.96      3.0748541E-007
          3841.25      3.2501957E-007
          3852.54      3.4303960E-007
          3863.83      3.6154725E-007
          3875.12      3.8054437E-007
          3886.41      4.0003287E-007
          3897.70      4.2001477E-007
          3908.98      4.4049220E-007
          3920.27      4.6146731E-007
          3931.56      4.8294240E-007
          3942.85      5.0491981E-007
          3954.14      5.2740198E-007
          3965.43      5.5039144E-007
          3976.72      5.7389072E-007
          3988.01      5.9790251E-007
          3999.30      6.2242958E-007
          4010.59      6.4747469E-007
          4021.88      6.7304077E-007
          4033.16      6.9913077E-007
          4044.45      7.2574776E-007
          4055.74      7.5289486E-007
          4067.03      7.8057522E-007
          4078.32      8.0879213E-007
          4089.61      8.3754895E-007
          4100.90      8.6684903E-007
          4112.19      8.9669587E-007
          4123.48      9.2709302E-007
          4134.77      9.5804409E-007
          4146.05      9.8955280E-007
          4157.34      1.0216228E-006
          4168.63      1.0542580E-006
          4179.92      1.0874623E-006
          4191.21      1.1212396E-006
          4202.50      1.1555938E-006
          4213.79      1.1905292E-006
          4225.08      1.2260499E-006
          4236.37      1.2621600E-006
          4247.66      1.2988638E-006
          4258.95      1.3361657E-006
          4270.23      1.3740701E-006
          4281.52      1.4125814E-006
          4292.81      1.4517042E-006
          4304.10      1.4914430E-006
          4315.39      1.5318026E-006
          4326.68      1.5727876E-006
          4337.97      1.6144028E-006
          4349.26      1.6566530E-006
          4360.55      1.6995431E-006
          4371.84      1.7430781E-006
          4383.12      1.7872630E-006
          4394.41      1.8321029E-006
          4405.70      1.8776029E-006
          4416.99      1.9237682E-006
          4428.28      1.9706041E-006
          4439.57      2.0181158E-006
          4450.86      2.0663088E-006
          4462.15      2.1151885E-006
          4473.44      2.1647604E-006
          4484.73      2.2150299E-006
          4496.02      2.2660029E-006
          4507.30      2.3176848E-006
          4518.59      2.3700815E-006
          4529.88      2.4231987E-006
          4541.17      2.4770423E-006
          4552.46      2.5316181E-006
          4563.75      2.5869321E-006
          4575.04      2.6429903E-006
          4586.33      2.6997988E-006
          4597.62      2.7573638E-006
          4608.91      2.8156913E-006
          4620.20      2.8747877E-006
          4631.48      2.9346593E-006
          4642.77      2.9953124E-006
          4654.06      3.0567534E-006
          4665.35      3.1189887E-006
          4676.64      3.1820250E-006
          4687.93      3.2458689E-006
          4699.22      3.3105268E-006
          4710.51      3.3760056E-006
          4721.80      3.4423121E-006
          4733.09      3.5094529E-006
          4744.38      3.5774350E-006
          4755.66      3.6462654E-006
          4766.95      3.7159509E-006
          4778.24      3.7864988E-006
          4789.53      3.8579159E-006
          4800.82      3.9302095E-006
          4812.11      4.0033869E-006
          4823.40      4.0774553E-006
          4834.69      4.1524219E-006
          4845.98      4.2282943E-006
          4857.27      4.3050798E-006
          4868.55      4.3827860E-006
          4879.84      4.4614204E-006
          4891.13      4.5409906E-006
          4902.42      4.6215043E-006
          4913.71      4.7029692E-006
          4925.00      4.7853931E-006
          4936.29      4.8687839E-006
          4947.58      4.9531494E-006
          4958.87      5.0384978E-006
          4970.16      5.1248368E-006
          4981.45      5.2121746E-006
          4992.73      5.3005194E-006
          5004.02      5.3898794E-006
          5015.31      5.4802627E-006
          5026.60      5.5716777E-006
          5037.89      5.6641329E-006
          5049.18      5.7576366E-006
          5060.47      5.8521972E-006
          5071.76      5.9478233E-006
          5083.05      6.0445237E-006
          5094.34      6.1423068E-006
          5105.62      6.2411814E-006
          5116.91      6.3411563E-006
          5128.20      6.4422403E-006
          5139.49      6.5444425E-006
          5150.78      6.6477715E-006
          5162.07      6.7522366E-006
          5173.36      6.8578468E-006
          5184.65      6.9646111E-006
          5195.94      7.0725388E-006
          5207.23      7.1816392E-006
          5218.52      7.2919216E-006
          5229.80      7.4033954E-006
          5241.09      7.5160698E-006
          5252.38      7.6299545E-006
          5263.67      7.7450592E-006
          5274.96      7.8613931E-006
          5286.25      7.9789662E-006
          5297.54      8.0977881E-006
          5308.83      8.2178686E-006
          5320.12      8.3392177E-006
          5331.41      8.4618451E-006
          5342.70      8.5857609E-006
          5353.98      8.7109751E-006
          5365.27      8.8374978E-006
          5376.56      8.9653392E-006
          5387.85      9.0945094E-006
          5399.14      9.2250187E-006
          5410.43      9.3568777E-006
          5421.72      9.4900965E-006
          5433.01      9.6246857E-006
          5444.30      9.7606559E-006
          5455.59      9.8980175E-006
          5466.88      1.0036781E-005
          5478.16      1.0176958E-005
          5489.45      1.0318558E-005
          5500.74      1.0461593E-005
          5512.03      1.0606073E-005
          5523.32      1.0752009E-005
          5534.61      1.0899413E-005
          5545.90      1.1048295E-005
          5557.19      1.1198667E-005
          5568.48      1.1350539E-005
          5579.77      1.1503923E-005
          5591.05      1.1658831E-005
          5602.34      1.1815274E-005
          5613.63      1.1973262E-005
          5624.92      1.2132808E-005
          5636.21      1.2293923E-005
          5647.50      1.2456619E-005
          5658.79      1.2620906E-005
          5670.08      1.2786797E-005
          5681.37      1.2954304E-005
          5692.66      1.3123437E-005
          5703.95      1.3294208E-005
          5715.23      1.3466629E-005
          5726.52      1.3640710E-005
          5737.81      1.3816462E-005
          5749.10      1.3970070E-005
          5760.39      1.4078975E-005
          5771.68      1.4145062E-005
          5782.97      1.4170197E-005
          5794.26      1.4156225E-005
          5805.55      1.4104969E-005
          5816.84      1.4018242E-005
          5828.12      1.3897848E-005
          5839.41      1.3745580E-005
          5850.70      1.3563220E-005
          5861.99      1.3352543E-005
          5873.28      1.3115314E-005
          5884.57      1.2853286E-005
          5895.86      1.2568207E-005
          5907.15      1.2261812E-005
          5918.44      1.1935836E-005
          5929.73      1.1592006E-005
          5941.02      1.1232036E-005
          5952.30      1.0857629E-005
          5963.59      1.0470474E-005
          5974.88      1.0072248E-005
          5986.17      9.6646167E-006
          5997.46      9.2492344E-006
          6008.75      8.8277388E-006
          6020.04      8.4017528E-006
          6031.33      7.9728760E-006
          6042.62      7.5426877E-006
          6053.91      7.1127585E-006
          6065.20      6.6846491E-006
          6076.48      6.2599084E-006
          6087.77      5.8400741E-006
          6099.06      5.4266752E-006
          6110.35      5.0212359E-006
          6121.64      4.6252770E-006
          6132.93      4.2403227E-006
          6144.22      3.8678964E-006
          6155.51      3.5095047E-006
          6166.80      3.1666397E-006
          6178.09      2.8407780E-006
          6189.38      2.5333804E-006
          6200.66      2.2459047E-006
          6211.95      1.9798091E-006
          6223.24      1.7365528E-006
          6234.53      1.5175963E-006
          6245.82      1.3244013E-006
          6257.11      1.1584307E-006
          6268.40      1.0211494E-006
          6279.69      8.9972169E-007
          6290.98      7.8032363E-007
          6302.27      6.6293839E-007
          6313.55      5.4754948E-007
          6324.84      4.3414100E-007
          6336.13      3.2269697E-007
          6347.42      2.1320178E-007
          6358.71      1.0564080E-007
          6370.00      0.0000000E+000
