          3480.00     -1.5264294E-031
          3491.29     -8.1204439E-006
          3502.58     -1.6041372E-005
          3513.87     -2.3772492E-005
          3525.16     -3.1322994E-005
          3536.45     -3.8701618E-005
          3547.73     -4.5916645E-005
          3559.02     -5.2975901E-005
          3570.31     -5.9886810E-005
          3581.60     -6.6656383E-005
          3592.89     -7.3291240E-005
          3604.18     -7.9797600E-005
          3615.47     -8.6181227E-005
          3626.76     -9.2447501E-005
          3638.05     -9.8601461E-005
          3649.34     -1.0464780E-004
          3660.62     -1.1059090E-004
          3671.91     -1.1643482E-004
          3683.20     -1.2218334E-004
          3694.49     -1.2783992E-004
          3705.78     -1.3340772E-004
          3717.07     -1.3888964E-004
          3728.36     -1.4428830E-004
          3739.65     -1.4960603E-004
          3750.94     -1.5484491E-004
          3762.23     -1.6000675E-004
          3773.52     -1.6509310E-004
          3784.80     -1.7010527E-004
          3796.09     -1.7504429E-004
          3807.38     -1.7991098E-004
          3818.67     -1.8470592E-004
          3829.96     -1.8942944E-004
          3841.25     -1.9408163E-004
          3852.54     -1.9866235E-004
          3863.83     -2.0317120E-004
          3875.12     -2.0760755E-004
          3886.41     -2.1197054E-004
          3897.70     -2.1625906E-004
          3908.98     -2.2047176E-004
          3920.27     -2.2460706E-004
          3931.56     -2.2866313E-004
          3942.85     -2.3263790E-004
          3954.14     -2.3652908E-004
          3965.43     -2.4033413E-004
          3976.72     -2.4405028E-004
          3988.01     -2.4767450E-004
          3999.30     -2.5120354E-004
          4010.59     -2.5463385E-004
          4021.88     -2.5796165E-004
          4033.16     -2.6118290E-004
          4044.45     -2.6429329E-004
          4055.74     -2.6728825E-004
          4067.03     -2.7016292E-004
          4078.32     -2.7291219E-004
          4089.61     -2.7553065E-004
          4100.90     -2.7801261E-004
          4112.19     -2.8035210E-004
          4123.48     -2.8254286E-004
          4134.77     -2.8457829E-004
          4146.05     -2.8645154E-004
          4157.34     -2.8815541E-004
          4168.63     -2.8968240E-004
          4179.92     -2.9102467E-004
          4191.21     -2.9217407E-004
          4202.50     -2.9312208E-004
          4213.79     -2.9385988E-004
          4225.08     -2.9437826E-004
          4236.37     -2.9466766E-004
          4247.66     -2.9471818E-004
          4258.95     -2.9451949E-004
          4270.23     -2.9406092E-004
          4281.52     -2.9333138E-004
          4292.81     -2.9231940E-004
          4304.10     -2.9101308E-004
          4315.39     -2.8940012E-004
          4326.68     -2.8746778E-004
          4337.97     -2.8520289E-004
          4349.26     -2.8259181E-004
          4360.55     -2.7962047E-004
          4371.84     -2.7627436E-004
          4383.12     -2.7253847E-004
          4394.41     -2.6839729E-004
          4405.70     -2.6383479E-004
          4416.99     -2.5883440E-004
          4428.28     -2.5337906E-004
          4439.57     -2.4745115E-004
          4450.86     -2.4103251E-004
          4462.15     -2.3410441E-004
          4473.44     -2.2664755E-004
          4484.73     -2.1864205E-004
          4496.02     -2.1006740E-004
          4507.30     -2.0090248E-004
          4518.59     -1.9112558E-004
          4529.88     -1.8071430E-004
          4541.17     -1.6964558E-004
          4552.46     -1.5789572E-004
          4563.75     -1.4544031E-004
          4575.04     -1.3225423E-004
          4586.33     -1.1831166E-004
          4597.62     -1.0358599E-004
          4608.91     -8.8049930E-005
          4620.20     -7.1675365E-005
          4631.48     -5.4433385E-005
          4642.77     -3.6294323E-005
          4654.06     -1.7227638E-005
          4665.35      2.7980426E-006
          4676.64      2.3814951E-005
          4687.93      4.5856223E-005
          4699.22      6.8955839E-005
          4710.51      9.3148762E-005
          4721.80      1.1847090E-004
          4733.09      1.4495905E-004
          4744.38      1.7265108E-004
          4755.66      2.0158582E-004
          4766.95      2.3180315E-004
          4778.24      2.6334400E-004
          4789.53      2.9625032E-004
          4800.82      3.3056522E-004
          4812.11      3.6633295E-004
          4823.40      4.0359880E-004
          4834.69      4.4240932E-004
          4845.98      4.8281224E-004
          4857.27      5.2485650E-004
          4868.55      5.6859233E-004
          4879.84      6.1407114E-004
          4891.13      6.6134574E-004
          4902.42      7.1047026E-004
          4913.71      7.6150007E-004
          4925.00      8.1449204E-004
          4936.29      8.6950444E-004
          4947.58      9.2659693E-004
          4958.87      9.8583073E-004
          4970.16      1.0472684E-003
          4981.45      1.1109742E-003
          4992.73      1.1770139E-003
          5004.02      1.2454548E-003
          5015.31      1.3163659E-003
          5026.60      1.3898180E-003
          5037.89      1.4658833E-003
          5049.18      1.5446360E-003
          5060.47      1.6261519E-003
          5071.76      1.7105087E-003
          5083.05      1.7977859E-003
          5094.34      1.8880648E-003
          5105.62      1.9814287E-003
          5116.91      2.0779629E-003
          5128.20      2.1777545E-003
          5139.49      2.2808929E-003
          5150.78      2.3874692E-003
          5162.07      2.4975770E-003
          5173.36      2.6113119E-003
          5184.65      2.7287715E-003
          5195.94      2.8500559E-003
          5207.23      2.9752674E-003
          5218.52      3.1045106E-003
          5229.80      3.2378926E-003
          5241.09      3.3755226E-003
          5252.38      3.5175124E-003
          5263.67      3.6639765E-003
          5274.96      3.8150316E-003
          5286.25      3.9707973E-003
          5297.54      4.1313958E-003
          5308.83      4.2969517E-003
          5320.12      4.4675930E-003
          5331.41      4.6434498E-003
          5342.70      4.8246553E-003
          5353.98      5.0113460E-003
          5365.27      5.2036607E-003
          5376.56      5.4017416E-003
          5387.85      5.6057339E-003
          5399.14      5.8157860E-003
          5410.43      6.0320496E-003
          5421.72      6.2546790E-003
          5433.01      6.4838326E-003
          5444.30      6.7196719E-003
          5455.59      6.9623615E-003
          5466.88      7.2120698E-003
          5478.16      7.4689688E-003
          5489.45      7.7332340E-003
          5500.74      8.0050449E-003
          5512.03      8.2845839E-003
          5523.32      8.5720380E-003
          5534.61      8.8675980E-003
          5545.90      9.1714580E-003
          5557.19      9.4838168E-003
          5568.48      9.8048769E-003
          5579.77      1.0134846E-002
          5591.05      1.0473935E-002
          5602.34      1.0822359E-002
          5613.63      1.1180340E-002
          5624.92      1.1548101E-002
          5636.21      1.1925872E-002
          5647.50      1.2313884E-002
          5658.79      1.2712378E-002
          5670.08      1.3121593E-002
          5681.37      1.3541781E-002
          5692.66      1.3973196E-002
          5703.95      1.4416096E-002
          5715.23      1.4870747E-002
          5726.52      1.5337413E-002
          5737.81      1.5816367E-002
          5749.10      1.4996263E-002
          5760.39      1.1652231E-002
          5771.68      5.9121670E-003
          5782.97     -2.0987513E-003
          5794.26     -1.2258249E-002
          5805.55     -2.4446581E-002
          5816.84     -3.8545830E-002
          5828.12     -5.4439840E-002
          5839.41     -7.2014084E-002
          5850.70     -9.1155588E-002
          5861.99     -1.1175286E-001
          5873.28     -1.3369574E-001
          5884.57     -1.5687540E-001
          5895.86     -1.8118427E-001
          5907.15     -2.0651582E-001
          5918.44     -2.3276440E-001
          5929.73     -2.5982519E-001
          5941.02     -2.8759456E-001
          5952.30     -3.1597009E-001
          5963.59     -3.4485034E-001
          5974.88     -3.7413496E-001
          5986.17     -4.0372445E-001
          5997.46     -4.3352016E-001
          6008.75     -4.6342455E-001
          6020.04     -4.9334099E-001
          6031.33     -5.2317413E-001
          6042.62     -5.5282965E-001
          6053.91     -5.8221357E-001
          6065.20     -6.1123228E-001
          6076.48     -6.3979256E-001
          6087.77     -6.6780145E-001
          6099.06     -6.9516610E-001
          6110.35     -7.2179347E-001
          6121.64     -7.4759024E-001
          6132.93     -7.7246253E-001
          6144.22     -7.9631606E-001
          6155.51     -8.1905694E-001
          6166.80     -8.4059147E-001
          6178.09     -8.6082603E-001
          6189.38     -8.7966699E-001
          6200.66     -8.9702000E-001
          6211.95     -9.1278974E-001
          6223.24     -9.2687992E-001
          6234.53     -9.3919314E-001
          6245.82     -9.4963093E-001
          6257.11     -9.5809363E-001
          6268.40     -9.6448033E-001
          6279.69     -9.6963761E-001
          6290.98     -9.7448096E-001
          6302.27     -9.7901173E-001
          6313.55     -9.8323100E-001
          6324.84     -9.8713956E-001
          6336.13     -9.9073790E-001
          6347.42     -9.9402625E-001
          6358.71     -9.9700454E-001
          6370.00     -9.9967245E-001
