          3480.00     -6.7885750E-033
          3491.29     -3.9719297E-007
          3502.58     -7.7987838E-007
          3513.87     -1.1492712E-006
          3525.16     -1.5065097E-006
          3536.45     -1.8526623E-006
          3547.73     -2.1887306E-006
          3559.02     -2.5156526E-006
          3570.31     -2.8343079E-006
          3581.60     -3.1455201E-006
          3592.89     -3.4500602E-006
          3604.18     -3.7486479E-006
          3615.47     -4.0419512E-006
          3626.76     -4.3305912E-006
          3638.05     -4.6151459E-006
          3649.34     -4.8961518E-006
          3660.62     -5.1741065E-006
          3671.91     -5.4494699E-006
          3683.20     -5.7226656E-006
          3694.49     -5.9940825E-006
          3705.78     -6.2640749E-006
          3717.07     -6.5329652E-006
          3728.36     -6.8010437E-006
          3739.65     -7.0685687E-006
          3750.94     -7.3357689E-006
          3762.23     -7.6028424E-006
          3773.52     -7.8699576E-006
          3784.80     -8.1372538E-006
          3796.09     -8.4048401E-006
          3807.38     -8.6727983E-006
          3818.67     -8.9411814E-006
          3829.96     -9.2100125E-006
          3841.25     -9.4792858E-006
          3852.54     -9.7489651E-006
          3863.83     -1.0018984E-005
          3875.12     -1.0289245E-005
          3886.41     -1.0559618E-005
          3897.70     -1.0829943E-005
          3908.98     -1.1100024E-005
          3920.27     -1.1369633E-005
          3931.56     -1.1638506E-005
          3942.85     -1.1906344E-005
          3954.14     -1.2172809E-005
          3965.43     -1.2437529E-005
          3976.72     -1.2700090E-005
          3988.01     -1.2960037E-005
          3999.30     -1.3216874E-005
          4010.59     -1.3470057E-005
          4021.88     -1.3718998E-005
          4033.16     -1.3963059E-005
          4044.45     -1.4201554E-005
          4055.74     -1.4433743E-005
          4067.03     -1.4658830E-005
          4078.32     -1.4875965E-005
          4089.61     -1.5084238E-005
          4100.90     -1.5282675E-005
          4112.19     -1.5470239E-005
          4123.48     -1.5645826E-005
          4134.77     -1.5808261E-005
          4146.05     -1.5956296E-005
          4157.34     -1.6088606E-005
          4168.63     -1.6203785E-005
          4179.92     -1.6300347E-005
          4191.21     -1.6376714E-005
          4202.50     -1.6431222E-005
          4213.79     -1.6462108E-005
          4225.08     -1.6467514E-005
          4236.37     -1.6445474E-005
          4247.66     -1.6393919E-005
          4258.95     -1.6310664E-005
          4270.23     -1.6193408E-005
          4281.52     -1.6039727E-005
          4292.81     -1.5847071E-005
          4304.10     -1.5612757E-005
          4315.39     -1.5333961E-005
          4326.68     -1.5007717E-005
          4337.97     -1.4630910E-005
          4349.26     -1.4200265E-005
          4360.55     -1.3712345E-005
          4371.84     -1.3163551E-005
          4383.12     -1.2550106E-005
          4394.41     -1.1868041E-005
          4405.70     -1.1113195E-005
          4416.99     -1.0281208E-005
          4428.28     -9.3675110E-006
          4439.57     -8.3673199E-006
          4450.86     -7.2756240E-006
          4462.15     -6.0871818E-006
          4473.44     -4.7965060E-006
          4484.73     -3.3978573E-006
          4496.02     -1.8852335E-006
          4507.30     -2.5235790E-007
          4518.59      1.5073262E-006
          4529.88      3.4006745E-006
          4541.17      5.4348498E-006
          4552.46      7.6173278E-006
          4563.75      9.9559194E-006
          4575.04      1.2458777E-005
          4586.33      1.5134411E-005
          4597.62      1.7991702E-005
          4608.91      2.1039910E-005
          4620.20      2.4288701E-005
          4631.48      2.7748153E-005
          4642.77      3.1428767E-005
          4654.06      3.5341497E-005
          4665.35      3.9497758E-005
          4676.64      4.3909442E-005
          4687.93      4.8588944E-005
          4699.22      5.3549160E-005
          4710.51      5.8803535E-005
          4721.80      6.4366067E-005
          4733.09      7.0251315E-005
          4744.38      7.6474444E-005
          4755.66      8.3051234E-005
          4766.95      8.9998101E-005
          4778.24      9.7332129E-005
          4789.53      1.0507107E-004
          4800.82      1.1323340E-004
          4812.11      1.2183834E-004
          4823.40      1.3090583E-004
          4834.69      1.4045664E-004
          4845.98      1.5051235E-004
          4857.27      1.6109535E-004
          4868.55      1.7222896E-004
          4879.84      1.8393734E-004
          4891.13      1.9624564E-004
          4902.42      2.0917995E-004
          4913.71      2.2276736E-004
          4925.00      2.3703599E-004
          4936.29      2.5201504E-004
          4947.58      2.6773481E-004
          4958.87      2.8422677E-004
          4970.16      3.0152351E-004
          4981.45      3.1965890E-004
          4992.73      3.3866807E-004
          5004.02      3.5858739E-004
          5015.31      3.7945466E-004
          5026.60      4.0130905E-004
          5037.89      4.2419115E-004
          5049.18      4.4814309E-004
          5060.47      4.7320844E-004
          5071.76      4.9943244E-004
          5083.05      5.2686197E-004
          5094.34      5.5554552E-004
          5105.62      5.8553340E-004
          5116.91      6.1687770E-004
          5128.20      6.4963238E-004
          5139.49      6.8385335E-004
          5150.78      7.1959840E-004
          5162.07      7.5692747E-004
          5173.36      7.9590262E-004
          5184.65      8.3658799E-004
          5195.94      8.7905005E-004
          5207.23      9.2335758E-004
          5218.52      9.6958174E-004
          5229.80      1.0177962E-003
          5241.09      1.0680770E-003
          5252.38      1.1205031E-003
          5263.67      1.1751559E-003
          5274.96      1.2321196E-003
          5286.25      1.2914815E-003
          5297.54      1.3533317E-003
          5308.83      1.4177634E-003
          5320.12      1.4848730E-003
          5331.41      1.5547599E-003
          5342.70      1.6275271E-003
          5353.98      1.7032811E-003
          5365.27      1.7821317E-003
          5376.56      1.8641925E-003
          5387.85      1.9495808E-003
          5399.14      2.0384179E-003
          5410.43      2.1308292E-003
          5421.72      2.2269437E-003
          5433.01      2.3268951E-003
          5444.30      2.4308216E-003
          5455.59      2.5388653E-003
          5466.88      2.6511734E-003
          5478.16      2.7678979E-003
          5489.45      2.8891953E-003
          5500.74      3.0152278E-003
          5512.03      3.1461619E-003
          5523.32      3.2821703E-003
          5534.61      3.4234307E-003
          5545.90      3.5701265E-003
          5557.19      3.7224471E-003
          5568.48      3.8805878E-003
          5579.77      4.0447503E-003
          5591.05      4.2151427E-003
          5602.34      4.3919795E-003
          5613.63      4.5754821E-003
          5624.92      4.7658787E-003
          5636.21      4.9634040E-003
          5647.50      5.1683005E-003
          5658.79      5.3808178E-003
          5670.08      5.6012134E-003
          5681.37      5.8297537E-003
          5692.66      6.0667137E-003
          5703.95      6.3123766E-003
          5715.23      6.5670336E-003
          5726.52      6.8309831E-003
          5737.81      7.1045324E-003
          5749.10      6.0581757E-003
          5760.39      2.4604365E-003
          5771.68     -3.5453171E-003
          5782.97     -1.1820834E-002
          5794.26     -2.2232988E-002
          5805.55     -3.4653201E-002
          5816.84     -4.8956538E-002
          5828.12     -6.5021500E-002
          5839.41     -8.2729757E-002
          5850.70     -1.0196593E-001
          5861.99     -1.2261742E-001
          5873.28     -1.4457409E-001
          5884.57     -1.6772821E-001
          5895.86     -1.9197418E-001
          5907.15     -2.1720830E-001
          5918.44     -2.4332842E-001
          5929.73     -2.7023385E-001
          5941.02     -2.9782564E-001
          5952.30     -3.2600640E-001
          5963.59     -3.5468010E-001
          5974.88     -3.8375199E-001
          5986.17     -4.1312832E-001
          5997.46     -4.4271626E-001
          6008.75     -4.7242400E-001
          6020.04     -5.0216058E-001
          6031.33     -5.3183607E-001
          6042.62     -5.6136127E-001
          6053.91     -5.9064693E-001
          6065.20     -6.1960370E-001
          6076.48     -6.4814206E-001
          6087.77     -6.7617211E-001
          6099.06     -7.0360335E-001
          6110.35     -7.3034426E-001
          6121.64     -7.5630221E-001
          6132.93     -7.8138298E-001
          6144.22     -8.0549102E-001
          6155.51     -8.2853007E-001
          6166.80     -8.5040291E-001
          6178.09     -8.7101119E-001
          6189.38     -8.9025520E-001
          6200.66     -9.0803307E-001
          6211.95     -9.2424044E-001
          6223.24     -9.3877031E-001
          6234.53     -9.5151289E-001
          6245.82     -9.6235551E-001
          6257.11     -9.7118241E-001
          6268.40     -9.7787463E-001
          6279.69     -9.8310501E-001
          6290.98     -9.8763036E-001
          6302.27     -9.9145410E-001
          6313.55     -9.9457819E-001
          6324.84     -9.9700317E-001
          6336.13     -9.9872812E-001
          6347.42     -9.9975072E-001
          6358.71     -1.0000672E+000
          6370.00     -9.9967245E-001
