          3480.00      7.2539682E-026
          3491.29      2.8491206E+000
          3502.58      5.7036108E+000
          3513.87      8.5644672E+000
          3525.16      1.1432667E+001
          3536.45      1.4309182E+001
          3547.73      1.7194975E+001
          3559.02      2.0090989E+001
          3570.31      2.2998163E+001
          3581.60      2.5917425E+001
          3592.89      2.8849692E+001
          3604.18      3.1795867E+001
          3615.47      3.4756815E+001
          3626.76      3.7733388E+001
          3638.05      4.0726429E+001
          3649.34      4.3736767E+001
          3660.62      4.6765231E+001
          3671.91      4.9812638E+001
          3683.20      5.2879800E+001
          3694.49      5.5967523E+001
          3705.78      5.9076600E+001
          3717.07      6.2207821E+001
          3728.36      6.5361975E+001
          3739.65      6.8539831E+001
          3750.94      7.1742162E+001
          3762.23      7.4969733E+001
          3773.52      7.8223300E+001
          3784.80      8.1503617E+001
          3796.09      8.4811424E+001
          3807.38      8.8147466E+001
          3818.67      9.1512485E+001
          3829.96      9.4907207E+001
          3841.25      9.8332364E+001
          3852.54      1.0178868E+002
          3863.83      1.0527686E+002
          3875.12      1.0879762E+002
          3886.41      1.1235166E+002
          3897.70      1.1593968E+002
          3908.98      1.1956236E+002
          3920.27      1.2322040E+002
          3931.56      1.2691447E+002
          3942.85      1.3064524E+002
          3954.14      1.3441339E+002
          3965.43      1.3821957E+002
          3976.72      1.4206445E+002
          3988.01      1.4594868E+002
          3999.30      1.4987291E+002
          4010.59      1.5383777E+002
          4021.88      1.5784391E+002
          4033.16      1.6189195E+002
          4044.45      1.6598251E+002
          4055.74      1.7011620E+002
          4067.03      1.7429363E+002
          4078.32      1.7851539E+002
          4089.61      1.8278209E+002
          4100.90      1.8709429E+002
          4112.19      1.9145258E+002
          4123.48      1.9585753E+002
          4134.77      2.0030970E+002
          4146.05      2.0480964E+002
          4157.34      2.0935789E+002
          4168.63      2.1395499E+002
          4179.92      2.1860147E+002
          4191.21      2.2329783E+002
          4202.50      2.2804460E+002
          4213.79      2.3284227E+002
          4225.08      2.3769133E+002
          4236.37      2.4259225E+002
          4247.66      2.4754551E+002
          4258.95      2.5255157E+002
          4270.23      2.5761087E+002
          4281.52      2.6272384E+002
          4292.81      2.6789092E+002
          4304.10      2.7311251E+002
          4315.39      2.7838901E+002
          4326.68      2.8372083E+002
          4337.97      2.8910832E+002
          4349.26      2.9455185E+002
          4360.55      3.0005179E+002
          4371.84      3.0560845E+002
          4383.12      3.1122218E+002
          4394.41      3.1689329E+002
          4405.70      3.2262206E+002
          4416.99      3.2840878E+002
          4428.28      3.3425370E+002
          4439.57      3.4015707E+002
          4450.86      3.4611912E+002
          4462.15      3.5214006E+002
          4473.44      3.5822008E+002
          4484.73      3.6435937E+002
          4496.02      3.7055808E+002
          4507.30      3.7681637E+002
          4518.59      3.8313433E+002
          4529.88      3.8951209E+002
          4541.17      3.9594972E+002
          4552.46      4.0244728E+002
          4563.75      4.0900483E+002
          4575.04      4.1562237E+002
          4586.33      4.2229991E+002
          4597.62      4.2903743E+002
          4608.91      4.3583487E+002
          4620.20      4.4269217E+002
          4631.48      4.4960924E+002
          4642.77      4.5658595E+002
          4654.06      4.6362215E+002
          4665.35      4.7071767E+002
          4676.64      4.7787233E+002
          4687.93      4.8508589E+002
          4699.22      4.9235810E+002
          4710.51      4.9968868E+002
          4721.80      5.0707731E+002
          4733.09      5.1452366E+002
          4744.38      5.2202734E+002
          4755.66      5.2958797E+002
          4766.95      5.3720510E+002
          4778.24      5.4487827E+002
          4789.53      5.5260697E+002
          4800.82      5.6039066E+002
          4812.11      5.6822878E+002
          4823.40      5.7612072E+002
          4834.69      5.8406583E+002
          4845.98      5.9206343E+002
          4857.27      6.0011280E+002
          4868.55      6.0821319E+002
          4879.84      6.1636379E+002
          4891.13      6.2456375E+002
          4902.42      6.3281220E+002
          4913.71      6.4110821E+002
          4925.00      6.4945081E+002
          4936.29      6.5783899E+002
          4947.58      6.6627169E+002
          4958.87      6.7474781E+002
          4970.16      6.8326619E+002
          4981.45      6.9182563E+002
          4992.73      7.0042490E+002
          5004.02      7.0906267E+002
          5015.31      7.1773761E+002
          5026.60      7.2644831E+002
          5037.89      7.3519330E+002
          5049.18      7.4397110E+002
          5060.47      7.5278011E+002
          5071.76      7.6161872E+002
          5083.05      7.7048525E+002
          5094.34      7.7937796E+002
          5105.62      7.8829506E+002
          5116.91      7.9723467E+002
          5128.20      8.0619489E+002
          5139.49      8.1517374E+002
          5150.78      8.2416915E+002
          5162.07      8.3317901E+002
          5173.36      8.4220116E+002
          5184.65      8.5123332E+002
          5195.94      8.6027319E+002
          5207.23      8.6931837E+002
          5218.52      8.7836641E+002
          5229.80      8.8741477E+002
          5241.09      8.9646084E+002
          5252.38      9.0550194E+002
          5263.67      9.1453532E+002
          5274.96      9.2355812E+002
          5286.25      9.3256744E+002
          5297.54      9.4156027E+002
          5308.83      9.5053354E+002
          5320.12      9.5948408E+002
          5331.41      9.6840863E+002
          5342.70      9.7730385E+002
          5353.98      9.8616633E+002
          5365.27      9.9499253E+002
          5376.56      1.0037789E+003
          5387.85      1.0125216E+003
          5399.14      1.0212170E+003
          5410.43      1.0298611E+003
          5421.72      1.0384500E+003
          5433.01      1.0469796E+003
          5444.30      1.0554456E+003
          5455.59      1.0638438E+003
          5466.88      1.0721698E+003
          5478.16      1.0804191E+003
          5489.45      1.0885871E+003
          5500.74      1.0966691E+003
          5512.03      1.1046601E+003
          5523.32      1.1125554E+003
          5534.61      1.1203498E+003
          5545.90      1.1280382E+003
          5557.19      1.1356153E+003
          5568.48      1.1430757E+003
          5579.77      1.1504138E+003
          5591.05      1.1576239E+003
          5602.34      1.1647003E+003
          5613.63      1.1716370E+003
          5624.92      1.1784280E+003
          5636.21      1.1850671E+003
          5647.50      1.1915480E+003
          5658.79      1.1978644E+003
          5670.08      1.2040097E+003
          5681.37      1.2099772E+003
          5692.66      1.2157598E+003
          5703.95      1.2213507E+003
          5715.23      1.2267427E+003
          5726.52      1.2319288E+003
          5737.81      1.2369017E+003
          5749.10      1.3056077E+003
          5760.39      1.4965458E+003
          5771.68      1.8016317E+003
          5782.97      2.2129029E+003
          5794.26      2.7225287E+003
          5805.55      3.3227857E+003
          5816.84      4.0060189E+003
          5828.12      4.7646391E+003
          5839.41      5.5911176E+003
          5850.70      6.4779830E+003
          5861.99      7.4178190E+003
          5873.28      8.4032579E+003
          5884.57      9.4269823E+003
          5895.86      1.0481720E+004
          5907.15      1.1560236E+004
          5918.44      1.2655329E+004
          5929.73      1.3759832E+004
          5941.02      1.4866630E+004
          5952.30      1.5968666E+004
          5963.59      1.7058928E+004
          5974.88      1.8130456E+004
          5986.17      1.9176333E+004
          5997.46      2.0189690E+004
          6008.75      2.1163716E+004
          6020.04      2.2092985E+004
          6031.33      2.2968144E+004
          6042.62      2.3783854E+004
          6053.91      2.4533473E+004
          6065.20      2.5210375E+004
          6076.48      2.5807949E+004
          6087.77      2.6319588E+004
          6099.06      2.6738681E+004
          6110.35      2.7058604E+004
          6121.64      2.7272714E+004
          6132.93      2.7374355E+004
          6144.22      2.7356874E+004
          6155.51      2.7213639E+004
          6166.80      2.6938024E+004
          6178.09      2.6523402E+004
          6189.38      2.5963113E+004
          6200.66      2.5250451E+004
          6211.95      2.4378655E+004
          6223.24      2.3340904E+004
          6234.53      2.2130320E+004
          6245.82      2.0739961E+004
          6257.11      1.9162818E+004
          6268.40      1.7391822E+004
          6279.69      1.5516163E+004
          6290.98      1.3629014E+004
          6302.27      1.1729220E+004
          6313.55      9.8156233E+003
          6324.84      7.8870692E+003
          6336.13      5.9423943E+003
          6347.42      3.9804328E+003
          6358.71      2.0000233E+003
          6370.00      1.3554624E-035
