          3480.00     -2.9698693E-025
          3491.29      1.6204886E-001
          3502.58      3.2434709E-001
          3513.87      4.8705870E-001
          3525.16      6.5034526E-001
          3536.45      8.1436698E-001
          3547.73      9.7928246E-001
          3559.02      1.1452484E+000
          3570.31      1.3124207E+000
          3581.60      1.4809538E+000
          3592.89      1.6510014E+000
          3604.18      1.8227158E+000
          3615.47      1.9962472E+000
          3626.76      2.1717447E+000
          3638.05      2.3493573E+000
          3649.34      2.5292328E+000
          3660.62      2.7115197E+000
          3671.91      2.8963660E+000
          3683.20      3.0839198E+000
          3694.49      3.2743295E+000
          3705.78      3.4677432E+000
          3717.07      3.6643097E+000
          3728.36      3.8641783E+000
          3739.65      4.0674982E+000
          3750.94      4.2744198E+000
          3762.23      4.4850937E+000
          3773.52      4.6996715E+000
          3784.80      4.9183055E+000
          3796.09      5.1411483E+000
          3807.38      5.3683546E+000
          3818.67      5.6000797E+000
          3829.96      5.8364799E+000
          3841.25      6.0777127E+000
          3852.54      6.3239369E+000
          3863.83      6.5753124E+000
          3875.12      6.8320004E+000
          3886.41      7.0941631E+000
          3897.70      7.3619642E+000
          3908.98      7.6355693E+000
          3920.27      7.9151445E+000
          3931.56      8.2008579E+000
          3942.85      8.4928792E+000
          3954.14      8.7913796E+000
          3965.43      9.0965325E+000
          3976.72      9.4085122E+000
          3988.01      9.7274953E+000
          3999.30      1.0053660E+001
          4010.59      1.0387186E+001
          4021.88      1.0728254E+001
          4033.16      1.1077048E+001
          4044.45      1.1433752E+001
          4055.74      1.1798554E+001
          4067.03      1.2171640E+001
          4078.32      1.2553201E+001
          4089.61      1.2943429E+001
          4100.90      1.3342517E+001
          4112.19      1.3750661E+001
          4123.48      1.4168057E+001
          4134.77      1.4594903E+001
          4146.05      1.5031401E+001
          4157.34      1.5477752E+001
          4168.63      1.5934159E+001
          4179.92      1.6400829E+001
          4191.21      1.6877967E+001
          4202.50      1.7365782E+001
          4213.79      1.7864484E+001
          4225.08      1.8374285E+001
          4236.37      1.8895398E+001
          4247.66      1.9428036E+001
          4258.95      1.9972416E+001
          4270.23      2.0528754E+001
          4281.52      2.1097268E+001
          4292.81      2.1678178E+001
          4304.10      2.2271703E+001
          4315.39      2.2878067E+001
          4326.68      2.3497490E+001
          4337.97      2.4130196E+001
          4349.26      2.4776410E+001
          4360.55      2.5436356E+001
          4371.84      2.6110259E+001
          4383.12      2.6798347E+001
          4394.41      2.7500846E+001
          4405.70      2.8217983E+001
          4416.99      2.8949984E+001
          4428.28      2.9697074E+001
          4439.57      3.0459481E+001
          4450.86      3.1237430E+001
          4462.15      3.2031147E+001
          4473.44      3.2840857E+001
          4484.73      3.3666785E+001
          4496.02      3.4509153E+001
          4507.30      3.5368186E+001
          4518.59      3.6244103E+001
          4529.88      3.7137123E+001
          4541.17      3.8047468E+001
          4552.46      3.8975350E+001
          4563.75      3.9920986E+001
          4575.04      4.0884587E+001
          4586.33      4.1866363E+001
          4597.62      4.2866522E+001
          4608.91      4.3885266E+001
          4620.20      4.4922797E+001
          4631.48      4.5979312E+001
          4642.77      4.7055003E+001
          4654.06      4.8150059E+001
          4665.35      4.9264667E+001
          4676.64      5.0399005E+001
          4687.93      5.1553251E+001
          4699.22      5.2727570E+001
          4710.51      5.3922130E+001
          4721.80      5.5137087E+001
          4733.09      5.6372592E+001
          4744.38      5.7628790E+001
          4755.66      5.8905818E+001
          4766.95      6.0203807E+001
          4778.24      6.1522878E+001
          4789.53      6.2863142E+001
          4800.82      6.4224706E+001
          4812.11      6.5607663E+001
          4823.40      6.7012098E+001
          4834.69      6.8438085E+001
          4845.98      6.9885688E+001
          4857.27      7.1354958E+001
          4868.55      7.2845937E+001
          4879.84      7.4358648E+001
          4891.13      7.5893108E+001
          4902.42      7.7449317E+001
          4913.71      7.9027259E+001
          4925.00      8.0626905E+001
          4936.29      8.2248212E+001
          4947.58      8.3891117E+001
          4958.87      8.5555545E+001
          4970.16      8.7241396E+001
          4981.45      8.8948557E+001
          4992.73      9.0676898E+001
          5004.02      9.2426260E+001
          5015.31      9.4196471E+001
          5026.60      9.5987333E+001
          5037.89      9.7798629E+001
          5049.18      9.9630118E+001
          5060.47      1.0148153E+002
          5071.76      1.0335257E+002
          5083.05      1.0524294E+002
          5094.34      1.0715227E+002
          5105.62      1.0908020E+002
          5116.91      1.1102633E+002
          5128.20      1.1299022E+002
          5139.49      1.1497142E+002
          5150.78      1.1696942E+002
          5162.07      1.1898371E+002
          5173.36      1.2101371E+002
          5184.65      1.2305882E+002
          5195.94      1.2511842E+002
          5207.23      1.2719182E+002
          5218.52      1.2927832E+002
          5229.80      1.3137715E+002
          5241.09      1.3348752E+002
          5252.38      1.3560860E+002
          5263.67      1.3773949E+002
          5274.96      1.3987926E+002
          5286.25      1.4202694E+002
          5297.54      1.4418149E+002
          5308.83      1.4634184E+002
          5320.12      1.4850685E+002
          5331.41      1.5067534E+002
          5342.70      1.5284606E+002
          5353.98      1.5501771E+002
          5365.27      1.5718893E+002
          5376.56      1.5935829E+002
          5387.85      1.6152433E+002
          5399.14      1.6368547E+002
          5410.43      1.6584012E+002
          5421.72      1.6798658E+002
          5433.01      1.7012309E+002
          5444.30      1.7224784E+002
          5455.59      1.7435890E+002
          5466.88      1.7645431E+002
          5478.16      1.7853199E+002
          5489.45      1.8058980E+002
          5500.74      1.8262552E+002
          5512.03      1.8463682E+002
          5523.32      1.8662132E+002
          5534.61      1.8857651E+002
          5545.90      1.9049980E+002
          5557.19      1.9238851E+002
          5568.48      1.9423986E+002
          5579.77      1.9605095E+002
          5591.05      1.9781877E+002
          5602.34      1.9954022E+002
          5613.63      2.0121207E+002
          5624.92      2.0283100E+002
          5636.21      2.0439358E+002
          5647.50      2.0589625E+002
          5658.79      2.0733536E+002
          5670.08      2.0870711E+002
          5681.37      2.1000756E+002
          5692.66      2.1123256E+002
          5703.95      2.1237791E+002
          5715.23      2.1343931E+002
          5726.52      2.1441236E+002
          5737.81      2.1529258E+002
          5749.10      2.6198833E+002
          5760.39      3.9636228E+002
          5771.68      6.1244766E+002
          5782.97      9.0441480E+002
          5794.26      1.2665734E+003
          5805.55      1.6933511E+003
          5816.84      2.1792611E+003
          5828.12      2.7188970E+003
          5839.41      3.3069248E+003
          5850.70      3.9380780E+003
          5861.99      4.6071523E+003
          5873.28      5.3089978E+003
          5884.57      6.0385168E+003
          5895.86      6.7906573E+003
          5907.15      7.5604055E+003
          5918.44      8.3427770E+003
          5929.73      9.1328172E+003
          5941.02      9.9256118E+003
          5952.30      1.0716284E+004
          5963.59      1.1499989E+004
          5974.88      1.2271908E+004
          5986.17      1.3027250E+004
          5997.46      1.3761240E+004
          6008.75      1.4469135E+004
          6020.04      1.5146208E+004
          6031.33      1.5787759E+004
          6042.62      1.6389097E+004
          6053.91      1.6945518E+004
          6065.20      1.7452303E+004
          6076.48      1.7904715E+004
          6087.77      1.8297989E+004
          6099.06      1.8627326E+004
          6110.35      1.8887879E+004
          6121.64      1.9074752E+004
          6132.93      1.9182996E+004
          6144.22      1.9207626E+004
          6155.51      1.9143625E+004
          6166.80      1.8985937E+004
          6178.09      1.8729455E+004
          6189.38      1.8369002E+004
          6200.66      1.7899311E+004
          6211.95      1.7315018E+004
          6223.24      1.6610660E+004
          6234.53      1.5780670E+004
          6245.82      1.4819368E+004
          6257.11      1.3720965E+004
          6268.40      1.2479555E+004
          6279.69      1.1159117E+004
          6290.98      9.8264192E+003
          6302.27      8.4796397E+003
          6313.55      7.1169476E+003
          6324.84      5.7365054E+003
          6336.13      4.3364599E+003
          6347.42      2.9149457E+003
          6358.71      1.4700889E+003
          6370.00      5.4798218E-038
