          3480.00     -8.4477334E-031
          3491.29     -2.3675882E-006
          3502.58     -4.6637845E-006
          3513.87     -6.8929858E-006
          3525.16     -9.0593372E-006
          3536.45     -1.1166756E-005
          3547.73     -1.3218937E-005
          3559.02     -1.5219356E-005
          3570.31     -1.7171293E-005
          3581.60     -1.9077831E-005
          3592.89     -2.0941867E-005
          3604.18     -2.2766115E-005
          3615.47     -2.4553089E-005
          3626.76     -2.6305132E-005
          3638.05     -2.8024427E-005
          3649.34     -2.9712999E-005
          3660.62     -3.1372731E-005
          3671.91     -3.3005360E-005
          3683.20     -3.4612486E-005
          3694.49     -3.6195575E-005
          3705.78     -3.7755958E-005
          3717.07     -3.9294842E-005
          3728.36     -4.0813311E-005
          3739.65     -4.2312320E-005
          3750.94     -4.3792710E-005
          3762.23     -4.5255202E-005
          3773.52     -4.6700402E-005
          3784.80     -4.8128801E-005
          3796.09     -4.9540776E-005
          3807.38     -5.0936596E-005
          3818.67     -5.2316425E-005
          3829.96     -5.3680311E-005
          3841.25     -5.5028196E-005
          3852.54     -5.6359909E-005
          3863.83     -5.7675169E-005
          3875.12     -5.8973583E-005
          3886.41     -6.0254644E-005
          3897.70     -6.1517735E-005
          3908.98     -6.2762125E-005
          3920.27     -6.3986965E-005
          3931.56     -6.5191293E-005
          3942.85     -6.6374027E-005
          3954.14     -6.7533970E-005
          3965.43     -6.8669809E-005
          3976.72     -6.9780104E-005
          3988.01     -7.0863295E-005
          3999.30     -7.1917689E-005
          4010.59     -7.2941462E-005
          4021.88     -7.3932656E-005
          4033.16     -7.4889176E-005
          4044.45     -7.5808786E-005
          4055.74     -7.6689105E-005
          4067.03     -7.7527602E-005
          4078.32     -7.8321599E-005
          4089.61     -7.9068258E-005
          4100.90     -7.9764584E-005
          4112.19     -8.0407415E-005
          4123.48     -8.0993421E-005
          4134.77     -8.1519101E-005
          4146.05     -8.1980771E-005
          4157.34     -8.2374564E-005
          4168.63     -8.2696426E-005
          4179.92     -8.2942105E-005
          4191.21     -8.3107150E-005
          4202.50     -8.3186902E-005
          4213.79     -8.3176489E-005
          4225.08     -8.3070821E-005
          4236.37     -8.2864580E-005
          4247.66     -8.2552216E-005
          4258.95     -8.2127936E-005
          4270.23     -8.1585701E-005
          4281.52     -8.0919215E-005
          4292.81     -8.0121921E-005
          4304.10     -7.9186988E-005
          4315.39     -7.8107310E-005
          4326.68     -7.6875488E-005
          4337.97     -7.5483831E-005
          4349.26     -7.3924341E-005
          4360.55     -7.2188703E-005
          4371.84     -7.0268298E-005
          4383.12     -6.8154172E-005
          4394.41     -6.5837005E-005
          4405.70     -6.3307120E-005
          4416.99     -6.0554471E-005
          4428.28     -5.7568642E-005
          4439.57     -5.4338820E-005
          4450.86     -5.0853793E-005
          4462.15     -4.7101944E-005
          4473.44     -4.3071225E-005
          4484.73     -3.8749153E-005
          4496.02     -3.4122794E-005
          4507.30     -2.9178746E-005
          4518.59     -2.3903145E-005
          4529.88     -1.8281621E-005
          4541.17     -1.2299297E-005
          4552.46     -5.9407938E-006
          4563.75      8.0981930E-007
          4575.04      7.9690182E-006
          4586.33      1.5553846E-005
          4597.62      2.3581938E-005
          4608.91      3.2071508E-005
          4620.20      4.1041408E-005
          4631.48      5.0511129E-005
          4642.77      6.0500789E-005
          4654.06      7.1031204E-005
          4665.35      8.2123873E-005
          4676.64      9.3801008E-005
          4687.93      1.0608556E-004
          4699.22      1.1900120E-004
          4710.51      1.3257241E-004
          4721.80      1.4682446E-004
          4733.09      1.6178340E-004
          4744.38      1.7747616E-004
          4755.66      1.9393052E-004
          4766.95      2.1117514E-004
          4778.24      2.2923962E-004
          4789.53      2.4815443E-004
          4800.82      2.6795106E-004
          4812.11      2.8866199E-004
          4823.40      3.1032064E-004
          4834.69      3.3296155E-004
          4845.98      3.5662029E-004
          4857.27      3.8133356E-004
          4868.55      4.0713918E-004
          4879.84      4.3407608E-004
          4891.13      4.6218443E-004
          4902.42      4.9150564E-004
          4913.71      5.2208229E-004
          4925.00      5.5395829E-004
          4936.29      5.8717889E-004
          4947.58      6.2179066E-004
          4958.87      6.5784159E-004
          4970.16      6.9538101E-004
          4981.45      7.3445979E-004
          4992.73      7.7513032E-004
          5004.02      8.1744641E-004
          5015.31      8.6146357E-004
          5026.60      9.0723887E-004
          5037.89      9.5483105E-004
          5049.18      1.0043006E-003
          5060.47      1.0557096E-003
          5071.76      1.1091221E-003
          5083.05      1.1646038E-003
          5094.34      1.2222225E-003
          5105.62      1.2820476E-003
          5116.91      1.3441508E-003
          5128.20      1.4086056E-003
          5139.49      1.4754878E-003
          5150.78      1.5448750E-003
          5162.07      1.6168472E-003
          5173.36      1.6914866E-003
          5184.65      1.7688776E-003
          5195.94      1.8491069E-003
          5207.23      1.9322639E-003
          5218.52      2.0184401E-003
          5229.80      2.1077298E-003
          5241.09      2.2002294E-003
          5252.38      2.2960384E-003
          5263.67      2.3952589E-003
          5274.96      2.4979956E-003
          5286.25      2.6043560E-003
          5297.54      2.7144507E-003
          5308.83      2.8283932E-003
          5320.12      2.9463000E-003
          5331.41      3.0682905E-003
          5342.70      3.1944876E-003
          5353.98      3.3250174E-003
          5365.27      3.4600090E-003
          5376.56      3.5995952E-003
          5387.85      3.7439122E-003
          5399.14      3.8930998E-003
          5410.43      4.0473014E-003
          5421.72      4.2066639E-003
          5433.01      4.3713384E-003
          5444.30      4.5414798E-003
          5455.59      4.7172466E-003
          5466.88      4.8988018E-003
          5478.16      5.0863125E-003
          5489.45      5.2799500E-003
          5500.74      5.4798900E-003
          5512.03      5.6863124E-003
          5523.32      5.8994018E-003
          5534.61      6.1193479E-003
          5545.90      6.3463442E-003
          5557.19      6.5805899E-003
          5568.48      6.8222886E-003
          5579.77      7.0716497E-003
          5591.05      7.3288879E-003
          5602.34      7.5942226E-003
          5613.63      7.8678791E-003
          5624.92      8.1500882E-003
          5636.21      8.4410856E-003
          5647.50      8.7411132E-003
          5658.79      9.0504185E-003
          5670.08      9.3692551E-003
          5681.37      9.6978843E-003
          5692.66      1.0036574E-002
          5703.95      1.0385598E-002
          5715.23      1.0745237E-002
          5726.52      1.1115775E-002
          5737.81      1.1497503E-002
          5749.10      1.0564266E-002
          5760.39      7.0813185E-003
          5771.68      1.1833024E-003
          5782.97     -6.9987259E-003
          5794.26     -1.7337418E-002
          5805.55     -2.9708689E-002
          5816.84     -4.3990937E-002
          5828.12     -6.0064932E-002
          5839.41     -7.7813633E-002
          5850.70     -9.7122068E-002
          5861.99     -1.1787722E-001
          5873.28     -1.3996781E-001
          5884.57     -1.6328433E-001
          5895.86     -1.8771880E-001
          5907.15     -2.1316465E-001
          5918.44     -2.3951642E-001
          5929.73     -2.6666973E-001
          5941.02     -2.9452160E-001
          5952.30     -3.2297040E-001
          5963.59     -3.5191565E-001
          5974.88     -3.8125802E-001
          5986.17     -4.1089911E-001
          5997.46     -4.4074144E-001
          6008.75     -4.7068860E-001
          6020.04     -5.0064508E-001
          6031.33     -5.3051660E-001
          6042.62     -5.6020982E-001
          6053.91     -5.8963159E-001
          6065.20     -6.1868900E-001
          6076.48     -6.4728935E-001
          6087.77     -6.7533996E-001
          6099.06     -7.0274803E-001
          6110.35     -7.2942031E-001
          6121.64     -7.5526293E-001
          6132.93     -7.8018117E-001
          6144.22     -8.0407956E-001
          6155.51     -8.2686266E-001
          6166.80     -8.4843482E-001
          6178.09     -8.6870008E-001
          6189.38     -8.8756196E-001
          6200.66     -9.0492281E-001
          6211.95     -9.2068347E-001
          6223.24     -9.3474325E-001
          6234.53     -9.4699975E-001
          6245.82     -9.5734891E-001
          6257.11     -9.6568482E-001
          6268.40     -9.7189966E-001
          6279.69     -9.7679018E-001
          6290.98     -9.8122742E-001
          6302.27     -9.8521319E-001
          6313.55     -9.8874868E-001
          6324.84     -9.9183448E-001
          6336.13     -9.9447061E-001
          6347.42     -9.9665651E-001
          6358.71     -9.9839103E-001
          6370.00     -9.9967245E-001
