          3480.00      0.0000000E+000
          3491.29      8.3653039E+001
          3502.58      8.3472933E+001
          3513.87      8.3297129E+001
          3525.16      8.3125507E+001
          3536.45      8.2957948E+001
          3547.73      8.2794331E+001
          3559.02      8.2634541E+001
          3570.31      8.2478460E+001
          3581.60      8.2325972E+001
          3592.89      8.2176962E+001
          3604.18      8.2031317E+001
          3615.47      8.1888921E+001
          3626.76      8.1749659E+001
          3638.05      8.1613416E+001
          3649.34      8.1480083E+001
          3660.62      8.1349548E+001
          3671.91      8.1221706E+001
          3683.20      8.1096450E+001
          3694.49      8.0973677E+001
          3705.78      8.0853286E+001
          3717.07      8.0735178E+001
          3728.36      8.0619255E+001
          3739.65      8.0505423E+001
          3750.94      8.0393589E+001
          3762.23      8.0283663E+001
          3773.52      8.0175556E+001
          3784.80      8.0069181E+001
          3796.09      7.9964456E+001
          3807.38      7.9861297E+001
          3818.67      7.9759627E+001
          3829.96      7.9659368E+001
          3841.25      7.9560446E+001
          3852.54      7.9462787E+001
          3863.83      7.9366322E+001
          3875.12      7.9270980E+001
          3886.41      7.9176697E+001
          3897.70      7.9083406E+001
          3908.98      7.8991046E+001
          3920.27      7.8899556E+001
          3931.56      7.8808876E+001
          3942.85      7.8718951E+001
          3954.14      7.8629724E+001
          3965.43      7.8541143E+001
          3976.72      7.8453157E+001
          3988.01      7.8365716E+001
          3999.30      7.8278771E+001
          4010.59      7.8192278E+001
          4021.88      7.8106190E+001
          4033.16      7.8020464E+001
          4044.45      7.7935059E+001
          4055.74      7.7849932E+001
          4067.03      7.7765046E+001
          4078.32      7.7680362E+001
          4089.61      7.7595842E+001
          4100.90      7.7511452E+001
          4112.19      7.7427157E+001
          4123.48      7.7342923E+001
          4134.77      7.7258717E+001
          4146.05      7.7174509E+001
          4157.34      7.7090268E+001
          4168.63      7.7005964E+001
          4179.92      7.6921569E+001
          4191.21      7.6837055E+001
          4202.50      7.6752395E+001
          4213.79      7.6667562E+001
          4225.08      7.6582532E+001
          4236.37      7.6497278E+001
          4247.66      7.6411777E+001
          4258.95      7.6326005E+001
          4270.23      7.6239938E+001
          4281.52      7.6153556E+001
          4292.81      7.6066834E+001
          4304.10      7.5979752E+001
          4315.39      7.5892288E+001
          4326.68      7.5804422E+001
          4337.97      7.5716133E+001
          4349.26      7.5627402E+001
          4360.55      7.5538207E+001
          4371.84      7.5448532E+001
          4383.12      7.5358356E+001
          4394.41      7.5267661E+001
          4405.70      7.5176428E+001
          4416.99      7.5084639E+001
          4428.28      7.4992274E+001
          4439.57      7.4899317E+001
          4450.86      7.4805748E+001
          4462.15      7.4711549E+001
          4473.44      7.4616704E+001
          4484.73      7.4521194E+001
          4496.02      7.4425000E+001
          4507.30      7.4328107E+001
          4518.59      7.4230495E+001
          4529.88      7.4132147E+001
          4541.17      7.4033045E+001
          4552.46      7.3933172E+001
          4563.75      7.3832510E+001
          4575.04      7.3731041E+001
          4586.33      7.3628747E+001
          4597.62      7.3525610E+001
          4608.91      7.3421611E+001
          4620.20      7.3316733E+001
          4631.48      7.3210958E+001
          4642.77      7.3104265E+001
          4654.06      7.2996637E+001
          4665.35      7.2888054E+001
          4676.64      7.2778498E+001
          4687.93      7.2667948E+001
          4699.22      7.2556384E+001
          4710.51      7.2443788E+001
          4721.80      7.2330138E+001
          4733.09      7.2215413E+001
          4744.38      7.2099594E+001
          4755.66      7.1982658E+001
          4766.95      7.1864583E+001
          4778.24      7.1745349E+001
          4789.53      7.1624931E+001
          4800.82      7.1503309E+001
          4812.11      7.1380457E+001
          4823.40      7.1256353E+001
          4834.69      7.1130973E+001
          4845.98      7.1004292E+001
          4857.27      7.0876285E+001
          4868.55      7.0746926E+001
          4879.84      7.0616189E+001
          4891.13      7.0484047E+001
          4902.42      7.0350473E+001
          4913.71      7.0215439E+001
          4925.00      7.0078917E+001
          4936.29      6.9940877E+001
          4947.58      6.9801291E+001
          4958.87      6.9660126E+001
          4970.16      6.9517353E+001
          4981.45      6.9372940E+001
          4992.73      6.9226853E+001
          5004.02      6.9079060E+001
          5015.31      6.8929527E+001
          5026.60      6.8778217E+001
          5037.89      6.8625096E+001
          5049.18      6.8470127E+001
          5060.47      6.8313271E+001
          5071.76      6.8154491E+001
          5083.05      6.7993746E+001
          5094.34      6.7830997E+001
          5105.62      6.7666201E+001
          5116.91      6.7499315E+001
          5128.20      6.7330297E+001
          5139.49      6.7159101E+001
          5150.78      6.6985680E+001
          5162.07      6.6809988E+001
          5173.36      6.6631975E+001
          5184.65      6.6451592E+001
          5195.94      6.6268787E+001
          5207.23      6.6083506E+001
          5218.52      6.5895696E+001
          5229.80      6.5705301E+001
          5241.09      6.5512263E+001
          5252.38      6.5316524E+001
          5263.67      6.5118021E+001
          5274.96      6.4916694E+001
          5286.25      6.4712477E+001
          5297.54      6.4505304E+001
          5308.83      6.4295106E+001
          5320.12      6.4081814E+001
          5331.41      6.3865354E+001
          5342.70      6.3645653E+001
          5353.98      6.3422632E+001
          5365.27      6.3196212E+001
          5376.56      6.2966312E+001
          5387.85      6.2732847E+001
          5399.14      6.2495730E+001
          5410.43      6.2254870E+001
          5421.72      6.2010175E+001
          5433.01      6.1761548E+001
          5444.30      6.1508892E+001
          5455.59      6.1252102E+001
          5466.88      6.0991074E+001
          5478.16      6.0725697E+001
          5489.45      6.0455859E+001
          5500.74      6.0181441E+001
          5512.03      5.9902323E+001
          5523.32      5.9618380E+001
          5534.61      5.9329481E+001
          5545.90      5.9035492E+001
          5557.19      5.8736274E+001
          5568.48      5.8431683E+001
          5579.77      5.8121567E+001
          5591.05      5.7805767E+001
          5602.34      5.7484120E+001
          5613.63      5.7156455E+001
          5624.92      5.6822596E+001
          5636.21      5.6482363E+001
          5647.50      5.6135566E+001
          5658.79      5.5782011E+001
          5670.08      5.5421495E+001
          5681.37      5.5053795E+001
          5692.66      5.4678672E+001
          5703.95      5.4295879E+001
          5715.23      5.3905165E+001
          5726.52      5.3506273E+001
          5737.81      5.3098942E+001
          5749.10      5.2682901E+001
          5760.39      5.2257875E+001
          5771.68      5.1823578E+001
          5782.97      5.1379721E+001
          5794.26      5.0926016E+001
          5805.55      5.0462174E+001
          5816.84      4.9987895E+001
          5828.12      4.9502862E+001
          5839.41      4.9006743E+001
          5850.70      4.8499190E+001
          5861.99      4.7979836E+001
          5873.28      4.7448301E+001
          5884.57      4.6904182E+001
          5895.86      4.6347056E+001
          5907.15      4.5776482E+001
          5918.44      4.5191991E+001
          5929.73      4.4593086E+001
          5941.02      4.3979250E+001
          5952.30      4.3349939E+001
          5963.59      4.2704586E+001
          5974.88      4.2042596E+001
          5986.17      4.1363342E+001
          5997.46      4.0666169E+001
          6008.75      3.9950387E+001
          6020.04      3.9215275E+001
          6031.33      3.8460081E+001
          6042.62      3.7684019E+001
          6053.91      3.6886259E+001
          6065.20      3.6065922E+001
          6076.48      3.5222084E+001
          6087.77      3.4353767E+001
          6099.06      3.3459937E+001
          6110.35      3.2539494E+001
          6121.64      3.1591271E+001
          6132.93      3.0614021E+001
          6144.22      2.9606418E+001
          6155.51      2.8567058E+001
          6166.80      2.7494451E+001
          6178.09      2.6387020E+001
          6189.38      2.5243085E+001
          6200.66      2.4060853E+001
          6211.95      2.2838402E+001
          6223.24      2.1573672E+001
          6234.53      2.0264452E+001
          6245.82      1.8908369E+001
          6257.11      1.7502866E+001
          6268.40      1.6045198E+001
          6279.69      1.4532399E+001
          6290.98      1.2961273E+001
          6302.27      1.1328363E+001
          6313.55      9.6299266E+000
          6324.84      7.8619121E+000
          6336.13      6.0199166E+000
          6347.42      4.0991521E+000
          6358.71      2.0944094E+000
          6370.00      0.0000000E+000
