          3480.00     -6.1934027E-032
          3491.29     -1.7318427E-013
          3502.58     -3.4767053E-013
          3513.87     -5.2500204E-013
          3525.16     -7.0672353E-013
          3536.45     -8.9439558E-013
          3547.73     -1.0896073E-012
          3559.02     -1.2939890E-012
          3570.31     -1.5092262E-012
          3581.60     -1.7370717E-012
          3592.89     -1.9793600E-012
          3604.18     -2.2380195E-012
          3615.47     -2.5150849E-012
          3626.76     -2.8127134E-012
          3638.05     -3.1332003E-012
          3649.34     -3.4789939E-012
          3660.62     -3.8527132E-012
          3671.91     -4.2571649E-012
          3683.20     -4.6953615E-012
          3694.49     -5.1705412E-012
          3705.78     -5.6861874E-012
          3717.07     -6.2460526E-012
          3728.36     -6.8541811E-012
          3739.65     -7.5149325E-012
          3750.94     -8.2330109E-012
          3762.23     -9.0134922E-012
          3773.52     -9.8618547E-012
          3784.80     -1.0784013E-011
          3796.09     -1.1786348E-011
          3807.38     -1.2875755E-011
          3818.67     -1.4059677E-011
          3829.96     -1.5346143E-011
          3841.25     -1.6743827E-011
          3852.54     -1.8262084E-011
          3863.83     -1.9911011E-011
          3875.12     -2.1701504E-011
          3886.41     -2.3645309E-011
          3897.70     -2.5755099E-011
          3908.98     -2.8044541E-011
          3920.27     -3.0528360E-011
          3931.56     -3.3222432E-011
          3942.85     -3.6143866E-011
          3954.14     -3.9311090E-011
          3965.43     -4.2743964E-011
          3976.72     -4.6463859E-011
          3988.01     -5.0493795E-011
          3999.30     -5.4858548E-011
          4010.59     -5.9584764E-011
          4021.88     -6.4701121E-011
          4033.16     -7.0238458E-011
          4044.45     -7.6229934E-011
          4055.74     -8.2711200E-011
          4067.03     -8.9720552E-011
          4078.32     -9.7299155E-011
          4089.61     -1.0549123E-010
          4100.90     -1.1434424E-010
          4112.19     -1.2390917E-010
          4123.48     -1.3424073E-010
          4134.77     -1.4539765E-010
          4146.05     -1.5744293E-010
          4157.34     -1.7044411E-010
          4168.63     -1.8447365E-010
          4179.92     -1.9960925E-010
          4191.21     -2.1593411E-010
          4202.50     -2.3353746E-010
          4213.79     -2.5251484E-010
          4225.08     -2.7296860E-010
          4236.37     -2.9500833E-010
          4247.66     -3.1875128E-010
          4258.95     -3.4432299E-010
          4270.23     -3.7185780E-010
          4281.52     -4.0149930E-010
          4292.81     -4.3340114E-010
          4304.10     -4.6772756E-010
          4315.39     -5.0465412E-010
          4326.68     -5.4436844E-010
          4337.97     -5.8707088E-010
          4349.26     -6.3297552E-010
          4360.55     -6.8231099E-010
          4371.84     -7.3532128E-010
          4383.12     -7.9226694E-010
          4394.41     -8.5342585E-010
          4405.70     -9.1909443E-010
          4416.99     -9.8958885E-010
          4428.28     -1.0652460E-009
          4439.57     -1.1464254E-009
          4450.86     -1.2335097E-009
          4462.15     -1.3269070E-009
          4473.44     -1.4270516E-009
          4484.73     -1.5344064E-009
          4496.02     -1.6494639E-009
          4507.30     -1.7727486E-009
          4518.59     -1.9048180E-009
          4529.88     -2.0462659E-009
          4541.17     -2.1977235E-009
          4552.46     -2.3598618E-009
          4563.75     -2.5333942E-009
          4575.04     -2.7190791E-009
          4586.33     -2.9177219E-009
          4597.62     -3.1301784E-009
          4608.91     -3.3573569E-009
          4620.20     -3.6002221E-009
          4631.48     -3.8597980E-009
          4642.77     -4.1371704E-009
          4654.06     -4.4334918E-009
          4665.35     -4.7499843E-009
          4676.64     -5.0879434E-009
          4687.93     -5.4487428E-009
          4699.22     -5.8338369E-009
          4710.51     -6.2447677E-009
          4721.80     -6.6831682E-009
          4733.09     -7.1507661E-009
          4744.38     -7.6493916E-009
          4755.66     -8.1809809E-009
          4766.95     -8.7475822E-009
          4778.24     -9.3513624E-009
          4789.53     -9.9946107E-009
          4800.82     -1.0679749E-008
          4812.11     -1.1409335E-008
          4823.40     -1.2186071E-008
          4834.69     -1.3012811E-008
          4845.98     -1.3892569E-008
          4857.27     -1.4828523E-008
          4868.55     -1.5824031E-008
          4879.84     -1.6882628E-008
          4891.13     -1.8008048E-008
          4902.42     -1.9204226E-008
          4913.71     -2.0475304E-008
          4925.00     -2.1825650E-008
          4936.29     -2.3259863E-008
          4947.58     -2.4782785E-008
          4958.87     -2.6399512E-008
          4970.16     -2.8115402E-008
          4981.45     -2.9936093E-008
          4992.73     -3.1867515E-008
          5004.02     -3.3915892E-008
          5015.31     -3.6087770E-008
          5026.60     -3.8390019E-008
          5037.89     -4.0829854E-008
          5049.18     -4.3414847E-008
          5060.47     -4.6152934E-008
          5071.76     -4.9052445E-008
          5083.05     -5.2122109E-008
          5094.34     -5.5371067E-008
          5105.62     -5.8808898E-008
          5116.91     -6.2445628E-008
          5128.20     -6.6291747E-008
          5139.49     -7.0358232E-008
          5150.78     -7.4656546E-008
          5162.07     -7.9198679E-008
          5173.36     -8.3997153E-008
          5184.65     -8.9065027E-008
          5195.94     -9.4415942E-008
          5207.23     -1.0006412E-007
          5218.52     -1.0602438E-007
          5229.80     -1.1231217E-007
          5241.09     -1.1894355E-007
          5252.38     -1.2593526E-007
          5263.67     -1.3330470E-007
          5274.96     -1.4106993E-007
          5286.25     -1.4924974E-007
          5297.54     -1.5786361E-007
          5308.83     -1.6693175E-007
          5320.12     -1.7647511E-007
          5331.41     -1.8651537E-007
          5342.70     -1.9707497E-007
          5353.98     -2.0817712E-007
          5365.27     -2.1984579E-007
          5376.56     -2.3210572E-007
          5387.85     -2.4498243E-007
          5399.14     -2.5850219E-007
          5410.43     -2.7269207E-007
          5421.72     -2.8757982E-007
          5433.01     -3.0319401E-007
          5444.30     -3.1956390E-007
          5455.59     -3.3671944E-007
          5466.88     -3.5469126E-007
          5478.16     -3.7351066E-007
          5489.45     -3.9320950E-007
          5500.74     -4.1382027E-007
          5512.03     -4.3537590E-007
          5523.32     -4.5790981E-007
          5534.61     -4.8145583E-007
          5545.90     -5.0604801E-007
          5557.19     -5.3172071E-007
          5568.48     -5.5850836E-007
          5579.77     -5.8644527E-007
          5591.05     -6.1556551E-007
          5602.34     -6.4590284E-007
          5613.63     -6.7749072E-007
          5624.92     -7.1036210E-007
          5636.21     -7.4454914E-007
          5647.50     -7.8008316E-007
          5658.79     -8.1699431E-007
          5670.08     -8.5531138E-007
          5681.37     -8.9506012E-007
          5692.66     -9.3626307E-007
          5703.95     -9.7894119E-007
          5715.23     -1.0231134E-006
          5726.52     -1.0687963E-006
          5737.81     -1.1160040E-006
          5749.10     -1.1647472E-006
          5760.39     -1.2150337E-006
          5771.68     -1.2668671E-006
          5782.97     -1.3202470E-006
          5794.26     -1.3751703E-006
          5805.55     -1.4316300E-006
          5816.84     -1.4896119E-006
          5828.12     -1.5490942E-006
          5839.41     -1.6100469E-006
          5850.70     -1.6724304E-006
          5861.99     -1.7361951E-006
          5873.28     -1.8012804E-006
          5884.57     -1.8676134E-006
          5895.86     -1.9351083E-006
          5907.15     -2.0036647E-006
          5918.44     -2.0731653E-006
          5929.73     -2.1434756E-006
          5941.02     -2.2144430E-006
          5952.30     -2.2858962E-006
          5963.59     -2.3576432E-006
          5974.88     -2.4294694E-006
          5986.17     -2.5011357E-006
          5997.46     -2.5723767E-006
          6008.75     -2.6428998E-006
          6020.04     -2.7123826E-006
          6031.33     -2.7804726E-006
          6042.62     -2.8467835E-006
          6053.91     -2.9108902E-006
          6065.20     -2.9723252E-006
          6076.48     -3.0305764E-006
          6087.77     -3.0850840E-006
          6099.06     -3.1352350E-006
          6110.35     -3.1803589E-006
          6121.64     -3.2197229E-006
          6132.93     -3.2525257E-006
          6144.22     -3.2778951E-006
          6155.51     -3.2948885E-006
          6166.80     -3.3024871E-006
          6178.09     -3.2995906E-006
          6189.38     -3.2850098E-006
          6200.66     -3.2574548E-006
          6211.95     -3.2155262E-006
          6223.24     -3.1577073E-006
          6234.53     -3.0823565E-006
          6245.82     -2.9876983E-006
          6257.11     -2.8718146E-006
          6268.40     -2.7326349E-006
          6279.69     -2.5679262E-006
          6290.98     -2.3752814E-006
          6302.27     -2.1521076E-006
          6313.55     -1.8956129E-006
          6324.84     -1.6027947E-006
          6336.13     -1.2704238E-006
          6347.42     -8.9503031E-007
          6358.71     -4.7288872E-007
          6370.00     -2.3210020E-056
