          3480.00     -8.3568326E-033
          3491.29     -5.2238460E-012
          3502.58     -1.0469304E-011
          3513.87     -1.5765745E-011
          3525.16     -2.1142361E-011
          3536.45     -2.6628352E-011
          3547.73     -3.2253078E-011
          3559.02     -3.8046195E-011
          3570.31     -4.4037837E-011
          3581.60     -5.0258750E-011
          3592.89     -5.6740443E-011
          3604.18     -6.3515328E-011
          3615.47     -7.0616812E-011
          3626.76     -7.8079497E-011
          3638.05     -8.5939347E-011
          3649.34     -9.4233817E-011
          3660.62     -1.0300205E-010
          3671.91     -1.1228502E-010
          3683.20     -1.2212567E-010
          3694.49     -1.3256915E-010
          3705.78     -1.4366288E-010
          3717.07     -1.5545685E-010
          3728.36     -1.6800376E-010
          3739.65     -1.8135916E-010
          3750.94     -1.9558174E-010
          3762.23     -2.1073351E-010
          3773.52     -2.2687999E-010
          3784.80     -2.4409050E-010
          3796.09     -2.6243833E-010
          3807.38     -2.8200107E-010
          3818.67     -3.0286089E-010
          3829.96     -3.2510470E-010
          3841.25     -3.4882454E-010
          3852.54     -3.7411786E-010
          3863.83     -4.0108783E-010
          3875.12     -4.2984370E-010
          3886.41     -4.6050103E-010
          3897.70     -4.9318227E-010
          3908.98     -5.2801702E-010
          3920.27     -5.6514237E-010
          3931.56     -6.0470350E-010
          3942.85     -6.4685401E-010
          3954.14     -6.9175643E-010
          3965.43     -7.3958283E-010
          3976.72     -7.9051506E-010
          3988.01     -8.4474559E-010
          3999.30     -9.0247796E-010
          4010.59     -9.6392717E-010
          4021.88     -1.0293207E-009
          4033.16     -1.0988988E-009
          4044.45     -1.1729154E-009
          4055.74     -1.2516389E-009
          4067.03     -1.3353525E-009
          4078.32     -1.4243554E-009
          4089.61     -1.5189638E-009
          4100.90     -1.6195110E-009
          4112.19     -1.7263490E-009
          4123.48     -1.8398494E-009
          4134.77     -1.9604039E-009
          4146.05     -2.0884260E-009
          4157.34     -2.2243514E-009
          4168.63     -2.3686398E-009
          4179.92     -2.5217756E-009
          4191.21     -2.6842692E-009
          4202.50     -2.8566587E-009
          4213.79     -3.0395106E-009
          4225.08     -3.2334220E-009
          4236.37     -3.4390213E-009
          4247.66     -3.6569700E-009
          4258.95     -3.8879646E-009
          4270.23     -4.1327380E-009
          4281.52     -4.3920610E-009
          4292.81     -4.6667446E-009
          4304.10     -4.9576417E-009
          4315.39     -5.2656490E-009
          4326.68     -5.5917096E-009
          4337.97     -5.9368133E-009
          4349.26     -6.3020014E-009
          4360.55     -6.6883677E-009
          4371.84     -7.0970605E-009
          4383.12     -7.5292866E-009
          4394.41     -7.9863119E-009
          4405.70     -8.4694650E-009
          4416.99     -8.9801402E-009
          4428.28     -9.5197991E-009
          4439.57     -1.0089976E-008
          4450.86     -1.0692280E-008
          4462.15     -1.1328397E-008
          4473.44     -1.2000094E-008
          4484.73     -1.2709223E-008
          4496.02     -1.3457725E-008
          4507.30     -1.4247632E-008
          4518.59     -1.5081072E-008
          4529.88     -1.5960274E-008
          4541.17     -1.6887569E-008
          4552.46     -1.7865397E-008
          4563.75     -1.8896311E-008
          4575.04     -1.9982982E-008
          4586.33     -2.1128201E-008
          4597.62     -2.2334888E-008
          4608.91     -2.3606092E-008
          4620.20     -2.4945001E-008
          4631.48     -2.6354946E-008
          4642.77     -2.7839401E-008
          4654.06     -2.9401998E-008
          4665.35     -3.1046527E-008
          4676.64     -3.2776942E-008
          4687.93     -3.4597369E-008
          4699.22     -3.6512110E-008
          4710.51     -3.8525650E-008
          4721.80     -4.0642669E-008
          4733.09     -4.2868037E-008
          4744.38     -4.5206833E-008
          4755.66     -4.7664346E-008
          4766.95     -5.0246081E-008
          4778.24     -5.2957773E-008
          4789.53     -5.5805382E-008
          4800.82     -5.8795115E-008
          4812.11     -6.1933429E-008
          4823.40     -6.5227027E-008
          4834.69     -6.8682886E-008
          4845.98     -7.2308252E-008
          4857.27     -7.6110651E-008
          4868.55     -8.0097899E-008
          4879.84     -8.4278101E-008
          4891.13     -8.8659676E-008
          4902.42     -9.3251359E-008
          4913.71     -9.8062195E-008
          4925.00     -1.0310157E-007
          4936.29     -1.0837921E-007
          4947.58     -1.1390519E-007
          4958.87     -1.1968993E-007
          4970.16     -1.2574423E-007
          4981.45     -1.3207925E-007
          4992.73     -1.3870655E-007
          5004.02     -1.4563805E-007
          5015.31     -1.5288610E-007
          5026.60     -1.6046342E-007
          5037.89     -1.6838317E-007
          5049.18     -1.7665893E-007
          5060.47     -1.8530468E-007
          5071.76     -1.9433485E-007
          5083.05     -2.0376432E-007
          5094.34     -2.1360838E-007
          5105.62     -2.2388281E-007
          5116.91     -2.3460380E-007
          5128.20     -2.4578803E-007
          5139.49     -2.5745264E-007
          5150.78     -2.6961519E-007
          5162.07     -2.8229374E-007
          5173.36     -2.9550679E-007
          5184.65     -3.0927330E-007
          5195.94     -3.2361269E-007
          5207.23     -3.3854484E-007
          5218.52     -3.5409007E-007
          5229.80     -3.7026916E-007
          5241.09     -3.8710327E-007
          5252.38     -4.0461403E-007
          5263.67     -4.2282349E-007
          5274.96     -4.4175403E-007
          5286.25     -4.6142846E-007
          5297.54     -4.8186993E-007
          5308.83     -5.0310194E-007
          5320.12     -5.2514827E-007
          5331.41     -5.4803298E-007
          5342.70     -5.7178039E-007
          5353.98     -5.9641506E-007
          5365.27     -6.2196167E-007
          5376.56     -6.4844507E-007
          5387.85     -6.7589020E-007
          5399.14     -7.0432201E-007
          5410.43     -7.3376545E-007
          5421.72     -7.6424533E-007
          5433.01     -7.9578634E-007
          5444.30     -8.2841297E-007
          5455.59     -8.6214931E-007
          5466.88     -8.9701910E-007
          5478.16     -9.3304558E-007
          5489.45     -9.7025138E-007
          5500.74     -1.0086585E-006
          5512.03     -1.0482879E-006
          5523.32     -1.0891599E-006
          5534.61     -1.1312934E-006
          5545.90     -1.1747064E-006
          5557.19     -1.2194152E-006
          5568.48     -1.2654347E-006
          5579.77     -1.3127778E-006
          5591.05     -1.3614551E-006
          5602.34     -1.4114750E-006
          5613.63     -1.4628439E-006
          5624.92     -1.5155654E-006
          5636.21     -1.5696403E-006
          5647.50     -1.6250665E-006
          5658.79     -1.6818384E-006
          5670.08     -1.7399469E-006
          5681.37     -1.7993767E-006
          5692.66     -1.8601059E-006
          5703.95     -1.9221092E-006
          5715.23     -1.9853569E-006
          5726.52     -2.0498146E-006
          5737.81     -2.1154433E-006
          5749.10     -2.1821986E-006
          5760.39     -2.2500304E-006
          5771.68     -2.3188826E-006
          5782.97     -2.3886928E-006
          5794.26     -2.4593945E-006
          5805.55     -2.5309159E-006
          5816.84     -2.6031759E-006
          5828.12     -2.6760834E-006
          5839.41     -2.7495367E-006
          5850.70     -2.8234228E-006
          5861.99     -2.8976167E-006
          5873.28     -2.9719804E-006
          5884.57     -3.0463627E-006
          5895.86     -3.1205976E-006
          5907.15     -3.1945037E-006
          5918.44     -3.2678821E-006
          5929.73     -3.3405154E-006
          5941.02     -3.4121688E-006
          5952.30     -3.4825891E-006
          5963.59     -3.5515034E-006
          5974.88     -3.6186177E-006
          5986.17     -3.6836157E-006
          5997.46     -3.7461575E-006
          6008.75     -3.8058796E-006
          6020.04     -3.8623928E-006
          6031.33     -3.9152833E-006
          6042.62     -3.9641101E-006
          6053.91     -4.0084002E-006
          6065.20     -4.0476469E-006
          6076.48     -4.0813086E-006
          6087.77     -4.1088070E-006
          6099.06     -4.1295234E-006
          6110.35     -4.1427960E-006
          6121.64     -4.1479167E-006
          6132.93     -4.1441269E-006
          6144.22     -4.1306174E-006
          6155.51     -4.1065301E-006
          6166.80     -4.0709552E-006
          6178.09     -4.0229285E-006
          6189.38     -3.9614272E-006
          6200.66     -3.8853620E-006
          6211.95     -3.7935717E-006
          6223.24     -3.6848196E-006
          6234.53     -3.5577897E-006
          6245.82     -3.4110820E-006
          6257.11     -3.2432083E-006
          6268.40     -3.0525885E-006
          6279.69     -2.8375444E-006
          6290.98     -2.5962955E-006
          6302.27     -2.3269527E-006
          6313.55     -2.0275125E-006
          6324.84     -1.6958526E-006
          6336.13     -1.3297235E-006
          6347.42     -9.2674316E-007
          6358.71     -4.8439116E-007
          6370.00     -1.6676600E-039
