          3480.00     -1.7367531E-038
          3491.29     -5.4629603E-008
          3502.58     -1.0911515E-007
          3513.87     -1.6347442E-007
          3525.16     -2.1772463E-007
          3536.45     -2.7188273E-007
          3547.73     -3.2596527E-007
          3559.02     -3.7998827E-007
          3570.31     -4.3396751E-007
          3581.60     -4.8791835E-007
          3592.89     -5.4185580E-007
          3604.18     -5.9579443E-007
          3615.47     -6.4974790E-007
          3626.76     -7.0372943E-007
          3638.05     -7.5775194E-007
          3649.34     -8.1182791E-007
          3660.62     -8.6596965E-007
          3671.91     -9.2018915E-007
          3683.20     -9.7449812E-007
          3694.49     -1.0289080E-006
          3705.78     -1.0834300E-006
          3717.07     -1.1380748E-006
          3728.36     -1.1928533E-006
          3739.65     -1.2477758E-006
          3750.94     -1.3028523E-006
          3762.23     -1.3580927E-006
          3773.52     -1.4135068E-006
          3784.80     -1.4691039E-006
          3796.09     -1.5248931E-006
          3807.38     -1.5808834E-006
          3818.67     -1.6370838E-006
          3829.96     -1.6935027E-006
          3841.25     -1.7501485E-006
          3852.54     -1.8070294E-006
          3863.83     -1.8641534E-006
          3875.12     -1.9215281E-006
          3886.41     -1.9791609E-006
          3897.70     -2.0370592E-006
          3908.98     -2.0952301E-006
          3920.27     -2.1536803E-006
          3931.56     -2.2124165E-006
          3942.85     -2.2714450E-006
          3954.14     -2.3307723E-006
          3965.43     -2.3904043E-006
          3976.72     -2.4503470E-006
          3988.01     -2.5106061E-006
          3999.30     -2.5711870E-006
          4010.59     -2.6320951E-006
          4021.88     -2.6933354E-006
          4033.16     -2.7549127E-006
          4044.45     -2.8168318E-006
          4055.74     -2.8790971E-006
          4067.03     -2.9417127E-006
          4078.32     -3.0046827E-006
          4089.61     -3.0680110E-006
          4100.90     -3.1317009E-006
          4112.19     -3.1957561E-006
          4123.48     -3.2601795E-006
          4134.77     -3.3249742E-006
          4146.05     -3.3901429E-006
          4157.34     -3.4556880E-006
          4168.63     -3.5216119E-006
          4179.92     -3.5879166E-006
          4191.21     -3.6546038E-006
          4202.50     -3.7216753E-006
          4213.79     -3.7891323E-006
          4225.08     -3.8569760E-006
          4236.37     -3.9252074E-006
          4247.66     -3.9938269E-006
          4258.95     -4.0628351E-006
          4270.23     -4.1322322E-006
          4281.52     -4.2020178E-006
          4292.81     -4.2721918E-006
          4304.10     -4.3427536E-006
          4315.39     -4.4137023E-006
          4326.68     -4.4850368E-006
          4337.97     -4.5567556E-006
          4349.26     -4.6288572E-006
          4360.55     -4.7013397E-006
          4371.84     -4.7742009E-006
          4383.12     -4.8474386E-006
          4394.41     -4.9210499E-006
          4405.70     -4.9950318E-006
          4416.99     -5.0693811E-006
          4428.28     -5.1440939E-006
          4439.57     -5.2191664E-006
          4450.86     -5.2945943E-006
          4462.15     -5.3703731E-006
          4473.44     -5.4464978E-006
          4484.73     -5.5229634E-006
          4496.02     -5.5997643E-006
          4507.30     -5.6768948E-006
          4518.59     -5.7543485E-006
          4529.88     -5.8321191E-006
          4541.17     -5.9101997E-006
          4552.46     -5.9885832E-006
          4563.75     -6.0672619E-006
          4575.04     -6.1462281E-006
          4586.33     -6.2254735E-006
          4597.62     -6.3049896E-006
          4608.91     -6.3847673E-006
          4620.20     -6.4647972E-006
          4631.48     -6.5450697E-006
          4642.77     -6.6255746E-006
          4654.06     -6.7063013E-006
          4665.35     -6.7872390E-006
          4676.64     -6.8683762E-006
          4687.93     -6.9497013E-006
          4699.22     -7.0312020E-006
          4710.51     -7.1128657E-006
          4721.80     -7.1946795E-006
          4733.09     -7.2766296E-006
          4744.38     -7.3587023E-006
          4755.66     -7.4408830E-006
          4766.95     -7.5231570E-006
          4778.24     -7.6055089E-006
          4789.53     -7.6879229E-006
          4800.82     -7.7703826E-006
          4812.11     -7.8528713E-006
          4823.40     -7.9353716E-006
          4834.69     -8.0178658E-006
          4845.98     -8.1003355E-006
          4857.27     -8.1827618E-006
          4868.55     -8.2651254E-006
          4879.84     -8.3474062E-006
          4891.13     -8.4295837E-006
          4902.42     -8.5116370E-006
          4913.71     -8.5935443E-006
          4925.00     -8.6752834E-006
          4936.29     -8.7568317E-006
          4947.58     -8.8381656E-006
          4958.87     -8.9192613E-006
          4970.16     -9.0000941E-006
          4981.45     -9.0806388E-006
          4992.73     -9.1608697E-006
          5004.02     -9.2407601E-006
          5015.31     -9.3202830E-006
          5026.60     -9.3994105E-006
          5037.89     -9.4781142E-006
          5049.18     -9.5563650E-006
          5060.47     -9.6341330E-006
          5071.76     -9.7113876E-006
          5083.05     -9.7880977E-006
          5094.34     -9.8642313E-006
          5105.62     -9.9397557E-006
          5116.91     -1.0014638E-005
          5128.20     -1.0088843E-005
          5139.49     -1.0162337E-005
          5150.78     -1.0235083E-005
          5162.07     -1.0307046E-005
          5173.36     -1.0378187E-005
          5184.65     -1.0448470E-005
          5195.94     -1.0517855E-005
          5207.23     -1.0586302E-005
          5218.52     -1.0653772E-005
          5229.80     -1.0720222E-005
          5241.09     -1.0785610E-005
          5252.38     -1.0849894E-005
          5263.67     -1.0913029E-005
          5274.96     -1.0974970E-005
          5286.25     -1.1035673E-005
          5297.54     -1.1095090E-005
          5308.83     -1.1153173E-005
          5320.12     -1.1209875E-005
          5331.41     -1.1265145E-005
          5342.70     -1.1318933E-005
          5353.98     -1.1371188E-005
          5365.27     -1.1421858E-005
          5376.56     -1.1470889E-005
          5387.85     -1.1518227E-005
          5399.14     -1.1563815E-005
          5410.43     -1.1607599E-005
          5421.72     -1.1649520E-005
          5433.01     -1.1689520E-005
          5444.30     -1.1727539E-005
          5455.59     -1.1763517E-005
          5466.88     -1.1797391E-005
          5478.16     -1.1829098E-005
          5489.45     -1.1858575E-005
          5500.74     -1.1885756E-005
          5512.03     -1.1910575E-005
          5523.32     -1.1932964E-005
          5534.61     -1.1952854E-005
          5545.90     -1.1970176E-005
          5557.19     -1.1984858E-005
          5568.48     -1.1996828E-005
          5579.77     -1.2006011E-005
          5591.05     -1.2012333E-005
          5602.34     -1.2015715E-005
          5613.63     -1.2016080E-005
          5624.92     -1.2013348E-005
          5636.21     -1.2007437E-005
          5647.50     -1.1998267E-005
          5658.79     -1.1985754E-005
          5670.08     -1.1969814E-005
          5681.37     -1.1950357E-005
          5692.66     -1.1927291E-005
          5703.95     -1.1900523E-005
          5715.23     -1.1869957E-005
          5726.52     -1.1835500E-005
          5737.81     -1.1797056E-005
          5749.10     -1.1754530E-005
          5760.39     -1.1707825E-005
          5771.68     -1.1656846E-005
          5782.97     -1.1601495E-005
          5794.26     -1.1541677E-005
          5805.55     -1.1477301E-005
          5816.84     -1.1408272E-005
          5828.12     -1.1334494E-005
          5839.41     -1.1255871E-005
          5850.70     -1.1172304E-005
          5861.99     -1.1083695E-005
          5873.28     -1.0989942E-005
          5884.57     -1.0890943E-005
          5895.86     -1.0786594E-005
          5907.15     -1.0676791E-005
          5918.44     -1.0561426E-005
          5929.73     -1.0440390E-005
          5941.02     -1.0313571E-005
          5952.30     -1.0180859E-005
          5963.59     -1.0042141E-005
          5974.88     -9.8973036E-006
          5986.17     -9.7462308E-006
          5997.46     -9.5888069E-006
          6008.75     -9.4249146E-006
          6020.04     -9.2544359E-006
          6031.33     -9.0772528E-006
          6042.62     -8.8932464E-006
          6053.91     -8.7022974E-006
          6065.20     -8.5042841E-006
          6076.48     -8.2990838E-006
          6087.77     -8.0865731E-006
          6099.06     -7.8666266E-006
          6110.35     -7.6391171E-006
          6121.64     -7.4039156E-006
          6132.93     -7.1608906E-006
          6144.22     -6.9099094E-006
          6155.51     -6.6508375E-006
          6166.80     -6.3835397E-006
          6178.09     -6.1078800E-006
          6189.38     -5.8237207E-006
          6200.66     -5.5309220E-006
          6211.95     -5.2293419E-006
          6223.24     -4.9188358E-006
          6234.53     -4.5992577E-006
          6245.82     -4.2704581E-006
          6257.11     -3.9322856E-006
          6268.40     -3.5845868E-006
          6279.69     -3.2272052E-006
          6290.98     -2.8599823E-006
          6302.27     -2.4827567E-006
          6313.55     -2.0953645E-006
          6324.84     -1.6976400E-006
          6336.13     -1.2894141E-006
          6347.42     -8.7051487E-007
          6358.71     -4.4076913E-007
          6370.00     -6.1931555E-043
