          3480.00      1.1262303E-030
          3491.29     -2.2558576E-012
          3502.58     -4.5259535E-012
          3513.87     -6.8277225E-012
          3525.16     -9.1785722E-012
          3536.45     -1.1596028E-011
          3547.73     -1.4097854E-011
          3559.02     -1.6702179E-011
          3570.31     -1.9427631E-011
          3581.60     -2.2293455E-011
          3592.89     -2.5319645E-011
          3604.18     -2.8527067E-011
          3615.47     -3.1937564E-011
          3626.76     -3.5574112E-011
          3638.05     -3.9460966E-011
          3649.34     -4.3623794E-011
          3660.62     -4.8089843E-011
          3671.91     -5.2888084E-011
          3683.20     -5.8049376E-011
          3694.49     -6.3606645E-011
          3705.78     -6.9595041E-011
          3717.07     -7.6052157E-011
          3728.36     -8.3018222E-011
          3739.65     -9.0536288E-011
          3750.94     -9.8652493E-011
          3762.23     -1.0741628E-010
          3773.52     -1.1688065E-010
          3784.80     -1.2710243E-010
          3796.09     -1.3814258E-010
          3807.38     -1.5006646E-010
          3818.67     -1.6294424E-010
          3829.96     -1.7685112E-010
          3841.25     -1.9186780E-010
          3852.54     -2.0808080E-010
          3863.83     -2.2558293E-010
          3875.12     -2.4447370E-010
          3886.41     -2.6485974E-010
          3897.70     -2.8685541E-010
          3908.98     -3.1058328E-010
          3920.27     -3.3617461E-010
          3931.56     -3.6377011E-010
          3942.85     -3.9352047E-010
          3954.14     -4.2558709E-010
          3965.43     -4.6014284E-010
          3976.72     -4.9737271E-010
          3988.01     -5.3747475E-010
          3999.30     -5.8066090E-010
          4010.59     -6.2715778E-010
          4021.88     -6.7720786E-010
          4033.16     -7.3107041E-010
          4044.45     -7.8902257E-010
          4055.74     -8.5136064E-010
          4067.03     -9.1840105E-010
          4078.32     -9.9048201E-010
          4089.61     -1.0679648E-009
          4100.90     -1.1512349E-009
          4112.19     -1.2407042E-009
          4123.48     -1.3368122E-009
          4134.77     -1.4400278E-009
          4146.05     -1.5508513E-009
          4157.34     -1.6698163E-009
          4168.63     -1.7974918E-009
          4179.92     -1.9344845E-009
          4191.21     -2.0814406E-009
          4202.50     -2.2390493E-009
          4213.79     -2.4080444E-009
          4225.08     -2.5892077E-009
          4236.37     -2.7833716E-009
          4247.66     -2.9914218E-009
          4258.95     -3.2143017E-009
          4270.23     -3.4530149E-009
          4281.52     -3.7086284E-009
          4292.81     -3.9822780E-009
          4304.10     -4.2751707E-009
          4315.39     -4.5885900E-009
          4326.68     -4.9239003E-009
          4337.97     -5.2825502E-009
          4349.26     -5.6660797E-009
          4360.55     -6.0761244E-009
          4371.84     -6.5144204E-009
          4383.12     -6.9828119E-009
          4394.41     -7.4832548E-009
          4405.70     -8.0178247E-009
          4416.99     -8.5887234E-009
          4428.28     -9.1982849E-009
          4439.57     -9.8489851E-009
          4450.86     -1.0543449E-008
          4462.15     -1.1284456E-008
          4473.44     -1.2074953E-008
          4484.73     -1.2918062E-008
          4496.02     -1.3817087E-008
          4507.30     -1.4775529E-008
          4518.59     -1.5797091E-008
          4529.88     -1.6885692E-008
          4541.17     -1.8045480E-008
          4552.46     -1.9280840E-008
          4563.75     -2.0596410E-008
          4575.04     -2.1997094E-008
          4586.33     -2.3488074E-008
          4597.62     -2.5074828E-008
          4608.91     -2.6763135E-008
          4620.20     -2.8559108E-008
          4631.48     -3.0469197E-008
          4642.77     -3.2500207E-008
          4654.06     -3.4659325E-008
          4665.35     -3.6954129E-008
          4676.64     -3.9392615E-008
          4687.93     -4.1983214E-008
          4699.22     -4.4734808E-008
          4710.51     -4.7656765E-008
          4721.80     -5.0758954E-008
          4733.09     -5.4051763E-008
          4744.38     -5.7546138E-008
          4755.66     -6.1253602E-008
          4766.95     -6.5186278E-008
          4778.24     -6.9356930E-008
          4789.53     -7.3778968E-008
          4800.82     -7.8466507E-008
          4812.11     -8.3434384E-008
          4823.40     -8.8698180E-008
          4834.69     -9.4274278E-008
          4845.98     -1.0017988E-007
          4857.27     -1.0643304E-007
          4868.55     -1.1305274E-007
          4879.84     -1.2005883E-007
          4891.13     -1.2747221E-007
          4902.42     -1.3531476E-007
          4913.71     -1.4360940E-007
          4925.00     -1.5238019E-007
          4936.29     -1.6165231E-007
          4947.58     -1.7145213E-007
          4958.87     -1.8180729E-007
          4970.16     -1.9274666E-007
          4981.45     -2.0430049E-007
          4992.73     -2.1650042E-007
          5004.02     -2.2937947E-007
          5015.31     -2.4297219E-007
          5026.60     -2.5731468E-007
          5037.89     -2.7244462E-007
          5049.18     -2.8840134E-007
          5060.47     -3.0522586E-007
          5071.76     -3.2296100E-007
          5083.05     -3.4165139E-007
          5094.34     -3.6134351E-007
          5105.62     -3.8208580E-007
          5116.91     -4.0392870E-007
          5128.20     -4.2692469E-007
          5139.49     -4.5112837E-007
          5150.78     -4.7659647E-007
          5162.07     -5.0338796E-007
          5173.36     -5.3156411E-007
          5184.65     -5.6118845E-007
          5195.94     -5.9232696E-007
          5207.23     -6.2504802E-007
          5218.52     -6.5942250E-007
          5229.80     -6.9552384E-007
          5241.09     -7.3342794E-007
          5252.38     -7.7321340E-007
          5263.67     -8.1496149E-007
          5274.96     -8.5875601E-007
          5286.25     -9.0468360E-007
          5297.54     -9.5283355E-007
          5308.83     -1.0032979E-006
          5320.12     -1.0561714E-006
          5331.41     -1.1115515E-006
          5342.70     -1.1695384E-006
          5353.98     -1.2302351E-006
          5365.27     -1.2937469E-006
          5376.56     -1.3601822E-006
          5387.85     -1.4296516E-006
          5399.14     -1.5022684E-006
          5410.43     -1.5781481E-006
          5421.72     -1.6574086E-006
          5433.01     -1.7401698E-006
          5444.30     -1.8265540E-006
          5455.59     -1.9166847E-006
          5466.88     -2.0106874E-006
          5478.16     -2.1086892E-006
          5489.45     -2.2108178E-006
          5500.74     -2.3172025E-006
          5512.03     -2.4279724E-006
          5523.32     -2.5432574E-006
          5534.61     -2.6631872E-006
          5545.90     -2.7878904E-006
          5557.19     -2.9174951E-006
          5568.48     -3.0521274E-006
          5579.77     -3.1919107E-006
          5591.05     -3.3369650E-006
          5602.34     -3.4874062E-006
          5613.63     -3.6433469E-006
          5624.92     -3.8048945E-006
          5636.21     -3.9721506E-006
          5647.50     -4.1452102E-006
          5658.79     -4.3241606E-006
          5670.08     -4.5090801E-006
          5681.37     -4.7000302E-006
          5692.66     -4.8970546E-006
          5703.95     -5.1001874E-006
          5715.23     -5.3094510E-006
          5726.52     -5.5248546E-006
          5737.81     -5.7463931E-006
          5749.10     -5.9740457E-006
          5760.39     -6.2077734E-006
          5771.68     -6.4475181E-006
          5782.97     -6.6932006E-006
          5794.26     -6.9447280E-006
          5805.55     -7.2019886E-006
          5816.84     -7.4648370E-006
          5828.12     -7.7330923E-006
          5839.41     -8.0065345E-006
          5850.70     -8.2849010E-006
          5861.99     -8.5678838E-006
          5873.28     -8.8551245E-006
          5884.57     -9.1462118E-006
          5895.86     -9.4406764E-006
          5907.15     -9.7379856E-006
          5918.44     -1.0037535E-005
          5929.73     -1.0338643E-005
          5941.02     -1.0640556E-005
          5952.30     -1.0942436E-005
          5963.59     -1.1243364E-005
          5974.88     -1.1542323E-005
          5986.17     -1.1838197E-005
          5997.46     -1.2129763E-005
          6008.75     -1.2415687E-005
          6020.04     -1.2694514E-005
          6031.33     -1.2964670E-005
          6042.62     -1.3224449E-005
          6053.91     -1.3471988E-005
          6065.20     -1.3705260E-005
          6076.48     -1.3922063E-005
          6087.77     -1.4120010E-005
          6099.06     -1.4296507E-005
          6110.35     -1.4448742E-005
          6121.64     -1.4573662E-005
          6132.93     -1.4667952E-005
          6144.22     -1.4728031E-005
          6155.51     -1.4750052E-005
          6166.80     -1.4729886E-005
          6178.09     -1.4663102E-005
          6189.38     -1.4544940E-005
          6200.66     -1.4370271E-005
          6211.95     -1.4133563E-005
          6223.24     -1.3828856E-005
          6234.53     -1.3449735E-005
          6245.82     -1.2989302E-005
          6257.11     -1.2440145E-005
          6268.40     -1.1794308E-005
          6279.69     -1.1043254E-005
          6290.98     -1.0177831E-005
          6302.27     -9.1882275E-006
          6313.55     -8.0639364E-006
          6324.84     -6.7937120E-006
          6336.13     -5.3655207E-006
          6347.42     -3.7664939E-006
          6358.71     -1.9828832E-006
          6370.00      0.0000000E+000
