          3480.00      0.0000000E+000
          3491.29      1.2424018E-002
          3502.58      1.2373504E-002
          3513.87      1.2323097E-002
          3525.16      1.2272797E-002
          3536.45      1.2222600E-002
          3547.73      1.2172504E-002
          3559.02      1.2122508E-002
          3570.31      1.2072610E-002
          3581.60      1.2022807E-002
          3592.89      1.1973098E-002
          3604.18      1.1923479E-002
          3615.47      1.1873945E-002
          3626.76      1.1824490E-002
          3638.05      1.1775110E-002
          3649.34      1.1725800E-002
          3660.62      1.1676557E-002
          3671.91      1.1627378E-002
          3683.20      1.1578258E-002
          3694.49      1.1529197E-002
          3705.78      1.1480190E-002
          3717.07      1.1431236E-002
          3728.36      1.1382332E-002
          3739.65      1.1333475E-002
          3750.94      1.1284664E-002
          3762.23      1.1235896E-002
          3773.52      1.1187169E-002
          3784.80      1.1138481E-002
          3796.09      1.1089830E-002
          3807.38      1.1041214E-002
          3818.67      1.0992631E-002
          3829.96      1.0944080E-002
          3841.25      1.0895558E-002
          3852.54      1.0847065E-002
          3863.83      1.0798598E-002
          3875.12      1.0750156E-002
          3886.41      1.0701738E-002
          3897.70      1.0653340E-002
          3908.98      1.0604962E-002
          3920.27      1.0556603E-002
          3931.56      1.0508259E-002
          3942.85      1.0459931E-002
          3954.14      1.0411615E-002
          3965.43      1.0363311E-002
          3976.72      1.0315017E-002
          3988.01      1.0266732E-002
          3999.30      1.0218455E-002
          4010.59      1.0170183E-002
          4021.88      1.0121916E-002
          4033.16      1.0073651E-002
          4044.45      1.0025388E-002
          4055.74      9.9771247E-003
          4067.03      9.9288601E-003
          4078.32      9.8805924E-003
          4089.61      9.8323203E-003
          4100.90      9.7840422E-003
          4112.19      9.7357568E-003
          4123.48      9.6874625E-003
          4134.77      9.6391578E-003
          4146.05      9.5908414E-003
          4157.34      9.5425117E-003
          4168.63      9.4941673E-003
          4179.92      9.4458067E-003
          4191.21      9.3974286E-003
          4202.50      9.3490314E-003
          4213.79      9.3006136E-003
          4225.08      9.2521739E-003
          4236.37      9.2037107E-003
          4247.66      9.1552227E-003
          4258.95      9.1067083E-003
          4270.23      9.0581662E-003
          4281.52      9.0095948E-003
          4292.81      8.9609927E-003
          4304.10      8.9123584E-003
          4315.39      8.8636905E-003
          4326.68      8.8149876E-003
          4337.97      8.7662481E-003
          4349.26      8.7174707E-003
          4360.55      8.6686538E-003
          4371.84      8.6197962E-003
          4383.12      8.5708964E-003
          4394.41      8.5219532E-003
          4405.70      8.4729648E-003
          4416.99      8.4239300E-003
          4428.28      8.3748472E-003
          4439.57      8.3257149E-003
          4450.86      8.2765317E-003
          4462.15      8.2272961E-003
          4473.44      8.1780067E-003
          4484.73      8.1286620E-003
          4496.02      8.0792605E-003
          4507.30      8.0298007E-003
          4518.59      7.9802812E-003
          4529.88      7.9307005E-003
          4541.17      7.8810571E-003
          4552.46      7.8313497E-003
          4563.75      7.7815767E-003
          4575.04      7.7317366E-003
          4586.33      7.6818281E-003
          4597.62      7.6318495E-003
          4608.91      7.5817996E-003
          4620.20      7.5316768E-003
          4631.48      7.4814796E-003
          4642.77      7.4312066E-003
          4654.06      7.3808563E-003
          4665.35      7.3304273E-003
          4676.64      7.2799180E-003
          4687.93      7.2293269E-003
          4699.22      7.1786528E-003
          4710.51      7.1278939E-003
          4721.80      7.0770488E-003
          4733.09      7.0261161E-003
          4744.38      6.9750942E-003
          4755.66      6.9239817E-003
          4766.95      6.8727770E-003
          4778.24      6.8214787E-003
          4789.53      6.7700852E-003
          4800.82      6.7185951E-003
          4812.11      6.6670067E-003
          4823.40      6.6153186E-003
          4834.69      6.5635294E-003
          4845.98      6.5116373E-003
          4857.27      6.4596410E-003
          4868.55      6.4075388E-003
          4879.84      6.3553292E-003
          4891.13      6.3030107E-003
          4902.42      6.2505816E-003
          4913.71      6.1980405E-003
          4925.00      6.1453857E-003
          4936.29      6.0926157E-003
          4947.58      6.0397288E-003
          4958.87      5.9867235E-003
          4970.16      5.9335983E-003
          4981.45      5.8803514E-003
          4992.73      5.8269813E-003
          5004.02      5.7734864E-003
          5015.31      5.7198651E-003
          5026.60      5.6661156E-003
          5037.89      5.6122365E-003
          5049.18      5.5582258E-003
          5060.47      5.5040822E-003
          5071.76      5.4498039E-003
          5083.05      5.3953892E-003
          5094.34      5.3408364E-003
          5105.62      5.2861439E-003
          5116.91      5.2313100E-003
          5128.20      5.1763329E-003
          5139.49      5.1212110E-003
          5150.78      5.0659425E-003
          5162.07      5.0105259E-003
          5173.36      4.9549591E-003
          5184.65      4.8992406E-003
          5195.94      4.8433686E-003
          5207.23      4.7873414E-003
          5218.52      4.7311571E-003
          5229.80      4.6748139E-003
          5241.09      4.6183102E-003
          5252.38      4.5616440E-003
          5263.67      4.5048136E-003
          5274.96      4.4478172E-003
          5286.25      4.3906530E-003
          5297.54      4.3333191E-003
          5308.83      4.2758137E-003
          5320.12      4.2181349E-003
          5331.41      4.1602808E-003
          5342.70      4.1022497E-003
          5353.98      4.0440395E-003
          5365.27      3.9856484E-003
          5376.56      3.9270745E-003
          5387.85      3.8683160E-003
          5399.14      3.8093707E-003
          5410.43      3.7502368E-003
          5421.72      3.6909124E-003
          5433.01      3.6313955E-003
          5444.30      3.5716841E-003
          5455.59      3.5117763E-003
          5466.88      3.4516700E-003
          5478.16      3.3913632E-003
          5489.45      3.3308538E-003
          5500.74      3.2701398E-003
          5512.03      3.2092192E-003
          5523.32      3.1480899E-003
          5534.61      3.0867497E-003
          5545.90      3.0251967E-003
          5557.19      2.9634287E-003
          5568.48      2.9014435E-003
          5579.77      2.8392390E-003
          5591.05      2.7768126E-003
          5602.34      2.7141618E-003
          5613.63      2.6512843E-003
          5624.92      2.5881773E-003
          5636.21      2.5248386E-003
          5647.50      2.4612656E-003
          5658.79      2.3974557E-003
          5670.08      2.3334065E-003
          5681.37      2.2691145E-003
          5692.66      2.2045752E-003
          5703.95      2.1409232E-003
          5715.23      2.0792552E-003
          5726.52      2.0195094E-003
          5737.81      1.9616232E-003
          5749.10      1.9055332E-003
          5760.39      1.8511758E-003
          5771.68      1.7984868E-003
          5782.97      1.7474024E-003
          5794.26      1.6978601E-003
          5805.55      1.6497986E-003
          5816.84      1.6031571E-003
          5828.12      1.5578750E-003
          5839.41      1.5138920E-003
          5850.70      1.4711483E-003
          5861.99      1.4295847E-003
          5873.28      1.3891427E-003
          5884.57      1.3497645E-003
          5895.86      1.3113929E-003
          5907.15      1.2739717E-003
          5918.44      1.2374451E-003
          5929.73      1.2017573E-003
          5941.02      1.1668537E-003
          5952.30      1.1326809E-003
          5963.59      1.0991866E-003
          5974.88      1.0663193E-003
          5986.17      1.0340288E-003
          5997.46      1.0022654E-003
          6008.75      9.7098120E-004
          6020.04      9.4012911E-004
          6031.33      9.0966431E-004
          6042.62      8.7954393E-004
          6053.91      8.4972627E-004
          6065.20      8.2017060E-004
          6076.48      7.9083753E-004
          6087.77      7.6168928E-004
          6099.06      7.3268912E-004
          6110.35      7.0380129E-004
          6121.64      6.7499077E-004
          6132.93      6.4622237E-004
          6144.22      6.1746105E-004
          6155.51      5.8867308E-004
          6166.80      5.5982609E-004
          6178.09      5.3088955E-004
          6189.38      5.0183479E-004
          6200.66      4.7263416E-004
          6211.95      4.4326063E-004
          6223.24      4.1368771E-004
          6234.53      3.8388958E-004
          6245.82      3.5384083E-004
          6257.11      3.2351661E-004
          6268.40      2.9289261E-004
          6279.69      2.6194501E-004
          6290.98      2.3065052E-004
          6302.27      1.9898626E-004
          6313.55      1.6692970E-004
          6324.84      1.3445877E-004
          6336.13      1.0155168E-004
          6347.42      6.8186948E-005
          6358.71      3.4343414E-005
          6370.00      0.0000000E+000
