          3480.00     -2.1358960E-036
          3491.29     -3.9120852E-009
          3502.58     -7.7690611E-009
          3513.87     -1.1575727E-008
          3525.16     -1.5336685E-008
          3536.45     -1.9056366E-008
          3547.73     -2.2739032E-008
          3559.02     -2.6388771E-008
          3570.31     -3.0009528E-008
          3581.60     -3.3605094E-008
          3592.89     -3.7179123E-008
          3604.18     -4.0735122E-008
          3615.47     -4.4276431E-008
          3626.76     -4.7806254E-008
          3638.05     -5.1327676E-008
          3649.34     -5.4843662E-008
          3660.62     -5.8357078E-008
          3671.91     -6.1870682E-008
          3683.20     -6.5387134E-008
          3694.49     -6.8908999E-008
          3705.78     -7.2438739E-008
          3717.07     -7.5978739E-008
          3728.36     -7.9531293E-008
          3739.65     -8.3098604E-008
          3750.94     -8.6682804E-008
          3762.23     -9.0285940E-008
          3773.52     -9.3909984E-008
          3784.80     -9.7556834E-008
          3796.09     -1.0122831E-007
          3807.38     -1.0492617E-007
          3818.67     -1.0865210E-007
          3829.96     -1.1240774E-007
          3841.25     -1.1619463E-007
          3852.54     -1.2001427E-007
          3863.83     -1.2386807E-007
          3875.12     -1.2775741E-007
          3886.41     -1.3168355E-007
          3897.70     -1.3564774E-007
          3908.98     -1.3965114E-007
          3920.27     -1.4369483E-007
          3931.56     -1.4777986E-007
          3942.85     -1.5190720E-007
          3954.14     -1.5607774E-007
          3965.43     -1.6029236E-007
          3976.72     -1.6455182E-007
          3988.01     -1.6885686E-007
          3999.30     -1.7320812E-007
          4010.59     -1.7760618E-007
          4021.88     -1.8205157E-007
          4033.16     -1.8654472E-007
          4044.45     -1.9108602E-007
          4055.74     -1.9567576E-007
          4067.03     -2.0031416E-007
          4078.32     -2.0500139E-007
          4089.61     -2.0973750E-007
          4100.90     -2.1452250E-007
          4112.19     -2.1935629E-007
          4123.48     -2.2423871E-007
          4134.77     -2.2916950E-007
          4146.05     -2.3414831E-007
          4157.34     -2.3917471E-007
          4168.63     -2.4424817E-007
          4179.92     -2.4936806E-007
          4191.21     -2.5453367E-007
          4202.50     -2.5974418E-007
          4213.79     -2.6499864E-007
          4225.08     -2.7029604E-007
          4236.37     -2.7563524E-007
          4247.66     -2.8101495E-007
          4258.95     -2.8643382E-007
          4270.23     -2.9189034E-007
          4281.52     -2.9738289E-007
          4292.81     -3.0290972E-007
          4304.10     -3.0846893E-007
          4315.39     -3.1405851E-007
          4326.68     -3.1967631E-007
          4337.97     -3.2531999E-007
          4349.26     -3.3098712E-007
          4360.55     -3.3667508E-007
          4371.84     -3.4238111E-007
          4383.12     -3.4810229E-007
          4394.41     -3.5383553E-007
          4405.70     -3.5957753E-007
          4416.99     -3.6532483E-007
          4428.28     -3.7107377E-007
          4439.57     -3.7682050E-007
          4450.86     -3.8256098E-007
          4462.15     -3.8829095E-007
          4473.44     -3.9400596E-007
          4484.73     -3.9970134E-007
          4496.02     -4.0537217E-007
          4507.30     -4.1101335E-007
          4518.59     -4.1661948E-007
          4529.88     -4.2218497E-007
          4541.17     -4.2770395E-007
          4552.46     -4.3317030E-007
          4563.75     -4.3857763E-007
          4575.04     -4.4391927E-007
          4586.33     -4.4918830E-007
          4597.62     -4.5437746E-007
          4608.91     -4.5947922E-007
          4620.20     -4.6448573E-007
          4631.48     -4.6938884E-007
          4642.77     -4.7418004E-007
          4654.06     -4.7885052E-007
          4665.35     -4.8339109E-007
          4676.64     -4.8779222E-007
          4687.93     -4.9204403E-007
          4699.22     -4.9613623E-007
          4710.51     -5.0005815E-007
          4721.80     -5.0379875E-007
          4733.09     -5.0734654E-007
          4744.38     -5.1068963E-007
          4755.66     -5.1381570E-007
          4766.95     -5.1671197E-007
          4778.24     -5.1936523E-007
          4789.53     -5.2176176E-007
          4800.82     -5.2388739E-007
          4812.11     -5.2572745E-007
          4823.40     -5.2726673E-007
          4834.69     -5.2848955E-007
          4845.98     -5.2937964E-007
          4857.27     -5.2992022E-007
          4868.55     -5.3009389E-007
          4879.84     -5.2988272E-007
          4891.13     -5.2926814E-007
          4902.42     -5.2823100E-007
          4913.71     -5.2675150E-007
          4925.00     -5.2480922E-007
          4936.29     -5.2238304E-007
          4947.58     -5.1945121E-007
          4958.87     -5.1599123E-007
          4970.16     -5.1197994E-007
          4981.45     -5.0739341E-007
          4992.73     -5.0220698E-007
          5004.02     -4.9639520E-007
          5015.31     -4.8993183E-007
          5026.60     -4.8278982E-007
          5037.89     -4.7494129E-007
          5049.18     -4.6635751E-007
          5060.47     -4.5700888E-007
          5071.76     -4.4686490E-007
          5083.05     -4.3589417E-007
          5094.34     -4.2406435E-007
          5105.62     -4.1134214E-007
          5116.91     -3.9769325E-007
          5128.20     -3.8308238E-007
          5139.49     -3.6747319E-007
          5150.78     -3.5082834E-007
          5162.07     -3.3310934E-007
          5173.36     -3.1427657E-007
          5184.65     -2.9428936E-007
          5195.94     -2.7310580E-007
          5207.23     -2.5068284E-007
          5218.52     -2.2697620E-007
          5229.80     -2.0194032E-007
          5241.09     -1.7552845E-007
          5252.38     -1.4769247E-007
          5263.67     -1.1838293E-007
          5274.96     -8.7549083E-008
          5286.25     -5.5138707E-008
          5297.54     -2.1098187E-008
          5308.83      1.4627566E-008
          5320.12      5.2095173E-008
          5331.41      9.1362681E-008
          5342.70      1.3248980E-007
          5353.98      1.7553783E-007
          5365.27      2.2056959E-007
          5376.56      2.6764970E-007
          5387.85      3.1684441E-007
          5399.14      3.6822175E-007
          5410.43      4.2185157E-007
          5421.72      4.7780540E-007
          5433.01      5.3615676E-007
          5444.30      5.9698109E-007
          5455.59      6.6035564E-007
          5466.88      7.2635980E-007
          5478.16      7.9507494E-007
          5489.45      8.6658452E-007
          5500.74      9.4097414E-007
          5512.03      1.0183314E-006
          5523.32      1.0987463E-006
          5534.61      1.1823111E-006
          5545.90      1.2691200E-006
          5557.19      1.3592701E-006
          5568.48      1.4528605E-006
          5579.77      1.5499931E-006
          5591.05      1.6507729E-006
          5602.34      1.7553070E-006
          5613.63      1.8637053E-006
          5624.92      1.9760804E-006
          5636.21      2.0925472E-006
          5647.50      2.2132235E-006
          5658.79      2.3382299E-006
          5670.08      2.4676898E-006
          5681.37      2.6017316E-006
          5692.66      2.7404881E-006
          5703.95      2.8691507E-006
          5715.23      2.9736251E-006
          5726.52      3.0550961E-006
          5737.81      3.1147210E-006
          5749.10      3.1536299E-006
          5760.39      3.1729267E-006
          5771.68      3.1736903E-006
          5782.97      3.1569744E-006
          5794.26      3.1238013E-006
          5805.55      3.0751652E-006
          5816.84      3.0120432E-006
          5828.12      2.9353959E-006
          5839.41      2.8461691E-006
          5850.70      2.7452939E-006
          5861.99      2.6336880E-006
          5873.28      2.5122568E-006
          5884.57      2.3818937E-006
          5895.86      2.2434808E-006
          5907.15      2.0978908E-006
          5918.44      1.9459913E-006
          5929.73      1.7886454E-006
          5941.02      1.6267063E-006
          5952.30      1.4610175E-006
          5963.59      1.2924142E-006
          5974.88      1.1217244E-006
          5986.17      9.4977053E-007
          5997.46      7.7736927E-007
          6008.75      6.0532970E-007
          6020.04      4.3445422E-007
          6031.33      2.6553187E-007
          6042.62      9.9340083E-008
          6053.91     -6.3345546E-008
          6065.20     -2.2175143E-007
          6076.48     -3.7510741E-007
          6087.77     -5.2264714E-007
          6099.06     -6.6360502E-007
          6110.35     -7.9721288E-007
          6121.64     -9.2269810E-007
          6132.93     -1.0392757E-006
          6144.22     -1.1461506E-006
          6155.51     -1.2425306E-006
          6166.80     -1.3276250E-006
          6178.09     -1.4006477E-006
          6189.38     -1.4608172E-006
          6200.66     -1.5073469E-006
          6211.95     -1.5394409E-006
          6223.24     -1.5562931E-006
          6234.53     -1.5570866E-006
          6245.82     -1.5409937E-006
          6257.11     -1.5071747E-006
          6268.40     -1.4547779E-006
          6279.69     -1.3829394E-006
          6290.98     -1.2907824E-006
          6302.27     -1.1774162E-006
          6313.55     -1.0419348E-006
          6324.84     -8.8341730E-007
          6336.13     -7.0092711E-007
          6347.42     -4.9351081E-007
          6358.71     -2.6019811E-007
          6370.00     -4.8995293E-039
