          3480.00      4.4270291E-034
          3491.29     -7.9921375E-011
          3502.58     -1.5865262E-010
          3513.87     -2.3649877E-010
          3525.16     -3.1375258E-010
          3536.45     -3.9069626E-010
          3547.73     -4.6760254E-010
          3559.02     -5.4473558E-010
          3570.31     -6.2235249E-010
          3581.60     -7.0070403E-010
          3592.89     -7.8003569E-010
          3604.18     -8.6058833E-010
          3615.47     -9.4259832E-010
          3626.76     -1.0262989E-009
          3638.05     -1.1119213E-009
          3649.34     -1.1996950E-009
          3660.62     -1.2898489E-009
          3671.91     -1.3826120E-009
          3683.20     -1.4782134E-009
          3694.49     -1.5768834E-009
          3705.78     -1.6788537E-009
          3717.07     -1.7843582E-009
          3728.36     -1.8936335E-009
          3739.65     -2.0069187E-009
          3750.94     -2.1244568E-009
          3762.23     -2.2464947E-009
          3773.52     -2.3732835E-009
          3784.80     -2.5050790E-009
          3796.09     -2.6421419E-009
          3807.38     -2.7847390E-009
          3818.67     -2.9331431E-009
          3829.96     -3.0876327E-009
          3841.25     -3.2484933E-009
          3852.54     -3.4160171E-009
          3863.83     -3.5905035E-009
          3875.12     -3.7722595E-009
          3886.41     -3.9615994E-009
          3897.70     -4.1588460E-009
          3908.98     -4.3643305E-009
          3920.27     -4.5783921E-009
          3931.56     -4.8013793E-009
          3942.85     -5.0336497E-009
          3954.14     -5.2755702E-009
          3965.43     -5.5275180E-009
          3976.72     -5.7898795E-009
          3988.01     -6.0630516E-009
          3999.30     -6.3474413E-009
          4010.59     -6.6434654E-009
          4021.88     -6.9515515E-009
          4033.16     -7.2721379E-009
          4044.45     -7.6056735E-009
          4055.74     -7.9526182E-009
          4067.03     -8.3134420E-009
          4078.32     -8.6886265E-009
          4089.61     -9.0786645E-009
          4100.90     -9.4840589E-009
          4112.19     -9.9053244E-009
          4123.48     -1.0342986E-008
          4134.77     -1.0797581E-008
          4146.05     -1.1269655E-008
          4157.34     -1.1759766E-008
          4168.63     -1.2268482E-008
          4179.92     -1.2796382E-008
          4191.21     -1.3344053E-008
          4202.50     -1.3912094E-008
          4213.79     -1.4501111E-008
          4225.08     -1.5111720E-008
          4236.37     -1.5744548E-008
          4247.66     -1.6400225E-008
          4258.95     -1.7079393E-008
          4270.23     -1.7782697E-008
          4281.52     -1.8510790E-008
          4292.81     -1.9264331E-008
          4304.10     -2.0043982E-008
          4315.39     -2.0850409E-008
          4326.68     -2.1684283E-008
          4337.97     -2.2546271E-008
          4349.26     -2.3437046E-008
          4360.55     -2.4357277E-008
          4371.84     -2.5307633E-008
          4383.12     -2.6288782E-008
          4394.41     -2.7301380E-008
          4405.70     -2.8346078E-008
          4416.99     -2.9423517E-008
          4428.28     -3.0534327E-008
          4439.57     -3.1679122E-008
          4450.86     -3.2858506E-008
          4462.15     -3.4073059E-008
          4473.44     -3.5323344E-008
          4484.73     -3.6609898E-008
          4496.02     -3.7933233E-008
          4507.30     -3.9293831E-008
          4518.59     -4.0692139E-008
          4529.88     -4.2128567E-008
          4541.17     -4.3603489E-008
          4552.46     -4.5117226E-008
          4563.75     -4.6670054E-008
          4575.04     -4.8262198E-008
          4586.33     -4.9893817E-008
          4597.62     -5.1565013E-008
          4608.91     -5.3275811E-008
          4620.20     -5.5026165E-008
          4631.48     -5.6815946E-008
          4642.77     -5.8644934E-008
          4654.06     -6.0512814E-008
          4665.35     -6.2419172E-008
          4676.64     -6.4363478E-008
          4687.93     -6.6345087E-008
          4699.22     -6.8363221E-008
          4710.51     -7.0416970E-008
          4721.80     -7.2505278E-008
          4733.09     -7.4626925E-008
          4744.38     -7.6780530E-008
          4755.66     -7.8964533E-008
          4766.95     -8.1177182E-008
          4778.24     -8.3416523E-008
          4789.53     -8.5680381E-008
          4800.82     -8.7966356E-008
          4812.11     -9.0271805E-008
          4823.40     -9.2593818E-008
          4834.69     -9.4929215E-008
          4845.98     -9.7274520E-008
          4857.27     -9.9625948E-008
          4868.55     -1.0197938E-007
          4879.84     -1.0433035E-007
          4891.13     -1.0667403E-007
          4902.42     -1.0900519E-007
          4913.71     -1.1131819E-007
          4925.00     -1.1360695E-007
          4936.29     -1.1586495E-007
          4947.58     -1.1808515E-007
          4958.87     -1.2026003E-007
          4970.16     -1.2238150E-007
          4981.45     -1.2444090E-007
          4992.73     -1.2642899E-007
          5004.02     -1.2833587E-007
          5015.31     -1.3015097E-007
          5026.60     -1.3186302E-007
          5037.89     -1.3346000E-007
          5049.18     -1.3492913E-007
          5060.47     -1.3625677E-007
          5071.76     -1.3742845E-007
          5083.05     -1.3842877E-007
          5094.34     -1.3924139E-007
          5105.62     -1.3984894E-007
          5116.91     -1.4023304E-007
          5128.20     -1.4037415E-007
          5139.49     -1.4025161E-007
          5150.78     -1.3984352E-007
          5162.07     -1.3912670E-007
          5173.36     -1.3807662E-007
          5184.65     -1.3666734E-007
          5195.94     -1.3487147E-007
          5207.23     -1.3266004E-007
          5218.52     -1.3000248E-007
          5229.80     -1.2686651E-007
          5241.09     -1.2321810E-007
          5252.38     -1.1902133E-007
          5263.67     -1.1423833E-007
          5274.96     -1.0882922E-007
          5286.25     -1.0275196E-007
          5297.54     -9.5962292E-008
          5308.83     -8.8413603E-008
          5320.12     -8.0056842E-008
          5331.41     -7.0840421E-008
          5342.70     -6.0710066E-008
          5353.98     -4.9608715E-008
          5365.27     -3.7476419E-008
          5376.56     -2.4250166E-008
          5387.85     -9.8637727E-009
          5399.14      5.7522673E-009
          5410.43      2.2670939E-008
          5421.72      4.0968797E-008
          5433.01      6.0726212E-008
          5444.30      8.2027499E-008
          5455.59      1.0496103E-007
          5466.88      1.2961955E-007
          5478.16      1.5610022E-007
          5489.45      1.8450488E-007
          5500.74      2.1494024E-007
          5512.03      2.4751802E-007
          5523.32      2.8235524E-007
          5534.61      3.1957448E-007
          5545.90      3.5930391E-007
          5557.19      4.0167778E-007
          5568.48      4.4683651E-007
          5579.77      4.9492724E-007
          5591.05      5.4610414E-007
          5602.34      6.0052820E-007
          5613.63      6.5836780E-007
          5624.92      7.1979884E-007
          5636.21      7.8500485E-007
          5647.50      8.5417767E-007
          5658.79      9.2751756E-007
          5670.08      1.0052336E-006
          5681.37      1.0875459E-006
          5692.66      1.1746855E-006
          5703.95      1.2436921E-006
          5715.23      1.2732644E-006
          5726.52      1.2660335E-006
          5737.81      1.2245108E-006
          5749.10      1.1510941E-006
          5760.39      1.0480754E-006
          5771.68      9.1764678E-007
          5782.97      7.6190710E-007
          5794.26      5.8285765E-007
          5805.55      3.8241470E-007
          5816.84      1.6243165E-007
          5828.12     -7.5295783E-008
          5839.41     -3.2902342E-007
          5850.70     -5.9705357E-007
          5861.99     -8.7773017E-007
          5873.28     -1.1694328E-006
          5884.57     -1.4705735E-006
          5895.86     -1.7795913E-006
          5907.15     -2.0949466E-006
          5918.44     -2.4151123E-006
          5929.73     -2.7385704E-006
          5941.02     -3.0638171E-006
          5952.30     -3.3893591E-006
          5963.59     -3.7137087E-006
          5974.88     -4.0353799E-006
          5986.17     -4.3528828E-006
          5997.46     -4.6647213E-006
          6008.75     -4.9693934E-006
          6020.04     -5.2653871E-006
          6031.33     -5.5511854E-006
          6042.62     -5.8252607E-006
          6053.91     -6.0860569E-006
          6065.20     -6.3319871E-006
          6076.48     -6.5614323E-006
          6087.77     -6.7727384E-006
          6099.06     -6.9642082E-006
          6110.35     -7.1340937E-006
          6121.64     -7.2805905E-006
          6132.93     -7.4018255E-006
          6144.22     -7.4958589E-006
          6155.51     -7.5606993E-006
          6166.80     -7.5942984E-006
          6178.09     -7.5945495E-006
          6189.38     -7.5592823E-006
          6200.66     -7.4862438E-006
          6211.95     -7.3730878E-006
          6223.24     -7.2173707E-006
          6234.53     -7.0165468E-006
          6245.82     -6.7679632E-006
          6257.11     -6.4688550E-006
          6268.40     -6.1163409E-006
          6279.69     -5.7074176E-006
          6290.98     -5.2389545E-006
          6302.27     -4.7076870E-006
          6313.55     -4.1102101E-006
          6324.84     -3.4429747E-006
          6336.13     -2.7022787E-006
          6347.42     -1.8842616E-006
          6358.71     -9.8490065E-007
          6370.00     -8.7513043E-050
