          3480.00      6.6988657E-027
          3491.29     -2.1661397E-008
          3502.58     -4.3520592E-008
          3513.87     -6.5727463E-008
          3525.16     -8.8432555E-008
          3536.45     -1.1178820E-007
          3547.73     -1.3594943E-007
          3559.02     -1.6107495E-007
          3570.31     -1.8732815E-007
          3581.60     -2.1487811E-007
          3592.89     -2.4390056E-007
          3604.18     -2.7457887E-007
          3615.47     -3.0710485E-007
          3626.76     -3.4168005E-007
          3638.05     -3.7851688E-007
          3649.34     -4.1783971E-007
          3660.62     -4.5988621E-007
          3671.91     -5.0490847E-007
          3683.20     -5.5317433E-007
          3694.49     -6.0496881E-007
          3705.78     -6.6059531E-007
          3717.07     -7.2037745E-007
          3728.36     -7.8466047E-007
          3739.65     -8.5381278E-007
          3750.94     -9.2822807E-007
          3762.23     -1.0083269E-006
          3773.52     -1.0945589E-006
          3784.80     -1.1874046E-006
          3796.09     -1.2873780E-006
          3807.38     -1.3950287E-006
          3818.67     -1.5109447E-006
          3829.96     -1.6357548E-006
          3841.25     -1.7701316E-006
          3852.54     -1.9147940E-006
          3863.83     -2.0705113E-006
          3875.12     -2.2381058E-006
          3886.41     -2.4184562E-006
          3897.70     -2.6125024E-006
          3908.98     -2.8212487E-006
          3920.27     -3.0457682E-006
          3931.56     -3.2872074E-006
          3942.85     -3.5467914E-006
          3954.14     -3.8258285E-006
          3965.43     -4.1257164E-006
          3976.72     -4.4479466E-006
          3988.01     -4.7941120E-006
          3999.30     -5.1659123E-006
          4010.59     -5.5651604E-006
          4021.88     -5.9937909E-006
          4033.16     -6.4538671E-006
          4044.45     -6.9475887E-006
          4055.74     -7.4773015E-006
          4067.03     -8.0455040E-006
          4078.32     -8.6548603E-006
          4089.61     -9.3082085E-006
          4100.90     -1.0008570E-005
          4112.19     -1.0759164E-005
          4123.48     -1.1563416E-005
          4134.77     -1.2424975E-005
          4146.05     -1.3347722E-005
          4157.34     -1.4335785E-005
          4168.63     -1.5393558E-005
          4179.92     -1.6525712E-005
          4191.21     -1.7737213E-005
          4202.50     -1.9033341E-005
          4213.79     -2.0419706E-005
          4225.08     -2.1902270E-005
          4236.37     -2.3487366E-005
          4247.66     -2.5181716E-005
          4258.95     -2.6992463E-005
          4270.23     -2.8927188E-005
          4281.52     -3.0993931E-005
          4292.81     -3.3201230E-005
          4304.10     -3.5558139E-005
          4315.39     -3.8074263E-005
          4326.68     -4.0759785E-005
          4337.97     -4.3625496E-005
          4349.26     -4.6682839E-005
          4360.55     -4.9943939E-005
          4371.84     -5.3421640E-005
          4383.12     -5.7129550E-005
          4394.41     -6.1082072E-005
          4405.70     -6.5294454E-005
          4416.99     -6.9782838E-005
          4428.28     -7.4564291E-005
          4439.57     -7.9656884E-005
          4450.86     -8.5079729E-005
          4462.15     -9.0853022E-005
          4473.44     -9.6998129E-005
          4484.73     -1.0353763E-004
          4496.02     -1.1049537E-004
          4507.30     -1.1789658E-004
          4518.59     -1.2576786E-004
          4529.88     -1.3413732E-004
          4541.17     -1.4303465E-004
          4552.46     -1.5249117E-004
          4563.75     -1.6253993E-004
          4575.04     -1.7321580E-004
          4586.33     -1.8455557E-004
          4597.62     -1.9659803E-004
          4608.91     -2.0938404E-004
          4620.20     -2.2295670E-004
          4631.48     -2.3736143E-004
          4642.77     -2.5264603E-004
          4654.06     -2.6886090E-004
          4665.35     -2.8605906E-004
          4676.64     -3.0429636E-004
          4687.93     -3.2363157E-004
          4699.22     -3.4412647E-004
          4710.51     -3.6584611E-004
          4721.80     -3.8885890E-004
          4733.09     -4.1323667E-004
          4744.38     -4.3905502E-004
          4755.66     -4.6639334E-004
          4766.95     -4.9533503E-004
          4778.24     -5.2596773E-004
          4789.53     -5.5838335E-004
          4800.82     -5.9267846E-004
          4812.11     -6.2895439E-004
          4823.40     -6.6731736E-004
          4834.69     -7.0787886E-004
          4845.98     -7.5075576E-004
          4857.27     -7.9607057E-004
          4868.55     -8.4395168E-004
          4879.84     -8.9453347E-004
          4891.13     -9.4795683E-004
          4902.42     -1.0043692E-003
          4913.71     -1.0639249E-003
          4925.00     -1.1267855E-003
          4936.29     -1.1931197E-003
          4947.58     -1.2631043E-003
          4958.87     -1.3369240E-003
          4970.16     -1.4147717E-003
          4981.45     -1.4968488E-003
          4992.73     -1.5833662E-003
          5004.02     -1.6745434E-003
          5015.31     -1.7706098E-003
          5026.60     -1.8718047E-003
          5037.89     -1.9783777E-003
          5049.18     -2.0905889E-003
          5060.47     -2.2087094E-003
          5071.76     -2.3330217E-003
          5083.05     -2.4638200E-003
          5094.34     -2.6014103E-003
          5105.62     -2.7461112E-003
          5116.91     -2.8982542E-003
          5128.20     -3.0581837E-003
          5139.49     -3.2262579E-003
          5150.78     -3.4028485E-003
          5162.07     -3.5883417E-003
          5173.36     -3.7831384E-003
          5184.65     -3.9876540E-003
          5195.94     -4.2023196E-003
          5207.23     -4.4275820E-003
          5218.52     -4.6639037E-003
          5229.80     -4.9117640E-003
          5241.09     -5.1716580E-003
          5252.38     -5.4440986E-003
          5263.67     -5.7296155E-003
          5274.96     -6.0287555E-003
          5286.25     -6.3420834E-003
          5297.54     -6.6701819E-003
          5308.83     -7.0136513E-003
          5320.12     -7.3731107E-003
          5331.41     -7.7491960E-003
          5342.70     -8.1425626E-003
          5353.98     -8.5538841E-003
          5365.27     -8.9838511E-003
          5376.56     -9.4331733E-003
          5387.85     -9.9025781E-003
          5399.14     -1.0392810E-002
          5410.43     -1.0904632E-002
          5421.72     -1.1438821E-002
          5433.01     -1.1996174E-002
          5444.30     -1.2577501E-002
          5455.59     -1.3183626E-002
          5466.88     -1.3815390E-002
          5478.16     -1.4473645E-002
          5489.45     -1.5159255E-002
          5500.74     -1.5873097E-002
          5512.03     -1.6616052E-002
          5523.32     -1.7389014E-002
          5534.61     -1.8192881E-002
          5545.90     -1.9028553E-002
          5557.19     -1.9896934E-002
          5568.48     -2.0798926E-002
          5579.77     -2.1735422E-002
          5591.05     -2.2707309E-002
          5602.34     -2.3715460E-002
          5613.63     -2.4760738E-002
          5624.92     -2.5843992E-002
          5636.21     -2.6966046E-002
          5647.50     -2.8127706E-002
          5658.79     -2.9329743E-002
          5670.08     -3.0572896E-002
          5681.37     -3.1857831E-002
          5692.66     -3.3185133E-002
          5703.95     -3.5190677E-002
          5715.23     -3.8450558E-002
          5726.52     -4.2881445E-002
          5737.81     -4.8407266E-002
          5749.10     -5.4958656E-002
          5760.39     -6.2472448E-002
          5771.68     -7.0891217E-002
          5782.97     -8.0162823E-002
          5794.26     -9.0240268E-002
          5805.55     -1.0108107E-001
          5816.84     -1.1264644E-001
          5828.12     -1.2490092E-001
          5839.41     -1.3781208E-001
          5850.70     -1.5135022E-001
          5861.99     -1.6548804E-001
          5873.28     -1.8020036E-001
          5884.57     -1.9546390E-001
          5895.86     -2.1125700E-001
          5907.15     -2.2755933E-001
          5918.44     -2.4435157E-001
          5929.73     -2.6161517E-001
          5941.02     -2.7933243E-001
          5952.30     -2.9748627E-001
          5963.59     -3.1605998E-001
          5974.88     -3.3503702E-001
          5986.17     -3.5440080E-001
          5997.46     -3.7413442E-001
          6008.75     -3.9422070E-001
          6020.04     -4.1464189E-001
          6031.33     -4.3537970E-001
          6042.62     -4.5641504E-001
          6053.91     -4.7772727E-001
          6065.20     -4.9929417E-001
          6076.48     -5.2109164E-001
          6087.77     -5.4309349E-001
          6099.06     -5.6527110E-001
          6110.35     -5.8759297E-001
          6121.64     -6.1002440E-001
          6132.93     -6.3252702E-001
          6144.22     -6.5505864E-001
          6155.51     -6.7757370E-001
          6166.80     -7.0002282E-001
          6178.09     -7.2235246E-001
          6189.38     -7.4450454E-001
          6200.66     -7.6641541E-001
          6211.95     -7.8801527E-001
          6223.24     -8.0922770E-001
          6234.53     -8.2996918E-001
          6245.82     -8.5014866E-001
          6257.11     -8.6966699E-001
          6268.40     -8.8841635E-001
          6279.69     -9.0627977E-001
          6290.98     -9.2313040E-001
          6302.27     -9.3883085E-001
          6313.55     -9.5323249E-001
          6324.84     -9.6617465E-001
          6336.13     -9.7748399E-001
          6347.42     -9.8697356E-001
          6358.71     -9.9444194E-001
          6370.00     -9.9967245E-001
