          3480.00      0.0000000E+000
          3491.29      1.2616916E-002
          3502.58      2.5361648E-002
          3513.87      3.8327522E-002
          3525.16      5.1608473E-002
          3536.45      6.5299777E-002
          3547.73      7.9498677E-002
          3559.02      9.4304995E-002
          3570.31      1.0982187E-001
          3581.60      1.2615636E-001
          3592.89      1.4342015E-001
          3604.18      1.6173022E-001
          3615.47      1.8120936E-001
          3626.76      2.0198709E-001
          3638.05      2.2420045E-001
          3649.34      2.4799468E-001
          3660.62      2.7352424E-001
          3671.91      3.0095350E-001
          3683.20      3.3045775E-001
          3694.49      3.6222417E-001
          3705.78      3.9645269E-001
          3717.07      4.3335726E-001
          3728.36      4.7316690E-001
          3739.65      5.1612680E-001
          3750.94      5.6249978E-001
          3762.23      6.1256749E-001
          3773.52      6.6663193E-001
          3784.80      7.2501698E-001
          3796.09      7.8806984E-001
          3807.38      8.5616311E-001
          3818.67      9.2969652E-001
          3829.96      1.0090986E+000
          3841.25      1.0948290E+000
          3852.54      1.1873809E+000
          3863.83      1.2872828E+000
          3875.12      1.3951015E+000
          3886.41      1.5114444E+000
          3897.70      1.6369628E+000
          3908.98      1.7723545E+000
          3920.27      1.9183669E+000
          3931.56      2.0758012E+000
          3942.85      2.2455149E+000
          3954.14      2.4284268E+000
          3965.43      2.6255206E+000
          3976.72      2.8378487E+000
          3988.01      3.0665379E+000
          3999.30      3.3127937E+000
          4010.59      3.5779049E+000
          4021.88      3.8632504E+000
          4033.16      4.1703041E+000
          4044.45      4.5006415E+000
          4055.74      4.8559466E+000
          4067.03      5.2380174E+000
          4078.32      5.6487757E+000
          4089.61      6.0902736E+000
          4100.90      6.5647008E+000
          4112.19      7.0743958E+000
          4123.48      7.6218537E+000
          4134.77      8.2097365E+000
          4146.05      8.8408840E+000
          4157.34      9.5183228E+000
          4168.63      1.0245281E+001
          4179.92      1.1025200E+001
          4191.21      1.1861745E+001
          4202.50      1.2758822E+001
          4213.79      1.3720590E+001
          4225.08      1.4751479E+001
          4236.37      1.5856206E+001
          4247.66      1.7039787E+001
          4258.95      1.8307564E+001
          4270.23      1.9665219E+001
          4281.52      2.1118791E+001
          4292.81      2.2674706E+001
          4304.10      2.4339793E+001
          4315.39      2.6121309E+001
          4326.68      2.8026969E+001
          4337.97      3.0064961E+001
          4349.26      3.2243986E+001
          4360.55      3.4573283E+001
          4371.84      3.7062656E+001
          4383.12      3.9722516E+001
          4394.41      4.2563902E+001
          4405.70      4.5598522E+001
          4416.99      4.8838796E+001
          4428.28      5.2297882E+001
          4439.57      5.5989734E+001
          4450.86      5.9929142E+001
          4462.15      6.4131759E+001
          4473.44      6.8614180E+001
          4484.73      7.3393968E+001
          4496.02      7.8489718E+001
          4507.30      8.3921113E+001
          4518.59      8.9708966E+001
          4529.88      9.5875304E+001
          4541.17      1.0244343E+002
          4552.46      1.0943794E+002
          4563.75      1.1688489E+002
          4575.04      1.2481176E+002
          4586.33      1.3324762E+002
          4597.62      1.4222316E+002
          4608.91      1.5177076E+002
          4620.20      1.6192463E+002
          4631.48      1.7272087E+002
          4642.77      1.8419754E+002
          4654.06      1.9639480E+002
          4665.35      2.0935500E+002
          4676.64      2.2312277E+002
          4687.93      2.3774518E+002
          4699.22      2.5327175E+002
          4710.51      2.6975469E+002
          4721.80      2.8724898E+002
          4733.09      3.0581244E+002
          4744.38      3.2550598E+002
          4755.66      3.4639364E+002
          4766.95      3.6854278E+002
          4778.24      3.9202426E+002
          4789.53      4.1691247E+002
          4800.82      4.4328565E+002
          4812.11      4.7122601E+002
          4823.40      5.0081976E+002
          4834.69      5.3215752E+002
          4845.98      5.6533434E+002
          4857.27      6.0044994E+002
          4868.55      6.3760891E+002
          4879.84      6.7692083E+002
          4891.13      7.1850062E+002
          4902.42      7.6246871E+002
          4913.71      8.0895107E+002
          4925.00      8.5807974E+002
          4936.29      9.0999284E+002
          4947.58      9.6483487E+002
          4958.87      1.0227570E+003
          4970.16      1.0839171E+003
          4981.45      1.1484803E+003
          4992.73      1.2166190E+003
          5004.02      1.2885132E+003
          5015.31      1.3643507E+003
          5026.60      1.4443276E+003
          5037.89      1.5286483E+003
          5049.18      1.6175257E+003
          5060.47      1.7111816E+003
          5071.76      1.8098473E+003
          5083.05      1.9137634E+003
          5094.34      2.0231799E+003
          5105.62      2.1383570E+003
          5116.91      2.2595652E+003
          5128.20      2.3870854E+003
          5139.49      2.5212092E+003
          5150.78      2.6622390E+003
          5162.07      2.8104884E+003
          5173.36      2.9662827E+003
          5184.65      3.1299582E+003
          5195.94      3.3018633E+003
          5207.23      3.4823583E+003
          5218.52      3.6718157E+003
          5229.80      3.8706201E+003
          5241.09      4.0791682E+003
          5252.38      4.2978692E+003
          5263.67      4.5271450E+003
          5274.96      4.7674292E+003
          5286.25      5.0191684E+003
          5297.54      5.2828210E+003
          5308.83      5.5588577E+003
          5320.12      5.8477612E+003
          5331.41      6.1500252E+003
          5342.70      6.4661555E+003
          5353.98      6.7966687E+003
          5365.27      7.1420910E+003
          5376.56      7.5029596E+003
          5387.85      7.8798203E+003
          5399.14      8.2732276E+003
          5410.43      8.6837437E+003
          5421.72      9.1119365E+003
          5433.01      9.5583802E+003
          5444.30      1.0023653E+004
          5455.59      1.0508336E+004
          5466.88      1.1013010E+004
          5478.16      1.1538257E+004
          5489.45      1.2084656E+004
          5500.74      1.2652780E+004
          5512.03      1.3243195E+004
          5523.32      1.3856460E+004
          5534.61      1.4493117E+004
          5545.90      1.5153696E+004
          5557.19      1.5838705E+004
          5568.48      1.6548629E+004
          5579.77      1.7283924E+004
          5591.05      1.8045012E+004
          5602.34      1.8832276E+004
          5613.63      1.9646063E+004
          5624.92      2.0486672E+004
          5636.21      2.1354349E+004
          5647.50      2.2249283E+004
          5658.79      2.3171597E+004
          5670.08      2.4121340E+004
          5681.37      2.5098456E+004
          5692.66      2.6102779E+004
          5703.95      2.7608074E+004
          5715.23      3.0036947E+004
          5726.52      3.3317027E+004
          5737.81      3.7381651E+004
          5749.10      4.2169371E+004
          5760.39      4.7623483E+004
          5771.68      5.3691608E+004
          5782.97      6.0325268E+004
          5794.26      6.7479687E+004
          5805.55      7.5113204E+004
          5816.84      8.3186544E+004
          5828.12      9.1662502E+004
          5839.41      1.0050560E+005
          5850.70      1.0968180E+005
          5861.99      1.1915819E+005
          5873.28      1.2890268E+005
          5884.57      1.3888377E+005
          5895.86      1.4907025E+005
          5907.15      1.5943089E+005
          5918.44      1.6993413E+005
          5929.73      1.8054787E+005
          5941.02      1.9123940E+005
          5952.30      2.0197514E+005
          5963.59      2.1272037E+005
          5974.88      2.2343898E+005
          5986.17      2.3409316E+005
          5997.46      2.4464323E+005
          6008.75      2.5504738E+005
          6020.04      2.6526144E+005
          6031.33      2.7523867E+005
          6042.62      2.8492935E+005
          6053.91      2.9428012E+005
          6065.20      3.0323375E+005
          6076.48      3.1172877E+005
          6087.77      3.1969902E+005
          6099.06      3.2707323E+005
          6110.35      3.3377448E+005
          6121.64      3.3971976E+005
          6132.93      3.4481955E+005
          6144.22      3.4897767E+005
          6155.51      3.5209106E+005
          6166.80      3.5404928E+005
          6178.09      3.5473375E+005
          6189.38      3.5401695E+005
          6200.66      3.5176140E+005
          6211.95      3.4781884E+005
          6223.24      3.4202957E+005
          6234.53      3.3422171E+005
          6245.82      3.2421039E+005
          6257.11      3.1179690E+005
          6268.40      2.9676790E+005
          6279.69      2.7889434E+005
          6290.98      2.5793054E+005
          6302.27      2.3361306E+005
          6313.55      2.0565957E+005
          6324.84      1.7376783E+005
          6336.13      1.3761423E+005
          6347.42      9.6852597E+004
          6358.71      5.1112957E+004
          6370.00      0.0000000E+000
