          3480.00      0.0000000E+000
          3491.29     -1.9553451E+002
          3502.58     -2.0147229E+002
          3513.87     -2.0722442E+002
          3525.16     -2.1284905E+002
          3536.45     -2.1840245E+002
          3547.73     -2.2394018E+002
          3559.02     -2.2951838E+002
          3570.31     -2.3519515E+002
          3581.60     -2.4103194E+002
          3592.89     -2.4736636E+002
          3604.18     -2.5440546E+002
          3615.47     -2.6206601E+002
          3626.76     -2.7030899E+002
          3638.05     -2.7912524E+002
          3649.34     -2.8852807E+002
          3660.62     -2.9854956E+002
          3671.91     -3.0923900E+002
          3683.20     -3.2066284E+002
          3694.49     -3.3290582E+002
          3705.78     -3.4607310E+002
          3717.07     -3.6029363E+002
          3728.36     -3.7588958E+002
          3739.65     -3.9318291E+002
          3750.94     -4.1236151E+002
          3762.23     -4.3367196E+002
          3773.52     -4.5743239E+002
          3784.80     -4.8405115E+002
          3796.09     -5.1406476E+002
          3807.38     -5.4812736E+002
          3818.67     -5.8700492E+002
          3829.96     -6.3169797E+002
          3841.25     -6.8354615E+002
          3852.54     -7.4437412E+002
          3863.83     -8.1672238E+002
          3875.12     -9.0422623E+002
          3886.41     -1.0122655E+003
          3897.70     -1.1491432E+003
          3908.98     -1.3283694E+003
          3920.27     -1.5734873E+003
          3931.56     -1.9294937E+003
          3942.85     -2.4944582E+003
          3954.14     -3.5304547E+003
          3965.43     -6.0526258E+003
          3976.72     -2.1432741E+004
          3988.01     -1.3781050E+004
          3999.30     -5.1927573E+003
          4010.59     -3.2505382E+003
          4021.88     -2.4181005E+003
          4033.16     -1.9515315E+003
          4044.45     -1.6501150E+003
          4055.74     -1.4371868E+003
          4067.03     -1.2771996E+003
          4078.32     -1.1514630E+003
          4089.61     -1.0492374E+003
          4100.90     -9.6392674E+002
          4112.19     -8.9126100E+002
          4123.48     -8.2835462E+002
          4134.77     -7.7318527E+002
          4146.05     -7.2925666E+002
          4157.34     -6.9711311E+002
          4168.63     -6.7259019E+002
          4179.92     -6.5307192E+002
          4191.21     -6.3684120E+002
          4202.50     -6.2273845E+002
          4213.79     -6.0996936E+002
          4225.08     -5.9798933E+002
          4236.37     -5.8642995E+002
          4247.66     -5.7504963E+002
          4258.95     -5.6369869E+002
          4270.23     -5.5229396E+002
          4281.52     -5.4462662E+002
          4292.81     -5.4294874E+002
          4304.10     -5.4550759E+002
          4315.39     -5.5107773E+002
          4326.68     -5.5875421E+002
          4337.97     -5.6783812E+002
          4349.26     -5.7777100E+002
          4360.55     -5.8809645E+002
          4371.84     -5.9843712E+002
          4383.12     -6.0848109E+002
          4394.41     -6.1797336E+002
          4405.70     -6.2671002E+002
          4416.99     -6.3453390E+002
          4428.28     -6.4433911E+002
          4439.57     -6.5838712E+002
          4450.86     -6.7581531E+002
          4462.15     -6.9595684E+002
          4473.44     -7.1827060E+002
          4484.73     -7.4229840E+002
          4496.02     -7.6763882E+002
          4507.30     -7.9393121E+002
          4518.59     -8.2084633E+002
          4529.88     -8.4808133E+002
          4541.17     -8.7535746E+002
          4552.46     -9.0241938E+002
          4563.75     -9.2888010E+002
          4575.04     -9.5439765E+002
          4586.33     -9.7882193E+002
          4597.62     -1.0020296E+003
          4608.91     -1.0239240E+003
          4620.20     -1.0444344E+003
          4631.48     -1.0635146E+003
          4642.77     -1.0811413E+003
          4654.06     -1.0973117E+003
          4665.35     -1.1120409E+003
          4676.64     -1.1253597E+003
          4687.93     -1.1373115E+003
          4699.22     -1.1271448E+003
          4710.51     -1.0831275E+003
          4721.80     -1.0193924E+003
          4733.09     -9.4760131E+002
          4744.38     -8.7552877E+002
          4755.66     -8.0753866E+002
          4766.95     -7.4563170E+002
          4778.24     -6.9039028E+002
          4789.53     -6.4163840E+002
          4800.82     -5.9884537E+002
          4812.11     -5.6135260E+002
          4823.40     -5.2849145E+002
          4834.69     -4.9744397E+002
          4845.98     -4.6696297E+002
          4857.27     -4.3817693E+002
          4868.55     -4.1163802E+002
          4879.84     -3.8753557E+002
          4891.13     -3.6584689E+002
          4902.42     -3.4643582E+002
          4913.71     -3.2911340E+002
          4925.00     -3.1367328E+002
          4936.29     -2.9991152E+002
          4947.58     -2.8687714E+002
          4958.87     -2.7406965E+002
          4970.16     -2.6182621E+002
          4981.45     -2.5033754E+002
          4992.73     -2.3969423E+002
          5004.02     -2.2992138E+002
          5015.31     -2.2100314E+002
          5026.60     -2.1289964E+002
          5037.89     -2.0555806E+002
          5049.18     -1.9891994E+002
          5060.47     -1.9292563E+002
          5071.76     -1.8751704E+002
          5083.05     -1.8192563E+002
          5094.34     -1.7572576E+002
          5105.62     -1.6928483E+002
          5116.91     -1.6286367E+002
          5128.20     -1.5663803E+002
          5139.49     -1.5071925E+002
          5150.78     -1.4517182E+002
          5162.07     -1.4002733E+002
          5173.36     -1.3529495E+002
          5184.65     -1.3096913E+002
          5195.94     -1.2703502E+002
          5207.23     -1.2347230E+002
          5218.52     -1.1964070E+002
          5229.80     -1.1518255E+002
          5241.09     -1.1042569E+002
          5252.38     -1.0560892E+002
          5263.67     -1.0089739E+002
          5274.96     -9.6399122E+001
          5286.25     -9.2179867E+001
          5297.54     -8.8275181E+001
          5308.83     -8.4699777E+001
          5320.12     -8.1454427E+001
          5331.41     -7.8530946E+001
          5342.70     -7.5915673E+001
          5353.98     -7.2940228E+001
          5365.27     -6.9238446E+001
          5376.56     -6.5172115E+001
          5387.85     -6.1006577E+001
          5399.14     -5.6924815E+001
          5410.43     -5.3045402E+001
          5421.72     -4.9439512E+001
          5433.01     -4.6144995E+001
          5444.30     -4.3177202E+001
          5455.59     -4.0536893E+001
          5466.88     -3.8215791E+001
          5478.16     -3.6200399E+001
          5489.45     -3.4474550E+001
          5500.74     -3.3021071E+001
          5512.03     -3.1822838E+001
          5523.32     -3.0863416E+001
          5534.61     -3.0127428E+001
          5545.90     -2.9600748E+001
          5557.19     -2.8860662E+001
          5568.48     -2.7648778E+001
          5579.77     -2.6166079E+001
          5591.05     -2.4569735E+001
          5602.34     -2.2977037E+001
          5613.63     -2.1472120E+001
          5624.92     -2.0113183E+001
          5636.21     -1.8939045E+001
          5647.50     -1.7974566E+001
          5658.79     -1.7234917E+001
          5670.08     -1.6728827E+001
          5681.37     -1.6461139E+001
          5692.66     -1.6434391E+001
          5703.95     -1.2107865E+001
          5715.23     -2.4163248E+000
          5726.52      8.3128435E+000
          5737.81      1.7880939E+001
          5749.10      2.5631263E+001
          5760.39      3.1591064E+001
          5771.68      3.5961544E+001
          5782.97      3.9150093E+001
          5794.26      4.1520497E+001
          5805.55      4.3299888E+001
          5816.84      4.4637329E+001
          5828.12      4.5634706E+001
          5839.41      4.6364005E+001
          5850.70      4.6877518E+001
          5861.99      4.7214130E+001
          5873.28      4.7403330E+001
          5884.57      4.7467866E+001
          5895.86      4.7465862E+001
          5907.15      4.7438589E+001
          5918.44      4.7380708E+001
          5929.73      4.7288130E+001
          5941.02      4.7157764E+001
          5952.30      4.6987282E+001
          5963.59      4.6774926E+001
          5974.88      4.6558935E+001
          5986.17      4.6365882E+001
          5997.46      4.6179200E+001
          6008.75      4.5985194E+001
          6020.04      4.5772636E+001
          6031.33      4.5532382E+001
          6042.62      4.5256964E+001
          6053.91      4.4940203E+001
          6065.20      4.4576909E+001
          6076.48      4.4192771E+001
          6087.77      4.3804761E+001
          6099.06      4.3397145E+001
          6110.35      4.2956436E+001
          6121.64      4.2470979E+001
          6132.93      4.1930530E+001
          6144.22      4.1325923E+001
          6155.51      4.0668246E+001
          6166.80      3.9962527E+001
          6178.09      3.9192414E+001
          6189.38      3.8342788E+001
          6200.66      3.7399187E+001
          6211.95      3.6347292E+001
          6223.24      3.5172437E+001
          6234.53      3.3868167E+001
          6245.82      3.2421616E+001
          6257.11      3.0806796E+001
          6268.40      2.8995371E+001
          6279.69      2.6955508E+001
          6290.98      2.4660467E+001
          6302.27      2.2099859E+001
          6313.55      1.9259480E+001
          6324.84      1.6120339E+001
          6336.13      1.2658208E+001
          6347.42      8.8429538E+000
          6358.71      4.6371520E+000
          6370.00      0.0000000E+000
