          3480.00     -2.3059593E-004
          3491.29     -2.2378576E-004
          3502.58     -2.1537221E-004
          3513.87     -2.0577324E-004
          3525.16     -1.9536930E-004
          3536.45     -1.8451107E-004
          3547.73     -1.7352659E-004
          3559.02     -1.6272789E-004
          3570.31     -1.5241718E-004
          3581.60     -1.4289276E-004
          3592.89     -1.3390308E-004
          3604.18     -1.2503630E-004
          3615.47     -1.1634624E-004
          3626.76     -1.0788174E-004
          3638.05     -9.9688028E-005
          3649.34     -9.1808081E-005
          3660.62     -8.4283784E-005
          3671.91     -7.7157145E-005
          3683.20     -7.0471397E-005
          3694.49     -6.4272084E-005
          3705.78     -5.8608141E-005
          3717.07     -5.3532933E-005
          3728.36     -4.8931082E-005
          3739.65     -4.4655605E-005
          3750.94     -4.0718211E-005
          3762.23     -3.7133319E-005
          3773.52     -3.3918449E-005
          3784.80     -3.1094627E-005
          3796.09     -2.8647358E-005
          3807.38     -2.6441692E-005
          3818.67     -2.4362042E-005
          3829.96     -2.2401621E-005
          3841.25     -2.0554242E-005
          3852.54     -1.8814328E-005
          3863.83     -1.7176926E-005
          3875.12     -1.5637703E-005
          3886.41     -1.4192975E-005
          3897.70     -1.2839704E-005
          3908.98     -1.1575532E-005
          3920.27     -1.0398797E-005
          3931.56     -9.3085610E-006
          3942.85     -8.3046438E-006
          3954.14     -7.3876583E-006
          3965.43     -6.5590543E-006
          3976.72     -5.8211720E-006
          3988.01     -5.1772935E-006
          3999.30     -4.6317085E-006
          4010.59     -4.1545589E-006
          4021.88     -3.7114053E-006
          4033.16     -3.3006872E-006
          4044.45     -2.9211359E-006
          4055.74     -2.5717711E-006
          4067.03     -2.2519015E-006
          4078.32     -1.9611246E-006
          4089.61     -1.6993316E-006
          4100.90     -1.4667145E-006
          4112.19     -1.2637734E-006
          4123.48     -1.0913287E-006
          4134.77     -9.5053449E-007
          4146.05     -8.3121017E-007
          4157.34     -7.2187240E-007
          4168.63     -6.2205379E-007
          4179.92     -5.3138206E-007
          4191.21     -4.4957819E-007
          4202.50     -3.7645475E-007
          4213.79     -3.1191569E-007
          4225.08     -2.5595664E-007
          4236.37     -2.0866584E-007
          4247.66     -1.7022618E-007
          4258.95     -1.4091748E-007
          4270.23     -1.2111997E-007
          4281.52     -1.0690559E-007
          4292.81     -9.3977461E-008
          4304.10     -8.2249289E-008
          4315.39     -7.1646160E-008
          4326.68     -6.2103918E-008
          4337.97     -5.3568689E-008
          4349.26     -4.5996403E-008
          4360.55     -3.9352492E-008
          4371.84     -3.3611625E-008
          4383.12     -2.8757506E-008
          4394.41     -2.4782797E-008
          4405.70     -2.1689056E-008
          4416.99     -1.9486768E-008
          4428.28     -1.7818891E-008
          4439.57     -1.6306880E-008
          4450.86     -1.4936641E-008
          4462.15     -1.3695229E-008
          4473.44     -1.2570723E-008
          4484.73     -1.1552133E-008
          4496.02     -1.0629304E-008
          4507.30     -9.7928291E-009
          4518.59     -9.0339689E-009
          4529.88     -8.3445761E-009
          4541.17     -7.7170263E-009
          4552.46     -7.1441545E-009
          4563.75     -6.6209470E-009
          4575.04     -6.1428387E-009
          4586.33     -5.7038748E-009
          4597.62     -5.2983692E-009
          4608.91     -4.9208578E-009
          4620.20     -4.5660503E-009
          4631.48     -4.2287865E-009
          4642.77     -3.9039944E-009
          4654.06     -3.5866458E-009
          4665.35     -3.2717166E-009
          4676.64     -2.9541452E-009
          4687.93     -2.6287917E-009
          4699.22     -2.3139155E-009
          4710.51     -2.0290978E-009
          4721.80     -1.7712828E-009
          4733.09     -1.5376397E-009
          4744.38     -1.3255382E-009
          4755.66     -1.1325280E-009
          4766.95     -9.5631845E-010
          4778.24     -7.9476003E-010
          4789.53     -6.4582741E-010
          4800.82     -5.0760226E-010
          4812.11     -3.7825829E-010
          4823.40     -2.5604698E-010
          4834.69     -1.4324936E-010
          4845.98     -4.2398160E-011
          4857.27      4.7748065E-011
          4868.55      1.2833173E-010
          4879.84      2.0040529E-010
          4891.13      2.6494021E-010
          4902.42      3.2283468E-010
          4913.71      3.7492075E-010
          4925.00      4.2197144E-010
          4936.29      4.6470677E-010
          4947.58      5.0275180E-010
          4958.87      5.3565761E-010
          4970.16      5.6395682E-010
          4981.45      5.8813206E-010
          4992.73      6.0861993E-010
          5004.02      6.2581458E-010
          5015.31      6.4007122E-010
          5026.60      6.5170905E-010
          5037.89      6.6101401E-010
          5049.18      6.6824128E-010
          5060.47      6.7361749E-010
          5071.76      6.7734274E-010
          5083.05      6.7947061E-010
          5094.34      6.8005248E-010
          5105.62      6.7924898E-010
          5116.91      6.7719868E-010
          5128.20      6.7401940E-010
          5139.49      6.6980943E-010
          5150.78      6.6464850E-010
          5162.07      6.5859868E-010
          5173.36      6.5170505E-010
          5184.65      6.4399641E-010
          5195.94      6.3548566E-010
          5207.23      6.2617020E-010
          5218.52      6.1635860E-010
          5229.80      6.0638109E-010
          5241.09      5.9624878E-010
          5252.38      5.8596324E-010
          5263.67      5.7551670E-010
          5274.96      5.6489229E-010
          5286.25      5.5406409E-010
          5297.54      5.4299720E-010
          5308.83      5.3164772E-010
          5320.12      5.1996263E-010
          5331.41      5.0787968E-010
          5342.70      4.9532715E-010
          5353.98      4.8276831E-010
          5365.27      4.7070131E-010
          5376.56      4.5909763E-010
          5387.85      4.4792642E-010
          5399.14      4.3715437E-010
          5410.43      4.2674567E-010
          5421.72      4.1666194E-010
          5433.01      4.0686207E-010
          5444.30      3.9730208E-010
          5455.59      3.8793505E-010
          5466.88      3.7871080E-010
          5478.16      3.6957578E-010
          5489.45      3.6047282E-010
          5500.74      3.5134086E-010
          5512.03      3.4211471E-010
          5523.32      3.3272470E-010
          5534.61      3.2309638E-010
          5545.90      3.1315019E-010
          5557.19      3.0320037E-010
          5568.48      2.9357682E-010
          5579.77      2.8421870E-010
          5591.05      2.7506403E-010
          5602.34      2.6604939E-010
          5613.63      2.5710956E-010
          5624.92      2.4817725E-010
          5636.21      2.3918280E-010
          5647.50      2.3005381E-010
          5658.79      2.2071479E-010
          5670.08      2.1108685E-010
          5681.37      2.0108758E-010
          5692.66      1.9063095E-010
          5703.95      1.8032592E-010
          5715.23      1.7100507E-010
          5726.52      1.6291633E-010
          5737.81      1.5631084E-010
          5749.10      1.5144448E-010
          5760.39      1.4857940E-010
          5771.68      1.4672926E-010
          5782.97      1.4473541E-010
          5794.26      1.4260526E-010
          5805.55      1.4034387E-010
          5816.84      1.3795415E-010
          5828.12      1.3543692E-010
          5839.41      1.3279097E-010
          5850.70      1.3001308E-010
          5861.99      1.2709805E-010
          5873.28      1.2403875E-010
          5884.57      1.2082606E-010
          5895.86      1.1750441E-010
          5907.15      1.1412411E-010
          5918.44      1.1068245E-010
          5929.73      1.0717544E-010
          5941.02      1.0359779E-010
          5952.30      9.9942893E-011
          5963.59      9.6202888E-011
          5974.88      9.2411799E-011
          5986.17      8.8610038E-011
          5997.46      8.4797740E-011
          6008.75      8.0974212E-011
          6020.04      7.7137992E-011
          6031.33      7.3286820E-011
          6042.62      6.9417686E-011
          6053.91      6.5526928E-011
          6065.20      6.1610240E-011
          6076.48      5.7691643E-011
          6087.77      5.3801846E-011
          6099.06      4.9945874E-011
          6110.35      4.6128545E-011
          6121.64      4.2354540E-011
          6132.93      3.8628499E-011
          6144.22      3.4955044E-011
          6155.51      3.1362944E-011
          6166.80      2.7887699E-011
          6178.09      2.4544169E-011
          6189.38      2.1347598E-011
          6200.66      1.8313847E-011
          6211.95      1.5459537E-011
          6223.24      1.2802151E-011
          6234.53      1.0393142E-011
          6245.82      8.2917500E-012
          6257.11      6.5290700E-012
          6268.40      5.1379460E-012
          6279.69      4.1531327E-012
          6290.98      3.4150724E-012
          6302.27      2.7408716E-012
          6313.55      2.1320756E-012
          6324.84      1.5905660E-012
          6336.13      1.1185686E-012
          6347.42      7.1866832E-013
          6358.71      3.5792523E-013
          6370.00      0.0000000E+000
