          3480.00      1.9254393E-036
          3491.29      2.9222628E-009
          3502.58      5.9821879E-009
          3513.87      9.1643114E-009
          3525.16      1.2453426E-008
          3536.45      1.5834567E-008
          3547.73      1.9292972E-008
          3559.02      2.2814042E-008
          3570.31      2.6383329E-008
          3581.60      2.9986499E-008
          3592.89      3.3643624E-008
          3604.18      3.7380103E-008
          3615.47      4.1189725E-008
          3626.76      4.5066391E-008
          3638.05      4.9004097E-008
          3649.34      5.2996910E-008
          3660.62      5.7038977E-008
          3671.91      6.1124501E-008
          3683.20      6.5247728E-008
          3694.49      6.9402946E-008
          3705.78      7.3584453E-008
          3717.07      7.7786574E-008
          3728.36      8.2032002E-008
          3739.65      8.6345110E-008
          3750.94      9.0722793E-008
          3762.23      9.5161988E-008
          3773.52      9.9659666E-008
          3784.80      1.0421283E-007
          3796.09      1.0882810E-007
          3807.38      1.1354251E-007
          3818.67      1.1838485E-007
          3829.96      1.2335456E-007
          3841.25      1.2845118E-007
          3852.54      1.3367431E-007
          3863.83      1.3902368E-007
          3875.12      1.4449906E-007
          3886.41      1.5010033E-007
          3897.70      1.5582743E-007
          3908.98      1.6168038E-007
          3920.27      1.6765924E-007
          3931.56      1.7376416E-007
          3942.85      1.7999536E-007
          3954.14      1.8635310E-007
          3965.43      1.9283769E-007
          3976.72      1.9944949E-007
          3988.01      2.0618892E-007
          3999.30      2.1305645E-007
          4010.59      2.2009837E-007
          4021.88      2.2736147E-007
          4033.16      2.3484705E-007
          4044.45      2.4255655E-007
          4055.74      2.5049157E-007
          4067.03      2.5865382E-007
          4078.32      2.6704518E-007
          4089.61      2.7566764E-007
          4100.90      2.8452331E-007
          4112.19      2.9361447E-007
          4123.48      3.0294349E-007
          4134.77      3.1251288E-007
          4146.05      3.2236968E-007
          4157.34      3.3256104E-007
          4168.63      3.4308993E-007
          4179.92      3.5395953E-007
          4191.21      3.6517321E-007
          4202.50      3.7673459E-007
          4213.79      3.8864748E-007
          4225.08      4.0091590E-007
          4236.37      4.1354410E-007
          4247.66      4.2653648E-007
          4258.95      4.3989770E-007
          4270.23      4.5363261E-007
          4281.52      4.6779737E-007
          4292.81      4.8244815E-007
          4304.10      4.9759017E-007
          4315.39      5.1322895E-007
          4326.68      5.2937034E-007
          4337.97      5.4602043E-007
          4349.26      5.6318566E-007
          4360.55      5.8087278E-007
          4371.84      5.9908877E-007
          4383.12      6.1784098E-007
          4394.41      6.3713702E-007
          4405.70      6.5698480E-007
          4416.99      6.7739255E-007
          4428.28      6.9839739E-007
          4439.57      7.2003667E-007
          4450.86      7.4231937E-007
          4462.15      7.6525476E-007
          4473.44      7.8885253E-007
          4484.73      8.1312268E-007
          4496.02      8.3807558E-007
          4507.30      8.6372197E-007
          4518.59      8.9007288E-007
          4529.88      9.1713974E-007
          4541.17      9.4493436E-007
          4552.46      9.7346881E-007
          4563.75      1.0027547E-006
          4575.04      1.0328041E-006
          4586.33      1.0636301E-006
          4597.62      1.0952463E-006
          4608.91      1.1276666E-006
          4620.20      1.1609053E-006
          4631.48      1.1949772E-006
          4642.77      1.2298971E-006
          4654.06      1.2656806E-006
          4665.35      1.3023433E-006
          4676.64      1.3399015E-006
          4687.93      1.3783717E-006
          4699.22      1.4176651E-006
          4710.51      1.4576942E-006
          4721.80      1.4984781E-006
          4733.09      1.5400361E-006
          4744.38      1.5823877E-006
          4755.66      1.6255526E-006
          4766.95      1.6695507E-006
          4778.24      1.7144022E-006
          4789.53      1.7601275E-006
          4800.82      1.8067473E-006
          4812.11      1.8542826E-006
          4823.40      1.9027545E-006
          4834.69      1.9521097E-006
          4845.98      2.0022965E-006
          4857.27      2.0533385E-006
          4868.55      2.1052598E-006
          4879.84      2.1580843E-006
          4891.13      2.2118364E-006
          4902.42      2.2665406E-006
          4913.71      2.3222214E-006
          4925.00      2.3789040E-006
          4936.29      2.4366133E-006
          4947.58      2.4952984E-006
          4958.87      2.5549105E-006
          4970.16      2.6154774E-006
          4981.45      2.6770277E-006
          4992.73      2.7395898E-006
          5004.02      2.8031923E-006
          5015.31      2.8678642E-006
          5026.60      2.9336344E-006
          5037.89      3.0005321E-006
          5049.18      3.0685869E-006
          5060.47      3.1378283E-006
          5071.76      3.2082862E-006
          5083.05      3.2798272E-006
          5094.34      3.3523221E-006
          5105.62      3.4258081E-006
          5116.91      3.5003220E-006
          5128.20      3.5759009E-006
          5139.49      3.6525820E-006
          5150.78      3.7304024E-006
          5162.07      3.8093993E-006
          5173.36      3.8896103E-006
          5184.65      3.9710727E-006
          5195.94      4.0538244E-006
          5207.23      4.1379031E-006
          5218.52      4.2230379E-006
          5229.80      4.3089676E-006
          5241.09      4.3957453E-006
          5252.38      4.4834236E-006
          5263.67      4.5720553E-006
          5274.96      4.6616926E-006
          5286.25      4.7523880E-006
          5297.54      4.8441936E-006
          5308.83      4.9371617E-006
          5320.12      5.0313444E-006
          5331.41      5.1267937E-006
          5342.70      5.2235618E-006
          5353.98      5.3209596E-006
          5365.27      5.4183272E-006
          5376.56      5.5157600E-006
          5387.85      5.6133525E-006
          5399.14      5.7111984E-006
          5410.43      5.8093907E-006
          5421.72      5.9080215E-006
          5433.01      6.0071827E-006
          5444.30      6.1069654E-006
          5455.59      6.2074600E-006
          5466.88      6.3087568E-006
          5478.16      6.4109454E-006
          5489.45      6.5141152E-006
          5500.74      6.6183553E-006
          5512.03      6.7237543E-006
          5523.32      6.8304009E-006
          5534.61      6.9383835E-006
          5545.90      7.0477901E-006
          5557.19      7.1572586E-006
          5568.48      7.2655105E-006
          5579.77      7.3727584E-006
          5591.05      7.4792139E-006
          5602.34      7.5850865E-006
          5613.63      7.6905845E-006
          5624.92      7.7959149E-006
          5636.21      7.9012828E-006
          5647.50      8.0068927E-006
          5658.79      8.1129477E-006
          5670.08      8.2196502E-006
          5681.37      8.3272046E-006
          5692.66      8.4358170E-006
          5703.95      8.5053228E-006
          5715.23      8.4992355E-006
          5726.52      8.4232120E-006
          5737.81      8.2828226E-006
          5749.10      8.0835526E-006
          5760.39      7.8308045E-006
          5771.68      7.5524845E-006
          5782.97      7.2731043E-006
          5794.26      6.9928959E-006
          5805.55      6.7120751E-006
          5816.84      6.4308572E-006
          5828.12      6.1494554E-006
          5839.41      5.8680821E-006
          5850.70      5.5869488E-006
          5861.99      5.3062660E-006
          5873.28      5.0262443E-006
          5884.57      4.7470930E-006
          5895.86      4.4675629E-006
          5907.15      4.1866173E-006
          5918.44      3.9047858E-006
          5929.73      3.6226010E-006
          5941.02      3.3405915E-006
          5952.30      3.0592820E-006
          5963.59      2.7791945E-006
          5974.88      2.4995185E-006
          5986.17      2.2196963E-006
          5997.46      1.9406227E-006
          6008.75      1.6631842E-006
          6020.04      1.3882599E-006
          6031.33      1.1167146E-006
          6042.62      8.4940004E-007
          6053.91      5.8716580E-007
          6065.20      3.3085853E-007
          6076.48      8.0758144E-008
          6087.77     -1.6256855E-007
          6099.06     -3.9785024E-007
          6110.35     -6.2381576E-007
          6121.64     -8.3919235E-007
          6132.93     -1.0428881E-006
          6144.22     -1.2332324E-006
          6155.51     -1.4087145E-006
          6166.80     -1.5673411E-006
          6178.09     -1.7074048E-006
          6189.38     -1.8272072E-006
          6200.66     -1.9250457E-006
          6211.95     -1.9992087E-006
          6223.24     -2.0479744E-006
          6234.53     -2.0678845E-006
          6245.82     -2.0551464E-006
          6257.11     -2.0075173E-006
          6268.40     -1.9227398E-006
          6279.69     -1.7985406E-006
          6290.98     -1.6440657E-006
          6302.27     -1.4697876E-006
          6313.55     -1.2754025E-006
          6324.84     -1.0605979E-006
          6336.13     -8.2505118E-007
          6347.42     -5.6842999E-007
          6358.71     -2.9268801E-007
          6370.00     -2.1365747E-044
