          3480.00      4.7224842E-036
          3491.29      3.7088874E-009
          3502.58      7.6444244E-009
          3513.87      1.1782757E-008
          3525.16      1.6100396E-008
          3536.45      2.0574200E-008
          3547.73      2.5181325E-008
          3559.02      2.9899176E-008
          3570.31      3.4705393E-008
          3581.60      3.9577803E-008
          3592.89      4.4548548E-008
          3604.18      4.9657085E-008
          3615.47      5.4892452E-008
          3626.76      6.0243874E-008
          3638.05      6.5700737E-008
          3649.34      7.1252556E-008
          3660.62      7.6888985E-008
          3671.91      8.2599786E-008
          3683.20      8.8374813E-008
          3694.49      9.4204007E-008
          3705.78      1.0007736E-007
          3717.07      1.0598492E-007
          3728.36      1.1196391E-007
          3739.65      1.1805390E-007
          3750.94      1.2424859E-007
          3762.23      1.3054176E-007
          3773.52      1.3692727E-007
          3784.80      1.4339903E-007
          3796.09      1.4996716E-007
          3807.38      1.5669286E-007
          3818.67      1.6362308E-007
          3829.96      1.7075522E-007
          3841.25      1.7808684E-007
          3852.54      1.8561564E-007
          3863.83      1.9333945E-007
          3875.12      2.0125624E-007
          3886.41      2.0936406E-007
          3897.70      2.1766113E-007
          3908.98      2.2614575E-007
          3920.27      2.3481631E-007
          3931.56      2.4367134E-007
          3942.85      2.5270943E-007
          3954.14      2.6192927E-007
          3965.43      2.7132963E-007
          3976.72      2.8090935E-007
          3988.01      2.9066733E-007
          3999.30      3.0060258E-007
          4010.59      3.1079181E-007
          4021.88      3.2131246E-007
          4033.16      3.3216476E-007
          4044.45      3.4334915E-007
          4055.74      3.5486626E-007
          4067.03      3.6671689E-007
          4078.32      3.7890203E-007
          4089.61      3.9142288E-007
          4100.90      4.0428075E-007
          4112.19      4.1747719E-007
          4123.48      4.3101387E-007
          4134.77      4.4489263E-007
          4146.05      4.5918843E-007
          4157.34      4.7397640E-007
          4168.63      4.8925907E-007
          4179.92      5.0503927E-007
          4191.21      5.2132007E-007
          4202.50      5.3810483E-007
          4213.79      5.5539719E-007
          4225.08      5.7320103E-007
          4236.37      5.9152053E-007
          4247.66      6.1036007E-007
          4258.95      6.2972432E-007
          4270.23      6.4961824E-007
          4281.52      6.7012682E-007
          4292.81      6.9133517E-007
          4304.10      7.1324875E-007
          4315.39      7.3587342E-007
          4326.68      7.5921540E-007
          4337.97      7.8328124E-007
          4349.26      8.0807791E-007
          4360.55      8.3361275E-007
          4371.84      8.5989338E-007
          4383.12      8.8692786E-007
          4394.41      9.1472459E-007
          4405.70      9.4329230E-007
          4416.99      9.7264012E-007
          4428.28      1.0028190E-006
          4439.57      1.0338803E-006
          4450.86      1.0658340E-006
          4462.15      1.0986905E-006
          4473.44      1.1324606E-006
          4484.73      1.1671557E-006
          4496.02      1.2027874E-006
          4507.30      1.2393678E-006
          4518.59      1.2769093E-006
          4529.88      1.3154248E-006
          4541.17      1.3549277E-006
          4552.46      1.3954316E-006
          4563.75      1.4369494E-006
          4575.04      1.4794943E-006
          4586.33      1.5230815E-006
          4597.62      1.5677261E-006
          4608.91      1.6134439E-006
          4620.20      1.6602510E-006
          4631.48      1.7081641E-006
          4642.77      1.7572001E-006
          4654.06      1.8073762E-006
          4665.35      1.8587105E-006
          4676.64      1.9112209E-006
          4687.93      1.9649263E-006
          4699.22      2.0197061E-006
          4710.51      2.0754412E-006
          4721.80      2.1321532E-006
          4733.09      2.1898634E-006
          4744.38      2.2485937E-006
          4755.66      2.3083662E-006
          4766.95      2.3692032E-006
          4778.24      2.4311273E-006
          4789.53      2.4941612E-006
          4800.82      2.5583280E-006
          4812.11      2.6236513E-006
          4823.40      2.6901545E-006
          4834.69      2.7577650E-006
          4845.98      2.8264116E-006
          4857.27      2.8961205E-006
          4868.55      2.9669184E-006
          4879.84      3.0388317E-006
          4891.13      3.1118876E-006
          4902.42      3.1861130E-006
          4913.71      3.2615352E-006
          4925.00      3.3381818E-006
          4936.29      3.4160804E-006
          4947.58      3.4951630E-006
          4958.87      3.5753634E-006
          4970.16      3.6567124E-006
          4981.45      3.7392411E-006
          4992.73      3.8229808E-006
          5004.02      3.9079625E-006
          5015.31      3.9942180E-006
          5026.60      4.0817789E-006
          5037.89      4.1706771E-006
          5049.18      4.2609448E-006
          5060.47      4.3526140E-006
          5071.76      4.4457174E-006
          5083.05      4.5400900E-006
          5094.34      4.6355715E-006
          5105.62      4.7322017E-006
          5116.91      4.8300203E-006
          5128.20      4.9290671E-006
          5139.49      5.0293819E-006
          5150.78      5.1310046E-006
          5162.07      5.2339752E-006
          5173.36      5.3383338E-006
          5184.65      5.4441205E-006
          5195.94      5.5513757E-006
          5207.23      5.6601398E-006
          5218.52      5.7700942E-006
          5229.80      5.8809304E-006
          5241.09      5.9927040E-006
          5252.38      6.1054707E-006
          5263.67      6.2192860E-006
          5274.96      6.3342048E-006
          5286.25      6.4502823E-006
          5297.54      6.5675735E-006
          5308.83      6.6861333E-006
          5320.12      6.8060167E-006
          5331.41      6.9272782E-006
          5342.70      7.0499727E-006
          5353.98      7.1733188E-006
          5365.27      7.2965643E-006
          5376.56      7.4198074E-006
          5387.85      7.5431455E-006
          5399.14      7.6666751E-006
          5410.43      7.7904924E-006
          5421.72      7.9146923E-006
          5433.01      8.0393695E-006
          5444.30      8.1646183E-006
          5455.59      8.2905321E-006
          5466.88      8.4172040E-006
          5478.16      8.5447267E-006
          5489.45      8.6731926E-006
          5500.74      8.8026936E-006
          5512.03      8.9333212E-006
          5523.32      9.0651669E-006
          5534.61      9.1983218E-006
          5545.90      9.3328767E-006
          5557.19      9.4673369E-006
          5568.48      9.6002900E-006
          5579.77      9.7319502E-006
          5591.05      9.8625302E-006
          5602.34      9.9922411E-006
          5613.63      1.0121293E-005
          5624.92      1.0249894E-005
          5636.21      1.0378252E-005
          5647.50      1.0506573E-005
          5658.79      1.0635061E-005
          5670.08      1.0763920E-005
          5681.37      1.0893358E-005
          5692.66      1.1023582E-005
          5703.95      1.1110572E-005
          5715.23      1.1113917E-005
          5726.52      1.1039175E-005
          5737.81      1.0891825E-005
          5749.10      1.0677269E-005
          5760.39      1.0400830E-005
          5771.68      1.0094047E-005
          5782.97      9.7851360E-006
          5794.26      9.4743661E-006
          5805.55      9.1619866E-006
          5816.84      8.8482460E-006
          5828.12      8.5333904E-006
          5839.41      8.2176647E-006
          5850.70      7.9013125E-006
          5861.99      7.5845757E-006
          5873.28      7.2676958E-006
          5884.57      6.9509128E-006
          5895.86      6.6329597E-006
          5907.15      6.3127764E-006
          5918.44      5.9909149E-006
          5929.73      5.6679302E-006
          5941.02      5.3443733E-006
          5952.30      5.0207907E-006
          5963.59      4.6977260E-006
          5974.88      4.3744117E-006
          5986.17      4.0503265E-006
          5997.46      3.7263753E-006
          6008.75      3.4034543E-006
          6020.04      3.0822977E-006
          6031.33      2.7640840E-006
          6042.62      2.4495192E-006
          6053.91      2.1394581E-006
          6065.20      1.8347518E-006
          6076.48      1.5357758E-006
          6087.77      1.2431818E-006
          6099.06      9.5822780E-007
          6110.35      6.8217075E-007
          6121.64      4.1626808E-007
          6132.93      1.6178628E-007
          6144.22     -8.0002713E-008
          6155.51     -3.0729684E-007
          6166.80     -5.1801585E-007
          6178.09     -7.1048921E-007
          6189.38     -8.8305890E-007
          6200.66     -1.0340653E-006
          6211.95     -1.1618420E-006
          6223.24     -1.2647153E-006
          6234.53     -1.3391558E-006
          6245.82     -1.3813130E-006
          6257.11     -1.3890170E-006
          6268.40     -1.3600863E-006
          6279.69     -1.2923280E-006
          6290.98     -1.1953913E-006
          6302.27     -1.0802150E-006
          6313.55     -9.4652594E-007
          6324.84     -7.9404448E-007
          6336.13     -6.2248372E-007
          6347.42     -4.3154948E-007
          6358.71     -2.2329731E-007
          6370.00     -9.1526028E-044
