          3480.00     -4.6602643E-032
          3491.29      2.9671947E-011
          3502.58      5.9597980E-011
          3513.87      8.9608824E-011
          3525.16      1.1953487E-010
          3536.45      1.4920425E-010
          3547.73      1.7844075E-010
          3559.02      2.0706169E-010
          3570.31      2.3487608E-010
          3581.60      2.6168246E-010
          3592.89      2.8748235E-010
          3604.18      3.1241301E-010
          3615.47      3.3645758E-010
          3626.76      3.5958590E-010
          3638.05      3.8175420E-010
          3649.34      4.0290450E-010
          3660.62      4.2296413E-010
          3671.91      4.4184499E-010
          3683.20      4.5944272E-010
          3694.49      4.7563595E-010
          3705.78      4.9028517E-010
          3717.07      5.0323183E-010
          3728.36      5.1448990E-010
          3739.65      5.2410120E-010
          3750.94      5.3191888E-010
          3762.23      5.3777512E-010
          3773.52      5.4148009E-010
          3784.80      5.4282077E-010
          3796.09      5.4169354E-010
          3807.38      5.3845015E-010
          3818.67      5.3331787E-010
          3829.96      5.2604647E-010
          3841.25      5.1636400E-010
          3852.54      5.0397528E-010
          3863.83      4.8856013E-010
          3875.12      4.6977162E-010
          3886.41      4.4723417E-010
          3897.70      4.2054140E-010
          3908.98      3.8925400E-010
          3920.27      3.5289746E-010
          3931.56      3.1095949E-010
          3942.85      2.6288743E-010
          3954.14      2.0808541E-010
          3965.43      1.4591117E-010
          3976.72      7.5673185E-011
          3988.01     -3.3730709E-012
          3999.30     -9.2028561E-011
          4010.59     -1.8735371E-010
          4021.88     -2.8655725E-010
          4033.16     -3.9072089E-010
          4044.45     -5.0094986E-010
          4055.74     -6.1837901E-010
          4067.03     -7.4417829E-010
          4078.32     -8.7955941E-010
          4089.61     -1.0257817E-009
          4100.90     -1.1841576E-009
          4112.19     -1.3560604E-009
          4123.48     -1.5429295E-009
          4134.77     -1.7462776E-009
          4146.05     -1.9586004E-009
          4157.34     -2.1727328E-009
          4168.63     -2.3907435E-009
          4179.92     -2.6146930E-009
          4191.21     -2.8466441E-009
          4202.50     -3.0886738E-009
          4213.79     -3.3428829E-009
          4225.08     -3.6114067E-009
          4236.37     -3.8964253E-009
          4247.66     -4.2001733E-009
          4258.95     -4.5249514E-009
          4270.23     -4.8731359E-009
          4281.52     -5.2249137E-009
          4292.81     -5.5611993E-009
          4304.10     -5.8854103E-009
          4315.39     -6.2008301E-009
          4326.68     -6.5106268E-009
          4337.97     -6.8178688E-009
          4349.26     -7.1255433E-009
          4360.55     -7.4365710E-009
          4371.84     -7.7538211E-009
          4383.12     -8.0801274E-009
          4394.41     -8.4182998E-009
          4405.70     -8.7711393E-009
          4416.99     -9.1414512E-009
          4428.28     -9.5055175E-009
          4439.57     -9.8402984E-009
          4450.86     -1.0149443E-008
          4462.15     -1.0436372E-008
          4473.44     -1.0704299E-008
          4484.73     -1.0956247E-008
          4496.02     -1.1195066E-008
          4507.30     -1.1423448E-008
          4518.59     -1.1643940E-008
          4529.88     -1.1858960E-008
          4541.17     -1.2070812E-008
          4552.46     -1.2281689E-008
          4563.75     -1.2495073E-008
          4575.04     -1.2714322E-008
          4586.33     -1.2941340E-008
          4597.62     -1.3177979E-008
          4608.91     -1.3426054E-008
          4620.20     -1.3687346E-008
          4631.48     -1.3963610E-008
          4642.77     -1.4256589E-008
          4654.06     -1.4568012E-008
          4665.35     -1.4899609E-008
          4676.64     -1.5253113E-008
          4687.93     -1.5630271E-008
          4699.22     -1.6278827E-008
          4710.51     -1.7436570E-008
          4721.80     -1.9092112E-008
          4733.09     -2.1236378E-008
          4744.38     -2.3862529E-008
          4755.66     -2.6965898E-008
          4766.95     -3.0543924E-008
          4778.24     -3.4596108E-008
          4789.53     -3.9123956E-008
          4800.82     -4.4130963E-008
          4812.11     -4.9622575E-008
          4823.40     -5.5606155E-008
          4834.69     -6.2311665E-008
          4845.98     -6.9957015E-008
          4857.27     -7.8535847E-008
          4868.55     -8.8045600E-008
          4879.84     -9.8487384E-008
          4891.13     -1.0986595E-007
          4902.42     -1.2218960E-007
          4913.71     -1.3547010E-007
          4925.00     -1.4972269E-007
          4936.29     -1.6496604E-007
          4947.58     -1.8152806E-007
          4958.87     -1.9971860E-007
          4970.16     -2.1953619E-007
          4981.45     -2.4098529E-007
          4992.73     -2.6407611E-007
          5004.02     -2.8882440E-007
          5015.31     -3.1525151E-007
          5026.60     -3.4338423E-007
          5037.89     -3.7325474E-007
          5049.18     -4.0490063E-007
          5060.47     -4.3836473E-007
          5071.76     -4.7369529E-007
          5083.05     -5.1193885E-007
          5094.34     -5.5407741E-007
          5105.62     -6.0007648E-007
          5116.91     -6.4991458E-007
          5128.20     -7.0358282E-007
          5139.49     -7.6108459E-007
          5150.78     -8.2243506E-007
          5162.07     -8.8766115E-007
          5173.36     -9.5680118E-007
          5184.65     -1.0299045E-006
          5195.94     -1.1070314E-006
          5207.23     -1.1882534E-006
          5218.52     -1.2762799E-006
          5229.80     -1.3736328E-006
          5241.09     -1.4801328E-006
          5252.38     -1.5956299E-006
          5263.67     -1.7200027E-006
          5274.96     -1.8531561E-006
          5286.25     -1.9950212E-006
          5297.54     -2.1455543E-006
          5308.83     -2.3047351E-006
          5320.12     -2.4725672E-006
          5331.41     -2.6490756E-006
          5342.70     -2.8343077E-006
          5353.98     -3.0365975E-006
          5365.27     -3.2635841E-006
          5376.56     -3.5143483E-006
          5387.85     -3.7880459E-006
          5399.14     -4.0839028E-006
          5410.43     -4.4012117E-006
          5421.72     -4.7393257E-006
          5433.01     -5.0976570E-006
          5444.30     -5.4756718E-006
          5455.59     -5.8728856E-006
          5466.88     -6.2888620E-006
          5478.16     -6.7232081E-006
          5489.45     -7.1755716E-006
          5500.74     -7.6456385E-006
          5512.03     -8.1331284E-006
          5523.32     -8.6377943E-006
          5534.61     -9.1594187E-006
          5545.90     -9.6978095E-006
          5557.19     -1.0275718E-005
          5568.48     -1.0913325E-005
          5579.77     -1.1606730E-005
          5591.05     -1.2352189E-005
          5602.34     -1.3146097E-005
          5613.63     -1.3984981E-005
          5624.92     -1.4865483E-005
          5636.21     -1.5784340E-005
          5647.50     -1.6738379E-005
          5658.79     -1.7724494E-005
          5670.08     -1.8739639E-005
          5681.37     -1.9780786E-005
          5692.66     -2.0844919E-005
          5703.95     -2.2584396E-005
          5715.23     -2.5522748E-005
          5726.52     -2.9467924E-005
          5737.81     -3.4232941E-005
          5749.10     -3.9635268E-005
          5760.39     -4.5496246E-005
          5771.68     -5.1517653E-005
          5782.97     -5.7523448E-005
          5794.26     -6.3520829E-005
          5805.55     -6.9516920E-005
          5816.84     -7.5518597E-005
          5828.12     -8.1532534E-005
          5839.41     -8.7565186E-005
          5850.70     -9.3622805E-005
          5861.99     -9.9711451E-005
          5873.28     -1.0583698E-004
          5884.57     -1.1200507E-004
          5895.86     -1.1827854E-004
          5907.15     -1.2471195E-004
          5918.44     -1.3129858E-004
          5929.73     -1.3803184E-004
          5941.02     -1.4490528E-004
          5952.30     -1.5191265E-004
          5963.59     -1.5904774E-004
          5974.88     -1.6637964E-004
          5986.17     -1.7396687E-004
          5997.46     -1.8178791E-004
          6008.75     -1.8982177E-004
          6020.04     -1.9804788E-004
          6031.33     -2.0644611E-004
          6042.62     -2.1499670E-004
          6053.91     -2.2367992E-004
          6065.20     -2.3247613E-004
          6076.48     -2.4144016E-004
          6087.77     -2.5061322E-004
          6099.06     -2.5995533E-004
          6110.35     -2.6942656E-004
          6121.64     -2.7898693E-004
          6132.93     -2.8859610E-004
          6144.22     -2.9821345E-004
          6155.51     -3.0784884E-004
          6166.80     -3.1749710E-004
          6178.09     -3.2709488E-004
          6189.38     -3.3657857E-004
          6200.66     -3.4588366E-004
          6211.95     -3.5494454E-004
          6223.24     -3.6369422E-004
          6234.53     -3.7207490E-004
          6245.82     -3.8001035E-004
          6257.11     -3.8740332E-004
          6268.40     -3.9415441E-004
          6279.69     -4.0016178E-004
          6290.98     -4.0546225E-004
          6302.27     -4.1015994E-004
          6313.55     -4.1425016E-004
          6324.84     -4.1772576E-004
          6336.13     -4.2057715E-004
          6347.42     -4.2279228E-004
          6358.71     -4.2438844E-004
          6370.00     -4.2539253E-004
